579101,'1',457,,32957,2,,,0,68,,32958,2,,,0,30,,32959,2,,,0,70,,32960,2,,,0,30,,32961,2,,,0,70,,32962,2,,,0,30,,32963,2,,,0,70,,32964,2,,,0,30,,32965,2,,,0,74,,32966,2,,,0,30,,32967,2,,,0,70,,32983,2,,,0,30,,32968,2,,,0,70,,32984,2,,,0,30,,32969,2,,,0,75,,32985,2,,,0,73,,32970,2,,,0,30,,32986,2,,,0,70,,32971,2,,,0,30,,32987,2,,,0,70,,32972,2,,,0,30,,32973,2,,,0,70,,32997,2,,,0,30,,32974,2,,,0,70,,32975,2,,,0,30,,32976,2,,,0,70,,32977,2,,,0,30,,32978,2,,,0,70,,32979,2,,,0,30,,32988,2,,,0,70,,32980,2,,,0,30,,32989,2,,,0,70,,32981,2,,,0,30,,32990,2,,,0,70,,32982,2,,,0,30,,32991,2,,,0,70,,32992,2,,,0,30,,32993,2,,,0,70,,32994,2,,,0,25,,32995,2,,,0,70,,32996,2,,,0
579101,'2',727,,32998,2,,,0,30,,32999,2,,,0,70,,33000,2,,,0,30,,33001,2,,,0,70,,33002,2,,,0,30,,33003,2,,,0,70,,33019,2,,,0,30,,33004,2,,,0,70,,33020,2,,,0,30,,33005,2,,,0,75,,33021,2,,,0,75,,33006,2,,,0,30,,33022,2,,,0,70,,33007,2,,,0,30,,33023,2,,,0,70,,33008,2,,,0,30,,33009,2,,,0,70,,33031,2,,,0,30,,33010,2,,,0,70,,33011,2,,,0,30,,33012,2,,,0,70,,33013,2,,,0,30,,33014,2,,,0,70,,33015,2,,,0,30,,33024,2,,,0,70,,33016,2,,,0,30,,33025,2,,,0,70,,33017,2,,,0,30,,33026,2,,,0,70,,33018,2,,,0,29,,33027,2,,,0,71,,33028,2,,,0,30,,33029,2,,,0,70,,33030,2,,,0
579101,'3',727,,33032,2,,,0,30,,33033,2,,,0,70,,33034,2,,,0,30,,33035,2,,,0,70,,33036,2,,,0,30,,33037,2,,,0,70,,33053,2,,,0,30,,33038,2,,,0,70,,33054,2,,,0,30,,33039,2,,,0,75,,33055,2,,,0,75,,33040,2,,,0,30,,33056,2,,,0,70,,33041,2,,,0,30,,33057,2,,,0,70,,33042,2,,,0,30,,33043,2,,,0,70,,33065,2,,,0,30,,33044,2,,,0,70,,33045,2,,,0,30,,33046,2,,,0,70,,33047,2,,,0,30,,33048,2,,,0,70,,33049,2,,,0,30,,33058,2,,,0,70,,33050,2,,,0,30,,33059,2,,,0,70,,33051,2,,,0,30,,33060,2,,,0,70,,33052,2,,,0,30,,33061,2,,,0,70,,33062,2,,,0,30,,33063,2,,,0,63,,33064,2,,,0
579101,'4',727,,33066,2,,,0,30,,33067,2,,,0,70,,33068,2,,,0,30,,33069,2,,,0,70,,33070,2,,,0,30,,33071,2,,,0,70,,33085,2,,,0,30,,33072,2,,,0,70,,33086,2,,,0,30,,33073,2,,,0,75,,33087,2,,,0,75,,33074,2,,,0,30,,33088,2,,,0,70,,33075,2,,,0,30,,33089,2,,,0,70,,33076,2,,,0,30,,33077,2,,,0,70,,33092,2,,,0,30,,33078,2,,,0,70,,33079,2,,,0,30,,33080,2,,,0,70,,33081,2,,,0,30,,33082,2,,,0,70,,33083,2,,,0,30,,33090,2,,,0,70,,33084,2,,,0,30,,33091,2,,,0
579101,'6',727,,33093,2,,,0,30,,33094,2,,,0,70,,33095,2,,,0,30,,33096,2,,,0,70,,33097,2,,,0,30,,33098,2,,,0,70,,33114,2,,,0,30,,33099,2,,,0,70,,33115,2,,,0,30,,33100,2,,,0,75,,33116,2,,,0,75,,33101,2,,,0,30,,33117,2,,,0,70,,33102,2,,,0,30,,33118,2,,,0,70,,33103,2,,,0,30,,33104,2,,,0,70,,33126,2,,,0,30,,33105,2,,,0,70,,33106,2,,,0,30,,33107,2,,,0,70,,33108,2,,,0,30,,33109,2,,,0,70,,33110,2,,,0,30,,33119,2,,,0,70,,33111,2,,,0,30,,33120,2,,,0,70,,33112,2,,,0,30,,33121,2,,,0,70,,33113,2,,,0,29,,33122,2,,,0,71,,33123,2,,,0,30,,33124,2,,,0,70,,33125,2,,,0
580701,'1',524,,39019,9,,,0,30,,39017,9,,,0,64,,39015,9,,,0,22,,39013,9,,,0,8,,39012,9,,,0,55,,39011,9,,,0,15,,39010,9,,,0,15,,39009,9,,,0,15,,39008,9,,,0,55,,39007,9,,,0,15,,39006,9,,,0,15,,39005,9,,,0,15,,39004,9,,,0,55,,39003,9,,,0,25,,39002,9,,,0,72,,39001,9,,,0,30,,39000,9,,,0,70,,38999,9,,,0,30,,38998,9,,,0,70,,38997,9,,,0,30,,38996,9,,,0,70,,38994,9,,,0,30,,38992,9,,,0,23,,38991,9,,,0,55,,38990,9,,,0,15,,38989,9,,,0,15,,38988,9,,,0,15,,38987,9,,,0,55,,38986,9,,,0,15,,38985,9,,,0,15,,38984,9,,,0,15,,38983,9,,,0,55,,38982,9,,,0,15,,38981,9,,,0,15,,38980,9,,,0,15,,38979,9,,,0,55,,38978,9,,,0,15,,38977,9,,,0,15,,38976,9,,,0,20,,38975,9,,,0,70,,38974,9,,,0,79,,38973,9,,,0,30,,38972,9,,,0,70,,38971,9,,,0,30,,38970,9,,,0,70,,38969,9,,,0,30,,38968,9,,,0,70,,38967,9,,,0,30,,38966,9,,,0,70,,38963,9,,,0,30,,38965,9,,,0,70,,38962,9,,,0,30,,38964,9,,,0
580701,'2',512,,39063,9,,,0,30,,39024,9,,,0,70,,39025,9,,,0,30,,39026,9,,,0,65,,39038,9,,,0,30,,39027,9,,,0,70,,39039,9,,,0,30,,39028,9,,,0,70,,39040,9,,,0,30,,39029,9,,,0,70,,39041,9,,,0,30,,39030,9,,,0,70,,39042,9,,,0,30,,39043,9,,,0,70,,39044,9,,,0,30,,39045,9,,,0,70,,39046,9,,,0,30,,39047,9,,,0,70,,39048,9,,,0,30,,39031,9,,,0,70,,39049,9,,,0,30,,39032,9,,,0,70,,39050,9,,,0,30,,39033,9,,,0,70,,39051,9,,,0,30,,39052,9,,,0,70,,39053,9,,,0,30,,39034,9,,,0,70,,39054,9,,,0,30,,39055,9,,,0,70,,39056,9,,,0,30,,39057,9,,,0,70,,39058,9,,,0,31,,39059,9,,,0,70,,39060,9,,,0,30,,39035,9,,,0,70,,39036,9,,,0,30,,39061,9,,,0,70,,39037,9,,,0,45,,39062,9,,,0
580701,'3',634,,39101,9,,,0,70,,39067,9,,,0,36,,39084,9,,,0,64,,39068,9,,,0,36,,39085,9,,,0,70,,39069,9,,,0,30,,39086,9,,,0,70,,39070,9,,,0,30,,39087,9,,,0,70,,39071,9,,,0,30,,39088,9,,,0,70,,39072,9,,,0,30,,39089,9,,,0,70,,39073,9,,,0,30,,39090,9,,,0,70,,39074,9,,,0,30,,39091,9,,,0,70,,39075,9,,,0,30,,39092,9,,,0,70,,39076,9,,,0,30,,39093,9,,,0,70,,39077,9,,,0,30,,39094,9,,,0,70,,39078,9,,,0,30,,39095,9,,,0,70,,39079,9,,,0,30,,39096,9,,,0,70,,39080,9,,,0,30,,39097,9,,,0,70,,39081,9,,,0,30,,39098,9,,,0,70,,39082,9,,,0,30,,39099,9,,,0,70,,39083,9,,,0,30,,39100,9,,,0,70,,39064,9,0,7 4 8 9 10,0
580701,'4',622,,39131,9,,,0,30,,39132,9,,,0,70,,39115,9,,,0,30,,39117,9,,,0,70,,39114,9,,,0,30,,39118,9,,,0,70,,39113,9,,,0,30,,39119,9,,,0,70,,39112,9,,,0,30,,39120,9,,,0,70,,39111,9,,,0,30,,39121,9,,,0,70,,39110,9,,,0,30,,39122,9,,,0,70,,39109,9,,,0,30,,39123,9,,,0,70,,39108,9,,,0,30,,39124,9,,,0,70,,39107,9,,,0,30,,39125,9,,,0,70,,39106,9,,,0,30,,39126,9,,,0,70,,39105,9,,,0,30,,39127,9,,,0,70,,39104,9,,,0,30,,39128,9,,,0,70,,39103,9,,,0,30,,39129,9,,,0,70,,39102,9,,,0,30,,39130,9,,,0,70,,39116,9,0,7 4 8 9 10,0
580701,'6',634,,39170,9,,,0,70,,39136,9,,,0,36,,39153,9,,,0,64,,39137,9,,,0,36,,39154,9,,,0,70,,39138,9,,,0,30,,39155,9,,,0,70,,39139,9,,,0,30,,39156,9,,,0,70,,39140,9,,,0,30,,39157,9,,,0,70,,39141,9,,,0,30,,39158,9,,,0,70,,39142,9,,,0,30,,39159,9,,,0,70,,39143,9,,,0,30,,39160,9,,,0,70,,39144,9,,,0,30,,39161,9,,,0,70,,39145,9,,,0,30,,39162,9,,,0,70,,39146,9,,,0,30,,39163,9,,,0,70,,39147,9,,,0,30,,39164,9,,,0,70,,39148,9,,,0,30,,39165,9,,,0,70,,39149,9,,,0,30,,39166,9,,,0,70,,39150,9,,,0,30,,39167,9,,,0,70,,39151,9,,,0,30,,39168,9,,,0,70,,39152,9,,,0,30,,39169,9,,,0,70,,39133,9,0,7 4 8 9 10,0
583500,'8502',1404,,42931,3,,,0,100,,42930,3,,,0,100,,42929,3,,,0,100,,42928,3,,,0,100,,42927,3,,,0,100,,42926,3,,,0,100,,42925,3,,,0,100,,42924,3,,,0,100,,42923,3,,,0,100,,42922,3,,,0
