578300,'1',541,,30529,48,0,23 24,0,65,,30532,91,0,23 24,0,30,,30535,91,0,23 24,0,70,,30538,91,0,23 24,0,15,,30540,91,0,23 24,0,15,,30542,91,0,23 24,0,15,,30544,91,0,23 24,0,55,,30546,91,0,23 24,0,15,,30548,91,0,23 24,0,15,,30550,91,0,23 24,0,15,,30552,91,0,23 24,0,55,,30554,91,0,23 24,0,15,,30556,91,0,23 24,0,23,,30558,91,0,23 24,0,15,,30560,91,0,23 24,0,55,,30562,91,0,23 24,0,30,,30566,91,0,23 24,0,70,,30569,91,0,23 24,0,30,,30572,91,0,23 24,0,70,,30575,91,0,23 24,0,30,,30578,91,0,23 24,0,70,,30581,91,0,23 24,0,30,,30584,91,0,23 24,0,70,,30587,91,0,23 24,0,32,,30590,91,0,23 24,0,55,,30592,91,0,23 24,0,15,,30594,91,0,23 24,0,15,,30596,91,0,23 24,0,15,,30598,91,0,23 24,0,55,,30600,91,0,23 24,0,15,,30602,91,0,23 24,0,15,,30604,91,0,23 24,0,15,,30606,91,0,23 24,0,55,,30608,91,0,23 24,0,15,,30610,91,0,23 24,0,15,,30612,91,0,23 24,0,15,,30614,91,0,23 24,0,55,,30616,91,0,23 24,0,15,,30618,91,0,23 24,0,15,,30620,91,0,23 24,0,15,,30622,91,0,23 24,0,55,,30624,91,0,23 24,0,7,,30626,91,0,23 24,0,30,,30629,91,0,23 24,0,70,,30632,91,0,23 24,0,30,,30635,91,0,23 24,0,70,,30638,91,0,23 24,0,30,,30641,91,0,23 24,0,70,,30644,91,0,23 24,0,23,,30647,91,0,23 24,0,85,,30650,91,0,23 24,0,85,,30653,91,0,23 24,0,45,,30656,91,0,23 24,0,85,,30659,91,0,23 24,0,21,,30662,91,0,23 24,0
578300,'2',502,,30665,48,0,23 24,0,30,,30667,48,0,23 24,0,85,,30670,91,0,23 24,0,27,,30672,91,0,23 24,0,76,,30675,91,0,23 24,0,36,,30678,91,0,23 24,0,70,,30681,48,0,23 24,0,19,,30682,91,0,23 24,0,76,,30685,91,0,23 24,0,36,,30688,91,0,23 24,0,76,,30691,91,0,23 24,0,76,,30694,91,0,23 24,0,36,,30697,91,0,23 24,0,76,,30700,91,0,23 24,0,36,,30703,91,0,23 24,0,76,,30706,91,0,23 24,0,76,,30709,91,0,23 24,0,36,,30712,91,0,23 24,0,76,,30715,91,0,23 24,0,36,,30718,91,0,23 24,0,76,,30721,91,0,23 24,0,76,,30724,91,0,23 24,0,36,,30727,91,0,23 24,0,76,,30730,91,0,23 24,0,32,,30733,91,0,23 24,0,76,,30736,91,0,23 24,0,26,,30739,91,0,23 24,0,76,,30742,91,0,23 24,0,76,,30745,91,0,23 24,0,36,,30748,91,0,23 24,0,77,,30751,91,0,23 24,0,83,,30754,91,0,23 24,0,30,,30756,91,0,23 24,0,85,,30759,91,0,23 24,0,85,,30762,91,0,23 24,0,50,,30766,91,0,23 24,0
578300,'3',549,,30769,48,0,23 24,0,85,,30772,91,0,23 24,0,23,,30774,48,0,23 24,0,62,,30776,91,0,23 24,0,85,,30779,91,0,23 24,0,45,,30782,91,0,23 24,0,85,,30785,91,0,23 24,0,76,,30788,91,0,23 24,0,47,,30791,91,0,23 24,0,76,,30794,91,0,23 24,0,76,,30797,91,0,23 24,0,36,,30800,91,0,23 24,0,76,,30803,91,0,23 24,0,36,,30806,91,0,23 24,0,76,,30809,91,0,23 24,0,76,,30812,91,0,23 24,0,36,,30815,91,0,23 24,0,76,,30818,91,0,23 24,0,36,,30821,91,0,23 24,0,76,,30824,91,0,23 24,0,76,,30827,91,0,23 24,0,31,,30830,91,0,23 24,0,85,,30833,91,0,23 24,0,85,,30836,91,0,23 24,0,45,,30839,91,0,23 24,0,85,,30842,91,0,23 24,0,85,,30845,91,0,23 24,0,78,,30848,91,0,23 24,0,45,,30851,91,0,23 24,0,85,,30855,91,0,23 24,0
578300,'4',604,,30921,48,0,23 24,0,40,,30857,48,0,23 24,0,75,,30860,91,0,23 24,0,85,,30863,91,0,23 24,0,45,,30866,91,0,23 24,0,85,,30869,91,0,23 24,0,85,,30872,91,0,23 24,0,93,,30875,91,0,23 24,0,45,,30878,91,0,23 24,0,85,,30881,91,0,23 24,0,85,,30884,91,0,23 24,0,85,,30887,91,0,23 24,0,45,,30890,91,0,23 24,0,85,,30893,91,0,23 24,0,85,,30896,91,0,23 24,0,85,,30899,91,0,23 24,0,45,,30902,91,0,23 24,0,77,,30905,91,0,23 24,0,85,,30908,91,0,23 24,0,85,,30911,91,0,23 24,0,45,,30914,91,0,23 24,0,85,,30918,91,0,23 24,0
578300,'6',549,,30923,48,0,23 24,0,85,,30926,91,0,23 24,0,23,,30928,48,0,23 24,0,62,,30930,91,0,23 24,0,85,,30933,91,0,23 24,0,45,,30936,91,0,23 24,0,85,,30939,91,0,23 24,0,76,,30942,91,0,23 24,0,47,,30945,91,0,23 24,0,76,,30948,91,0,23 24,0,76,,30951,91,0,23 24,0,36,,30954,91,0,23 24,0,76,,30957,91,0,23 24,0,36,,30960,91,0,23 24,0,76,,30963,91,0,23 24,0,76,,30966,91,0,23 24,0,36,,30969,91,0,23 24,0,76,,30972,91,0,23 24,0,36,,30975,91,0,23 24,0,76,,30978,91,0,23 24,0,76,,30981,91,0,23 24,0,31,,30984,91,0,23 24,0,85,,30987,91,0,23 24,0,85,,30990,91,0,23 24,0,45,,30993,91,0,23 24,0,85,,30996,91,0,23 24,0,85,,30999,91,0,23 24,0,78,,31002,91,0,23 24,0,45,,31005,91,0,23 24,0,85,,31009,91,0,23 24,0
579101,'1',527,,32957,46,,,0,28,,32958,46,,,0,70,,32959,46,,,0,30,,32960,46,,,0,70,,32961,46,,,0,30,,32962,46,,,0,70,,32963,46,,,0,30,,32964,46,,,0,70,,32965,46,,,0,34,,32966,46,,,0,70,,32967,46,,,0,30,,32983,46,,,0,70,,32968,46,,,0,30,,32984,46,,,0,70,,32969,46,,,0,23,,32985,29,,,0,73,,32970,29,,,0,30,,32986,29,,,0,70,,32971,29,,,0,30,,32987,29,,,0,70,,32972,29,,,0,30,,32973,29,,,0,70,,32997,29,,,0,30,,32974,29,,,0,70,,32975,29,,,0,30,,32976,29,,,0,70,,32977,29,,,0,30,,32978,29,,,0,69,,32979,29,,,0,30,,32988,29,,,0,70,,32980,29,,,0,30,,32989,29,,,0,70,,32981,29,,,0,30,,32990,29,,,0,70,,32982,29,,,0,30,,32991,29,,,0,70,,32992,29,,,0,30,,32993,29,,,0,70,,32994,29,,,0,25,,32995,29,,,0,70,,32996,29,,,0
579101,'2',757,,32998,46,,,0,70,,32999,46,,,0,30,,33000,46,,,0,70,,33001,46,,,0,30,,33002,46,,,0,70,,33003,46,,,0,30,,33019,46,,,0,70,,33004,46,,,0,30,,33020,46,,,0,70,,33005,46,,,0,23,,33021,29,,,0,75,,33006,29,,,0,30,,33022,29,,,0,70,,33007,29,,,0,30,,33023,29,,,0,70,,33008,29,,,0,30,,33009,29,,,0,70,,33031,29,,,0,30,,33010,29,,,0,70,,33011,29,,,0,30,,33012,29,,,0,70,,33013,29,,,0,30,,33014,29,,,0,70,,33015,29,,,0,30,,33024,29,,,0,70,,33016,29,,,0,30,,33025,29,,,0,70,,33017,29,,,0,30,,33026,29,,,0,70,,33018,29,,,0,29,,33027,29,,,0,71,,33028,29,,,0,30,,33029,29,,,0,70,,33030,29,,,0
579101,'3',757,,33032,46,,,0,70,,33033,46,,,0,30,,33034,46,,,0,70,,33035,46,,,0,30,,33036,46,,,0,70,,33037,46,,,0,30,,33053,46,,,0,70,,33038,46,,,0,30,,33054,46,,,0,70,,33039,46,,,0,23,,33055,29,,,0,75,,33040,29,,,0,30,,33056,29,,,0,70,,33041,29,,,0,30,,33057,29,,,0,70,,33042,29,,,0,30,,33043,29,,,0,70,,33065,29,,,0,30,,33044,29,,,0,70,,33045,29,,,0,30,,33046,29,,,0,70,,33047,29,,,0,30,,33048,29,,,0,70,,33049,29,,,0,30,,33058,29,,,0,70,,33050,29,,,0,30,,33059,29,,,0,70,,33051,29,,,0,30,,33060,29,,,0,70,,33052,29,,,0,30,,33061,29,,,0,70,,33062,29,,,0,30,,33063,29,,,0,63,,33064,29,,,0
579101,'4',757,,33066,46,,,0,70,,33067,46,,,0,30,,33068,46,,,0,70,,33069,46,,,0,30,,33070,46,,,0,70,,33071,46,,,0,30,,33085,46,,,0,70,,33072,46,,,0,30,,33086,46,,,0,70,,33073,46,,,0,23,,33087,29,,,0,75,,33074,29,,,0,30,,33088,29,,,0,70,,33075,29,,,0,30,,33089,29,,,0,70,,33076,29,,,0,30,,33077,29,,,0,70,,33092,29,,,0,30,,33078,29,,,0,70,,33079,29,,,0,30,,33080,29,,,0,70,,33081,29,,,0,30,,33082,29,,,0,70,,33083,29,,,0,30,,33090,29,,,0,70,,33084,29,,,0,30,,33091,29,,,0
579101,'6',757,,33093,46,,,0,70,,33094,46,,,0,30,,33095,46,,,0,70,,33096,46,,,0,30,,33097,46,,,0,70,,33098,46,,,0,30,,33114,46,,,0,70,,33099,46,,,0,30,,33115,46,,,0,70,,33100,46,,,0,23,,33116,29,,,0,75,,33101,29,,,0,30,,33117,29,,,0,70,,33102,29,,,0,30,,33118,29,,,0,70,,33103,29,,,0,30,,33104,29,,,0,70,,33126,29,,,0,30,,33105,29,,,0,70,,33106,29,,,0,30,,33107,29,,,0,70,,33108,29,,,0,30,,33109,29,,,0,70,,33110,29,,,0,30,,33119,29,,,0,70,,33111,29,,,0,30,,33120,29,,,0,70,,33112,29,,,0,30,,33121,29,,,0,70,,33113,29,,,0,29,,33122,29,,,0,71,,33123,29,,,0,30,,33124,29,,,0,70,,33125,29,,,0
580601,'1',551,,38600,50,,,0,69,,38599,50,,,0,18,,38547,22,,,0,12,,38598,50,,,0,71,,38597,50,,,0,30,,38596,50,,,0,70,,38595,50,,,0,20,,38594,50,,,0,60,,38593,50,,,0,20,,38592,50,,,0,15,,38591,50,,,0,15,,38590,50,,,0,55,,38589,50,,,0,16,,38588,50,,,0,30,,38587,50,,,0,70,,38586,50,,,0,30,,38585,50,,,0,70,,38584,50,,,0,30,,38583,50,,,0,70,,38582,50,,,0,30,,38581,50,,,0,71,,38580,50,,,0,30,,38579,50,,,0,70,,38578,50,,,0,15,,38577,50,,,0,15,,38576,50,,,0,55,,38575,50,,,0,15,,38574,50,,,0,15,,38573,50,,,0,15,,38548,50,,,0,55,,38572,50,,,0,15,,38571,50,,,0,15,,38570,50,,,0,15,,38569,50,,,0,55,,38568,50,,,0,15,,38567,50,,,0,15,,38566,50,,,0,15,,38565,50,,,0,55,,38564,50,,,0,12,,38563,50,,,0,15,,38562,50,,,0,20,,38561,50,,,0,65,,38560,50,,,0,30,,38559,50,,,0,70,,38558,50,,,0,30,,38557,50,,,0,70,,38556,50,,,0,30,,38551,50,,,0,67,,38555,50,,,0,30,,38554,50,,,0,70,,38550,50,,,0,30,,38553,50,,,0,70,,38549,50,,,0,37,,38552,50,,,0
580601,'2',544,,38638,50,,,0,70,,38639,50,,,0,30,,38640,50,,,0,66,,38619,50,,,0,30,,38621,50,,,0,70,,38620,50,,,0,30,,38622,50,,,0,70,,38618,50,,,0,30,,38623,50,,,0,70,,38615,50,,,0,30,,38624,50,,,0,70,,38607,50,,,0,30,,38625,50,,,0,70,,38608,50,,,0,30,,38626,50,,,0,70,,38609,50,,,0,30,,38627,50,,,0,70,,38610,50,,,0,30,,38628,50,,,0,70,,38611,50,,,0,30,,38629,50,,,0,70,,38612,50,,,0,30,,38630,50,,,0,70,,38613,50,,,0,30,,38631,50,,,0,70,,38614,50,,,0,30,,38632,50,,,0,70,,38616,50,,,0,30,,38617,50,,,0,70,,38633,50,,,0,30,,38606,50,,,0,70,,38605,50,,,0,30,,38604,50,,,0,70,,38603,50,,,0,30,,38602,50,,,0,70,,38634,50,,,0,30,,38635,50,,,0,70,,38636,50,,,0,30,,38601,50,,,0,70,,38637,50,,,0,30,,38641,50,,,0
580601,'3',710,,38660,50,,,0,30,,38662,50,,,0,70,,38661,50,,,0,30,,38663,50,,,0,70,,38659,50,,,0,30,,38664,50,,,0,70,,38656,50,,,0,30,,38665,50,,,0,70,,38648,50,,,0,30,,38666,50,,,0,70,,38649,50,,,0,30,,38667,50,,,0,70,,38650,50,,,0,30,,38668,50,,,0,70,,38651,50,,,0,30,,38669,50,,,0,70,,38652,50,,,0,30,,38670,50,,,0,70,,38653,50,,,0,30,,38671,50,,,0,70,,38654,50,,,0,30,,38672,50,,,0,70,,38655,50,,,0,30,,38673,50,,,0,70,,38657,50,,,0,30,,38658,50,,,0,70,,38674,50,,,0,30,,38647,50,,,0,70,,38646,50,,,0,30,,38645,50,,,0,70,,38644,50,,,0,30,,38643,50,,,0,70,,38675,50,,,0,30,,38676,50,,,0,70,,38677,50,,,0,39,,38642,50,,,0
580601,'4',710,,38693,50,,,0,30,,38695,50,,,0,70,,38694,50,,,0,30,,38696,50,,,0,70,,38692,50,,,0,30,,38697,50,,,0,70,,38689,50,,,0,30,,38698,50,,,0,70,,38681,50,,,0,30,,38699,50,,,0,70,,38682,50,,,0,30,,38700,50,,,0,70,,38683,50,,,0,30,,38701,50,,,0,70,,38684,50,,,0,30,,38702,50,,,0,70,,38685,50,,,0,30,,38703,50,,,0,70,,38686,50,,,0,30,,38704,50,,,0,70,,38687,50,,,0,30,,38705,50,,,0,70,,38688,50,,,0,30,,38706,50,,,0,70,,38690,50,,,0,30,,38691,50,,,0,70,,38707,50,,,0,30,,38680,50,,,0,70,,38679,50,,,0,30,,38678,50,,,0
580601,'6',544,,38745,50,,,0,70,,38746,50,,,0,30,,38747,50,,,0,66,,38726,50,,,0,30,,38728,50,,,0,70,,38727,50,,,0,30,,38729,50,,,0,70,,38725,50,,,0,30,,38730,50,,,0,70,,38722,50,,,0,30,,38731,50,,,0,70,,38714,50,,,0,30,,38732,50,,,0,70,,38715,50,,,0,30,,38733,50,,,0,70,,38716,50,,,0,30,,38734,50,,,0,70,,38717,50,,,0,30,,38735,50,,,0,70,,38718,50,,,0,30,,38736,50,,,0,70,,38719,50,,,0,30,,38737,50,,,0,70,,38720,50,,,0,30,,38738,50,,,0,70,,38721,50,,,0,30,,38739,50,,,0,70,,38723,50,,,0,30,,38724,50,,,0,70,,38740,50,,,0,30,,38713,50,,,0,70,,38712,50,,,0,30,,38711,50,,,0,70,,38710,50,,,0,30,,38709,50,,,0,70,,38741,50,,,0,30,,38742,50,,,0,70,,38743,50,,,0,30,,38708,50,,,0,70,,38744,50,,,0,30,,38748,50,,,0
583000,'1601',746,,41678,35,,,0,10,,41680,45,,,0,76,,41679,35,,,0,7,,41677,35,,,0,4,,41676,35,,,0,683,,41675,53,,,0,18,,41674,35,,,0
583000,'1',449,,41752,24,,,0,55,,41751,24,,,0,20,,41711,24,,,0,26,,41750,53,,,0,64,,41715,24,,,0,23,,41714,83,,,0,20,,41713,83,,,0,63,,41710,83,,,0,20,,41709,83,,,0,60,,41707,83,,,0,15,,41702,83,,,0,15,,41706,83,,,0,15,,41701,83,,,0,55,,41705,83,,,0,15,,41700,83,,,0,15,,41704,83,,,0,15,,41699,83,,,0,55,,41703,83,,,0,15,,41682,83,,,0,15,,41708,83,,,0,15,,41749,83,,,0,55,,41748,83,,,0,20,,41747,83,,,0,20,,41746,83,,,0,60,,41716,83,,,0,20,,41717,83,,,0,20,,41718,83,,,0,60,,41719,83,,,0,20,,41720,83,,,0,20,,41721,83,,,0,60,,41722,83,,,0,20,,41723,83,,,0,20,,41724,83,,,0,60,,41698,83,,,0,15,,41690,83,,,0,15,,41697,83,,,0,15,,41689,83,,,0,55,,41696,83,,,0,15,,41688,83,,,0,15,,41695,83,,,0,15,,41687,83,,,0,55,,41694,83,,,0,15,,41686,83,,,0,15,,41693,83,,,0,15,,41685,83,,,0,55,,41692,83,,,0,15,,41684,83,,,0,15,,41691,83,,,0,15,,41683,83,,,0,55,,41712,83,,,0,15,,41681,83,,,0,13,,41725,83,,,0,20,,41726,83,,,0,60,,41727,83,,,0,20,,41745,83,,,0,20,,41744,83,,,0,60,,41743,83,,,0,20,,41742,83,,,0,20,,41741,83,,,0,60,,41740,83,,,0,20,,41739,83,,,0,20,,41738,83,,,0,59,,41737,83,,,0,20,,41736,83,,,0,20,,41735,83,,,0,60,,41734,83,,,0,20,,41733,83,,,0,20,,41732,83,,,0,60,,41731,83,,,0,20,,41730,83,,,0,20,,41729,83,,,0,60,,41728,83,,,0
583000,'2',456,,41811,24,,,0,76,,41810,24,,,0,69,,41809,24,,,0,29,,41808,24,,,0,26,,41807,83,,,0,75,,41806,83,,,0,75,,41805,83,,,0,27,,41755,24,,,0,15,,41804,83,,,0,55,,41753,24,,,0,20,,41754,83,,,0,30,,41803,83,,,0,70,,41802,83,,,0,20,,41801,83,,,0,60,,41800,83,,,0,20,,41799,83,,,0,20,,41798,83,,,0,60,,41797,83,,,0,20,,41796,83,,,0,20,,41795,83,,,0,60,,41794,83,,,0,20,,41793,83,,,0,20,,41792,83,,,0,60,,41791,83,,,0,20,,41790,83,,,0,20,,41789,83,,,0,60,,41788,83,,,0,20,,41787,83,,,0,20,,41786,83,,,0,60,,41785,83,,,0,20,,41784,83,,,0,20,,41783,83,,,0,60,,41782,83,,,0,20,,41781,83,,,0,20,,41780,83,,,0,60,,41779,83,,,0,20,,41778,83,,,0,20,,41777,83,,,0,60,,41776,83,,,0,20,,41775,83,,,0,15,,41774,83,,,0,13,,41773,83,,,0,60,,41772,83,,,0,20,,41771,83,,,0,20,,41770,83,,,0,60,,41769,83,,,0,20,,41768,83,,,0,20,,41767,83,,,0,60,,41766,83,,,0,20,,41765,83,,,0,25,,41764,83,,,0,60,,41763,83,,,0,20,,41762,83,,,0,20,,41761,83,,,0,60,,41760,83,,,0,20,,41759,83,,,0,20,,41758,83,,,0,60,,41757,83,,,0,28,,41756,83,,,0
583000,'3',552,,41850,24,,,0,78,,41845,24,,,0,80,,41851,83,,,0,40,,41841,83,,,0,80,,41848,83,,,0,80,,41849,83,,,0,40,,41822,83,,,0,86,,41824,83,,,0,65,,41823,83,,,0,20,,41846,83,,,0,20,,41821,83,,,0,60,,41847,83,,,0,20,,41836,83,,,0,20,,41834,83,,,0,60,,41835,83,,,0,20,,41817,83,,,0,20,,41832,83,,,0,60,,41837,83,,,0,20,,41838,83,,,0,20,,41839,83,,,0,60,,41840,83,,,0,20,,41820,83,,,0,20,,41844,83,,,0,60,,41842,83,,,0,20,,41816,83,,,0,20,,41854,83,,,0,60,,41859,83,,,0,20,,41852,83,,,0,20,,41853,83,,,0,60,,41843,83,,,0,20,,41818,83,,,0,20,,41856,83,,,0,15,,41826,83,,,0,56,,41830,83,,,0,20,,41825,83,,,0,20,,41819,83,,,0,60,,41855,83,,,0,20,,41857,83,,,0,20,,41828,83,,,0,60,,41831,83,,,0,20,,41833,83,,,0,20,,41829,83,,,0,60,,41827,83,,,0,21,,41858,83,,,0,67,,41815,83,,,0,28,,41813,83,,,0,72,,41814,83,,,0,38,,41812,83,,,0
583000,'4',730,,41875,83,,,0,28,,41888,83,,,0,70,,41874,83,,,0,30,,41887,83,,,0,70,,41873,83,,,0,30,,41886,83,,,0,70,,41872,83,,,0,30,,41885,83,,,0,70,,41871,83,,,0,30,,41884,83,,,0,70,,41870,83,,,0,30,,41883,83,,,0,70,,41869,83,,,0,30,,41868,83,,,0,70,,41867,83,,,0,30,,41866,83,,,0,70,,41882,83,,,0,30,,41865,83,,,0,70,,41881,83,,,0,30,,41864,83,,,0,70,,41880,83,,,0,30,,41863,83,,,0,70,,41879,83,,,0,30,,41862,83,,,0,70,,41878,83,,,0,30,,41861,83,,,0,70,,41877,83,,,0,30,,41860,83,,,0,70,,41876,83,,,0
583000,'6',456,,41947,24,,,0,76,,41946,24,,,0,69,,41945,24,,,0,29,,41944,24,,,0,26,,41943,83,,,0,75,,41942,83,,,0,75,,41941,83,,,0,27,,41891,24,,,0,15,,41940,83,,,0,55,,41889,24,,,0,20,,41890,83,,,0,30,,41939,83,,,0,70,,41938,83,,,0,20,,41937,83,,,0,60,,41936,83,,,0,20,,41935,83,,,0,20,,41934,83,,,0,60,,41933,83,,,0,20,,41932,83,,,0,20,,41931,83,,,0,60,,41930,83,,,0,20,,41929,83,,,0,20,,41928,83,,,0,60,,41927,83,,,0,20,,41926,83,,,0,20,,41925,83,,,0,60,,41924,83,,,0,20,,41923,83,,,0,20,,41922,83,,,0,60,,41921,83,,,0,20,,41920,83,,,0,20,,41919,83,,,0,60,,41918,83,,,0,20,,41917,83,,,0,20,,41916,83,,,0,60,,41915,83,,,0,20,,41914,83,,,0,20,,41913,83,,,0,60,,41912,83,,,0,20,,41911,83,,,0,15,,41910,83,,,0,13,,41909,83,,,0,60,,41908,83,,,0,20,,41907,83,,,0,20,,41906,83,,,0,60,,41905,83,,,0,20,,41904,83,,,0,20,,41903,83,,,0,60,,41902,83,,,0,20,,41901,83,,,0,25,,41900,83,,,0,60,,41899,83,,,0,20,,41898,83,,,0,20,,41897,83,,,0,60,,41896,83,,,0,20,,41895,83,,,0,20,,41894,83,,,0,60,,41893,83,,,0,28,,41892,83,,,0
583500,'8502',1422,,42931,30,,,0,100,,42930,30,,,0,100,,42929,30,,,0,100,,42928,30,,,0,100,,42927,30,,,0,100,,42926,30,,,0,100,,42925,30,,,0,100,,42924,30,,,0,100,,42923,30,,,0,100,,42922,30,,,0
