580700,'1',531,,38810,7,,,0,70,,38808,7,,,0,14,,38806,7,,,0,15,,38805,7,,,0,15,,38804,7,,,0,55,,38803,7,,,0,15,,38802,7,,,0,15,,38801,7,,,0,15,,38800,7,,,0,55,,38799,7,,,0,15,,38798,7,,,0,15,,38797,7,,,0,15,,38796,7,,,0,55,,38795,7,,,0,22,,38794,7,,,0,20,,38793,7,,,0,70,,38792,7,,,0,30,,38791,7,,,0,70,,38790,7,,,0,30,,38789,7,,,0,70,,38788,7,,,0,30,,38787,7,,,0,66,,38785,7,,,0,30,,38783,7,,,0,65,,38781,7,,,0,15,,38780,7,,,0,15,,38779,7,,,0,15,,38778,7,,,0,55,,38777,7,,,0,15,,38776,7,,,0,15,,38775,7,,,0,15,,38774,7,,,0,55,,38773,7,,,0,15,,38772,7,,,0,15,,38771,7,,,0,15,,38770,7,,,0,55,,38769,7,,,0,15,,38768,7,,,0,15,,38767,7,,,0,15,,38766,7,,,0,55,,38765,7,,,0,34,,38764,7,,,0,70,,38763,7,,,0,30,,38762,7,,,0,70,,38761,7,,,0,30,,38760,7,,,0,70,,38759,7,,,0,32,,38758,7,,,0,70,,38757,7,,,0,30,,38756,7,,,0,70,,38755,7,,,0,30,,38754,7,,,0,70,,38750,7,,,0,30,,38753,7,,,0,65,,38752,7,0,5 6,0,97,,38751,7,0,7 4 8 9 10,0
580700,'2',512,,38854,7,,,0,30,,38816,7,,,0,70,,38817,7,,,0,35,,38818,7,,,0,70,,38819,7,,,0,30,,38820,7,,,0,70,,38821,7,,,0,30,,38822,7,,,0,70,,38823,7,,,0,30,,38824,7,,,0,68,,38825,7,,,0,30,,38826,7,,,0,70,,38827,7,,,0,30,,38828,7,,,0,70,,38829,7,,,0,30,,38830,7,,,0,70,,38831,7,,,0,30,,38832,7,,,0,70,,38833,7,,,0,30,,38834,7,,,0,70,,38835,7,,,0,30,,38836,7,,,0,70,,38837,7,,,0,30,,38838,7,,,0,70,,38839,7,,,0,30,,38840,7,,,0,70,,38841,7,,,0,33,,38842,7,,,0,70,,38843,7,,,0,30,,38844,7,,,0,70,,38845,7,,,0,30,,38846,7,,,0,70,,38847,7,,,0,30,,38848,7,,,0,70,,38849,7,,,0,30,,38850,7,,,0,70,,38851,7,,,0,30,,38852,7,,,0,83,,38853,7,,,0
580700,'3',605,,38855,7,,,0,30,,38868,7,,,0,80,,38856,7,,,0,30,,38869,7,,,0,70,,38857,7,,,0,30,,38870,7,,,0,70,,38858,7,,,0,30,,38871,7,,,0,70,,38859,7,,,0,30,,38872,7,,,0,70,,38860,7,,,0,30,,38873,7,,,0,70,,38861,7,,,0,30,,38874,7,,,0,70,,38862,7,,,0,30,,38875,7,,,0,70,,38863,7,,,0,30,,38876,7,,,0,70,,38864,7,,,0,30,,38877,7,,,0,70,,38865,7,,,0,30,,38878,7,,,0,70,,38866,7,,,0,30,,38879,7,,,0,74,,38867,7,,,0,30,,38889,7,,,0,70,,38880,7,,,0,30,,38886,7,,,0,70,,38881,7,,,0,30,,38887,7,,,0,70,,38882,7,,,0,30,,38888,7,,,0,70,,38883,7,,,0,30,,38890,7,,,0,70,,38884,7,,,0,30,,38891,7,,,0,70,,38885,7,0,7 4 8 9 10,0
580700,'4',627,,38907,7,,,0,30,,38892,7,,,0,70,,38908,7,,,0,30,,38893,7,,,0,70,,38909,7,,,0,30,,38894,7,,,0,70,,38910,7,,,0,30,,38895,7,,,0,70,,38911,7,,,0,30,,38896,7,,,0,70,,38912,7,,,0,30,,38897,7,,,0,70,,38913,7,,,0,30,,38898,7,,,0,70,,38914,7,,,0,30,,38899,7,,,0,70,,38915,7,,,0,30,,38900,7,,,0,70,,38916,7,,,0,30,,38901,7,,,0,70,,38917,7,,,0,30,,38902,7,,,0,70,,38918,7,,,0,30,,38903,7,,,0,70,,38919,7,,,0,30,,38904,7,,,0,70,,38920,7,,,0,30,,38905,7,,,0,70,,38921,7,,,0,30,,38906,7,0,7 4 8 9 10,0
580700,'6',605,,38924,7,,,0,30,,38937,7,,,0,80,,38925,7,,,0,30,,38938,7,,,0,70,,38926,7,,,0,30,,38939,7,,,0,70,,38927,7,,,0,30,,38940,7,,,0,70,,38928,7,,,0,30,,38941,7,,,0,70,,38929,7,,,0,30,,38942,7,,,0,70,,38930,7,,,0,30,,38943,7,,,0,70,,38931,7,,,0,30,,38944,7,,,0,70,,38932,7,,,0,30,,38945,7,,,0,70,,38933,7,,,0,30,,38946,7,,,0,70,,38934,7,,,0,30,,38947,7,,,0,70,,38935,7,,,0,30,,38948,7,,,0,74,,38936,7,,,0,30,,38958,7,,,0,70,,38949,7,,,0,30,,38955,7,,,0,70,,38950,7,,,0,30,,38956,7,,,0,70,,38951,7,,,0,30,,38957,7,,,0,70,,38952,7,,,0,30,,38959,7,,,0,70,,38953,7,,,0,30,,38960,7,,,0,70,,38954,7,0,7 4 8 9 10,0
581101,'14701',1053,,40001,14,,,0,100,,40002,14,,,0,100,,40003,14,,,0,100,,40004,14,,,0,100,,40005,14,,,0,100,,40006,14,,,0,100,,40007,14,,,0,100,,40008,14,,,0,100,,40009,14,,,0,100,,40010,14,,,0,100,,40011,14,,,0
581101,'14702',1037,,40012,13,,,0,85,,40013,13,,,0,85,,40014,13,,,0,45,,40015,13,,,0,85,,40016,13,,,0,85,,40017,13,,,0,85,,40018,13,,,0,45,,40019,13,,,0,85,,40020,13,,,0,85,,40021,13,,,0,85,,40022,13,,,0
581101,'14703',1037,,40023,13,,,0,85,,40024,13,,,0,85,,40025,13,,,0,45,,40026,13,,,0,85,,40027,13,,,0,85,,40028,13,,,0,85,,40029,13,,,0,45,,40030,13,,,0,85,,40031,13,,,0,85,,40032,13,,,0,85,,40033,13,,,0
581101,'14704',1037,,40034,13,,,0,85,,40035,13,,,0,85,,40036,13,,,0,45,,40037,13,,,0,85,,40038,13,,,0,85,,40039,13,,,0,85,,40040,13,,,0,45,,40041,13,,,0,85,,40042,13,,,0,85,,40043,13,,,0
581101,'14706',1037,,40044,13,,,0,85,,40045,13,,,0,85,,40046,13,,,0,45,,40047,13,,,0,85,,40048,13,,,0,85,,40049,13,,,0,85,,40050,13,,,0,45,,40051,13,,,0,85,,40052,13,,,0,85,,40053,13,,,0,85,,40054,13,,,0
