578301,'1',457,,31014,3,0,33 4 34,0,75,,31017,3,0,33 4 34,0,23,,31020,3,0,33 4 34,0,55,,31022,3,0,33 4 34,0,12,,31024,3,0,33 4 34,0,15,,31026,3,0,33 4 34,0,15,,31028,3,0,33 4 34,0,55,,31030,3,0,33 4 34,0,15,,31032,3,0,33 4 34,0,15,,31034,3,0,33 4 34,0,15,,31036,3,0,33 4 34,0,55,,31038,3,0,33 4 34,0,15,,31040,3,0,33 4 34,0,15,,31042,3,0,33 4 34,0,15,,31044,3,0,33 4 34,0,55,,31046,3,0,33 4 34,0,15,,31048,3,0,17 18 4 19,0,17,,31050,3,0,33 4 34,0,70,,31053,3,0,33 4 34,0,30,,31056,3,0,33 4 34,0,70,,31059,3,0,33 4 34,0,30,,31062,3,0,33 4 34,0,70,,31065,3,0,33 4 34,0,30,,31068,3,0,33 4 34,0,70,,31071,3,0,33 4 34,0,27,,31074,3,0,33 4 34,0,18,,31076,3,0,33 4 34,0,55,,31078,3,0,33 4 34,0,15,,31080,3,0,33 4 34,0,15,,31082,3,0,33 4 34,0,15,,31084,3,0,33 4 34,0,55,,31086,3,0,33 4 34,0,15,,31088,3,0,33 4 34,0,15,,31090,3,0,33 4 34,0,15,,31092,3,0,33 4 34,0,55,,31094,3,0,33 4 34,0,15,,31096,3,0,33 4 34,0,15,,31098,3,0,33 4 34,0,15,,31100,3,0,33 4 34,0,54,,31102,3,0,33 4 34,0,20,,31104,3,0,33 4 34,0,15,,31106,3,0,33 4 34,0,8,,31108,3,0,17 18 4 19,0,63,,31110,3,0,33 4 34,0,10,,31112,3,0,17 18 4 19,0,24,,31114,3,0,33 4 34,0,64,,31117,3,0,33 4 34,0,36,,31121,3,0,33 4 34,0,70,,31124,3,0,33 4 34,0,30,,31127,3,0,33 4 34,0,70,,31130,3,0,33 4 34,0,20,,31132,3,0,33 4 34,0,85,,31135,3,0,33 4 34,0,85,,31139,3,0,33 4 34,0,40,,31142,3,0,33 4 34,0,85,,31144,3,0,33 4 34,0
578301,'2',434,,31151,3,0,33 4 34,0,76,,31154,3,0,33 4 34,0,36,,31157,3,0,33 4 34,0,76,,31160,3,0,33 4 34,0,36,,31163,3,0,33 4 34,0,69,,31166,3,0,33 4 34,0,76,,31169,3,0,33 4 34,0,36,,31172,3,0,33 4 34,0,76,,31175,3,0,33 4 34,0,36,,31178,3,0,33 4 34,0,76,,31181,3,0,33 4 34,0,76,,31184,3,0,33 4 34,0,36,,31187,3,0,33 4 34,0,76,,31190,3,0,33 4 34,0,36,,31193,3,0,33 4 34,0,76,,31196,3,0,33 4 34,0,76,,31199,3,0,33 4 34,0,36,,31202,3,0,33 4 34,0,76,,31205,3,0,33 4 34,0,36,,31208,3,0,33 4 34,0,76,,31211,3,0,33 4 34,0,76,,31214,3,0,33 4 34,0,36,,31217,3,0,33 4 34,0,76,,31220,3,0,33 4 34,0,39,,31223,3,0,33 4 34,0,76,,31226,3,0,33 4 34,0,76,,31229,3,0,33 4 34,0,46,,31232,3,0,33 4 34,0,74,,31234,3,0,33 4 34,0,85,,31237,3,0,33 4 34,0,45,,31240,3,0,33 4 34,0,85,,31243,3,0,33 4 34,0,90,,31246,3,0,33 4 34,0
578301,'3',511,,31254,3,0,33 4 34,0,45,,31258,3,0,33 4 34,0,85,,31261,3,0,33 4 34,0,85,,31264,3,0,33 4 34,0,85,,31267,3,0,33 4 34,0,45,,31270,3,0,33 4 34,0,70,,31273,3,0,33 4 34,0,76,,31276,3,0,33 4 34,0,36,,31279,3,0,33 4 34,0,76,,31282,3,0,33 4 34,0,36,,31285,3,0,33 4 34,0,76,,31288,3,0,33 4 34,0,76,,31291,3,0,33 4 34,0,36,,31294,3,0,33 4 34,0,76,,31297,3,0,33 4 34,0,36,,31300,3,0,33 4 34,0,76,,31303,3,0,33 4 34,0,76,,31306,3,0,33 4 34,0,36,,31309,3,0,33 4 34,0,76,,31312,3,0,33 4 34,0,37,,31315,3,0,33 4 34,0,76,,31318,3,0,33 4 34,0,78,,31321,3,0,33 4 34,0,45,,31324,3,0,33 4 34,0,85,,31327,3,0,33 4 34,0,91,,31330,3,0,33 4 34,0,85,,31333,3,0,33 4 34,0,45,,31336,3,0,33 4 34,0,70,,31338,3,0,33 4 34,0
578301,'4',519,,31407,3,0,33 4 34,0,26,,31344,3,0,33 4 34,0,66,,31347,3,0,33 4 34,0,45,,31350,3,0,33 4 34,0,85,,31353,3,0,33 4 34,0,85,,31356,3,0,33 4 34,0,85,,31359,3,0,33 4 34,0,39,,31362,3,0,33 4 34,0,85,,31365,3,0,33 4 34,0,85,,31368,3,0,33 4 34,0,85,,31371,3,0,33 4 34,0,45,,31374,3,0,33 4 34,0,85,,31377,3,0,33 4 34,0,85,,31380,3,0,33 4 34,0,85,,31383,3,0,33 4 34,0,45,,31386,3,0,33 4 34,0,85,,31389,3,0,33 4 34,0,92,,31392,3,0,33 4 34,0,85,,31395,3,0,33 4 34,0,45,,31398,3,0,33 4 34,0,85,,31401,3,0,33 4 34,0,85,,31405,3,0,33 4 34,0
578301,'6',511,,31411,3,0,33 4 34,0,45,,31415,3,0,33 4 34,0,85,,31418,3,0,33 4 34,0,85,,31421,3,0,33 4 34,0,85,,31424,3,0,33 4 34,0,45,,31427,3,0,33 4 34,0,70,,31430,3,0,33 4 34,0,76,,31433,3,0,33 4 34,0,36,,31436,3,0,33 4 34,0,76,,31439,3,0,33 4 34,0,36,,31442,3,0,33 4 34,0,76,,31445,3,0,33 4 34,0,76,,31448,3,0,33 4 34,0,36,,31451,3,0,33 4 34,0,76,,31454,3,0,33 4 34,0,36,,31457,3,0,33 4 34,0,76,,31460,3,0,33 4 34,0,76,,31463,3,0,33 4 34,0,36,,31466,3,0,33 4 34,0,76,,31469,3,0,33 4 34,0,37,,31472,3,0,33 4 34,0,76,,31475,3,0,33 4 34,0,78,,31478,3,0,33 4 34,0,45,,31481,3,0,33 4 34,0,85,,31484,3,0,33 4 34,0,91,,31487,3,0,33 4 34,0,85,,31490,3,0,33 4 34,0,45,,31493,3,0,33 4 34,0,70,,31495,3,0,33 4 34,0
579100,'1',559,,32787,3,,,0,76,,32788,3,,,0,70,,32789,3,,,0,30,,32790,3,,,0,70,,32791,3,,,0,30,,32792,3,,,0,75,,32793,3,,,0,20,,32794,3,,,0,70,,32795,3,,,0,30,,32796,3,,,0,70,,32815,3,,,0,30,,32797,3,,,0,70,,32814,3,,,0,30,,32798,3,,,0,70,,32812,3,,,0,30,,32799,3,,,0,70,,32813,3,,,0,30,,32800,3,,,0,70,,32801,3,,,0,30,,32802,3,,,0,20,,32803,3,,,0,70,,32804,3,,,0,30,,32805,3,,,0,70,,32806,3,,,0,35,,32807,3,,,0,70,,32808,3,,,0,30,,32809,3,,,0,75,,32816,3,,,0,70,,32810,3,,,0,30,,32817,3,,,0,70,,32811,3,,,0,30,,32818,3,,,0,70,,32819,3,,,0,30,,32820,3,,,0,70,,32821,3,,,0,30,,32822,3,,,0,70,,32823,3,,,0,30,,32824,3,,,0,70,,32825,3,,,0
579100,'2',720,,32826,3,,,0,30,,32827,3,,,0,70,,32828,3,,,0,30,,32829,3,,,0,70,,32830,3,,,0,30,,32831,3,,,0,70,,32832,3,,,0,30,,32851,3,,,0,70,,32833,3,,,0,30,,32850,3,,,0,70,,32834,3,,,0,30,,32848,3,,,0,70,,32835,3,,,0,30,,32849,3,,,0,70,,32836,3,,,0,30,,32837,3,,,0,70,,32838,3,,,0,30,,32839,3,,,0,70,,32840,3,,,0,30,,32841,3,,,0,70,,32842,3,,,0,30,,32843,3,,,0,70,,32844,3,,,0,30,,32845,3,,,0,70,,32852,3,,,0,30,,32846,3,,,0,70,,32853,3,,,0,30,,32847,3,,,0,70,,32854,3,,,0,30,,32855,3,,,0,70,,32856,3,,,0,30,,32857,3,,,0,70,,32858,3,,,0,30,,32859,3,,,0,70,,32860,3,,,0
579100,'3',720,,32861,3,,,0,30,,32862,3,,,0,70,,32863,3,,,0,30,,32864,3,,,0,70,,32865,3,,,0,30,,32866,3,,,0,70,,32867,3,,,0,30,,32886,3,,,0,70,,32868,3,,,0,30,,32885,3,,,0,70,,32869,3,,,0,30,,32883,3,,,0,70,,32870,3,,,0,30,,32884,3,,,0,70,,32871,3,,,0,30,,32872,3,,,0,70,,32873,3,,,0,30,,32874,3,,,0,70,,32875,3,,,0,30,,32876,3,,,0,70,,32877,3,,,0,30,,32878,3,,,0,70,,32879,3,,,0,30,,32880,3,,,0,70,,32887,3,,,0,30,,32881,3,,,0,70,,32888,3,,,0,30,,32882,3,,,0,70,,32889,3,,,0,30,,32890,3,,,0,70,,32891,3,,,0,30,,32892,3,,,0,70,,32893,3,,,0,30,,32894,3,,,0
579100,'4',720,,32895,3,,,0,30,,32896,3,,,0,70,,32897,3,,,0,30,,32898,3,,,0,70,,32899,3,,,0,30,,32900,3,,,0,70,,32901,3,,,0,30,,32919,3,,,0,70,,32902,3,,,0,30,,32918,3,,,0,70,,32903,3,,,0,30,,32916,3,,,0,70,,32904,3,,,0,30,,32917,3,,,0,70,,32905,3,,,0,30,,32906,3,,,0,70,,32907,3,,,0,30,,32908,3,,,0,70,,32909,3,,,0,30,,32910,3,,,0,70,,32911,3,,,0,30,,32912,3,,,0,70,,32913,3,,,0,30,,32914,3,,,0,70,,32920,3,,,0,30,,32915,3,,,0,70,,32921,3,,,0
579100,'6',720,,32922,3,,,0,30,,32923,3,,,0,70,,32924,3,,,0,30,,32925,3,,,0,70,,32926,3,,,0,30,,32927,3,,,0,70,,32928,3,,,0,30,,32947,3,,,0,70,,32929,3,,,0,30,,32946,3,,,0,70,,32930,3,,,0,30,,32944,3,,,0,70,,32931,3,,,0,30,,32945,3,,,0,70,,32932,3,,,0,30,,32933,3,,,0,70,,32934,3,,,0,30,,32935,3,,,0,70,,32936,3,,,0,30,,32937,3,,,0,70,,32938,3,,,0,30,,32939,3,,,0,70,,32940,3,,,0,30,,32941,3,,,0,70,,32948,3,,,0,30,,32942,3,,,0,70,,32949,3,,,0,30,,32943,3,,,0,70,,32950,3,,,0,30,,32951,3,,,0,70,,32952,3,,,0,30,,32953,3,,,0,70,,32954,3,,,0,30,,32955,3,,,0,70,,32956,3,,,0
583501,'8502',1331,,42961,3,,,0,100,,42960,3,,,0,100,,42959,3,,,0,100,,42958,3,,,0,100,,42957,3,,,0,100,,42956,3,,,0,100,,42955,3,,,0,100,,42954,3,,,0
