579100,'1',558,,32787,1,,,0,76,,32788,1,,,0,70,,32789,1,,,0,30,,32790,1,,,0,70,,32791,1,,,0,30,,32792,1,,,0,75,,32793,1,,,0,20,,32794,1,,,0,30,,32795,1,,,0,70,,32796,1,,,0,30,,32815,1,,,0,70,,32797,1,,,0,30,,32814,1,,,0,70,,32798,1,,,0,30,,32812,1,,,0,70,,32799,1,,,0,30,,32813,1,,,0,70,,32800,1,,,0,30,,32801,1,,,0,70,,32802,1,,,0,20,,32803,1,,,0,70,,32804,1,,,0,30,,32805,1,,,0,70,,32806,1,,,0,35,,32807,1,,,0,70,,32808,1,,,0,30,,32809,1,,,0,75,,32816,1,,,0,30,,32810,1,,,0,70,,32817,1,,,0,30,,32811,1,,,0,70,,32818,1,,,0,30,,32819,1,,,0,70,,32820,1,,,0,30,,32821,1,,,0,70,,32822,1,,,0,30,,32823,1,,,0,70,,32824,1,,,0,30,,32825,1,,,0
579100,'2',719,,32826,1,,,0,30,,32827,1,,,0,70,,32828,1,,,0,30,,32829,1,,,0,70,,32830,1,,,0,30,,32831,1,,,0,70,,32832,1,,,0,30,,32851,1,,,0,70,,32833,1,,,0,30,,32850,1,,,0,70,,32834,1,,,0,30,,32848,1,,,0,70,,32835,1,,,0,30,,32849,1,,,0,70,,32836,1,,,0,30,,32837,1,,,0,70,,32838,1,,,0,30,,32839,1,,,0,70,,32840,1,,,0,30,,32841,1,,,0,70,,32842,1,,,0,30,,32843,1,,,0,70,,32844,1,,,0,30,,32845,1,,,0,70,,32852,1,,,0,30,,32846,1,,,0,70,,32853,1,,,0,30,,32847,1,,,0,70,,32854,1,,,0,30,,32855,1,,,0,70,,32856,1,,,0,30,,32857,1,,,0,70,,32858,1,,,0,30,,32859,1,,,0,70,,32860,1,,,0
579100,'3',719,,32861,1,,,0,30,,32862,1,,,0,70,,32863,1,,,0,30,,32864,1,,,0,70,,32865,1,,,0,30,,32866,1,,,0,70,,32867,1,,,0,30,,32886,1,,,0,70,,32868,1,,,0,30,,32885,1,,,0,70,,32869,1,,,0,30,,32883,1,,,0,70,,32870,1,,,0,30,,32884,1,,,0,70,,32871,1,,,0,30,,32872,1,,,0,70,,32873,1,,,0,30,,32874,1,,,0,70,,32875,1,,,0,30,,32876,1,,,0,70,,32877,1,,,0,30,,32878,1,,,0,70,,32879,1,,,0,30,,32880,1,,,0,70,,32887,1,,,0,30,,32881,1,,,0,70,,32888,1,,,0,30,,32882,1,,,0,70,,32889,1,,,0,30,,32890,1,,,0,70,,32891,1,,,0,30,,32892,1,,,0,70,,32893,1,,,0,30,,32894,1,,,0
579100,'4',719,,32895,1,,,0,30,,32896,1,,,0,70,,32897,1,,,0,30,,32898,1,,,0,70,,32899,1,,,0,30,,32900,1,,,0,70,,32901,1,,,0,30,,32919,1,,,0,70,,32902,1,,,0,30,,32918,1,,,0,70,,32903,1,,,0,30,,32916,1,,,0,70,,32904,1,,,0,30,,32917,1,,,0,70,,32905,1,,,0,30,,32906,1,,,0,70,,32907,1,,,0,30,,32908,1,,,0,70,,32909,1,,,0,30,,32910,1,,,0,70,,32911,1,,,0,30,,32912,1,,,0,70,,32913,1,,,0,30,,32914,1,,,0,70,,32920,1,,,0,30,,32915,1,,,0,70,,32921,1,,,0
579100,'6',719,,32922,1,,,0,30,,32923,1,,,0,70,,32924,1,,,0,30,,32925,1,,,0,70,,32926,1,,,0,30,,32927,1,,,0,70,,32928,1,,,0,30,,32947,1,,,0,70,,32929,1,,,0,30,,32946,1,,,0,70,,32930,1,,,0,30,,32944,1,,,0,70,,32931,1,,,0,30,,32945,1,,,0,70,,32932,1,,,0,30,,32933,1,,,0,70,,32934,1,,,0,30,,32935,1,,,0,70,,32936,1,,,0,30,,32937,1,,,0,70,,32938,1,,,0,30,,32939,1,,,0,70,,32940,1,,,0,30,,32941,1,,,0,70,,32948,1,,,0,30,,32942,1,,,0,70,,32949,1,,,0,30,,32943,1,,,0,70,,32950,1,,,0,30,,32951,1,,,0,70,,32952,1,,,0,30,,32953,1,,,0,70,,32954,1,,,0,30,,32955,1,,,0,70,,32956,1,,,0
579101,'1',528,,32957,47,4,,0,28,,32958,47,4,,0,70,,32959,47,4,,0,30,,32960,47,4,,0,70,,32961,47,4,,0,30,,32962,47,4,,0,70,,32963,47,4,,0,30,,32964,47,4,,0,70,,32965,47,4,,0,74,,32966,47,4,,0,30,,32967,47,4,,0,70,,32983,47,4,,0,30,,32968,47,4,,0,70,,32984,47,4,,0,30,,32969,47,4,,0,23,,32985,30,4,,0,73,,32970,30,4,,0,30,,32986,30,4,,0,70,,32971,30,4,,0,30,,32987,30,4,,0,70,,32972,30,4,,0,30,,32973,30,4,,0,70,,32997,30,4,,0,30,,32974,30,4,,0,70,,32975,30,4,,0,30,,32976,30,4,,0,70,,32977,30,4,,0,30,,32978,30,4,,0,69,,32979,30,4,,0,30,,32988,30,4,,0,70,,32980,30,4,,0,30,,32989,30,4,,0,70,,32981,30,4,,0,30,,32990,30,4,,0,70,,32982,30,4,,0,30,,32991,30,4,,0,70,,32992,30,4,,0,30,,32993,30,4,,0,70,,32994,30,4,,0,25,,32995,30,4,,0,70,,32996,30,4,,0
579101,'2',758,,32998,47,4,,0,70,,32999,47,4,,0,30,,33000,47,4,,0,70,,33001,47,4,,0,30,,33002,47,4,,0,70,,33003,47,4,,0,30,,33019,47,4,,0,70,,33004,47,4,,0,30,,33020,47,4,,0,70,,33005,47,4,,0,23,,33021,30,4,,0,75,,33006,30,4,,0,30,,33022,30,4,,0,70,,33007,30,4,,0,30,,33023,30,4,,0,70,,33008,30,4,,0,30,,33009,30,4,,0,70,,33031,30,4,,0,30,,33010,30,4,,0,70,,33011,30,4,,0,30,,33012,30,4,,0,70,,33013,30,4,,0,30,,33014,30,4,,0,70,,33015,30,4,,0,30,,33024,30,4,,0,70,,33016,30,4,,0,30,,33025,30,4,,0,70,,33017,30,4,,0,30,,33026,30,4,,0,70,,33018,30,4,,0,29,,33027,30,4,,0,71,,33028,30,4,,0,30,,33029,30,4,,0,70,,33030,30,4,,0
579101,'3',758,,33032,47,4,,0,70,,33033,47,4,,0,30,,33034,47,4,,0,70,,33035,47,4,,0,30,,33036,47,4,,0,70,,33037,47,4,,0,30,,33053,47,4,,0,70,,33038,47,4,,0,30,,33054,47,4,,0,70,,33039,47,4,,0,23,,33055,30,4,,0,75,,33040,30,4,,0,30,,33056,30,4,,0,70,,33041,30,4,,0,30,,33057,30,4,,0,70,,33042,30,4,,0,30,,33043,30,4,,0,70,,33065,30,4,,0,30,,33044,30,4,,0,70,,33045,30,4,,0,30,,33046,30,4,,0,70,,33047,30,4,,0,30,,33048,30,4,,0,70,,33049,30,4,,0,30,,33058,30,4,,0,70,,33050,30,4,,0,30,,33059,30,4,,0,70,,33051,30,4,,0,30,,33060,30,4,,0,70,,33052,30,4,,0,30,,33061,30,4,,0,70,,33062,30,4,,0,30,,33063,30,4,,0,63,,33064,30,4,,0
579101,'4',758,,33066,47,4,,0,70,,33067,47,4,,0,30,,33068,47,4,,0,70,,33069,47,4,,0,30,,33070,47,4,,0,70,,33071,47,4,,0,30,,33085,47,4,,0,70,,33072,47,4,,0,30,,33086,47,4,,0,70,,33073,47,4,,0,23,,33087,30,4,,0,75,,33074,30,4,,0,30,,33088,30,4,,0,70,,33075,30,4,,0,30,,33089,30,4,,0,70,,33076,30,4,,0,30,,33077,30,4,,0,70,,33092,30,4,,0,30,,33078,30,4,,0,70,,33079,30,4,,0,30,,33080,30,4,,0,70,,33081,30,4,,0,30,,33082,30,4,,0,70,,33083,30,4,,0,30,,33090,30,4,,0,70,,33084,30,4,,0,30,,33091,30,4,,0
579101,'6',758,,33093,47,4,,0,70,,33094,47,4,,0,30,,33095,47,4,,0,70,,33096,47,4,,0,30,,33097,47,4,,0,70,,33098,47,4,,0,30,,33114,47,4,,0,70,,33099,47,4,,0,30,,33115,47,4,,0,70,,33100,47,4,,0,23,,33116,30,4,,0,75,,33101,30,4,,0,30,,33117,30,4,,0,70,,33102,30,4,,0,30,,33118,30,4,,0,70,,33103,30,4,,0,30,,33104,30,4,,0,70,,33126,30,4,,0,30,,33105,30,4,,0,70,,33106,30,4,,0,30,,33107,30,4,,0,70,,33108,30,4,,0,30,,33109,30,4,,0,70,,33110,30,4,,0,30,,33119,30,4,,0,70,,33111,30,4,,0,30,,33120,30,4,,0,70,,33112,30,4,,0,30,,33121,30,4,,0,70,,33113,30,4,,0,29,,33122,30,4,,0,71,,33123,30,4,,0,30,,33124,30,4,,0,70,,33125,30,4,,0
580600,'1',501,,38394,1,,,0,32,,38393,1,,,0,70,,38392,1,,,0,30,,38391,1,,,0,25,,38390,1,,,0,60,,38389,1,,,0,15,,38388,1,,,0,15,,38387,1,,,0,55,,38386,1,,,0,15,,38385,1,,,0,15,,38384,1,,,0,15,,38383,1,,,0,55,,38382,1,,,0,15,,38381,1,,,0,24,,38380,1,,,0,70,,38379,1,,,0,30,,38378,1,,,0,70,,38377,1,,,0,30,,38376,1,,,0,70,,38375,1,,,0,30,,38374,1,,,0,70,,38373,1,,,0,27,,38372,1,,,0,65,,38371,1,,,0,25,,38370,1,,,0,15,,38369,1,,,0,15,,38368,1,,,0,55,,38367,1,,,0,15,,38366,1,,,0,15,,38365,1,,,0,15,,38364,1,,,0,55,,38363,1,,,0,15,,38362,1,,,0,15,,38361,1,,,0,15,,38360,1,,,0,55,,38359,1,,,0,15,,38358,1,,,0,15,,38357,1,,,0,15,,38356,1,,,0,50,,38355,1,,,0,35,,38354,1,,,0,70,,38353,1,,,0,30,,38352,1,,,0,70,,38351,1,,,0,30,,38350,1,,,0,70,,38349,1,,,0,30,,38348,1,,,0,70,,38347,1,,,0,31,,38345,1,,,0,70,,38344,1,,,0,30,,38346,1,,,0,70,,38343,1,,,0,30,,38342,1,,,0
580600,'2',505,,38397,1,,,0,30,,38434,1,,,0,70,,38417,1,,,0,30,,38418,1,,,0,70,,38416,1,,,0,30,,38419,1,,,0,70,,38403,1,,,0,30,,38420,1,,,0,70,,38414,1,,,0,30,,38421,1,,,0,70,,38406,1,,,0,30,,38422,1,,,0,70,,38407,1,,,0,30,,38423,1,,,0,70,,38408,1,,,0,30,,38424,1,,,0,70,,38409,1,,,0,30,,38425,1,,,0,70,,38410,1,,,0,30,,38426,1,,,0,70,,38411,1,,,0,30,,38427,1,,,0,70,,38412,1,,,0,30,,38428,1,,,0,70,,38413,1,,,0,30,,38429,1,,,0,70,,38415,1,,,0,30,,38405,1,,,0,70,,38404,1,,,0,30,,38402,1,,,0,70,,38401,1,,,0,30,,38400,1,,,0,70,,38399,1,,,0,30,,38430,1,,,0,70,,38431,1,,,0,30,,38432,1,,,0,70,,38433,1,,,0,30,,38398,1,,,0,65,,38435,1,,,0,30,,38436,1,,,0
580600,'3',605,,38457,1,,,0,30,,38458,1,,,0,70,,38456,1,,,0,30,,38459,1,,,0,70,,38443,1,,,0,30,,38460,1,,,0,70,,38454,1,,,0,30,,38461,1,,,0,70,,38446,1,,,0,30,,38462,1,,,0,70,,38447,1,,,0,30,,38463,1,,,0,70,,38448,1,,,0,30,,38464,1,,,0,70,,38449,1,,,0,30,,38465,1,,,0,70,,38450,1,,,0,30,,38466,1,,,0,70,,38451,1,,,0,30,,38467,1,,,0,70,,38452,1,,,0,30,,38468,1,,,0,70,,38453,1,,,0,30,,38469,1,,,0,70,,38455,1,,,0,30,,38445,1,,,0,70,,38444,1,,,0,30,,38442,1,,,0,70,,38441,1,,,0,30,,38440,1,,,0,70,,38439,1,,,0,30,,38470,1,,,0,72,,38471,1,,,0,30,,38472,1,,,0,70,,38473,1,,,0,30,,38438,1,,,0
580600,'4',605,,38491,1,,,0,30,,38492,1,,,0,70,,38490,1,,,0,30,,38493,1,,,0,70,,38477,1,,,0,30,,38494,1,,,0,70,,38488,1,,,0,30,,38495,1,,,0,70,,38480,1,,,0,30,,38496,1,,,0,70,,38481,1,,,0,30,,38497,1,,,0,70,,38482,1,,,0,30,,38498,1,,,0,70,,38483,1,,,0,30,,38499,1,,,0,70,,38484,1,,,0,30,,38500,1,,,0,70,,38485,1,,,0,30,,38501,1,,,0,70,,38486,1,,,0,30,,38502,1,,,0,70,,38487,1,,,0,30,,38503,1,,,0,70,,38489,1,,,0,30,,38479,1,,,0,70,,38478,1,,,0,30,,38476,1,,,0,70,,38475,1,,,0,30,,38474,1,,,0
580600,'6',505,,38505,1,,,0,30,,38542,1,,,0,70,,38525,1,,,0,30,,38526,1,,,0,70,,38524,1,,,0,30,,38527,1,,,0,70,,38511,1,,,0,30,,38528,1,,,0,70,,38522,1,,,0,30,,38529,1,,,0,70,,38514,1,,,0,30,,38530,1,,,0,70,,38515,1,,,0,30,,38531,1,,,0,70,,38516,1,,,0,30,,38532,1,,,0,70,,38517,1,,,0,30,,38533,1,,,0,70,,38518,1,,,0,30,,38534,1,,,0,70,,38519,1,,,0,30,,38535,1,,,0,70,,38520,1,,,0,30,,38536,1,,,0,70,,38521,1,,,0,30,,38537,1,,,0,70,,38523,1,,,0,30,,38513,1,,,0,70,,38512,1,,,0,30,,38510,1,,,0,70,,38509,1,,,0,30,,38508,1,,,0,70,,38507,1,,,0,30,,38538,1,,,0,70,,38539,1,,,0,30,,38540,1,,,0,70,,38541,1,,,0,30,,38506,1,,,0,65,,38543,1,,,0,30,,38544,1,,,0
580601,'1',552,,38600,51,4,,0,69,,38599,51,4,,0,18,,38547,23,4,,0,12,,38598,51,4,,0,71,,38597,51,4,,0,30,,38596,51,4,,0,70,,38595,51,4,,0,20,,38594,51,4,,0,60,,38593,51,4,,0,20,,38592,51,4,,0,15,,38591,51,4,,0,15,,38590,51,4,,0,55,,38589,51,4,,0,16,,38588,51,4,,0,30,,38587,51,4,,0,70,,38586,51,4,,0,30,,38585,51,4,,0,70,,38584,51,4,,0,30,,38583,51,4,,0,70,,38582,51,4,,0,30,,38581,51,4,,0,71,,38580,51,4,,0,30,,38579,51,4,,0,70,,38578,51,4,,0,15,,38577,51,4,,0,15,,38576,51,4,,0,55,,38575,51,4,,0,15,,38574,51,4,,0,15,,38573,51,4,,0,15,,38548,51,4,,0,55,,38572,51,4,,0,15,,38571,51,4,,0,15,,38570,51,4,,0,15,,38569,51,4,,0,55,,38568,51,4,,0,15,,38567,51,4,,0,15,,38566,51,4,,0,15,,38565,51,4,,0,55,,38564,51,4,,0,12,,38563,51,4,,0,15,,38562,51,4,,0,20,,38561,51,4,,0,65,,38560,51,4,,0,30,,38559,51,4,,0,70,,38558,51,4,,0,30,,38557,51,4,,0,70,,38556,51,4,,0,30,,38551,51,4,,0,67,,38555,51,4,,0,30,,38554,51,4,,0,70,,38550,51,4,,0,30,,38553,51,4,,0,70,,38549,51,4,,0,37,,38552,51,4,,0
580601,'2',545,,38638,51,4,,0,70,,38639,51,4,,0,30,,38640,51,4,,0,66,,38619,51,4,,0,30,,38621,51,4,,0,70,,38620,51,4,,0,30,,38622,51,4,,0,70,,38618,51,4,,0,30,,38623,51,4,,0,70,,38615,51,4,,0,30,,38624,51,4,,0,70,,38607,51,4,,0,30,,38625,51,4,,0,70,,38608,51,4,,0,30,,38626,51,4,,0,70,,38609,51,4,,0,30,,38627,51,4,,0,70,,38610,51,4,,0,30,,38628,51,4,,0,70,,38611,51,4,,0,30,,38629,51,4,,0,70,,38612,51,4,,0,30,,38630,51,4,,0,70,,38613,51,4,,0,30,,38631,51,4,,0,70,,38614,51,4,,0,30,,38632,51,4,,0,70,,38616,51,4,,0,30,,38617,51,4,,0,70,,38633,51,4,,0,30,,38606,51,4,,0,70,,38605,51,4,,0,30,,38604,51,4,,0,70,,38603,51,4,,0,30,,38602,51,4,,0,70,,38634,51,4,,0,30,,38635,51,4,,0,70,,38636,51,4,,0,30,,38601,51,4,,0,70,,38637,51,4,,0,30,,38641,51,4,,0
580601,'3',711,,38660,51,4,,0,30,,38662,51,4,,0,70,,38661,51,4,,0,30,,38663,51,4,,0,70,,38659,51,4,,0,30,,38664,51,4,,0,70,,38656,51,4,,0,30,,38665,51,4,,0,70,,38648,51,4,,0,30,,38666,51,4,,0,70,,38649,51,4,,0,30,,38667,51,4,,0,70,,38650,51,4,,0,30,,38668,51,4,,0,70,,38651,51,4,,0,30,,38669,51,4,,0,70,,38652,51,4,,0,30,,38670,51,4,,0,70,,38653,51,4,,0,30,,38671,51,4,,0,70,,38654,51,4,,0,30,,38672,51,4,,0,70,,38655,51,4,,0,30,,38673,51,4,,0,70,,38657,51,4,,0,30,,38658,51,4,,0,70,,38674,51,4,,0,30,,38647,51,4,,0,70,,38646,51,4,,0,30,,38645,51,4,,0,70,,38644,51,4,,0,30,,38643,51,4,,0,70,,38675,51,4,,0,30,,38676,51,4,,0,70,,38677,51,4,,0,39,,38642,51,4,,0
580601,'4',711,,38693,51,4,,0,30,,38695,51,4,,0,70,,38694,51,4,,0,30,,38696,51,4,,0,70,,38692,51,4,,0,30,,38697,51,4,,0,70,,38689,51,4,,0,30,,38698,51,4,,0,70,,38681,51,4,,0,30,,38699,51,4,,0,70,,38682,51,4,,0,30,,38700,51,4,,0,70,,38683,51,4,,0,30,,38701,51,4,,0,70,,38684,51,4,,0,30,,38702,51,4,,0,70,,38685,51,4,,0,30,,38703,51,4,,0,70,,38686,51,4,,0,30,,38704,51,4,,0,70,,38687,51,4,,0,30,,38705,51,4,,0,70,,38688,51,4,,0,30,,38706,51,4,,0,70,,38690,51,4,,0,30,,38691,51,4,,0,70,,38707,51,4,,0,30,,38680,51,4,,0,70,,38679,51,4,,0,30,,38678,51,4,,0
580601,'6',545,,38745,51,4,,0,70,,38746,51,4,,0,30,,38747,51,4,,0,66,,38726,51,4,,0,30,,38728,51,4,,0,70,,38727,51,4,,0,30,,38729,51,4,,0,70,,38725,51,4,,0,30,,38730,51,4,,0,70,,38722,51,4,,0,30,,38731,51,4,,0,70,,38714,51,4,,0,30,,38732,51,4,,0,70,,38715,51,4,,0,30,,38733,51,4,,0,70,,38716,51,4,,0,30,,38734,51,4,,0,70,,38717,51,4,,0,30,,38735,51,4,,0,70,,38718,51,4,,0,30,,38736,51,4,,0,70,,38719,51,4,,0,30,,38737,51,4,,0,70,,38720,51,4,,0,30,,38738,51,4,,0,70,,38721,51,4,,0,30,,38739,51,4,,0,70,,38723,51,4,,0,30,,38724,51,4,,0,70,,38740,51,4,,0,30,,38713,51,4,,0,70,,38712,51,4,,0,30,,38711,51,4,,0,70,,38710,51,4,,0,30,,38709,51,4,,0,70,,38741,51,4,,0,30,,38742,51,4,,0,70,,38743,51,4,,0,30,,38708,51,4,,0,70,,38744,51,4,,0,30,,38748,51,4,,0
583500,'8502',1423,,42931,31,4,,0,100,,42930,31,4,,0,100,,42929,31,4,,0,100,,42928,31,4,,0,100,,42927,31,4,,0,100,,42926,31,4,,0,100,,42925,31,4,,0,100,,42924,31,4,,0,100,,42923,31,4,,0,100,,42922,31,4,,0
583501,'8502',1330,,42961,1,,,0,100,,42960,1,,,0,100,,42959,1,,,0,100,,42958,1,,,0,100,,42957,1,,,0,100,,42956,1,,,0,100,,42955,1,,,0,100,,42954,1,,,0
