580000,'1',518,,36693,30,,,0,35,,36695,30,,,0,60,,36696,30,,,0,20,,36697,30,,,0,20,,36698,30,,,0,58,,36699,30,,,0,15,,36700,30,,,0,15,,36701,30,,,0,15,,36702,30,,,0,55,,36703,30,,,0,15,,36704,30,,,0,15,,36705,30,,,0,15,,36706,30,,,0,73,,36707,30,,,0,30,,36708,30,,,0,70,,36709,30,,,0,30,,36710,30,,,0,70,,36711,30,,,0,30,,36712,30,,,0,70,,36713,30,,,0,30,,36714,30,,,0,70,,36715,30,,,0,30,,36716,30,,,0,70,,36717,30,,,0,74,,36718,30,,,0,15,,36719,30,,,0,15,,36720,30,,,0,15,,36721,30,,,0,55,,36722,30,,,0,15,,36723,30,,,0,15,,36724,30,,,0,15,,36725,30,,,0,55,,36726,30,,,0,15,,36727,30,,,0,15,,36728,30,,,0,15,,36729,30,,,0,55,,36730,30,,,0,15,,36731,30,,,0,15,,36732,30,,,0,15,,36733,30,,,0,70,,36734,30,,,0,27,,36735,30,,,0,70,,36736,30,,,0,30,,36737,30,,,0,70,,36738,30,,,0,30,,36739,30,,,0,70,,36740,30,,,0,30,,36741,30,,,0,70,,36742,30,,,0,22,,36743,30,,,0,70,,36744,30,,,0,30,,36745,30,,,0,70,,36746,30,,,0,35,,36747,30,,,0
580000,'2',551,,36750,30,,,0,70,,36796,30,,,0,15,,36748,30,,,0,15,,36795,30,,,0,70,,36794,30,,,0,30,,36793,30,,,0,70,,36792,30,,,0,30,,36791,30,,,0,74,,36779,30,,,0,20,,36782,30,,,0,60,,36780,30,,,0,20,,36781,30,,,0,20,,36785,30,,,0,60,,36789,30,,,0,22,,36790,30,,,0,20,,36778,30,,,0,60,,36775,30,,,0,20,,36776,30,,,0,20,,36777,30,,,0,60,,36767,30,,,0,20,,36765,30,,,0,20,,36770,30,,,0,60,,36768,30,,,0,20,,36769,30,,,0,20,,36774,30,,,0,60,,36761,30,,,0,20,,36763,30,,,0,20,,36766,30,,,0,60,,36764,30,,,0,20,,36798,30,,,0,20,,36797,30,,,0,60,,36760,30,,,0,20,,36762,30,,,0,20,,36773,30,,,0,60,,36759,30,,,0,20,,36758,30,,,0,20,,36757,30,,,0,60,,36749,30,,,0,20,,36772,30,,,0,30,,36771,30,,,0,70,,36756,30,,,0,30,,36755,30,,,0,70,,36788,30,,,0,30,,36787,30,,,0,70,,36786,30,,,0,30,,36784,30,,,0,65,,36783,30,,,0,30,,36754,30,,,0,70,,36753,30,,,0,30,,36752,30,,,0,70,,36751,30,,,0
580000,'3',549,,36808,30,,,0,72,,36825,30,,,0,30,,36807,30,,,0,70,,36826,30,,,0,30,,36806,30,,,0,70,,36827,30,,,0,30,,36805,30,,,0,77,,36828,30,,,0,30,,36804,30,,,0,70,,36830,30,,,0,30,,36813,30,,,0,70,,36820,30,,,0,30,,36824,30,,,0,70,,36821,30,,,0,30,,36810,30,,,0,70,,36809,30,,,0,30,,36831,30,,,0,70,,36822,30,,,0,30,,36814,30,,,0,70,,36823,30,,,0,30,,36816,30,,,0,70,,36815,30,,,0,30,,36829,30,,,0,70,,36817,30,,,0,30,,36818,30,,,0,70,,36819,30,,,0,30,,36832,30,,,0,65,,36811,30,,,0,30,,36833,30,,,0,70,,36812,30,,,0,30,,36838,30,,,0,70,,36839,30,,,0,30,,36840,30,,,0,67,,36841,30,,,0,30,,36842,30,,,0,70,,36843,30,,,0,30,,36844,30,,,0,70,,36845,30,,,0
580000,'4',620,,36846,30,,,0,85,,36847,30,,,0,45,,36848,30,,,0,85,,36849,30,,,0,85,,36850,30,,,0,85,,36851,30,,,0,46,,36852,30,,,0,85,,36853,30,,,0,85,,36854,30,,,0,85,,36855,30,,,0,45,,36856,30,,,0,85,,36857,30,,,0,85,,36858,30,,,0,85,,36859,30,,,0,45,,36860,30,,,0,85,,36861,30,,,0,84,,36862,30,,,0,85,,36863,30,,,0,45,,36864,30,,,0,85,,36865,30,,,0,85,,36866,30,,,0
580000,'6',549,,36872,30,,,0,72,,36889,30,,,0,30,,36871,30,,,0,70,,36890,30,,,0,30,,36870,30,,,0,70,,36891,30,,,0,30,,36869,30,,,0,77,,36892,30,,,0,30,,36868,30,,,0,70,,36894,30,,,0,30,,36877,30,,,0,70,,36884,30,,,0,30,,36888,30,,,0,70,,36885,30,,,0,30,,36874,30,,,0,70,,36873,30,,,0,30,,36895,30,,,0,70,,36886,30,,,0,30,,36878,30,,,0,70,,36887,30,,,0,30,,36880,30,,,0,70,,36879,30,,,0,30,,36893,30,,,0,70,,36881,30,,,0,30,,36882,30,,,0,70,,36883,30,,,0,30,,36896,30,,,0,65,,36875,30,,,0,30,,36897,30,,,0,70,,36876,30,,,0,30,,36902,30,,,0,70,,36903,30,,,0,30,,36904,30,,,0,67,,36905,30,,,0,30,,36906,30,,,0,70,,36907,30,,,0,30,,36908,30,,,0,70,,36909,30,,,0
580300,'1',550,,37842,24,,,0,75,,37844,24,,,0,32,,37846,24,,,0,70,,37848,24,,,0,30,,37850,24,,,0,70,,37852,24,,,0,30,,37854,24,,,0,70,,37856,24,,,0,75,,37858,24,,,0,40,,37860,24,,,0,80,,37862,24,,,0,80,,37864,24,,,0,40,,37866,24,,,0,80,,37868,24,,,0,80,,37870,24,,,0,38,,37872,24,,,0,85,,37874,24,,,0,30,,37876,24,,,0,70,,37878,24,,,0,30,,37880,24,,,0,70,,37882,24,,,0,30,,37884,24,,,0,70,,37886,24,,,0,80,,37888,24,,,0,37,,37890,24,,,0,80,,37892,24,,,0,80,,37894,24,,,0,50,,37896,24,,,0,98,,37898,24,,,0,100,,37900,24,,,0,100,,37902,24,,,0
580300,'2',636,,37906,24,,,0,100,,37952,24,,,0,100,,37946,24,,,0,93,,37927,24,,,0,80,,37908,24,,,0,40,,37915,24,,,0,80,,37917,24,,,0,80,,37913,24,,,0,40,,37929,24,,,0,80,,37920,24,,,0,80,,37939,24,,,0,40,,37928,24,,,0,80,,37909,24,,,0,80,,37923,24,,,0,40,,37911,24,,,0,78,,37921,24,,,0,86,,37950,24,,,0,98,,37949,24,,,0,100,,37931,24,,,0,100,,37933,24,,,0,100,,37943,24,,,0,98,,37937,24,,,0,100,,37941,24,,,0,100,,37944,24,,,0
580300,'3',621,,37956,24,,,0,100,,37958,24,,,0,100,,37955,24,,,0,100,,37953,24,,,0,101,,37971,24,,,0,80,,37986,24,,,0,40,,37987,24,,,0,80,,37988,24,,,0,80,,37989,24,,,0,40,,37990,24,,,0,80,,37991,24,,,0,80,,37992,24,,,0,40,,37993,24,,,0,80,,37994,24,,,0,80,,37995,24,,,0,40,,37996,24,,,0,80,,37997,24,,,0,98,,37964,24,,,0,100,,37966,24,,,0,100,,37962,24,,,0,99,,37960,24,,,0,100,,37970,24,,,0
580300,'4',621,,37999,24,,,0,100,,38000,24,,,0,100,,38001,24,,,0,100,,38002,24,,,0,100,,38003,24,,,0,100,,38004,24,,,0,100,,38005,24,,,0,100,,38006,24,,,0,100,,38007,24,,,0,100,,38008,24,,,0,100,,38009,24,,,0,100,,38010,24,,,0,100,,38011,24,,,0,100,,38012,24,,,0,100,,38013,24,,,0,100,,38014,24,,,0
580300,'6',621,,38033,24,,,0,100,,38035,24,,,0,100,,38032,24,,,0,100,,38030,24,,,0,101,,38048,24,,,0,80,,38063,24,,,0,40,,38064,24,,,0,80,,38065,24,,,0,80,,38066,24,,,0,40,,38067,24,,,0,80,,38068,24,,,0,80,,38069,24,,,0,40,,38070,24,,,0,80,,38071,24,,,0,80,,38072,24,,,0,40,,38073,24,,,0,80,,38074,24,,,0,98,,38041,24,,,0,100,,38043,24,,,0,100,,38039,24,,,0,99,,38037,24,,,0,100,,38047,24,,,0
