579100,'1',1245,,32798,21,,,0,70,,32812,21,,,0,30,,32799,21,,,0,70,,32813,21,,,0,31,,32800,21,,,0,70,,32801,21,,,0,30,,32802,21,,,0,60,,32803,21,,,0,30,,32804,21,,,0,70,,32805,21,,,0,30,,32806,21,,,0,75,,32807,21,,,0,30,,32808,21,,,0,70,,32809,21,,,0,34,,32816,21,,,0,70,,32810,21,,,0,30,,32817,21,,,0,70,,32811,21,,,0,30,,32818,21,,,0,70,,32819,21,,,0,30,,32820,21,,,0,70,,32821,21,,,0,30,,32822,21,,,0,70,,32823,21,,,0,30,,32824,21,,,0,70,,32825,21,,,0
579100,'2',1235,,32834,21,,,0,70,,32848,21,,,0,30,,32835,21,,,0,70,,32849,21,,,0,30,,32836,21,,,0,70,,32837,21,,,0,30,,32838,21,,,0,70,,32839,21,,,0,30,,32840,21,,,0,70,,32841,21,,,0,30,,32842,21,,,0,70,,32843,21,,,0,30,,32844,21,,,0,70,,32845,21,,,0,30,,32852,21,,,0,70,,32846,21,,,0,30,,32853,21,,,0,70,,32847,21,,,0,30,,32854,21,,,0,70,,32855,21,,,0,30,,32856,21,,,0,70,,32857,21,,,0,30,,32858,21,,,0,70,,32859,21,,,0,30,,32860,21,,,0
579100,'3',1235,,32869,21,,,0,70,,32883,21,,,0,30,,32870,21,,,0,70,,32884,21,,,0,30,,32871,21,,,0,70,,32872,21,,,0,30,,32873,21,,,0,70,,32874,21,,,0,30,,32875,21,,,0,70,,32876,21,,,0,30,,32877,21,,,0,70,,32878,21,,,0,30,,32879,21,,,0,70,,32880,21,,,0,30,,32887,21,,,0,70,,32881,21,,,0,30,,32888,21,,,0,70,,32882,21,,,0,30,,32889,21,,,0,70,,32890,21,,,0,30,,32891,21,,,0,70,,32892,21,,,0,30,,32893,21,,,0,70,,32894,21,,,0
579100,'4',1235,,32903,21,,,0,70,,32916,21,,,0,30,,32904,21,,,0,70,,32917,21,,,0,30,,32905,21,,,0,70,,32906,21,,,0,30,,32907,21,,,0,70,,32908,21,,,0,30,,32909,21,,,0,70,,32910,21,,,0,30,,32911,21,,,0,70,,32912,21,,,0,30,,32913,21,,,0,70,,32914,21,,,0,30,,32920,21,,,0,70,,32915,21,,,0,30,,32921,21,,,0
579100,'6',1235,,32930,21,,,0,70,,32944,21,,,0,30,,32931,21,,,0,70,,32945,21,,,0,30,,32932,21,,,0,70,,32933,21,,,0,30,,32934,21,,,0,70,,32935,21,,,0,30,,32936,21,,,0,70,,32937,21,,,0,30,,32938,21,,,0,70,,32939,21,,,0,30,,32940,21,,,0,70,,32941,21,,,0,30,,32948,21,,,0,70,,32942,21,,,0,30,,32949,21,,,0,70,,32943,21,,,0,30,,32950,21,,,0,70,,32951,21,,,0,30,,32952,21,,,0,70,,32953,21,,,0,30,,32954,21,,,0,70,,32955,21,,,0,30,,32956,21,,,0
579101,'1',512,,32957,23,,,0,28,,32958,23,,,0,70,,32959,23,,,0,30,,32960,23,,,0,70,,32961,23,,,0,30,,32962,23,,,0,70,,32963,23,,,0,30,,32964,23,,,0,70,,32965,23,,,0,34,,32966,23,,,0,70,,32967,23,,,0,30,,32983,23,,,0,70,,32968,23,,,0,30,,32984,23,,,0,70,,32969,23,,,0
579101,'2',742,,32998,23,,,0,70,,32999,23,,,0,30,,33000,23,,,0,70,,33001,23,,,0,30,,33002,23,,,0,70,,33003,23,,,0,30,,33019,23,,,0,70,,33004,23,,,0,30,,33020,23,,,0,70,,33005,23,,,0
579101,'3',742,,33032,23,,,0,70,,33033,23,,,0,30,,33034,23,,,0,70,,33035,23,,,0,30,,33036,23,,,0,70,,33037,23,,,0,30,,33053,23,,,0,70,,33038,23,,,0,30,,33054,23,,,0,70,,33039,23,,,0
579101,'4',742,,33066,23,,,0,70,,33067,23,,,0,30,,33068,23,,,0,70,,33069,23,,,0,30,,33070,23,,,0,70,,33071,23,,,0,30,,33085,23,,,0,70,,33072,23,,,0,30,,33086,23,,,0,70,,33073,23,,,0
579101,'6',742,,33093,23,,,0,70,,33094,23,,,0,30,,33095,23,,,0,70,,33096,23,,,0,30,,33097,23,,,0,70,,33098,23,,,0,30,,33114,23,,,0,70,,33099,23,,,0,30,,33115,23,,,0,70,,33100,23,,,0
