579701,'1601',1454,,35553,3,,,0,70,,35552,3,,,0
579701,'1',506,,35554,3,,,0,22,,35555,3,,,0,20,,35556,3,,,0,60,,35557,3,,,0,20,,35558,3,,,0,15,,35559,3,,,0,15,,35560,3,,,0,55,,35561,3,,,0,15,,35562,3,,,0,15,,35563,3,,,0,15,,35564,3,,,0,55,,35565,3,,,0,15,,35566,3,,,0,20,,35567,3,,,0,60,,35568,3,,,0,20,,35569,3,,,0,20,,35570,3,,,0,60,,35571,3,,,0,20,,35572,3,,,0,20,,35573,3,,,0,60,,35574,3,,,0,20,,35575,3,,,0,20,,35576,3,,,0,60,,35577,3,,,0,20,,35578,3,,,0,20,,35579,3,,,0,60,,35580,3,,,0,18,,35581,3,,,0,16,,35582,3,,,0,15,,35583,3,,,0,55,,35584,3,,,0,15,,35585,3,,,0,15,,35586,3,,,0,15,,35587,3,,,0,55,,35588,3,,,0,15,,35589,3,,,0,15,,35590,3,,,0,15,,35591,3,,,0,55,,35592,3,,,0,15,,35593,3,,,0,15,,35594,3,,,0,15,,35595,3,,,0,55,,35596,3,,,0,15,,35597,3,,,0,29,,35598,3,,,0,70,,35599,3,,,0,30,,35600,3,,,0,68,,35601,3,,,0,30,,35602,3,,,0,70,,35603,3,,,0,30,,35604,3,,,0,70,,35605,3,,,0,30,,35606,3,,,0,65,,35607,3,,,0,30,,35608,3,,,0,70,,35609,3,,,0,30,,35610,3,,,0,72,,35611,3,,,0,30,,35612,3,,,0
579701,'2',538,,35656,3,,,0,72,,35657,3,,,0,30,,35658,3,,,0,70,,35659,3,,,0,30,,35613,3,,,0,70,,35614,3,,,0,26,,35615,3,,,0,20,,35616,3,,,0,60,,35617,3,,,0,20,,35618,3,,,0,20,,35619,3,,,0,60,,35620,3,,,0,20,,35621,3,,,0,20,,35622,3,,,0,60,,35623,3,,,0,20,,35624,3,,,0,20,,35625,3,,,0,60,,35626,3,,,0,20,,35627,3,,,0,20,,35628,3,,,0,60,,35629,3,,,0,20,,35630,3,,,0,20,,35631,3,,,0,60,,35632,3,,,0,20,,35633,3,,,0,20,,35634,3,,,0,60,,35635,3,,,0,20,,35636,3,,,0,20,,35637,3,,,0,60,,35638,3,,,0,20,,35639,3,,,0,20,,35640,3,,,0,60,,35660,3,,,0,20,,35661,3,,,0,20,,35641,3,,,0,68,,35642,3,,,0,30,,35643,3,,,0,70,,35644,3,,,0,30,,35645,3,,,0,70,,35646,3,,,0,30,,35647,3,,,0,70,,35648,3,,,0,27,,35649,3,,,0,70,,35650,3,,,0,30,,35651,3,,,0,70,,35652,3,,,0,30,,35653,3,,,0,70,,35654,3,,,0,33,,35655,3,,,0
579701,'3',613,,35667,3,,,0,29,,35666,3,,,0,70,,35668,3,,,0,30,,35665,3,,,0,70,,35669,3,,,0,30,,35670,3,,,0,75,,35671,3,,,0,30,,35672,3,,,0,70,,35673,3,,,0,30,,35674,3,,,0,70,,35675,3,,,0,30,,35676,3,,,0,70,,35677,3,,,0,30,,35678,3,,,0,70,,35679,3,,,0,30,,35680,3,,,0,70,,35681,3,,,0,30,,35682,3,,,0,70,,35683,3,,,0,30,,35684,3,,,0,70,,35685,3,,,0,30,,35686,3,,,0,70,,35687,3,,,0,30,,35664,3,,,0,70,,35688,3,,,0,30,,35663,3,,,0,70,,35689,3,,,0,30,,35662,3,,,0,70,,35690,3,,,0,30,,35691,3,,,0,70,,35692,3,,,0,28,,35693,3,,,0,70,,35694,3,,,0,30,,35695,3,,,0,70,,35696,3,,,0,24,,35697,3,,,0
579701,'4',635,,35698,3,,,0,100,,35699,3,,,0,70,,35700,3,,,0,30,,35701,3,,,0,70,,35702,3,,,0,30,,35703,3,,,0,70,,35704,3,,,0,30,,35705,3,,,0,70,,35706,3,,,0,30,,35707,3,,,0,70,,35708,3,,,0,30,,35709,3,,,0,70,,35710,3,,,0,30,,35711,3,,,0,70,,35712,3,,,0,30,,35713,3,,,0,65,,35714,3,,,0,30,,35715,3,,,0,100,,35716,3,,,0,100,,35717,3,,,0,100,,35718,3,,,0,100,,35719,3,,,0,100,,35720,3,,,0
579701,'6',613,,35726,3,,,0,29,,35725,3,,,0,70,,35727,3,,,0,30,,35724,3,,,0,70,,35728,3,,,0,30,,35729,3,,,0,75,,35730,3,,,0,30,,35731,3,,,0,70,,35732,3,,,0,30,,35733,3,,,0,70,,35734,3,,,0,30,,35735,3,,,0,70,,35736,3,,,0,30,,35737,3,,,0,70,,35738,3,,,0,30,,35739,3,,,0,70,,35740,3,,,0,30,,35741,3,,,0,70,,35742,3,,,0,30,,35743,3,,,0,70,,35744,3,,,0,30,,35745,3,,,0,70,,35746,3,,,0,30,,35723,3,,,0,70,,35747,3,,,0,30,,35722,3,,,0,70,,35748,3,,,0,30,,35721,3,,,0,70,,35749,3,,,0,30,,35750,3,,,0,70,,35751,3,,,0,28,,35752,3,,,0,70,,35753,3,,,0,30,,35754,3,,,0,70,,35755,3,,,0,24,,35756,3,,,0
580700,'1601',1459,,38749,3,0,5 6,0
580700,'1',607,,38810,48,,,0,30,,38808,48,,,0,18,,38806,48,,,0,55,,38805,48,,,0,15,,38804,48,,,0,15,,38803,48,,,0,15,,38802,48,,,0,55,,38801,48,,,0,15,,38800,48,,,0,15,,38799,48,,,0,15,,38798,48,,,0,55,,38797,48,,,0,15,,38796,48,,,0,15,,38795,48,,,0,61,,38794,48,,,0,20,,38793,48,,,0,30,,38792,48,,,0,70,,38791,48,,,0,30,,38790,48,,,0,70,,38789,48,,,0,30,,38788,48,,,0,70,,38787,48,,,0,29,,38785,48,,,0,70,,38783,48,,,0,25,,38781,48,,,0,55,,38780,48,,,0,15,,38779,48,,,0,15,,38778,48,,,0,15,,38777,48,,,0,55,,38776,48,,,0,15,,38775,48,,,0,15,,38774,48,,,0,15,,38773,48,,,0,55,,38772,48,,,0,15,,38771,48,,,0,15,,38770,48,,,0,15,,38769,48,,,0,55,,38768,48,,,0,15,,38767,48,,,0,15,,38766,48,,,0,15,,38765,48,,,0,68,,38764,48,,,0,30,,38763,48,,,0,70,,38762,48,,,0,30,,38761,48,,,0,70,,38760,48,,,0,30,,38759,48,,,0,70,,38758,48,,,0,30,,38757,48,,,0,70,,38756,48,,,0,30,,38755,48,,,0,70,,38754,48,,,0,30,,38750,48,,,0,70,,38753,48,,,0,25,,38752,48,0,5 6,0,97,,38751,48,0,7 4 8 9 10,0
580700,'2',549,,38854,48,,,0,70,,38816,48,,,0,30,,38817,48,,,0,75,,38818,48,,,0,30,,38819,48,,,0,70,,38820,48,,,0,30,,38821,48,,,0,70,,38822,48,,,0,30,,38823,48,,,0,70,,38824,48,,,0,30,,38825,48,,,0,70,,38826,48,,,0,30,,38827,48,,,0,70,,38828,48,,,0,30,,38829,48,,,0,70,,38830,48,,,0,30,,38831,48,,,0,70,,38832,48,,,0,30,,38833,48,,,0,70,,38834,48,,,0,30,,38835,48,,,0,70,,38836,48,,,0,30,,38837,48,,,0,70,,38838,48,,,0,30,,38839,48,,,0,70,,38840,48,,,0,30,,38841,48,,,0,70,,38842,48,,,0,30,,38843,48,,,0,70,,38844,48,,,0,30,,38845,48,,,0,70,,38846,48,,,0,30,,38847,48,,,0,70,,38848,48,,,0,30,,38849,48,,,0,70,,38850,48,,,0,30,,38851,48,,,0,70,,38852,48,,,0,83,,38853,48,,,0
580700,'3',640,,38855,48,,,0,70,,38868,48,,,0,40,,38856,48,,,0,70,,38869,48,,,0,30,,38857,48,,,0,70,,38870,48,,,0,30,,38858,48,,,0,70,,38871,48,,,0,34,,38859,48,,,0,70,,38872,48,,,0,30,,38860,48,,,0,70,,38873,48,,,0,30,,38861,48,,,0,70,,38874,48,,,0,30,,38862,48,,,0,70,,38875,48,,,0,30,,38863,48,,,0,70,,38876,48,,,0,30,,38864,48,,,0,70,,38877,48,,,0,30,,38865,48,,,0,70,,38878,48,,,0,30,,38866,48,,,0,70,,38879,48,,,0,30,,38867,48,,,0,70,,38889,48,,,0,30,,38880,48,,,0,70,,38886,48,,,0,30,,38881,48,,,0,70,,38887,48,,,0,30,,38882,48,,,0,70,,38888,48,,,0,30,,38883,48,,,0,70,,38890,48,,,0,30,,38884,48,,,0,70,,38891,48,,,0,30,,38885,48,0,7 4 8 9 10,0
580700,'4',659,,38907,48,,,0,70,,38892,48,,,0,30,,38908,48,,,0,70,,38893,48,,,0,30,,38909,48,,,0,70,,38894,48,,,0,30,,38910,48,,,0,70,,38895,48,,,0,30,,38911,48,,,0,70,,38896,48,,,0,30,,38912,48,,,0,70,,38897,48,,,0,30,,38913,48,,,0,70,,38898,48,,,0,30,,38914,48,,,0,70,,38899,48,,,0,30,,38915,48,,,0,70,,38900,48,,,0,30,,38916,48,,,0,70,,38901,48,,,0,30,,38917,48,,,0,70,,38902,48,,,0,30,,38918,48,,,0,70,,38903,48,,,0,30,,38919,48,,,0,70,,38904,48,,,0,30,,38920,48,,,0,70,,38905,48,,,0,30,,38921,48,,,0,70,,38906,48,0,7 4 8 9 10,0
580700,'6',640,,38924,48,,,0,70,,38937,48,,,0,40,,38925,48,,,0,70,,38938,48,,,0,30,,38926,48,,,0,70,,38939,48,,,0,30,,38927,48,,,0,70,,38940,48,,,0,34,,38928,48,,,0,70,,38941,48,,,0,30,,38929,48,,,0,70,,38942,48,,,0,30,,38930,48,,,0,70,,38943,48,,,0,30,,38931,48,,,0,70,,38944,48,,,0,30,,38932,48,,,0,70,,38945,48,,,0,30,,38933,48,,,0,70,,38946,48,,,0,30,,38934,48,,,0,70,,38947,48,,,0,30,,38935,48,,,0,70,,38948,48,,,0,30,,38936,48,,,0,70,,38958,48,,,0,30,,38949,48,,,0,70,,38955,48,,,0,30,,38950,48,,,0,70,,38956,48,,,0,30,,38951,48,,,0,70,,38957,48,,,0,30,,38952,48,,,0,70,,38959,48,,,0,30,,38953,48,,,0,70,,38960,48,,,0,30,,38954,48,0,7 4 8 9 10,0
