578200,'1',507,,30152,34,,,0,15,,30182,34,,,0,20,,30189,34,,,0,60,,30188,34,,,0,20,,30187,34,,,0,20,,30186,34,,,0,60,,30185,34,,,0,23,,30184,34,,,0,20,,30183,34,,,0,60,,30190,34,,,0,24,,30153,37,,,0,20,,30154,37,,,0,60,,30155,37,,,0,20,,30156,37,,,0,20,,30157,37,,,0,60,,30158,37,,,0,20,,30159,37,,,0,20,,30162,37,,,0,60,,30163,37,,,0,20,,30164,37,,,0,20,,30165,37,,,0,60,,30166,37,,,0,20,,30167,37,,,0,20,,30160,37,,,0,60,,30161,37,,,0,20,,30136,37,,,0,20,,30168,37,,,0,61,,30169,37,,,0,20,,30170,37,,,0,20,,30171,37,,,0,60,,30172,37,,,0,20,,30173,37,,,0,20,,30174,37,,,0,60,,30175,37,,,0,20,,30176,37,,,0,20,,30177,37,,,0,60,,30178,37,,,0,20,,30179,37,,,0,20,,30180,37,,,0,60,,30181,37,,,0,23,,30151,37,,,0,70,,30150,37,,,0,30,,30149,37,,,0,70,,30148,37,,,0,30,,30147,37,,,0,70,,30146,37,,,0,30,,30145,37,,,0,70,,30137,37,,,0,25,,30138,34,,,0,30,,30139,34,,,0,70,,30140,34,,,0,30,,30141,34,,,0,70,,30142,34,,,0,72,,30143,34,,,0,40,,30144,34,,,0
578200,'2',520,,30191,34,,,0,30,,30192,34,,,0,72,,30193,34,,,0,30,,30194,34,,,0,70,,30195,34,,,0,30,,30196,34,,,0,70,,30197,34,,,0,21,,30239,37,,,0,60,,30198,37,,,0,24,,30199,37,,,0,20,,30200,37,,,0,60,,30201,37,,,0,20,,30202,37,,,0,20,,30203,37,,,0,60,,30204,37,,,0,20,,30205,37,,,0,20,,30206,37,,,0,60,,30207,37,,,0,20,,30208,37,,,0,20,,30209,37,,,0,59,,30210,34,,,0,20,,30211,34,,,0,20,,30212,34,,,0,60,,30213,34,,,0,20,,30214,34,,,0,20,,30215,34,,,0,60,,30216,34,,,0,20,,30217,34,,,0,20,,30218,34,,,0,60,,30219,34,,,0,20,,30220,34,,,0,20,,30221,34,,,0,60,,30222,34,,,0,20,,30223,34,,,0,30,,30224,34,,,0,66,,30225,34,,,0,30,,30226,34,,,0,70,,30227,34,,,0,30,,30228,34,,,0,70,,30229,34,,,0,30,,30230,34,,,0,70,,30231,34,,,0,30,,30232,34,,,0,67,,30233,34,,,0,30,,30234,34,,,0,70,,30235,34,,,0,30,,30236,34,,,0,70,,30237,34,,,0,30,,30240,34,,,0,90,,30238,34,,,0
578200,'3',620,,30276,34,,,0,100,,30275,34,,,0,30,,30274,34,,,0,70,,30273,34,,,0,30,,30272,34,,,0,73,,30271,34,,,0,30,,30270,34,,,0,70,,30269,34,,,0,30,,30268,34,,,0,70,,30267,34,,,0,30,,30266,34,,,0,70,,30265,34,,,0,30,,30264,34,,,0,70,,30263,34,,,0,30,,30262,34,,,0,70,,30261,34,,,0,30,,30260,34,,,0,70,,30259,34,,,0,30,,30258,34,,,0,70,,30257,34,,,0,30,,30256,34,,,0,70,,30255,34,,,0,30,,30254,34,,,0,70,,30253,34,,,0,30,,30252,34,,,0,70,,30251,34,,,0,30,,30250,34,,,0,67,,30249,34,,,0,30,,30248,34,,,0,70,,30247,34,,,0,30,,30246,34,,,0,70,,30245,34,,,0,30,,30244,34,,,0,70,,30243,34,,,0,30,,30242,34,,,0,70,,30241,34,,,0
578200,'4',549,,30277,34,,,0,80,,30278,34,,,0,80,,30279,34,,,0,40,,30280,34,,,0,80,,30281,34,,,0,80,,30282,34,,,0,40,,30283,34,,,0,80,,30284,34,,,0,80,,30285,34,,,0,40,,30286,34,,,0,80,,30287,34,,,0,80,,30288,34,,,0,40,,30289,34,,,0,80,,30290,34,,,0,90,,30291,34,,,0,100,,30292,34,,,0,100,,30293,34,,,0,100,,30294,34,,,0,100,,30295,34,,,0,100,,30296,34,,,0,100,,30297,34,,,0
578200,'6',620,,30333,34,,,0,100,,30332,34,,,0,30,,30331,34,,,0,70,,30330,34,,,0,30,,30329,34,,,0,73,,30328,34,,,0,30,,30327,34,,,0,70,,30326,34,,,0,30,,30325,34,,,0,70,,30324,34,,,0,30,,30323,34,,,0,70,,30322,34,,,0,30,,30321,34,,,0,70,,30320,34,,,0,30,,30319,34,,,0,70,,30318,34,,,0,30,,30317,34,,,0,70,,30316,34,,,0,30,,30315,34,,,0,70,,30314,34,,,0,30,,30313,34,,,0,70,,30312,34,,,0,30,,30311,34,,,0,70,,30310,34,,,0,30,,30309,34,,,0,70,,30308,34,,,0,30,,30307,34,,,0,67,,30306,34,,,0,30,,30305,34,,,0,70,,30304,34,,,0,30,,30303,34,,,0,70,,30302,34,,,0,30,,30301,34,,,0,70,,30300,34,,,0,30,,30299,34,,,0,70,,30298,34,,,0
583000,'1',538,,41714,6,,,0,63,,41713,6,,,0,12,,41710,6,,,0,25,,41709,6,,,0,15,,41707,6,,,0,60,,41702,6,,,0,10,,41706,6,,,0,20,,41701,6,,,0,10,,41705,6,,,0,60,,41700,6,,,0,10,,41704,6,,,0,20,,41699,6,,,0,10,,41703,6,,,0,60,,41682,6,,,0,9,,41708,6,,,0,21,,41749,6,,,0,9,,41748,6,,,0,66,,41747,6,,,0,14,,41746,6,,,0,26,,41716,6,,,0,54,,41717,6,,,0,26,,41718,6,,,0,14,,41719,6,,,0,66,,41720,6,,,0,14,,41721,6,,,0,26,,41722,6,,,0,53,,41723,6,,,0,25,,41724,6,,,0,15,,41698,6,,,0,60,,41690,6,,,0,15,,41697,6,,,0,10,,41689,6,,,0,20,,41696,6,,,0,50,,41688,6,,,0,20,,41695,6,,,0,10,,41687,6,,,0,20,,41694,6,,,0,50,,41686,6,,,0,20,,41693,6,,,0,10,,41685,6,,,0,20,,41692,6,,,0,50,,41684,6,,,0,20,,41691,6,,,0,10,,41683,6,,,0,20,,41712,6,,,0,50,,41681,6,,,0,29,,41725,6,,,0,17,,41726,6,,,0,60,,41727,6,,,0,23,,41745,6,,,0,17,,41744,6,,,0,60,,41743,6,,,0,23,,41742,6,,,0,17,,41741,6,,,0,63,,41740,6,,,0,17,,41739,6,,,0,23,,41738,6,,,0,62,,41737,6,,,0,24,,41736,6,,,0,60,,41735,6,,,0,16,,41734,6,,,0,24,,41733,6,,,0,16,,41732,6,,,0,64,,41731,6,,,0,16,,41730,6,,,0,64,,41729,6,,,0,16,,41728,6,,,0
583000,'2',604,,41807,6,,,0,39,,41806,6,,,0,71,,41805,6,,,0,36,,41804,6,,,0,70,,41754,6,,,0,35,,41803,6,,,0,65,,41802,6,,,0,25,,41801,6,,,0,55,,41800,6,,,0,25,,41799,6,,,0,15,,41798,6,,,0,65,,41797,6,,,0,15,,41796,6,,,0,25,,41795,6,,,0,55,,41794,6,,,0,25,,41793,6,,,0,15,,41792,6,,,0,65,,41791,6,,,0,15,,41790,6,,,0,25,,41789,6,,,0,55,,41788,6,,,0,25,,41787,6,,,0,15,,41786,6,,,0,65,,41785,6,,,0,15,,41784,6,,,0,25,,41783,6,,,0,55,,41782,6,,,0,25,,41781,6,,,0,15,,41780,6,,,0,65,,41779,6,,,0,15,,41778,6,,,0,25,,41777,6,,,0,55,,41776,6,,,0,25,,41775,6,,,0,10,,41774,6,,,0,69,,41773,6,,,0,16,,41772,6,,,0,24,,41771,6,,,0,56,,41770,6,,,0,24,,41769,6,,,0,16,,41768,6,,,0,64,,41767,6,,,0,16,,41766,6,,,0,24,,41765,6,,,0,67,,41764,6,,,0,16,,41763,6,,,0,24,,41762,6,,,0,56,,41761,6,,,0,24,,41760,6,,,0,16,,41759,6,,,0,64,,41758,6,,,0,16,,41757,6,,,0,32,,41756,6,,,0
583000,'3',625,,41851,6,,,0,77,,41841,6,,,0,43,,41848,6,,,0,77,,41849,6,,,0,83,,41822,6,,,0,35,,41824,6,,,0,69,,41823,6,,,0,16,,41846,6,,,0,24,,41821,6,,,0,56,,41847,6,,,0,24,,41836,6,,,0,16,,41834,6,,,0,64,,41835,6,,,0,16,,41817,6,,,0,24,,41832,6,,,0,56,,41837,6,,,0,24,,41838,6,,,0,16,,41839,6,,,0,64,,41840,6,,,0,16,,41820,6,,,0,24,,41844,6,,,0,56,,41842,6,,,0,24,,41816,6,,,0,16,,41854,6,,,0,64,,41859,6,,,0,16,,41852,6,,,0,24,,41853,6,,,0,56,,41843,6,,,0,24,,41818,6,,,0,16,,41856,6,,,0,59,,41826,6,,,0,19,,41830,6,,,0,23,,41825,6,,,0,57,,41819,6,,,0,23,,41855,6,,,0,17,,41857,6,,,0,63,,41828,6,,,0,17,,41831,6,,,0,23,,41833,6,,,0,57,,41829,6,,,0,24,,41827,6,,,0,20,,41858,6,,,0,68,,41815,6,,,0,27,,41813,6,,,0,73,,41814,6,,,0,37,,41812,6,,,0
583000,'4',647,,41875,6,,,0,65,,41888,6,,,0,33,,41874,6,,,0,67,,41887,6,,,0,33,,41873,6,,,0,67,,41886,6,,,0,33,,41872,6,,,0,67,,41885,6,,,0,33,,41871,6,,,0,67,,41884,6,,,0,33,,41870,6,,,0,67,,41883,6,,,0,33,,41869,6,,,0,67,,41868,6,,,0,33,,41867,6,,,0,67,,41866,6,,,0,33,,41882,6,,,0,67,,41865,6,,,0,33,,41881,6,,,0,67,,41864,6,,,0,33,,41880,6,,,0,67,,41863,6,,,0,33,,41879,6,,,0,67,,41862,6,,,0,33,,41878,6,,,0,67,,41861,6,,,0,33,,41877,6,,,0,67,,41860,6,,,0,33,,41876,6,,,0
583000,'6',604,,41943,6,,,0,39,,41942,6,,,0,71,,41941,6,,,0,36,,41940,6,,,0,70,,41890,6,,,0,35,,41939,6,,,0,65,,41938,6,,,0,25,,41937,6,,,0,55,,41936,6,,,0,25,,41935,6,,,0,15,,41934,6,,,0,65,,41933,6,,,0,15,,41932,6,,,0,25,,41931,6,,,0,55,,41930,6,,,0,25,,41929,6,,,0,15,,41928,6,,,0,65,,41927,6,,,0,15,,41926,6,,,0,25,,41925,6,,,0,55,,41924,6,,,0,25,,41923,6,,,0,15,,41922,6,,,0,65,,41921,6,,,0,15,,41920,6,,,0,25,,41919,6,,,0,55,,41918,6,,,0,25,,41917,6,,,0,15,,41916,6,,,0,65,,41915,6,,,0,15,,41914,6,,,0,25,,41913,6,,,0,55,,41912,6,,,0,25,,41911,6,,,0,10,,41910,6,,,0,69,,41909,6,,,0,16,,41908,6,,,0,24,,41907,6,,,0,56,,41906,6,,,0,24,,41905,6,,,0,16,,41904,6,,,0,64,,41903,6,,,0,16,,41902,6,,,0,24,,41901,6,,,0,67,,41900,6,,,0,16,,41899,6,,,0,24,,41898,6,,,0,56,,41897,6,,,0,24,,41896,6,,,0,16,,41895,6,,,0,64,,41894,6,,,0,16,,41893,6,,,0,32,,41892,6,,,0
