578201,'1',458,,30350,6,,,0,60,,30336,6,,,0,20,,30349,6,,,0,20,,30348,6,,,0,60,,30351,6,,,0,20,,30352,6,,,0,17,,30353,6,,,0,60,,30354,6,,,0,20,,30355,6,,,0,20,,30356,6,,,0,60,,30357,6,,,0,20,,30358,6,,,0,20,,30359,6,,,0,60,,30360,6,,,0,20,,30361,6,,,0,20,,30362,6,,,0,64,,30363,6,,,0,20,,30364,6,,,0,20,,30365,6,,,0,60,,30366,6,,,0,20,,30367,6,,,0,20,,30368,6,,,0,60,,30369,6,,,0,20,,30370,6,,,0,20,,30371,6,,,0,60,,30372,6,,,0,20,,30373,6,,,0,20,,30374,6,,,0,56,,30375,6,,,0,20,,30376,6,,,0,20,,30377,6,,,0,60,,30378,6,,,0,20,,30379,6,,,0,20,,30380,6,,,0,60,,30381,6,,,0,20,,30382,6,,,0,20,,30383,6,,,0,60,,30384,6,,,0,20,,30385,6,,,0,65,,30386,6,,,0,30,,30337,6,,,0,70,,30338,6,,,0,34,,30339,6,,,0,70,,30340,6,,,0,30,,30341,6,,,0,70,,30342,6,,,0,30,,30343,6,,,0,74,,30344,6,,,0,30,,30345,6,,,0,70,,30335,6,,,0,30,,30346,6,,,0,80,,30334,6,,,0,25,,30347,6,,,0
578201,'2',542,,30388,6,,,0,70,,30389,6,,,0,30,,30390,6,,,0,70,,30391,6,,,0,30,,30392,6,,,0,69,,30393,6,,,0,29,,30394,6,,,0,63,,30395,6,,,0,20,,30396,6,,,0,20,,30397,6,,,0,60,,30398,6,,,0,20,,30399,6,,,0,20,,30400,6,,,0,60,,30401,6,,,0,20,,30402,6,,,0,20,,30403,6,,,0,60,,30404,6,,,0,20,,30405,6,,,0,20,,30406,6,,,0,60,,30407,6,,,0,20,,30408,6,,,0,20,,30409,6,,,0,60,,30410,6,,,0,20,,30411,6,,,0,20,,30412,6,,,0,60,,30413,6,,,0,20,,30414,6,,,0,20,,30415,6,,,0,60,,30416,6,,,0,20,,30417,6,,,0,20,,30418,6,,,0,69,,30419,6,,,0,30,,30420,6,,,0,70,,30421,6,,,0,30,,30422,6,,,0,70,,30423,6,,,0,30,,30424,6,,,0,70,,30425,6,,,0,30,,30426,6,,,0,70,,30427,6,,,0,30,,30428,6,,,0,72,,30429,6,,,0,30,,30430,6,,,0,70,,30431,6,,,0,30,,30432,6,,,0,90,,30433,6,,,0
578201,'3',605,,30469,6,,,0,35,,30468,6,,,0,70,,30467,6,,,0,30,,30466,6,,,0,70,,30465,6,,,0,30,,30464,6,,,0,69,,30463,6,,,0,30,,30462,6,,,0,70,,30461,6,,,0,30,,30460,6,,,0,70,,30459,6,,,0,30,,30458,6,,,0,70,,30457,6,,,0,30,,30456,6,,,0,70,,30455,6,,,0,30,,30454,6,,,0,70,,30453,6,,,0,30,,30452,6,,,0,70,,30451,6,,,0,30,,30450,6,,,0,70,,30449,6,,,0,30,,30448,6,,,0,70,,30447,6,,,0,30,,30446,6,,,0,70,,30445,6,,,0,30,,30444,6,,,0,70,,30443,6,,,0,30,,30442,6,,,0,73,,30441,6,,,0,30,,30440,6,,,0,70,,30439,6,,,0,30,,30438,6,,,0,70,,30437,6,,,0,30,,30436,6,,,0,70,,30435,6,,,0,30,,30434,6,,,0
578201,'4',644,,30471,6,,,0,80,,30472,6,,,0,80,,30473,6,,,0,40,,30474,6,,,0,80,,30475,6,,,0,80,,30476,6,,,0,40,,30477,6,,,0,80,,30478,6,,,0,80,,30479,6,,,0,40,,30480,6,,,0,80,,30481,6,,,0,80,,30482,6,,,0,105,,30483,6,,,0,100,,30484,6,,,0,100,,30485,6,,,0,100,,30486,6,,,0,100,,30487,6,,,0,100,,30488,6,,,0,50,,30489,6,,,0
578201,'6',605,,30525,6,,,0,35,,30524,6,,,0,70,,30523,6,,,0,30,,30522,6,,,0,70,,30521,6,,,0,30,,30520,6,,,0,69,,30519,6,,,0,30,,30518,6,,,0,70,,30517,6,,,0,30,,30516,6,,,0,70,,30515,6,,,0,30,,30514,6,,,0,70,,30513,6,,,0,30,,30512,6,,,0,70,,30511,6,,,0,30,,30510,6,,,0,70,,30509,6,,,0,30,,30508,6,,,0,70,,30507,6,,,0,30,,30506,6,,,0,70,,30505,6,,,0,30,,30504,6,,,0,70,,30503,6,,,0,30,,30502,6,,,0,70,,30501,6,,,0,30,,30500,6,,,0,70,,30499,6,,,0,30,,30498,6,,,0,73,,30497,6,,,0,30,,30496,6,,,0,70,,30495,6,,,0,30,,30494,6,,,0,70,,30493,6,,,0,30,,30492,6,,,0,70,,30491,6,,,0,30,,30490,6,,,0
578300,'1',503,,30533,6,0,31 4 32,0,35,,30536,6,0,31 4 32,0,62,,30539,6,0,31 4 32,0,30,,30543,6,0,31 4 32,0,70,,30547,6,0,31 4 32,0,30,,30551,6,0,31 4 32,0,70,,30555,6,0,31 4 32,0,29,,30559,6,0,31 4 32,0,73,,30563,6,0,31 4 32,0,30,,30567,6,0,31 4 32,0,70,,30570,6,0,31 4 32,0,30,,30573,6,0,31 4 32,0,70,,30576,6,0,31 4 32,0,30,,30579,6,0,31 4 32,0,70,,30582,6,0,31 4 32,0,30,,30585,6,0,31 4 32,0,70,,30588,6,0,31 4 32,0,27,,30591,6,0,31 4 32,0,29,,30595,6,0,31 4 32,0,70,,30599,6,0,31 4 32,0,30,,30603,6,0,31 4 32,0,70,,30607,6,0,31 4 32,0,30,,30611,6,0,31 4 32,0,70,,30615,6,0,31 4 32,0,30,,30619,6,0,31 4 32,0,70,,30623,6,0,31 4 32,0,73,,30627,6,0,31 4 32,0,30,,30630,6,0,31 4 32,0,70,,30633,6,0,31 4 32,0,30,,30636,6,0,31 4 32,0,70,,30639,6,0,31 4 32,0,30,,30642,6,0,31 4 32,0,70,,30645,6,0,31 4 32,0,51,,30649,6,0,31 4 32,0,85,,30652,6,0,31 4 32,0,85,,30655,6,0,31 4 32,0,85,,30658,6,0,31 4 32,0,35,,30660,6,0,17 25 4 26,0
578300,'2',529,,30671,6,0,31 4 32,0,76,,30674,6,0,31 4 32,0,36,,30677,6,0,31 4 32,0,76,,30680,6,0,31 4 32,0,28,,30684,6,0,31 4 32,0,76,,30687,6,0,31 4 32,0,36,,30690,6,0,31 4 32,0,76,,30693,6,0,31 4 32,0,76,,30696,6,0,31 4 32,0,36,,30699,6,0,31 4 32,0,76,,30702,6,0,31 4 32,0,36,,30705,6,0,31 4 32,0,76,,30708,6,0,31 4 32,0,76,,30711,6,0,31 4 32,0,36,,30714,6,0,31 4 32,0,76,,30717,6,0,31 4 32,0,36,,30720,6,0,31 4 32,0,76,,30723,6,0,31 4 32,0,76,,30726,6,0,31 4 32,0,36,,30729,6,0,31 4 32,0,77,,30732,6,0,31 4 32,0,36,,30735,6,0,31 4 32,0,76,,30738,6,0,31 4 32,0,77,,30741,6,0,31 4 32,0,36,,30744,6,0,31 4 32,0,76,,30747,6,0,31 4 32,0,36,,30750,6,0,31 4 32,0,83,,30753,6,0,31 4 32,0,100,,30757,6,0,31 4 32,0,85,,30760,6,0,31 4 32,0,100,,30764,6,0,31 4 32,0
578300,'3',543,,30773,6,0,31 4 32,0,85,,30777,6,0,31 4 32,0,85,,30780,6,0,31 4 32,0,45,,30783,6,0,31 4 32,0,82,,30786,6,0,31 4 32,0,76,,30789,6,0,31 4 32,0,31,,30792,6,0,31 4 32,0,76,,30795,6,0,31 4 32,0,36,,30798,6,0,31 4 32,0,76,,30801,6,0,31 4 32,0,76,,30804,6,0,31 4 32,0,36,,30807,6,0,31 4 32,0,76,,30810,6,0,31 4 32,0,36,,30813,6,0,31 4 32,0,76,,30816,6,0,31 4 32,0,76,,30819,6,0,31 4 32,0,36,,30822,6,0,31 4 32,0,76,,30825,6,0,31 4 32,0,36,,30828,6,0,31 4 32,0,79,,30831,6,0,31 4 32,0,85,,30834,6,0,31 4 32,0,85,,30837,6,0,31 4 32,0,45,,30840,6,0,31 4 32,0,85,,30843,6,0,31 4 32,0,90,,30846,6,0,31 4 32,0,85,,30849,6,0,31 4 32,0,45,,30852,6,0,31 4 32,0,70,,30854,6,0,31 4 32,0
578300,'4',557,,30859,6,0,31 4 32,0,85,,30862,6,0,31 4 32,0,85,,30865,6,0,31 4 32,0,85,,30868,6,0,31 4 32,0,45,,30871,6,0,31 4 32,0,80,,30874,6,0,31 4 32,0,85,,30877,6,0,31 4 32,0,85,,30880,6,0,31 4 32,0,45,,30883,6,0,31 4 32,0,85,,30886,6,0,31 4 32,0,85,,30889,6,0,31 4 32,0,85,,30892,6,0,31 4 32,0,45,,30895,6,0,31 4 32,0,85,,30898,6,0,31 4 32,0,85,,30901,6,0,31 4 32,0,85,,30904,6,0,31 4 32,0,50,,30907,6,0,31 4 32,0,85,,30910,6,0,31 4 32,0,85,,30913,6,0,31 4 32,0,85,,30916,6,0,31 4 32,0
578300,'6',543,,30927,6,0,31 4 32,0,85,,30931,6,0,31 4 32,0,85,,30934,6,0,31 4 32,0,45,,30937,6,0,31 4 32,0,82,,30940,6,0,31 4 32,0,76,,30943,6,0,31 4 32,0,31,,30946,6,0,31 4 32,0,76,,30949,6,0,31 4 32,0,36,,30952,6,0,31 4 32,0,76,,30955,6,0,31 4 32,0,76,,30958,6,0,31 4 32,0,36,,30961,6,0,31 4 32,0,76,,30964,6,0,31 4 32,0,36,,30967,6,0,31 4 32,0,76,,30970,6,0,31 4 32,0,76,,30973,6,0,31 4 32,0,36,,30976,6,0,31 4 32,0,76,,30979,6,0,31 4 32,0,36,,30982,6,0,31 4 32,0,79,,30985,6,0,31 4 32,0,85,,30988,6,0,31 4 32,0,85,,30991,6,0,31 4 32,0,45,,30994,6,0,31 4 32,0,85,,30997,6,0,31 4 32,0,90,,31000,6,0,31 4 32,0,85,,31003,6,0,31 4 32,0,45,,31006,6,0,31 4 32,0,70,,31008,6,0,31 4 32,0
