579300,'1',554,,33626,29,4,,0,60,,33603,29,4,,0,15,,33616,29,4,,0,15,,33617,29,4,,0,15,,33604,29,4,,0,55,,33554,29,4,,0,15,,33618,29,4,,0,17,,33555,29,4,,0,55,,33619,29,4,,0,15,,33556,29,4,,0,15,,33557,29,4,,0,15,,33559,29,4,,0,55,,33558,29,4,,0,10,,33581,29,4,,0,10,,33553,29,4,,0,10,,33552,29,4,,0,10,,33582,29,4,,0,10,,33551,29,4,,0,50,,33550,29,4,,0,15,,33583,29,4,,0,10,,33549,29,4,,0,10,,33548,29,4,,0,10,,33584,29,4,,0,10,,33580,29,4,,0,50,,33547,29,4,,0,10,,33585,29,4,,0,20,,33605,29,4,,0,20,,33606,29,4,,0,60,,33607,29,4,,0,20,,33608,29,4,,0,20,,33609,29,4,,0,60,,33610,29,4,,0,20,,33611,29,4,,0,20,,33612,29,4,,0,60,,33613,29,4,,0,20,,33614,29,4,,0,20,,33615,29,4,,0,60,,33544,29,4,,0,20,,33586,29,4,,0,20,,33579,29,4,,0,50,,33578,29,4,,0,10,,33587,29,4,,0,10,,33577,29,4,,0,10,,33576,29,4,,0,10,,33588,29,4,,0,10,,33575,29,4,,0,50,,33574,29,4,,0,10,,33589,29,4,,0,10,,33573,29,4,,0,10,,33572,29,4,,0,10,,33590,29,4,,0,10,,33571,29,4,,0,50,,33570,29,4,,0,10,,33591,29,4,,0,10,,33569,29,4,,0,10,,33568,29,4,,0,10,,33592,29,4,,0,10,,33567,29,4,,0,50,,33566,29,4,,0,8,,33593,29,4,,0,10,,33565,29,4,,0,10,,33564,29,4,,0,10,,33594,29,4,,0,10,,33563,29,4,,0,55,,33602,29,4,,0,15,,33562,29,4,,0,20,,33561,29,4,,0,60,,33560,29,4,,0,20,,33620,29,4,,0,20,,33546,29,4,,0,60,,33621,29,4,,0,15,,33545,29,4,,0,20,,33595,29,4,,0,20,,33622,29,4,,0,60,,33596,29,4,,0,20,,33597,29,4,,0,20,,33623,29,4,,0,60,,33598,29,4,,0,20,,33599,29,4,,0,20,,33624,29,4,,0,60,,33600,29,4,,0,20,,33625,29,4,,0,13,,33601,29,4,,0
579300,'2',603,,33687,29,4,,0,20,,33627,29,4,,0,20,,33688,29,4,,0,60,,33628,29,4,,0,20,,33689,29,4,,0,20,,33629,29,4,,0,60,,33630,29,4,,0,20,,33690,29,4,,0,24,,33631,29,4,,0,60,,33632,29,4,,0,20,,33633,29,4,,0,15,,33634,29,4,,0,15,,33635,29,4,,0,55,,33636,29,4,,0,15,,33637,29,4,,0,15,,33638,29,4,,0,15,,33639,29,4,,0,55,,33640,29,4,,0,15,,33641,29,4,,0,15,,33642,29,4,,0,17,,33643,29,4,,0,55,,33644,29,4,,0,15,,33645,29,4,,0,15,,33646,29,4,,0,15,,33647,29,4,,0,55,,33648,29,4,,0,15,,33649,29,4,,0,15,,33650,29,4,,0,15,,33651,29,4,,0,55,,33652,29,4,,0,15,,33653,29,4,,0,15,,33654,29,4,,0,15,,33655,29,4,,0,55,,33656,29,4,,0,15,,33657,29,4,,0,15,,33658,29,4,,0,15,,33659,29,4,,0,55,,33660,29,4,,0,15,,33661,29,4,,0,15,,33662,29,4,,0,15,,33663,29,4,,0,55,,33664,29,4,,0,15,,33665,29,4,,0,15,,33666,29,4,,0,15,,33667,29,4,,0,55,,33668,29,4,,0,15,,33669,29,4,,0,15,,33670,29,4,,0,15,,33671,29,4,,0,55,,33672,29,4,,0,15,,33673,29,4,,0,15,,33674,29,4,,0,59,,33691,29,4,,0,20,,33675,29,4,,0,20,,33676,29,4,,0,60,,33692,29,4,,0,20,,33677,29,4,,0,20,,33678,29,4,,0,60,,33693,29,4,,0,20,,33679,29,4,,0,20,,33680,29,4,,0,15,,33694,29,4,,0,60,,33681,29,4,,0,20,,33682,29,4,,0,20,,33695,29,4,,0,60,,33683,29,4,,0,20,,33684,29,4,,0,20,,33696,29,4,,0,60,,33685,29,4,,0,20,,33686,29,4,,0,20,,33697,29,4,,0
579300,'3',613,,33744,29,4,,0,30,,33728,29,4,,0,70,,33729,29,4,,0,30,,33730,29,4,,0,70,,33731,29,4,,0,30,,33732,29,4,,0,70,,33733,29,4,,0,33,,33734,29,4,,0,70,,33735,29,4,,0,30,,33736,29,4,,0,70,,33737,29,4,,0,20,,33738,29,4,,0,20,,33739,29,4,,0,60,,33740,29,4,,0,20,,33741,29,4,,0,20,,33742,29,4,,0,60,,33743,29,4,,0,20,,33698,29,4,,0,20,,33699,29,4,,0,60,,33700,29,4,,0,20,,33701,29,4,,0,20,,33702,29,4,,0,60,,33703,29,4,,0,20,,33704,29,4,,0,20,,33705,29,4,,0,60,,33706,29,4,,0,20,,33707,29,4,,0,20,,33708,29,4,,0,60,,33709,29,4,,0,20,,33710,29,4,,0,20,,33711,29,4,,0,60,,33712,29,4,,0,20,,33713,29,4,,0,20,,33714,29,4,,0,60,,33715,29,4,,0,20,,33716,29,4,,0,20,,33717,29,4,,0,70,,33718,29,4,,0,30,,33719,29,4,,0,70,,33720,29,4,,0,27,,33721,29,4,,0,70,,33722,29,4,,0,30,,33723,29,4,,0,70,,33724,29,4,,0,30,,33725,29,4,,0,70,,33726,29,4,,0,30,,33727,29,4,,0
579300,'4',620,,33784,29,4,,0,90,,33783,29,4,,0,30,,33782,29,4,,0,70,,33781,29,4,,0,30,,33780,29,4,,0,70,,33779,29,4,,0,30,,33778,29,4,,0,70,,33777,29,4,,0,30,,33776,29,4,,0,70,,33775,29,4,,0,30,,33774,29,4,,0,60,,33773,29,4,,0,20,,33772,29,4,,0,20,,33771,29,4,,0,60,,33770,29,4,,0,20,,33769,29,4,,0,20,,33768,29,4,,0,60,,33767,29,4,,0,20,,33766,29,4,,0,20,,33765,29,4,,0,60,,33764,29,4,,0,20,,33763,29,4,,0,20,,33762,29,4,,0,60,,33761,29,4,,0,20,,33760,29,4,,0,20,,33759,29,4,,0,60,,33758,29,4,,0,20,,33757,29,4,,0,20,,33756,29,4,,0,60,,33755,29,4,,0,20,,33754,29,4,,0,20,,33753,29,4,,0,60,,33752,29,4,,0,20,,33751,29,4,,0,20,,33750,29,4,,0,60,,33749,29,4,,0,20,,33748,29,4,,0,25,,33747,29,4,,0,70,,33746,29,4,,0,30,,33745,29,4,,0
579300,'6',613,,33831,29,4,,0,30,,33815,29,4,,0,70,,33816,29,4,,0,30,,33817,29,4,,0,70,,33818,29,4,,0,30,,33819,29,4,,0,70,,33820,29,4,,0,33,,33821,29,4,,0,70,,33822,29,4,,0,30,,33823,29,4,,0,70,,33824,29,4,,0,20,,33825,29,4,,0,20,,33826,29,4,,0,60,,33827,29,4,,0,20,,33828,29,4,,0,20,,33829,29,4,,0,60,,33830,29,4,,0,20,,33785,29,4,,0,20,,33786,29,4,,0,60,,33787,29,4,,0,20,,33788,29,4,,0,20,,33789,29,4,,0,60,,33790,29,4,,0,20,,33791,29,4,,0,20,,33792,29,4,,0,60,,33793,29,4,,0,20,,33794,29,4,,0,20,,33795,29,4,,0,60,,33796,29,4,,0,20,,33797,29,4,,0,20,,33798,29,4,,0,60,,33799,29,4,,0,20,,33800,29,4,,0,20,,33801,29,4,,0,60,,33802,29,4,,0,20,,33803,29,4,,0,20,,33804,29,4,,0,70,,33805,29,4,,0,30,,33806,29,4,,0,70,,33807,29,4,,0,27,,33808,29,4,,0,70,,33809,29,4,,0,30,,33810,29,4,,0,70,,33811,29,4,,0,30,,33812,29,4,,0,70,,33813,29,4,,0,30,,33814,29,4,,0
579301,'1',500,,33902,1,,,0,15,,33903,1,,,0,15,,33833,1,,,0,15,,33904,1,,,0,55,,33832,1,,,0,15,,33905,1,,,0,15,,33835,1,,,0,15,,33836,1,,,0,55,,33837,1,,,0,10,,33847,1,,,0,10,,33875,1,,,0,10,,33846,1,,,0,10,,33845,1,,,0,10,,33876,1,,,0,50,,33844,1,,,0,10,,33843,1,,,0,10,,33877,1,,,0,10,,33842,1,,,0,10,,33841,1,,,0,10,,33878,1,,,0,50,,33840,1,,,0,10,,33839,1,,,0,10,,33879,1,,,0,10,,33838,1,,,0,10,,33913,1,,,0,10,,33892,1,,,0,60,,33893,1,,,0,20,,33894,1,,,0,20,,33895,1,,,0,60,,33896,1,,,0,20,,33897,1,,,0,20,,33898,1,,,0,60,,33899,1,,,0,20,,33900,1,,,0,20,,33901,1,,,0,60,,33834,1,,,0,20,,33880,1,,,0,20,,33867,1,,,0,60,,33866,1,,,0,20,,33881,1,,,0,20,,33865,1,,,0,50,,33882,1,,,0,10,,33864,1,,,0,10,,33863,1,,,0,10,,33883,1,,,0,10,,33862,1,,,0,10,,33861,1,,,0,50,,33884,1,,,0,10,,33860,1,,,0,10,,33859,1,,,0,10,,33885,1,,,0,10,,33858,1,,,0,10,,33857,1,,,0,50,,33886,1,,,0,10,,33856,1,,,0,10,,33855,1,,,0,10,,33887,1,,,0,10,,33854,1,,,0,10,,33888,1,,,0,50,,33853,1,,,0,10,,33852,1,,,0,10,,33889,1,,,0,15,,33851,1,,,0,20,,33850,1,,,0,60,,33910,1,,,0,20,,33911,1,,,0,20,,33849,1,,,0,60,,33848,1,,,0,20,,33906,1,,,0,20,,33868,1,,,0,60,,33869,1,,,0,20,,33907,1,,,0,20,,33870,1,,,0,60,,33871,1,,,0,20,,33908,1,,,0,20,,33872,1,,,0,60,,33873,1,,,0,20,,33909,1,,,0,20,,33874,1,,,0,60,,33891,1,,,0,20,,33890,1,,,0,20,,33912,1,,,0
579301,'2',500,,33984,1,,,0,20,,33914,1,,,0,20,,33974,1,,,0,60,,33915,1,,,0,20,,33916,1,,,0,20,,33975,1,,,0,60,,33917,1,,,0,20,,33918,1,,,0,20,,33919,1,,,0,60,,33920,1,,,0,15,,33921,1,,,0,15,,33922,1,,,0,15,,33923,1,,,0,55,,33924,1,,,0,15,,33925,1,,,0,15,,33926,1,,,0,15,,33927,1,,,0,55,,33928,1,,,0,15,,33929,1,,,0,15,,33930,1,,,0,15,,33931,1,,,0,13,,33932,1,,,0,55,,33933,1,,,0,15,,33934,1,,,0,15,,33935,1,,,0,15,,33936,1,,,0,55,,33937,1,,,0,15,,33938,1,,,0,15,,33939,1,,,0,15,,33940,1,,,0,55,,33941,1,,,0,15,,33942,1,,,0,15,,33943,1,,,0,15,,33944,1,,,0,55,,33945,1,,,0,15,,33946,1,,,0,15,,33947,1,,,0,15,,33948,1,,,0,55,,33949,1,,,0,15,,33950,1,,,0,15,,33951,1,,,0,15,,33952,1,,,0,55,,33953,1,,,0,15,,33954,1,,,0,15,,33955,1,,,0,15,,33956,1,,,0,55,,33957,1,,,0,15,,33958,1,,,0,15,,33959,1,,,0,15,,33960,1,,,0,60,,33961,1,,,0,20,,33976,1,,,0,62,,33962,1,,,0,20,,33977,1,,,0,20,,33963,1,,,0,60,,33964,1,,,0,20,,33978,1,,,0,20,,33965,1,,,0,60,,33966,1,,,0,20,,33979,1,,,0,20,,33967,1,,,0,60,,33968,1,,,0,20,,33980,1,,,0,20,,33969,1,,,0,60,,33970,1,,,0,20,,33981,1,,,0,20,,33971,1,,,0,60,,33972,1,,,0,20,,33973,1,,,0,20,,33982,1,,,0,60,,33983,1,,,0
579301,'3',500,,34030,1,,,0,30,,33985,1,,,0,70,,33986,1,,,0,30,,33987,1,,,0,70,,33988,1,,,0,30,,33989,1,,,0,70,,33990,1,,,0,30,,33991,1,,,0,70,,33992,1,,,0,20,,33993,1,,,0,20,,33994,1,,,0,60,,33995,1,,,0,20,,33996,1,,,0,20,,33997,1,,,0,60,,33998,1,,,0,25,,33999,1,,,0,20,,34000,1,,,0,60,,34001,1,,,0,20,,34002,1,,,0,20,,34003,1,,,0,60,,34004,1,,,0,20,,34005,1,,,0,20,,34006,1,,,0,60,,34007,1,,,0,20,,34008,1,,,0,20,,34009,1,,,0,60,,34010,1,,,0,20,,34011,1,,,0,20,,34012,1,,,0,60,,34013,1,,,0,20,,34014,1,,,0,20,,34015,1,,,0,60,,34016,1,,,0,20,,34017,1,,,0,20,,34018,1,,,0,70,,34019,1,,,0,30,,34020,1,,,0,70,,34021,1,,,0,30,,34022,1,,,0,70,,34023,1,,,0,30,,34024,1,,,0,70,,34025,1,,,0,30,,34026,1,,,0,70,,34027,1,,,0,30,,34028,1,,,0,70,,34029,1,,,0,30,,34031,1,,,0
579301,'4',555,,34069,1,,,0,70,,34068,1,,,0,30,,34067,1,,,0,70,,34066,1,,,0,30,,34065,1,,,0,70,,34064,1,,,0,30,,34063,1,,,0,70,,34062,1,,,0,20,,34061,1,,,0,60,,34060,1,,,0,20,,34059,1,,,0,20,,34058,1,,,0,60,,34057,1,,,0,20,,34056,1,,,0,20,,34055,1,,,0,60,,34054,1,,,0,20,,34053,1,,,0,20,,34052,1,,,0,60,,34051,1,,,0,20,,34050,1,,,0,20,,34049,1,,,0,60,,34048,1,,,0,20,,34047,1,,,0,20,,34046,1,,,0,60,,34045,1,,,0,20,,34044,1,,,0,20,,34043,1,,,0,60,,34042,1,,,0,20,,34041,1,,,0,20,,34040,1,,,0,60,,34039,1,,,0,20,,34038,1,,,0,20,,34037,1,,,0,60,,34036,1,,,0,30,,34035,1,,,0,70,,34034,1,,,0,30,,34033,1,,,0,70,,34032,1,,,0
579301,'6',500,,34115,1,,,0,30,,34070,1,,,0,70,,34071,1,,,0,30,,34072,1,,,0,70,,34073,1,,,0,30,,34074,1,,,0,70,,34075,1,,,0,30,,34076,1,,,0,70,,34077,1,,,0,20,,34078,1,,,0,20,,34079,1,,,0,60,,34080,1,,,0,20,,34081,1,,,0,20,,34082,1,,,0,60,,34083,1,,,0,25,,34084,1,,,0,20,,34085,1,,,0,60,,34086,1,,,0,20,,34087,1,,,0,20,,34088,1,,,0,60,,34089,1,,,0,20,,34090,1,,,0,20,,34091,1,,,0,60,,34092,1,,,0,20,,34093,1,,,0,20,,34094,1,,,0,60,,34095,1,,,0,20,,34096,1,,,0,20,,34097,1,,,0,60,,34098,1,,,0,20,,34099,1,,,0,20,,34100,1,,,0,60,,34101,1,,,0,20,,34102,1,,,0,20,,34103,1,,,0,70,,34104,1,,,0,30,,34105,1,,,0,70,,34106,1,,,0,30,,34107,1,,,0,70,,34108,1,,,0,30,,34109,1,,,0,70,,34110,1,,,0,30,,34111,1,,,0,70,,34112,1,,,0,30,,34113,1,,,0,70,,34114,1,,,0,30,,34116,1,,,0
