578201,'1',542,,30350,67,,,0,60,,30336,67,,,0,20,,30349,67,,,0,20,,30348,67,,,0,60,,30351,67,,,0,20,,30352,67,,,0,20,,30353,67,,,0,60,,30354,67,,,0,20,,30355,67,,,0,25,,30356,71,,,0,60,,30357,71,,,0,20,,30358,71,,,0,20,,30359,71,,,0,60,,30360,71,,,0,20,,30361,71,,,0,20,,30362,71,,,0,60,,30363,71,,,0,20,,30364,71,,,0,20,,30365,71,,,0,60,,30366,71,,,0,20,,30367,71,,,0,20,,30368,71,,,0,60,,30369,71,,,0,20,,30370,71,,,0,20,,30371,71,,,0,60,,30372,71,,,0,20,,30373,71,,,0,20,,30374,71,,,0,60,,30375,71,,,0,20,,30376,71,,,0,20,,30377,71,,,0,60,,30378,71,,,0,20,,30379,71,,,0,20,,30380,71,,,0,60,,30381,71,,,0,20,,30382,71,,,0,20,,30383,71,,,0,60,,30384,71,,,0,20,,30385,71,,,0,25,,30386,71,,,0,70,,30337,71,,,0,30,,30338,71,,,0,70,,30339,71,,,0,30,,30340,71,,,0,70,,30341,71,,,0,30,,30342,71,,,0,70,,30343,71,,,0,24,,30344,67,,,0,70,,30345,67,,,0,30,,30335,67,,,0,70,,30346,67,,,0,40,,30334,67,,,0,65,,30347,67,,,0
578201,'2',554,,30387,10,,,0,67,,30388,67,,,0,30,,30389,67,,,0,70,,30390,67,,,0,30,,30391,67,,,0,70,,30392,67,,,0,30,,30393,71,,,0,69,,30394,71,,,0,28,,30395,71,,,0,60,,30396,71,,,0,20,,30397,71,,,0,20,,30398,71,,,0,60,,30399,71,,,0,20,,30400,71,,,0,20,,30401,71,,,0,60,,30402,71,,,0,20,,30403,71,,,0,19,,30404,67,,,0,60,,30405,67,,,0,20,,30406,67,,,0,20,,30407,67,,,0,60,,30408,67,,,0,20,,30409,67,,,0,20,,30410,67,,,0,60,,30411,67,,,0,20,,30412,67,,,0,20,,30413,67,,,0,60,,30414,67,,,0,20,,30415,67,,,0,20,,30416,67,,,0,60,,30417,67,,,0,20,,30418,67,,,0,23,,30419,67,,,0,70,,30420,67,,,0,30,,30421,67,,,0,70,,30422,67,,,0,30,,30423,67,,,0,70,,30424,67,,,0,30,,30425,67,,,0,70,,30426,67,,,0,30,,30427,67,,,0,70,,30428,67,,,0,31,,30429,67,,,0,70,,30430,67,,,0,30,,30431,67,,,0,70,,30432,67,,,0,90,,30433,67,,,0
578201,'3',554,,30470,10,,,0,90,,30469,67,,,0,75,,30468,67,,,0,30,,30467,67,,,0,70,,30466,67,,,0,30,,30465,67,,,0,70,,30464,67,,,0,31,,30463,67,,,0,70,,30462,67,,,0,30,,30461,67,,,0,70,,30460,67,,,0,30,,30459,67,,,0,70,,30458,67,,,0,30,,30457,67,,,0,70,,30456,67,,,0,30,,30455,67,,,0,70,,30454,67,,,0,30,,30453,67,,,0,70,,30452,67,,,0,30,,30451,67,,,0,70,,30450,67,,,0,30,,30449,67,,,0,70,,30448,67,,,0,30,,30447,67,,,0,70,,30446,67,,,0,30,,30445,67,,,0,70,,30444,67,,,0,30,,30443,67,,,0,70,,30442,67,,,0,29,,30441,67,,,0,70,,30440,67,,,0,30,,30439,67,,,0,70,,30438,67,,,0,30,,30437,67,,,0,70,,30436,67,,,0,30,,30435,67,,,0,70,,30434,67,,,0
578201,'4',721,,30471,67,,,0,80,,30472,67,,,0,40,,30473,67,,,0,80,,30474,67,,,0,80,,30475,67,,,0,40,,30476,67,,,0,80,,30477,67,,,0,80,,30478,67,,,0,40,,30479,67,,,0,80,,30480,67,,,0,80,,30481,67,,,0,40,,30482,67,,,0,105,,30483,67,,,0,100,,30484,67,,,0,100,,30485,67,,,0,100,,30486,67,,,0,100,,30487,67,,,0,100,,30488,67,,,0,90,,30489,67,,,0
578201,'6',554,,30526,10,,,0,90,,30525,67,,,0,75,,30524,67,,,0,30,,30523,67,,,0,70,,30522,67,,,0,30,,30521,67,,,0,70,,30520,67,,,0,31,,30519,67,,,0,70,,30518,67,,,0,30,,30517,67,,,0,70,,30516,67,,,0,30,,30515,67,,,0,70,,30514,67,,,0,30,,30513,67,,,0,70,,30512,67,,,0,30,,30511,67,,,0,70,,30510,67,,,0,30,,30509,67,,,0,70,,30508,67,,,0,30,,30507,67,,,0,70,,30506,67,,,0,30,,30505,67,,,0,70,,30504,67,,,0,30,,30503,67,,,0,70,,30502,67,,,0,30,,30501,67,,,0,70,,30500,67,,,0,30,,30499,67,,,0,70,,30498,67,,,0,29,,30497,67,,,0,70,,30496,67,,,0,30,,30495,67,,,0,70,,30494,67,,,0,30,,30493,67,,,0,70,,30492,67,,,0,30,,30491,67,,,0,70,,30490,67,,,0
579300,'1',513,,33626,6,,,0,20,,33603,6,,,0,15,,33616,6,,,0,55,,33617,6,,,0,15,,33604,6,,,0,15,,33554,6,,,0,15,,33618,6,,,0,55,,33555,6,,,0,15,,33619,6,,,0,15,,33556,6,,,0,15,,33557,6,,,0,55,,33559,6,,,0,15,,33558,6,,,0,10,,33581,6,,,0,10,,33553,6,,,0,10,,33552,6,,,0,10,,33582,6,,,0,50,,33551,6,,,0,10,,33550,6,,,0,10,,33583,6,,,0,10,,33549,6,,,0,10,,33548,6,,,0,10,,33584,6,,,0,50,,33580,6,,,0,10,,33547,6,,,0,10,,33585,6,,,0,20,,33605,6,,,0,60,,33606,6,,,0,20,,33607,6,,,0,20,,33608,6,,,0,60,,33609,6,,,0,20,,33610,6,,,0,20,,33611,6,,,0,60,,33612,6,,,0,20,,33613,6,,,0,20,,33614,6,,,0,60,,33615,6,,,0,20,,33544,6,,,0,20,,33586,6,,,0,60,,33579,6,,,0,10,,33578,6,,,0,10,,33587,6,,,0,10,,33577,6,,,0,10,,33576,6,,,0,10,,33588,6,,,0,50,,33575,6,,,0,10,,33574,6,,,0,10,,33589,6,,,0,10,,33573,6,,,0,10,,33572,6,,,0,10,,33590,6,,,0,50,,33571,6,,,0,10,,33570,6,,,0,10,,33591,6,,,0,10,,33569,6,,,0,10,,33568,6,,,0,10,,33592,6,,,0,50,,33567,6,,,0,10,,33566,6,,,0,10,,33593,6,,,0,10,,33565,6,,,0,10,,33564,6,,,0,10,,33594,6,,,0,50,,33563,6,,,0,15,,33602,6,,,0,15,,33562,6,,,0,20,,33561,6,,,0,60,,33560,6,,,0,20,,33620,6,,,0,20,,33546,6,,,0,60,,33621,6,,,0,20,,33545,6,,,0,20,,33595,6,,,0,60,,33622,6,,,0,20,,33596,6,,,0,20,,33597,6,,,0,60,,33623,6,,,0,20,,33598,6,,,0,20,,33599,6,,,0,60,,33624,6,,,0,20,,33600,6,,,0,20,,33625,6,,,0,53,,33601,6,,,0
579300,'2',523,,33687,6,,,0,20,,33627,6,,,0,60,,33688,6,,,0,20,,33628,6,,,0,20,,33689,6,,,0,60,,33629,6,,,0,20,,33630,6,,,0,20,,33690,6,,,0,60,,33631,6,,,0,20,,33632,6,,,0,20,,33633,6,,,0,15,,33634,6,,,0,55,,33635,6,,,0,15,,33636,6,,,0,15,,33637,6,,,0,15,,33638,6,,,0,55,,33639,6,,,0,15,,33640,6,,,0,15,,33641,6,,,0,15,,33642,6,,,0,55,,33643,6,,,0,15,,33644,6,,,0,15,,33645,6,,,0,15,,33646,6,,,0,55,,33647,6,,,0,15,,33648,6,,,0,15,,33649,6,,,0,15,,33650,6,,,0,55,,33651,6,,,0,15,,33652,6,,,0,15,,33653,6,,,0,15,,33654,6,,,0,55,,33655,6,,,0,15,,33656,6,,,0,15,,33657,6,,,0,15,,33658,6,,,0,55,,33659,6,,,0,15,,33660,6,,,0,15,,33661,6,,,0,15,,33662,6,,,0,55,,33663,6,,,0,15,,33664,6,,,0,15,,33665,6,,,0,15,,33666,6,,,0,55,,33667,6,,,0,15,,33668,6,,,0,15,,33669,6,,,0,15,,33670,6,,,0,55,,33671,6,,,0,15,,33672,6,,,0,15,,33673,6,,,0,15,,33674,6,,,0,60,,33691,6,,,0,20,,33675,6,,,0,20,,33676,6,,,0,60,,33692,6,,,0,20,,33677,6,,,0,20,,33678,6,,,0,60,,33693,6,,,0,20,,33679,6,,,0,20,,33680,6,,,0,60,,33694,6,,,0,20,,33681,6,,,0,20,,33682,6,,,0,60,,33695,6,,,0,20,,33683,6,,,0,20,,33684,6,,,0,60,,33696,6,,,0,20,,33685,6,,,0,20,,33686,6,,,0,60,,33697,6,,,0
579300,'3',533,,33744,6,,,0,70,,33728,6,,,0,30,,33729,6,,,0,70,,33730,6,,,0,30,,33731,6,,,0,70,,33732,6,,,0,30,,33733,6,,,0,70,,33734,6,,,0,30,,33735,6,,,0,70,,33736,6,,,0,30,,33737,6,,,0,20,,33738,6,,,0,60,,33739,6,,,0,20,,33740,6,,,0,20,,33741,6,,,0,60,,33742,6,,,0,20,,33743,6,,,0,20,,33698,6,,,0,60,,33699,6,,,0,20,,33700,6,,,0,20,,33701,6,,,0,60,,33702,6,,,0,20,,33703,6,,,0,20,,33704,6,,,0,60,,33705,6,,,0,20,,33706,6,,,0,20,,33707,6,,,0,60,,33708,6,,,0,20,,33709,6,,,0,20,,33710,6,,,0,60,,33711,6,,,0,20,,33712,6,,,0,20,,33713,6,,,0,60,,33714,6,,,0,20,,33715,6,,,0,20,,33716,6,,,0,60,,33717,6,,,0,30,,33718,6,,,0,70,,33719,6,,,0,30,,33720,6,,,0,70,,33721,6,,,0,30,,33722,6,,,0,70,,33723,6,,,0,30,,33724,6,,,0,70,,33725,6,,,0,30,,33726,6,,,0,70,,33727,6,,,0
579300,'4',540,,33784,6,,,0,90,,33783,6,,,0,70,,33782,6,,,0,30,,33781,6,,,0,70,,33780,6,,,0,30,,33779,6,,,0,70,,33778,6,,,0,30,,33777,6,,,0,70,,33776,6,,,0,30,,33775,6,,,0,70,,33774,6,,,0,20,,33773,6,,,0,20,,33772,6,,,0,60,,33771,6,,,0,20,,33770,6,,,0,20,,33769,6,,,0,60,,33768,6,,,0,20,,33767,6,,,0,20,,33766,6,,,0,60,,33765,6,,,0,20,,33764,6,,,0,20,,33763,6,,,0,60,,33762,6,,,0,20,,33761,6,,,0,20,,33760,6,,,0,60,,33759,6,,,0,20,,33758,6,,,0,20,,33757,6,,,0,60,,33756,6,,,0,20,,33755,6,,,0,20,,33754,6,,,0,60,,33753,6,,,0,20,,33752,6,,,0,20,,33751,6,,,0,60,,33750,6,,,0,20,,33749,6,,,0,20,,33748,6,,,0,65,,33747,6,,,0,30,,33746,6,,,0,70,,33745,6,,,0
579300,'6',533,,33831,6,,,0,70,,33815,6,,,0,30,,33816,6,,,0,70,,33817,6,,,0,30,,33818,6,,,0,70,,33819,6,,,0,30,,33820,6,,,0,70,,33821,6,,,0,30,,33822,6,,,0,70,,33823,6,,,0,30,,33824,6,,,0,20,,33825,6,,,0,60,,33826,6,,,0,20,,33827,6,,,0,20,,33828,6,,,0,60,,33829,6,,,0,20,,33830,6,,,0,20,,33785,6,,,0,60,,33786,6,,,0,20,,33787,6,,,0,20,,33788,6,,,0,60,,33789,6,,,0,20,,33790,6,,,0,20,,33791,6,,,0,60,,33792,6,,,0,20,,33793,6,,,0,20,,33794,6,,,0,60,,33795,6,,,0,20,,33796,6,,,0,20,,33797,6,,,0,60,,33798,6,,,0,20,,33799,6,,,0,20,,33800,6,,,0,60,,33801,6,,,0,20,,33802,6,,,0,20,,33803,6,,,0,60,,33804,6,,,0,30,,33805,6,,,0,70,,33806,6,,,0,30,,33807,6,,,0,70,,33808,6,,,0,30,,33809,6,,,0,70,,33810,6,,,0,30,,33811,6,,,0,70,,33812,6,,,0,30,,33813,6,,,0,70,,33814,6,,,0
