579301,'1',509,,33902,5,,,0,15,,33903,5,,,0,15,,33833,5,,,0,15,,33904,5,,,0,55,,33832,5,,,0,15,,33905,5,,,0,15,,33835,5,,,0,15,,33836,5,,,0,55,,33837,5,,,0,10,,33847,5,,,0,10,,33875,5,,,0,10,,33846,5,,,0,10,,33845,5,,,0,10,,33876,5,,,0,50,,33844,5,,,0,10,,33843,5,,,0,10,,33877,5,,,0,10,,33842,5,,,0,10,,33841,5,,,0,10,,33878,5,,,0,50,,33840,5,,,0,10,,33839,5,,,0,10,,33879,5,,,0,10,,33838,5,,,0,10,,33913,5,,,0,10,,33892,5,,,0,60,,33893,5,,,0,20,,33894,5,,,0,20,,33895,5,,,0,60,,33896,5,,,0,20,,33897,5,,,0,20,,33898,5,,,0,60,,33899,5,,,0,20,,33900,5,,,0,20,,33901,5,,,0,60,,33834,5,,,0,20,,33880,5,,,0,20,,33867,5,,,0,60,,33866,5,,,0,20,,33881,5,,,0,20,,33865,5,,,0,50,,33882,5,,,0,10,,33864,5,,,0,10,,33863,5,,,0,10,,33883,5,,,0,10,,33862,5,,,0,10,,33861,5,,,0,50,,33884,5,,,0,10,,33860,5,,,0,10,,33859,5,,,0,10,,33885,5,,,0,10,,33858,5,,,0,10,,33857,5,,,0,50,,33886,5,,,0,10,,33856,5,,,0,10,,33855,5,,,0,10,,33887,5,,,0,10,,33854,5,,,0,10,,33888,5,,,0,50,,33853,5,,,0,10,,33852,5,,,0,10,,33889,5,,,0,15,,33851,5,,,0,60,,33850,5,,,0,20,,33910,5,,,0,20,,33911,5,,,0,60,,33849,5,,,0,20,,33848,5,,,0,20,,33906,5,,,0,60,,33868,5,,,0,20,,33869,5,,,0,20,,33907,5,,,0,60,,33870,5,,,0,20,,33871,5,,,0,20,,33908,5,,,0,60,,33872,5,,,0,20,,33873,5,,,0,20,,33909,5,,,0,60,,33874,5,,,0,20,,33891,5,,,0,20,,33890,5,,,0,60,,33912,5,,,0
579301,'2',509,,33984,5,,,0,20,,33914,5,,,0,20,,33974,5,,,0,60,,33915,5,,,0,20,,33916,5,,,0,20,,33975,5,,,0,60,,33917,5,,,0,20,,33918,5,,,0,20,,33919,5,,,0,60,,33920,5,,,0,15,,33921,5,,,0,15,,33922,5,,,0,15,,33923,5,,,0,55,,33924,5,,,0,15,,33925,5,,,0,15,,33926,5,,,0,15,,33927,5,,,0,55,,33928,5,,,0,15,,33929,5,,,0,15,,33930,5,,,0,15,,33931,5,,,0,53,,33932,5,,,0,15,,33933,5,,,0,15,,33934,5,,,0,15,,33935,5,,,0,55,,33936,5,,,0,15,,33937,5,,,0,15,,33938,5,,,0,15,,33939,5,,,0,55,,33940,5,,,0,15,,33941,5,,,0,15,,33942,5,,,0,15,,33943,5,,,0,55,,33944,5,,,0,15,,33945,5,,,0,15,,33946,5,,,0,15,,33947,5,,,0,55,,33948,5,,,0,15,,33949,5,,,0,15,,33950,5,,,0,15,,33951,5,,,0,55,,33952,5,,,0,15,,33953,5,,,0,15,,33954,5,,,0,15,,33955,5,,,0,55,,33956,5,,,0,15,,33957,5,,,0,15,,33958,5,,,0,15,,33959,5,,,0,55,,33960,5,,,0,20,,33961,5,,,0,20,,33976,5,,,0,62,,33962,5,,,0,20,,33977,5,,,0,20,,33963,5,,,0,60,,33964,5,,,0,20,,33978,5,,,0,20,,33965,5,,,0,60,,33966,5,,,0,20,,33979,5,,,0,20,,33967,5,,,0,60,,33968,5,,,0,20,,33980,5,,,0,20,,33969,5,,,0,60,,33970,5,,,0,20,,33981,5,,,0,20,,33971,5,,,0,60,,33972,5,,,0,20,,33973,5,,,0,20,,33982,5,,,0,60,,33983,5,,,0
579301,'3',509,,34030,5,,,0,30,,33985,5,,,0,70,,33986,5,,,0,30,,33987,5,,,0,70,,33988,5,,,0,30,,33989,5,,,0,70,,33990,5,,,0,30,,33991,5,,,0,70,,33992,5,,,0,20,,33993,5,,,0,20,,33994,5,,,0,60,,33995,5,,,0,20,,33996,5,,,0,20,,33997,5,,,0,60,,33998,5,,,0,25,,33999,5,,,0,20,,34000,5,,,0,60,,34001,5,,,0,20,,34002,5,,,0,20,,34003,5,,,0,60,,34004,5,,,0,20,,34005,5,,,0,20,,34006,5,,,0,60,,34007,5,,,0,20,,34008,5,,,0,20,,34009,5,,,0,60,,34010,5,,,0,20,,34011,5,,,0,20,,34012,5,,,0,60,,34013,5,,,0,20,,34014,5,,,0,20,,34015,5,,,0,60,,34016,5,,,0,20,,34017,5,,,0,20,,34018,5,,,0,70,,34019,5,,,0,30,,34020,5,,,0,70,,34021,5,,,0,30,,34022,5,,,0,70,,34023,5,,,0,30,,34024,5,,,0,70,,34025,5,,,0,30,,34026,5,,,0,70,,34027,5,,,0,30,,34028,5,,,0,70,,34029,5,,,0,30,,34031,5,,,0
579301,'4',604,,34069,5,,,0,30,,34068,5,,,0,70,,34067,5,,,0,30,,34066,5,,,0,70,,34065,5,,,0,30,,34064,5,,,0,70,,34063,5,,,0,30,,34062,5,,,0,20,,34061,5,,,0,60,,34060,5,,,0,20,,34059,5,,,0,20,,34058,5,,,0,60,,34057,5,,,0,20,,34056,5,,,0,20,,34055,5,,,0,60,,34054,5,,,0,20,,34053,5,,,0,20,,34052,5,,,0,60,,34051,5,,,0,20,,34050,5,,,0,20,,34049,5,,,0,60,,34048,5,,,0,20,,34047,5,,,0,20,,34046,5,,,0,60,,34045,5,,,0,20,,34044,5,,,0,20,,34043,5,,,0,60,,34042,5,,,0,20,,34041,5,,,0,20,,34040,5,,,0,60,,34039,5,,,0,20,,34038,5,,,0,20,,34037,5,,,0,60,,34036,5,,,0,30,,34035,5,,,0,70,,34034,5,,,0,30,,34033,5,,,0,70,,34032,5,,,0
579301,'6',509,,34115,5,,,0,30,,34070,5,,,0,70,,34071,5,,,0,30,,34072,5,,,0,70,,34073,5,,,0,30,,34074,5,,,0,70,,34075,5,,,0,30,,34076,5,,,0,70,,34077,5,,,0,20,,34078,5,,,0,20,,34079,5,,,0,60,,34080,5,,,0,20,,34081,5,,,0,20,,34082,5,,,0,60,,34083,5,,,0,25,,34084,5,,,0,20,,34085,5,,,0,60,,34086,5,,,0,20,,34087,5,,,0,20,,34088,5,,,0,60,,34089,5,,,0,20,,34090,5,,,0,20,,34091,5,,,0,60,,34092,5,,,0,20,,34093,5,,,0,20,,34094,5,,,0,60,,34095,5,,,0,20,,34096,5,,,0,20,,34097,5,,,0,60,,34098,5,,,0,20,,34099,5,,,0,20,,34100,5,,,0,60,,34101,5,,,0,20,,34102,5,,,0,20,,34103,5,,,0,70,,34104,5,,,0,30,,34105,5,,,0,70,,34106,5,,,0,30,,34107,5,,,0,70,,34108,5,,,0,30,,34109,5,,,0,70,,34110,5,,,0,30,,34111,5,,,0,70,,34112,5,,,0,30,,34113,5,,,0,70,,34114,5,,,0,30,,34116,5,,,0
580000,'1',438,,36688,1,,,0,6,,36689,1,,,0,6,,36690,1,,,0,73,,36691,1,,,0,2,,36692,1,,,0,1,,36693,39,,,0,8,,36694,1,,,0,67,,36695,39,,,0,20,,36696,39,,,0,20,,36697,39,,,0,60,,36698,39,,,0,17,,36699,39,,,0,15,,36700,39,,,0,15,,36701,39,,,0,55,,36702,39,,,0,15,,36703,39,,,0,15,,36704,39,,,0,15,,36705,39,,,0,55,,36706,39,,,0,34,,36707,39,,,0,70,,36708,39,,,0,30,,36709,39,,,0,70,,36710,39,,,0,30,,36711,39,,,0,70,,36712,39,,,0,30,,36713,39,,,0,70,,36714,39,,,0,30,,36715,39,,,0,70,,36716,39,,,0,30,,36717,39,,,0,74,,36718,39,,,0,15,,36719,39,,,0,15,,36720,39,,,0,15,,36721,39,,,0,55,,36722,39,,,0,15,,36723,39,,,0,15,,36724,39,,,0,15,,36725,39,,,0,55,,36726,39,,,0,15,,36727,39,,,0,15,,36728,39,,,0,15,,36729,39,,,0,55,,36730,39,,,0,15,,36731,39,,,0,15,,36732,39,,,0,15,,36733,39,,,0,70,,36734,39,,,0,27,,36735,39,,,0,70,,36736,39,,,0,30,,36737,39,,,0,70,,36738,39,,,0,30,,36739,39,,,0,70,,36740,39,,,0,30,,36741,39,,,0,70,,36742,39,,,0,21,,36743,39,,,0,70,,36744,39,,,0,30,,36745,39,,,0,70,,36746,39,,,0,35,,36747,39,,,0
580000,'2',441,,36802,1,,,0,4,,36801,1,,,0,70,,36799,1,,,0,30,,36800,1,,,0,13,,36750,39,,,0,70,,36796,39,,,0,15,,36748,39,,,0,15,,36795,39,,,0,70,,36794,39,,,0,30,,36793,39,,,0,70,,36792,39,,,0,30,,36791,39,,,0,74,,36779,39,,,0,20,,36782,39,,,0,60,,36780,39,,,0,20,,36781,39,,,0,20,,36785,39,,,0,60,,36789,39,,,0,23,,36790,39,,,0,20,,36778,39,,,0,60,,36775,39,,,0,20,,36776,39,,,0,20,,36777,39,,,0,60,,36767,39,,,0,20,,36765,39,,,0,20,,36770,39,,,0,60,,36768,39,,,0,20,,36769,39,,,0,20,,36774,39,,,0,60,,36761,39,,,0,20,,36763,39,,,0,20,,36766,39,,,0,60,,36764,39,,,0,20,,36798,39,,,0,20,,36797,39,,,0,60,,36760,39,,,0,20,,36762,39,,,0,20,,36773,39,,,0,60,,36759,39,,,0,20,,36758,39,,,0,20,,36757,39,,,0,60,,36749,39,,,0,20,,36772,39,,,0,70,,36771,39,,,0,30,,36756,39,,,0,70,,36755,39,,,0,30,,36788,39,,,0,70,,36787,39,,,0,30,,36786,39,,,0,70,,36784,39,,,0,24,,36783,39,,,0,30,,36754,39,,,0,70,,36753,39,,,0,30,,36752,39,,,0,70,,36751,39,,,0
580000,'3',439,,36835,1,,,0,18,,36836,1,,,0,63,,36803,1,,,0,7,,36834,1,,,0,16,,36837,1,,,0,13,,36808,39,,,0,72,,36825,39,,,0,30,,36807,39,,,0,70,,36826,39,,,0,30,,36806,39,,,0,70,,36827,39,,,0,30,,36805,39,,,0,77,,36828,39,,,0,70,,36804,39,,,0,30,,36830,39,,,0,70,,36813,39,,,0,30,,36820,39,,,0,70,,36824,39,,,0,30,,36821,39,,,0,70,,36810,39,,,0,30,,36809,39,,,0,70,,36831,39,,,0,30,,36822,39,,,0,70,,36814,39,,,0,30,,36823,39,,,0,70,,36816,39,,,0,30,,36815,39,,,0,70,,36829,39,,,0,30,,36817,39,,,0,70,,36818,39,,,0,30,,36819,39,,,0,70,,36832,39,,,0,25,,36811,39,,,0,70,,36833,39,,,0,30,,36812,39,,,0,70,,36838,39,,,0,30,,36839,39,,,0,70,,36840,39,,,0,27,,36841,39,,,0,30,,36842,39,,,0,70,,36843,39,,,0,30,,36844,39,,,0,70,,36845,39,,,0
580000,'4',627,,36846,39,,,0,85,,36847,39,,,0,45,,36848,39,,,0,85,,36849,39,,,0,85,,36850,39,,,0,85,,36851,39,,,0,46,,36852,39,,,0,85,,36853,39,,,0,85,,36854,39,,,0,85,,36855,39,,,0,45,,36856,39,,,0,85,,36857,39,,,0,85,,36858,39,,,0,85,,36859,39,,,0,45,,36860,39,,,0,85,,36861,39,,,0,84,,36862,39,,,0,85,,36863,39,,,0,45,,36864,39,,,0,85,,36865,39,,,0,85,,36866,39,,,0
580000,'6',439,,36899,1,,,0,18,,36900,1,,,0,63,,36867,1,,,0,7,,36898,1,,,0,16,,36901,1,,,0,13,,36872,39,,,0,72,,36889,39,,,0,30,,36871,39,,,0,70,,36890,39,,,0,30,,36870,39,,,0,70,,36891,39,,,0,30,,36869,39,,,0,77,,36892,39,,,0,70,,36868,39,,,0,30,,36894,39,,,0,70,,36877,39,,,0,30,,36884,39,,,0,70,,36888,39,,,0,30,,36885,39,,,0,70,,36874,39,,,0,30,,36873,39,,,0,70,,36895,39,,,0,30,,36886,39,,,0,70,,36878,39,,,0,30,,36887,39,,,0,70,,36880,39,,,0,30,,36879,39,,,0,70,,36893,39,,,0,30,,36881,39,,,0,70,,36882,39,,,0,30,,36883,39,,,0,70,,36896,39,,,0,25,,36875,39,,,0,70,,36897,39,,,0,30,,36876,39,,,0,70,,36902,39,,,0,30,,36903,39,,,0,70,,36904,39,,,0,27,,36905,39,,,0,30,,36906,39,,,0,70,,36907,39,,,0,30,,36908,39,,,0,70,,36909,39,,,0
