578300,'1',536,,30529,42,0,23 24,0,65,,30532,85,0,23 24,0,30,,30535,85,0,23 24,0,70,,30538,85,0,23 24,0,15,,30540,85,0,23 24,0,15,,30542,85,0,23 24,0,15,,30544,85,0,23 24,0,55,,30546,85,0,23 24,0,15,,30548,85,0,23 24,0,15,,30550,85,0,23 24,0,15,,30552,85,0,23 24,0,55,,30554,85,0,23 24,0,15,,30556,85,0,23 24,0,22,,30558,85,0,23 24,0,15,,30560,85,0,23 24,0,55,,30562,85,0,23 24,0,30,,30566,85,0,23 24,0,70,,30569,85,0,23 24,0,30,,30572,85,0,23 24,0,70,,30575,85,0,23 24,0,30,,30578,85,0,23 24,0,70,,30581,85,0,23 24,0,30,,30584,85,0,23 24,0,70,,30587,85,0,23 24,0,32,,30590,85,0,23 24,0,15,,30592,85,0,23 24,0,55,,30594,85,0,23 24,0,15,,30596,85,0,23 24,0,15,,30598,85,0,23 24,0,15,,30600,85,0,23 24,0,55,,30602,85,0,23 24,0,15,,30604,85,0,23 24,0,15,,30606,85,0,23 24,0,15,,30608,85,0,23 24,0,55,,30610,85,0,23 24,0,15,,30612,85,0,23 24,0,15,,30614,85,0,23 24,0,15,,30616,85,0,23 24,0,55,,30618,85,0,23 24,0,15,,30620,85,0,23 24,0,15,,30622,85,0,23 24,0,15,,30624,85,0,23 24,0,47,,30626,85,0,23 24,0,30,,30629,85,0,23 24,0,70,,30632,85,0,23 24,0,30,,30635,85,0,23 24,0,70,,30638,85,0,23 24,0,30,,30641,85,0,23 24,0,70,,30644,85,0,23 24,0,25,,30647,85,0,23 24,0,85,,30650,85,0,23 24,0,45,,30653,85,0,23 24,0,85,,30656,85,0,23 24,0,85,,30659,85,0,23 24,0,21,,30662,85,0,23 24,0
578300,'2',457,,30665,42,0,23 24,0,70,,30667,42,0,23 24,0,85,,30670,85,0,23 24,0,27,,30672,85,0,23 24,0,76,,30675,85,0,23 24,0,36,,30678,85,0,23 24,0,70,,30681,42,0,23 24,0,17,,30682,85,0,23 24,0,76,,30685,85,0,23 24,0,36,,30688,85,0,23 24,0,76,,30691,85,0,23 24,0,76,,30694,85,0,23 24,0,36,,30697,85,0,23 24,0,76,,30700,85,0,23 24,0,36,,30703,85,0,23 24,0,76,,30706,85,0,23 24,0,76,,30709,85,0,23 24,0,36,,30712,85,0,23 24,0,76,,30715,85,0,23 24,0,36,,30718,85,0,23 24,0,76,,30721,85,0,23 24,0,76,,30724,85,0,23 24,0,36,,30727,85,0,23 24,0,76,,30730,85,0,23 24,0,32,,30733,85,0,23 24,0,76,,30736,85,0,23 24,0,29,,30739,85,0,23 24,0,76,,30742,85,0,23 24,0,76,,30745,85,0,23 24,0,36,,30748,85,0,23 24,0,77,,30751,85,0,23 24,0,43,,30754,85,0,23 24,0,70,,30756,85,0,23 24,0,85,,30759,85,0,23 24,0,45,,30762,85,0,23 24,0,90,,30766,85,0,23 24,0
578300,'3',544,,30769,42,0,23 24,0,85,,30772,85,0,23 24,0,23,,30774,42,0,23 24,0,62,,30776,85,0,23 24,0,45,,30779,85,0,23 24,0,85,,30782,85,0,23 24,0,85,,30785,85,0,23 24,0,76,,30788,85,0,23 24,0,45,,30791,85,0,23 24,0,76,,30794,85,0,23 24,0,76,,30797,85,0,23 24,0,36,,30800,85,0,23 24,0,76,,30803,85,0,23 24,0,36,,30806,85,0,23 24,0,76,,30809,85,0,23 24,0,76,,30812,85,0,23 24,0,36,,30815,85,0,23 24,0,76,,30818,85,0,23 24,0,36,,30821,85,0,23 24,0,76,,30824,85,0,23 24,0,76,,30827,85,0,23 24,0,32,,30830,85,0,23 24,0,85,,30833,85,0,23 24,0,85,,30836,85,0,23 24,0,45,,30839,85,0,23 24,0,85,,30842,85,0,23 24,0,85,,30845,85,0,23 24,0,40,,30848,85,0,23 24,0,85,,30851,85,0,23 24,0,85,,30855,85,0,23 24,0
578300,'4',559,,30921,42,0,23 24,0,80,,30857,42,0,23 24,0,75,,30860,85,0,23 24,0,45,,30863,85,0,23 24,0,85,,30866,85,0,23 24,0,85,,30869,85,0,23 24,0,85,,30872,85,0,23 24,0,92,,30875,85,0,23 24,0,45,,30878,85,0,23 24,0,85,,30881,85,0,23 24,0,85,,30884,85,0,23 24,0,85,,30887,85,0,23 24,0,45,,30890,85,0,23 24,0,85,,30893,85,0,23 24,0,85,,30896,85,0,23 24,0,85,,30899,85,0,23 24,0,45,,30902,85,0,23 24,0,78,,30905,85,0,23 24,0,85,,30908,85,0,23 24,0,45,,30911,85,0,23 24,0,85,,30914,85,0,23 24,0,85,,30918,85,0,23 24,0
578300,'6',544,,30923,42,0,23 24,0,85,,30926,85,0,23 24,0,23,,30928,42,0,23 24,0,62,,30930,85,0,23 24,0,45,,30933,85,0,23 24,0,85,,30936,85,0,23 24,0,85,,30939,85,0,23 24,0,76,,30942,85,0,23 24,0,45,,30945,85,0,23 24,0,76,,30948,85,0,23 24,0,76,,30951,85,0,23 24,0,36,,30954,85,0,23 24,0,76,,30957,85,0,23 24,0,36,,30960,85,0,23 24,0,76,,30963,85,0,23 24,0,76,,30966,85,0,23 24,0,36,,30969,85,0,23 24,0,76,,30972,85,0,23 24,0,36,,30975,85,0,23 24,0,76,,30978,85,0,23 24,0,76,,30981,85,0,23 24,0,32,,30984,85,0,23 24,0,85,,30987,85,0,23 24,0,85,,30990,85,0,23 24,0,45,,30993,85,0,23 24,0,85,,30996,85,0,23 24,0,85,,30999,85,0,23 24,0,40,,31002,85,0,23 24,0,85,,31005,85,0,23 24,0,85,,31009,85,0,23 24,0
579101,'1',522,,32957,40,,,0,28,,32958,40,,,0,70,,32959,40,,,0,30,,32960,40,,,0,70,,32961,40,,,0,30,,32962,40,,,0,70,,32963,40,,,0,30,,32964,40,,,0,70,,32965,40,,,0,34,,32966,40,,,0,70,,32967,40,,,0,30,,32983,40,,,0,70,,32968,40,,,0,30,,32984,40,,,0,70,,32969,40,,,0,23,,32985,23,,,0,73,,32970,23,,,0,30,,32986,23,,,0,70,,32971,23,,,0,30,,32987,23,,,0,70,,32972,23,,,0,30,,32973,23,,,0,70,,32997,23,,,0,30,,32974,23,,,0,70,,32975,23,,,0,30,,32976,23,,,0,70,,32977,23,,,0,30,,32978,23,,,0,69,,32979,23,,,0,30,,32988,23,,,0,70,,32980,23,,,0,30,,32989,23,,,0,70,,32981,23,,,0,30,,32990,23,,,0,70,,32982,23,,,0,30,,32991,23,,,0,70,,32992,23,,,0,30,,32993,23,,,0,70,,32994,23,,,0,25,,32995,23,,,0,70,,32996,23,,,0
579101,'2',752,,32998,40,,,0,70,,32999,40,,,0,30,,33000,40,,,0,70,,33001,40,,,0,30,,33002,40,,,0,70,,33003,40,,,0,30,,33019,40,,,0,70,,33004,40,,,0,30,,33020,40,,,0,70,,33005,40,,,0,23,,33021,23,,,0,75,,33006,23,,,0,30,,33022,23,,,0,70,,33007,23,,,0,30,,33023,23,,,0,70,,33008,23,,,0,30,,33009,23,,,0,70,,33031,23,,,0,30,,33010,23,,,0,70,,33011,23,,,0,30,,33012,23,,,0,70,,33013,23,,,0,30,,33014,23,,,0,70,,33015,23,,,0,30,,33024,23,,,0,70,,33016,23,,,0,30,,33025,23,,,0,70,,33017,23,,,0,30,,33026,23,,,0,70,,33018,23,,,0,29,,33027,23,,,0,71,,33028,23,,,0,30,,33029,23,,,0,70,,33030,23,,,0
579101,'3',752,,33032,40,,,0,70,,33033,40,,,0,30,,33034,40,,,0,70,,33035,40,,,0,30,,33036,40,,,0,70,,33037,40,,,0,30,,33053,40,,,0,70,,33038,40,,,0,30,,33054,40,,,0,70,,33039,40,,,0,23,,33055,23,,,0,75,,33040,23,,,0,30,,33056,23,,,0,70,,33041,23,,,0,30,,33057,23,,,0,70,,33042,23,,,0,30,,33043,23,,,0,70,,33065,23,,,0,30,,33044,23,,,0,70,,33045,23,,,0,30,,33046,23,,,0,70,,33047,23,,,0,30,,33048,23,,,0,70,,33049,23,,,0,30,,33058,23,,,0,70,,33050,23,,,0,30,,33059,23,,,0,70,,33051,23,,,0,30,,33060,23,,,0,70,,33052,23,,,0,30,,33061,23,,,0,70,,33062,23,,,0,30,,33063,23,,,0,63,,33064,23,,,0
579101,'4',752,,33066,40,,,0,70,,33067,40,,,0,30,,33068,40,,,0,70,,33069,40,,,0,30,,33070,40,,,0,70,,33071,40,,,0,30,,33085,40,,,0,70,,33072,40,,,0,30,,33086,40,,,0,70,,33073,40,,,0,23,,33087,23,,,0,75,,33074,23,,,0,30,,33088,23,,,0,70,,33075,23,,,0,30,,33089,23,,,0,70,,33076,23,,,0,30,,33077,23,,,0,70,,33092,23,,,0,30,,33078,23,,,0,70,,33079,23,,,0,30,,33080,23,,,0,70,,33081,23,,,0,30,,33082,23,,,0,70,,33083,23,,,0,30,,33090,23,,,0,70,,33084,23,,,0,30,,33091,23,,,0
579101,'6',752,,33093,40,,,0,70,,33094,40,,,0,30,,33095,40,,,0,70,,33096,40,,,0,30,,33097,40,,,0,70,,33098,40,,,0,30,,33114,40,,,0,70,,33099,40,,,0,30,,33115,40,,,0,70,,33100,40,,,0,23,,33116,23,,,0,75,,33101,23,,,0,30,,33117,23,,,0,70,,33102,23,,,0,30,,33118,23,,,0,70,,33103,23,,,0,30,,33104,23,,,0,70,,33126,23,,,0,30,,33105,23,,,0,70,,33106,23,,,0,30,,33107,23,,,0,70,,33108,23,,,0,30,,33109,23,,,0,70,,33110,23,,,0,30,,33119,23,,,0,70,,33111,23,,,0,30,,33120,23,,,0,70,,33112,23,,,0,30,,33121,23,,,0,70,,33113,23,,,0,29,,33122,23,,,0,71,,33123,23,,,0,30,,33124,23,,,0,70,,33125,23,,,0
583500,'8502',1417,,42931,24,,,0,100,,42930,24,,,0,100,,42929,24,,,0,100,,42928,24,,,0,100,,42927,24,,,0,100,,42926,24,,,0,100,,42925,24,,,0,100,,42924,24,,,0,100,,42923,24,,,0,100,,42922,24,,,0
