580700,'1',525,,38810,1,,,0,30,,38808,1,,,0,52,,38806,1,,,0,15,,38805,1,,,0,15,,38804,1,,,0,15,,38803,1,,,0,55,,38802,1,,,0,15,,38801,1,,,0,15,,38800,1,,,0,15,,38799,1,,,0,55,,38798,1,,,0,15,,38797,1,,,0,15,,38796,1,,,0,15,,38795,1,,,0,62,,38794,1,,,0,20,,38793,1,,,0,70,,38792,1,,,0,30,,38791,1,,,0,70,,38790,1,,,0,30,,38789,1,,,0,70,,38788,1,,,0,30,,38787,1,,,0,25,,38785,1,,,0,70,,38783,1,,,0,25,,38781,1,,,0,55,,38780,1,,,0,15,,38779,1,,,0,15,,38778,1,,,0,15,,38777,1,,,0,55,,38776,1,,,0,15,,38775,1,,,0,15,,38774,1,,,0,15,,38773,1,,,0,55,,38772,1,,,0,15,,38771,1,,,0,15,,38770,1,,,0,15,,38769,1,,,0,55,,38768,1,,,0,15,,38767,1,,,0,15,,38766,1,,,0,15,,38765,1,,,0,76,,38764,1,,,0,70,,38763,1,,,0,30,,38762,1,,,0,70,,38761,1,,,0,30,,38760,1,,,0,70,,38759,1,,,0,33,,38758,1,,,0,70,,38757,1,,,0,30,,38756,1,,,0,70,,38755,1,,,0,30,,38754,1,,,0,70,,38750,1,,,0,30,,38753,1,,,0,25,,38752,1,0,5 6,0,97,,38751,1,0,7 4 8 9 10,0
580700,'2',502,,38854,1,,,0,30,,38816,1,,,0,70,,38817,1,,,0,35,,38818,1,,,0,70,,38819,1,,,0,30,,38820,1,,,0,70,,38821,1,,,0,30,,38822,1,,,0,70,,38823,1,,,0,30,,38824,1,,,0,68,,38825,1,,,0,30,,38826,1,,,0,70,,38827,1,,,0,30,,38828,1,,,0,70,,38829,1,,,0,30,,38830,1,,,0,70,,38831,1,,,0,30,,38832,1,,,0,70,,38833,1,,,0,30,,38834,1,,,0,70,,38835,1,,,0,30,,38836,1,,,0,70,,38837,1,,,0,30,,38838,1,,,0,70,,38839,1,,,0,30,,38840,1,,,0,70,,38841,1,,,0,33,,38842,1,,,0,70,,38843,1,,,0,30,,38844,1,,,0,70,,38845,1,,,0,30,,38846,1,,,0,70,,38847,1,,,0,30,,38848,1,,,0,70,,38849,1,,,0,30,,38850,1,,,0,70,,38851,1,,,0,30,,38852,1,,,0,83,,38853,1,,,0
580700,'3',555,,38855,1,,,0,70,,38868,1,,,0,80,,38856,1,,,0,30,,38869,1,,,0,70,,38857,1,,,0,30,,38870,1,,,0,70,,38858,1,,,0,30,,38871,1,,,0,70,,38859,1,,,0,30,,38872,1,,,0,70,,38860,1,,,0,30,,38873,1,,,0,70,,38861,1,,,0,30,,38874,1,,,0,70,,38862,1,,,0,30,,38875,1,,,0,70,,38863,1,,,0,30,,38876,1,,,0,70,,38864,1,,,0,30,,38877,1,,,0,70,,38865,1,,,0,30,,38878,1,,,0,70,,38866,1,,,0,30,,38879,1,,,0,74,,38867,1,,,0,30,,38889,1,,,0,70,,38880,1,,,0,30,,38886,1,,,0,70,,38881,1,,,0,30,,38887,1,,,0,70,,38882,1,,,0,30,,38888,1,,,0,70,,38883,1,,,0,30,,38890,1,,,0,70,,38884,1,,,0,30,,38891,1,,,0,70,,38885,1,0,7 4 8 9 10,0
580700,'4',617,,38907,1,,,0,30,,38892,1,,,0,70,,38908,1,,,0,30,,38893,1,,,0,70,,38909,1,,,0,30,,38894,1,,,0,70,,38910,1,,,0,30,,38895,1,,,0,70,,38911,1,,,0,30,,38896,1,,,0,70,,38912,1,,,0,30,,38897,1,,,0,70,,38913,1,,,0,30,,38898,1,,,0,70,,38914,1,,,0,30,,38899,1,,,0,70,,38915,1,,,0,30,,38900,1,,,0,70,,38916,1,,,0,30,,38901,1,,,0,70,,38917,1,,,0,30,,38902,1,,,0,70,,38918,1,,,0,30,,38903,1,,,0,70,,38919,1,,,0,30,,38904,1,,,0,70,,38920,1,,,0,30,,38905,1,,,0,70,,38921,1,,,0,30,,38906,1,0,7 4 8 9 10,0
580700,'6',555,,38924,1,,,0,70,,38937,1,,,0,80,,38925,1,,,0,30,,38938,1,,,0,70,,38926,1,,,0,30,,38939,1,,,0,70,,38927,1,,,0,30,,38940,1,,,0,70,,38928,1,,,0,30,,38941,1,,,0,70,,38929,1,,,0,30,,38942,1,,,0,70,,38930,1,,,0,30,,38943,1,,,0,70,,38931,1,,,0,30,,38944,1,,,0,70,,38932,1,,,0,30,,38945,1,,,0,70,,38933,1,,,0,30,,38946,1,,,0,70,,38934,1,,,0,30,,38947,1,,,0,70,,38935,1,,,0,30,,38948,1,,,0,74,,38936,1,,,0,30,,38958,1,,,0,70,,38949,1,,,0,30,,38955,1,,,0,70,,38950,1,,,0,30,,38956,1,,,0,70,,38951,1,,,0,30,,38957,1,,,0,70,,38952,1,,,0,30,,38959,1,,,0,70,,38953,1,,,0,30,,38960,1,,,0,70,,38954,1,0,7 4 8 9 10,0
580701,'1',458,,39023,57,4,,0,68,,39022,57,4,,0,76,,39021,57,4,,0,15,,39020,57,4,,0,10,,39018,57,4,,0,2,,39019,92,4,,0,28,,39016,57,4,,0,2,,39017,92,4,,0,64,,39015,92,4,,0,4,,39014,57,4,,0,18,,39013,92,4,,0,61,,39012,92,4,,0,15,,39011,92,4,,0,15,,39010,92,4,,0,15,,39009,92,4,,0,55,,39008,92,4,,0,15,,39007,92,4,,0,15,,39006,92,4,,0,15,,39005,92,4,,0,55,,39004,92,4,,0,15,,39003,92,4,,0,25,,39002,92,4,,0,67,,39001,92,4,,0,30,,39000,92,4,,0,70,,38999,92,4,,0,30,,38998,92,4,,0,70,,38997,92,4,,0,30,,38996,92,4,,0,60,,38995,57,4,,0,10,,38994,92,4,,0,20,,38993,57,4,,0,10,,38992,92,4,,0,68,,38991,92,4,,0,15,,38990,92,4,,0,15,,38989,92,4,,0,15,,38988,92,4,,0,55,,38987,92,4,,0,15,,38986,92,4,,0,15,,38985,92,4,,0,15,,38984,92,4,,0,55,,38983,92,4,,0,15,,38982,92,4,,0,15,,38981,92,4,,0,15,,38980,92,4,,0,55,,38979,92,4,,0,15,,38978,92,4,,0,15,,38977,92,4,,0,15,,38976,92,4,,0,60,,38975,92,4,,0,30,,38974,92,4,,0,66,,38973,92,4,,0,30,,38972,92,4,,0,70,,38971,92,4,,0,30,,38970,92,4,,0,70,,38969,92,4,,0,30,,38968,92,4,,0,70,,38967,92,4,,0,30,,38966,92,4,,0,70,,38963,92,4,,0,30,,38965,92,4,,0,70,,38962,92,4,,0,30,,38964,92,4,,0
580701,'2',622,,39063,92,4,,0,30,,39024,92,4,,0,70,,39025,92,4,,0,30,,39026,92,4,,0,65,,39038,92,4,,0,30,,39027,92,4,,0,70,,39039,92,4,,0,30,,39028,92,4,,0,70,,39040,92,4,,0,30,,39029,92,4,,0,75,,39041,92,4,,0,30,,39030,92,4,,0,70,,39042,92,4,,0,30,,39043,92,4,,0,70,,39044,92,4,,0,30,,39045,92,4,,0,70,,39046,92,4,,0,30,,39047,92,4,,0,70,,39048,92,4,,0,30,,39031,92,4,,0,70,,39049,92,4,,0,30,,39032,92,4,,0,70,,39050,92,4,,0,30,,39033,92,4,,0,70,,39051,92,4,,0,30,,39052,92,4,,0,70,,39053,92,4,,0,30,,39034,92,4,,0,65,,39054,92,4,,0,30,,39055,92,4,,0,70,,39056,92,4,,0,30,,39057,92,4,,0,70,,39058,92,4,,0,30,,39059,92,4,,0,70,,39060,92,4,,0,30,,39035,92,4,,0,70,,39036,92,4,,0,30,,39061,92,4,,0,70,,39037,92,4,,0,85,,39062,92,4,,0
580701,'3',643,,39065,57,4,,0,70,,39066,57,4,,0,30,,39101,92,4,,0,70,,39067,92,4,,0,36,,39084,92,4,,0,64,,39068,92,4,,0,36,,39085,92,4,,0,70,,39069,92,4,,0,30,,39086,92,4,,0,71,,39070,92,4,,0,30,,39087,92,4,,0,70,,39071,92,4,,0,30,,39088,92,4,,0,70,,39072,92,4,,0,30,,39089,92,4,,0,70,,39073,92,4,,0,30,,39090,92,4,,0,70,,39074,92,4,,0,30,,39091,92,4,,0,70,,39075,92,4,,0,30,,39092,92,4,,0,70,,39076,92,4,,0,30,,39093,92,4,,0,70,,39077,92,4,,0,30,,39094,92,4,,0,69,,39078,92,4,,0,30,,39095,92,4,,0,70,,39079,92,4,,0,30,,39096,92,4,,0,70,,39080,92,4,,0,30,,39097,92,4,,0,70,,39081,92,4,,0,30,,39098,92,4,,0,70,,39082,92,4,,0,30,,39099,92,4,,0,70,,39083,92,4,,0,30,,39100,92,4,,0
580701,'4',729,,39131,92,4,,0,30,,39132,92,4,,0,70,,39115,92,4,,0,30,,39117,92,4,,0,70,,39114,92,4,,0,30,,39118,92,4,,0,70,,39113,92,4,,0,30,,39119,92,4,,0,70,,39112,92,4,,0,30,,39120,92,4,,0,70,,39111,92,4,,0,30,,39121,92,4,,0,70,,39110,92,4,,0,30,,39122,92,4,,0,70,,39109,92,4,,0,30,,39123,92,4,,0,70,,39108,92,4,,0,30,,39124,92,4,,0,70,,39107,92,4,,0,30,,39125,92,4,,0,70,,39106,92,4,,0,30,,39126,92,4,,0,70,,39105,92,4,,0,30,,39127,92,4,,0,70,,39104,92,4,,0,30,,39128,92,4,,0,70,,39103,92,4,,0,30,,39129,92,4,,0,70,,39102,92,4,,0,30,,39130,92,4,,0
580701,'6',643,,39134,57,4,,0,70,,39135,57,4,,0,30,,39170,92,4,,0,70,,39136,92,4,,0,36,,39153,92,4,,0,64,,39137,92,4,,0,36,,39154,92,4,,0,70,,39138,92,4,,0,30,,39155,92,4,,0,71,,39139,92,4,,0,30,,39156,92,4,,0,70,,39140,92,4,,0,30,,39157,92,4,,0,70,,39141,92,4,,0,30,,39158,92,4,,0,70,,39142,92,4,,0,30,,39159,92,4,,0,70,,39143,92,4,,0,30,,39160,92,4,,0,70,,39144,92,4,,0,30,,39161,92,4,,0,70,,39145,92,4,,0,30,,39162,92,4,,0,70,,39146,92,4,,0,30,,39163,92,4,,0,69,,39147,92,4,,0,30,,39164,92,4,,0,70,,39148,92,4,,0,30,,39165,92,4,,0,70,,39149,92,4,,0,30,,39166,92,4,,0,70,,39150,92,4,,0,30,,39167,92,4,,0,70,,39151,92,4,,0,30,,39168,92,4,,0,70,,39152,92,4,,0,30,,39169,92,4,,0
