578300,'1601',1534,,30527,28,0,27 28,0
578300,'1',505,,30528,28,0,27 28,0,26,,30530,28,0,27 28,0,4,,30531,28,0,31 4 32,0,66,,30533,86,0,31 4 32,0,10,,30534,93,0,27 28,0,25,,30536,86,0,31 4 32,0,7,,30537,93,0,27 28,0,15,,30539,86,0,31 4 32,0,55,,30541,93,0,27 28,0,17,,30543,86,0,31 4 32,0,15,,30545,93,0,27 28,0,55,,30547,86,0,31 4 32,0,15,,30549,93,0,27 28,0,15,,30551,86,0,31 4 32,0,15,,30553,93,0,27 28,0,55,,30555,86,0,31 4 32,0,15,,30557,93,0,27 28,0,18,,30559,86,0,31 4 32,0,15,,30561,93,0,27 28,0,58,,30563,86,0,31 4 32,0,10,,30565,93,0,27 28,0,20,,30567,86,0,31 4 32,0,10,,30568,93,0,27 28,0,60,,30570,86,0,31 4 32,0,10,,30571,93,0,27 28,0,20,,30573,86,0,31 4 32,0,10,,30574,93,0,27 28,0,60,,30576,86,0,31 4 32,0,10,,30577,93,0,27 28,0,20,,30579,86,0,31 4 32,0,10,,30580,93,0,27 28,0,60,,30582,86,0,31 4 32,0,10,,30583,93,0,27 28,0,20,,30585,86,0,31 4 32,0,10,,30586,93,0,27 28,0,60,,30588,86,0,31 4 32,0,10,,30589,93,0,27 28,0,17,,30591,86,0,31 4 32,0,18,,30593,93,0,27 28,0,55,,30595,86,0,31 4 32,0,15,,30597,93,0,27 28,0,15,,30599,86,0,31 4 32,0,15,,30601,93,0,27 28,0,55,,30603,86,0,31 4 32,0,15,,30605,93,0,27 28,0,15,,30607,86,0,31 4 32,0,15,,30609,93,0,27 28,0,55,,30611,86,0,31 4 32,0,15,,30613,93,0,27 28,0,15,,30615,86,0,31 4 32,0,15,,30617,93,0,27 28,0,55,,30619,86,0,31 4 32,0,15,,30621,93,0,27 28,0,15,,30623,86,0,31 4 32,0,16,,30625,93,0,27 28,0,50,,30627,86,0,31 4 32,0,10,,30628,93,0,27 28,0,20,,30630,86,0,31 4 32,0,10,,30631,93,0,27 28,0,60,,30633,86,0,31 4 32,0,10,,30634,93,0,27 28,0,20,,30636,86,0,31 4 32,0,10,,30637,93,0,27 28,0,60,,30639,86,0,31 4 32,0,10,,30640,93,0,27 28,0,20,,30642,86,0,31 4 32,0,10,,30643,93,0,27 28,0,60,,30645,86,0,31 4 32,0,10,,30646,93,0,27 28,0,23,,30648,93,0,27 28,0,15,,30649,86,0,31 4 32,0,70,,30651,93,0,27 28,0,15,,30652,86,0,31 4 32,0,70,,30654,93,0,27 28,0,15,,30655,86,0,31 4 32,0,30,,30657,93,0,27 28,0,55,,30658,86,0,31 4 32,0,35,,30661,93,0,27 28,0
578300,'2',510,,30666,28,0,27 28,0,15,,30668,28,0,31 4 32,0,20,,30669,28,0,27 28,0,75,,30671,86,0,31 4 32,0,24,,30673,93,0,27 28,0,12,,30674,86,0,31 4 32,0,64,,30676,93,0,27 28,0,12,,30677,86,0,31 4 32,0,24,,30679,93,0,27 28,0,52,,30680,86,0,31 4 32,0,30,,30683,93,0,27 28,0,12,,30684,86,0,31 4 32,0,64,,30686,93,0,27 28,0,12,,30687,86,0,31 4 32,0,24,,30689,93,0,27 28,0,52,,30690,86,0,31 4 32,0,24,,30692,93,0,27 28,0,12,,30693,86,0,31 4 32,0,64,,30695,93,0,27 28,0,12,,30696,86,0,31 4 32,0,24,,30698,93,0,27 28,0,12,,30699,86,0,31 4 32,0,64,,30701,93,0,27 28,0,12,,30702,86,0,31 4 32,0,24,,30704,93,0,27 28,0,52,,30705,86,0,31 4 32,0,24,,30707,93,0,27 28,0,12,,30708,86,0,31 4 32,0,64,,30710,93,0,27 28,0,12,,30711,86,0,31 4 32,0,24,,30713,93,0,27 28,0,12,,30714,86,0,31 4 32,0,64,,30716,93,0,27 28,0,12,,30717,86,0,31 4 32,0,24,,30719,93,0,27 28,0,52,,30720,86,0,31 4 32,0,24,,30722,93,0,27 28,0,12,,30723,86,0,31 4 32,0,64,,30725,93,0,27 28,0,12,,30726,86,0,31 4 32,0,24,,30728,93,0,27 28,0,12,,30729,86,0,31 4 32,0,62,,30731,93,0,27 28,0,10,,30732,86,0,31 4 32,0,24,,30734,93,0,27 28,0,12,,30735,86,0,31 4 32,0,64,,30737,93,0,27 28,0,12,,30738,86,0,31 4 32,0,23,,30740,93,0,27 28,0,52,,30741,86,0,31 4 32,0,24,,30743,93,0,27 28,0,12,,30744,86,0,31 4 32,0,64,,30746,93,0,27 28,0,12,,30747,86,0,31 4 32,0,24,,30749,93,0,27 28,0,12,,30750,86,0,31 4 32,0,66,,30752,93,0,27 28,0,15,,30753,86,0,31 4 32,0,70,,30755,93,0,27 28,0,30,,30757,86,0,31 4 32,0,15,,30758,93,0,27 28,0,70,,30760,86,0,31 4 32,0,15,,30761,93,0,27 28,0,70,,30763,93,0,27 28,0,15,,30764,86,0,31 4 32,0
578300,'3',512,,30768,28,0,27 28,0,23,,30770,28,0,31 4 32,0,23,,30771,28,0,27 28,0,77,,30773,86,0,31 4 32,0,15,,30775,93,0,27 28,0,70,,30777,86,0,31 4 32,0,15,,30778,93,0,27 28,0,70,,30780,86,0,31 4 32,0,15,,30781,93,0,27 28,0,30,,30783,86,0,31 4 32,0,55,,30784,93,0,27 28,0,27,,30786,86,0,31 4 32,0,12,,30787,93,0,27 28,0,64,,30789,86,0,31 4 32,0,20,,30790,93,0,27 28,0,24,,30792,86,0,31 4 32,0,52,,30793,93,0,27 28,0,24,,30795,86,0,31 4 32,0,12,,30796,93,0,27 28,0,64,,30798,86,0,31 4 32,0,12,,30799,93,0,27 28,0,24,,30801,86,0,31 4 32,0,12,,30802,93,0,27 28,0,64,,30804,86,0,31 4 32,0,12,,30805,93,0,27 28,0,24,,30807,86,0,31 4 32,0,52,,30808,93,0,27 28,0,24,,30810,86,0,31 4 32,0,12,,30811,93,0,27 28,0,64,,30813,86,0,31 4 32,0,12,,30814,93,0,27 28,0,24,,30816,86,0,31 4 32,0,12,,30817,93,0,27 28,0,64,,30819,86,0,31 4 32,0,12,,30820,93,0,27 28,0,24,,30822,86,0,31 4 32,0,52,,30823,93,0,27 28,0,24,,30825,86,0,31 4 32,0,12,,30826,93,0,27 28,0,64,,30828,86,0,31 4 32,0,12,,30829,93,0,27 28,0,24,,30831,86,0,31 4 32,0,15,,30832,93,0,27 28,0,70,,30834,86,0,31 4 32,0,15,,30835,93,0,27 28,0,70,,30837,86,0,31 4 32,0,15,,30838,93,0,27 28,0,30,,30840,86,0,31 4 32,0,55,,30841,93,0,27 28,0,30,,30843,86,0,31 4 32,0,15,,30844,93,0,27 28,0,67,,30846,86,0,31 4 32,0,15,,30847,93,0,27 28,0,70,,30849,86,0,31 4 32,0,15,,30850,93,0,27 28,0,30,,30852,86,0,31 4 32,0,55,,30853,93,0,27 28,0,15,,30854,86,0,31 4 32,0
578300,'4',549,,30919,28,0,31 4 32,0,55,,30920,28,0,27 28,0,15,,30856,28,0,31 4 32,0,20,,30858,28,0,27 28,0,10,,30859,86,0,31 4 32,0,70,,30861,93,0,27 28,0,15,,30862,86,0,31 4 32,0,70,,30864,93,0,27 28,0,15,,30865,86,0,31 4 32,0,30,,30867,93,0,27 28,0,55,,30868,86,0,31 4 32,0,30,,30870,93,0,27 28,0,15,,30871,86,0,31 4 32,0,74,,30873,93,0,27 28,0,17,,30874,86,0,31 4 32,0,68,,30876,93,0,27 28,0,17,,30877,86,0,31 4 32,0,28,,30879,93,0,27 28,0,57,,30880,86,0,31 4 32,0,28,,30882,93,0,27 28,0,17,,30883,86,0,31 4 32,0,68,,30885,93,0,27 28,0,17,,30886,86,0,31 4 32,0,68,,30888,93,0,27 28,0,17,,30889,86,0,31 4 32,0,28,,30891,93,0,27 28,0,57,,30892,86,0,31 4 32,0,28,,30894,93,0,27 28,0,17,,30895,86,0,31 4 32,0,68,,30897,93,0,27 28,0,17,,30898,86,0,31 4 32,0,68,,30900,93,0,27 28,0,17,,30901,86,0,31 4 32,0,28,,30903,93,0,27 28,0,57,,30904,86,0,31 4 32,0,24,,30906,93,0,27 28,0,15,,30907,86,0,31 4 32,0,70,,30909,93,0,27 28,0,15,,30910,86,0,31 4 32,0,70,,30912,93,0,27 28,0,15,,30913,86,0,31 4 32,0,30,,30915,93,0,27 28,0,55,,30916,86,0,31 4 32,0
578300,'6',512,,30922,28,0,27 28,0,23,,30924,28,0,31 4 32,0,23,,30925,28,0,27 28,0,77,,30927,86,0,31 4 32,0,15,,30929,93,0,27 28,0,70,,30931,86,0,31 4 32,0,15,,30932,93,0,27 28,0,70,,30934,86,0,31 4 32,0,15,,30935,93,0,27 28,0,30,,30937,86,0,31 4 32,0,55,,30938,93,0,27 28,0,27,,30940,86,0,31 4 32,0,12,,30941,93,0,27 28,0,64,,30943,86,0,31 4 32,0,20,,30944,93,0,27 28,0,24,,30946,86,0,31 4 32,0,52,,30947,93,0,27 28,0,24,,30949,86,0,31 4 32,0,12,,30950,93,0,27 28,0,64,,30952,86,0,31 4 32,0,12,,30953,93,0,27 28,0,24,,30955,86,0,31 4 32,0,12,,30956,93,0,27 28,0,64,,30958,86,0,31 4 32,0,12,,30959,93,0,27 28,0,24,,30961,86,0,31 4 32,0,52,,30962,93,0,27 28,0,24,,30964,86,0,31 4 32,0,12,,30965,93,0,27 28,0,64,,30967,86,0,31 4 32,0,12,,30968,93,0,27 28,0,24,,30970,86,0,31 4 32,0,12,,30971,93,0,27 28,0,64,,30973,86,0,31 4 32,0,12,,30974,93,0,27 28,0,24,,30976,86,0,31 4 32,0,52,,30977,93,0,27 28,0,24,,30979,86,0,31 4 32,0,12,,30980,93,0,27 28,0,64,,30982,86,0,31 4 32,0,12,,30983,93,0,27 28,0,24,,30985,86,0,31 4 32,0,15,,30986,93,0,27 28,0,70,,30988,86,0,31 4 32,0,15,,30989,93,0,27 28,0,70,,30991,86,0,31 4 32,0,15,,30992,93,0,27 28,0,30,,30994,86,0,31 4 32,0,55,,30995,93,0,27 28,0,30,,30997,86,0,31 4 32,0,15,,30998,93,0,27 28,0,67,,31000,86,0,31 4 32,0,15,,31001,93,0,27 28,0,70,,31003,86,0,31 4 32,0,15,,31004,93,0,27 28,0,30,,31006,86,0,31 4 32,0,55,,31007,93,0,27 28,0,15,,31008,86,0,31 4 32,0
580901,'1',522,,39811,8,,,0,80,,39812,8,,,0,40,,39813,8,,,0,80,,39814,8,,,0,80,,39815,8,,,0,40,,39816,8,,,0,80,,39817,8,,,0,80,,39818,8,,,0,40,,39819,8,,,0,80,,39820,8,,,0,80,,39821,8,,,0,40,,39822,8,,,0,80,,39823,8,,,0,80,,39824,8,,,0,40,,39825,8,,,0,80,,39826,8,,,0,80,,39827,8,,,0,40,,39828,8,,,0,80,,39829,8,,,0,80,,39830,8,,,0,40,,39831,8,,,0,80,,39832,8,,,0,80,,39833,8,,,0,40,,39834,8,,,0,80,,39835,8,,,0,81,,39836,8,,,0,40,,39837,8,,,0,80,,39838,8,,,0,80,,39839,8,,,0,40,,39840,8,,,0,80,,39841,8,,,0
580901,'2',523,,39842,8,,,0,80,,39843,8,,,0,40,,39844,8,,,0,80,,39845,8,,,0,81,,39846,8,,,0,40,,39847,8,,,0,80,,39848,8,,,0,80,,39849,8,,,0,40,,39850,8,,,0,80,,39851,8,,,0,80,,39852,8,,,0,40,,39853,8,,,0,80,,39854,8,,,0,80,,39855,8,,,0,40,,39856,8,,,0,80,,39857,8,,,0,80,,39858,8,,,0,40,,39859,8,,,0,80,,39860,8,,,0,80,,39861,8,,,0,40,,39862,8,,,0,80,,39863,8,,,0,80,,39864,8,,,0,40,,39865,8,,,0,80,,39866,8,,,0,79,,39867,8,,,0,40,,39868,8,,,0,80,,39869,8,,,0,80,,39870,8,,,0,40,,39871,8,,,0,80,,39872,8,,,0
580901,'3',623,,39873,8,,,0,80,,39874,8,,,0,40,,39875,8,,,0,80,,39876,8,,,0,80,,39877,8,,,0,40,,39878,8,,,0,80,,39879,8,,,0,80,,39880,8,,,0,40,,39881,8,,,0,80,,39882,8,,,0,80,,39883,8,,,0,40,,39884,8,,,0,80,,39885,8,,,0,80,,39886,8,,,0,40,,39887,8,,,0,80,,39888,8,,,0,80,,39889,8,,,0,40,,39890,8,,,0,80,,39891,8,,,0,79,,39892,8,,,0,40,,39893,8,,,0,80,,39894,8,,,0,80,,39895,8,,,0,40,,39896,8,,,0,80,,39897,8,,,0,80,,39898,8,,,0,40,,39899,8,,,0
580901,'4',703,,39900,8,,,0,40,,39901,8,,,0,80,,39902,8,,,0,80,,39903,8,,,0,40,,39904,8,,,0,80,,39905,8,,,0,80,,39906,8,,,0,40,,39907,8,,,0,80,,39908,8,,,0,80,,39909,8,,,0,40,,39910,8,,,0,80,,39911,8,,,0,80,,39912,8,,,0,40,,39913,8,,,0,80,,39914,8,,,0,80,,39915,8,,,0,40,,39916,8,,,0,80,,39917,8,,,0,80,,39918,8,,,0,40,,39919,8,,,0
580901,'6',623,,39920,8,,,0,80,,39921,8,,,0,40,,39922,8,,,0,80,,39923,8,,,0,80,,39924,8,,,0,40,,39925,8,,,0,80,,39926,8,,,0,80,,39927,8,,,0,40,,39928,8,,,0,80,,39929,8,,,0,80,,39930,8,,,0,40,,39931,8,,,0,80,,39932,8,,,0,80,,39933,8,,,0,40,,39934,8,,,0,80,,39935,8,,,0,80,,39936,8,,,0,40,,39937,8,,,0,80,,39938,8,,,0,79,,39939,8,,,0,40,,39940,8,,,0,80,,39941,8,,,0,80,,39942,8,,,0,40,,39943,8,,,0,80,,39944,8,,,0,80,,39945,8,,,0,40,,39946,8,,,0
