583100,'1601',724,,42218,36,0,11 4 12 13,0,778,,42220,36,0,11 4 12 13,0
583100,'1',541,,42222,36,0,11 4 12 13,0,70,,42224,36,0,11 4 12 13,0,30,,42226,36,0,11 4 12 13,0,70,,42228,36,0,11 4 12 13,0,31,,42230,36,0,11 4 12 13,0,70,,42232,36,0,11 4 12 13,0,30,,42234,36,0,11 4 12 13,0,70,,42236,36,0,11 4 12 13,0,30,,42238,36,0,11 4 12 13,0,70,,42240,36,0,11 4 12 13,0,29,,42242,36,0,11 4 12 13,0,70,,42244,36,0,11 4 12 13,0,30,,42246,36,0,11 4 12 13,0,70,,42248,36,0,11 4 12 13,0,30,,42250,36,0,11 4 12 13,0,70,,42252,36,0,11 4 12 13,0,30,,42254,36,0,11 4 12 13,0,70,,42256,36,0,11 4 12 13,0,31,,42258,36,0,11 4 12 13,0,70,,42260,36,0,11 4 12 13,0,30,,42262,36,0,11 4 12 13,0,70,,42264,36,0,11 4 12 13,0,30,,42266,36,0,11 4 12 13,0,70,,42268,36,0,11 4 12 13,0,30,,42270,36,0,11 4 12 13,0,70,,42272,36,0,11 4 12 13,0,30,,42274,36,0,11 4 12 13,0,70,,42276,36,0,11 4 12 13,0,27,,42278,36,0,11 4 12 13,0,70,,42280,36,0,11 4 12 13,0,32,,42282,36,0,11 4 12 13,0,70,,42284,36,0,11 4 12 13,0,30,,42286,36,0,11 4 12 13,0,97,,42288,36,0,11 4 12 13,0,100,,42290,36,0,11 4 12 13,0,100,,42292,36,0,11 4 12 13,0
583100,'2',537,,42295,36,0,11 4 12 13,0,70,,42297,36,0,11 4 12 13,0,30,,42299,36,0,11 4 12 13,0,70,,42301,36,0,11 4 12 13,0,30,,42303,36,0,11 4 12 13,0,70,,42305,36,0,11 4 12 13,0,30,,42307,36,0,11 4 12 13,0,70,,42309,36,0,11 4 12 13,0,30,,42311,36,0,11 4 12 13,0,70,,42313,36,0,11 4 12 13,0,30,,42315,36,0,11 4 12 13,0,70,,42317,36,0,11 4 12 13,0,30,,42319,36,0,11 4 12 13,0,70,,42321,36,0,11 4 12 13,0,30,,42323,36,0,11 4 12 13,0,70,,42325,36,0,11 4 12 13,0,30,,42327,36,0,11 4 12 13,0,70,,42329,36,0,11 4 12 13,0,30,,42331,36,0,11 4 12 13,0,70,,42333,36,0,11 4 12 13,0,30,,42335,36,0,11 4 12 13,0,70,,42337,36,0,11 4 12 13,0,30,,42339,36,0,11 4 12 13,0,70,,42341,36,0,11 4 12 13,0,30,,42343,36,0,11 4 12 13,0,70,,42345,36,0,11 4 12 13,0,30,,42347,36,0,11 4 12 13,0,70,,42349,36,0,11 4 12 13,0,30,,42351,36,0,11 4 12 13,0,70,,42353,36,0,11 4 12 13,0,30,,42355,36,0,11 4 12 13,0,70,,42357,36,0,11 4 12 13,0,30,,42359,36,0,11 4 12 13,0,100,,42361,36,0,11 4 12 13,0,100,,42363,36,0,11 4 12 13,0,115,,42365,36,0,11 4 12 13,0
583100,'3',607,,42366,36,0,11 4 12 13,0,30,,42368,36,0,11 4 12 13,0,70,,42370,36,0,11 4 12 13,0,30,,42372,36,0,11 4 12 13,0,70,,42374,36,0,11 4 12 13,0,30,,42376,36,0,11 4 12 13,0,70,,42378,36,0,11 4 12 13,0,30,,42380,36,0,11 4 12 13,0,70,,42382,36,0,11 4 12 13,0,30,,42384,36,0,11 4 12 13,0,70,,42386,36,0,11 4 12 13,0,30,,42388,36,0,11 4 12 13,0,70,,42390,36,0,11 4 12 13,0,30,,42392,36,0,11 4 12 13,0,70,,42394,36,0,11 4 12 13,0,30,,42396,36,0,11 4 12 13,0,70,,42398,36,0,11 4 12 13,0,30,,42400,36,0,11 4 12 13,0,70,,42402,36,0,11 4 12 13,0,30,,42404,36,0,11 4 12 13,0,70,,42406,36,0,11 4 12 13,0,30,,42408,36,0,11 4 12 13,0,70,,42410,36,0,11 4 12 13,0,30,,42412,36,0,11 4 12 13,0,70,,42414,36,0,11 4 12 13,0,30,,42416,36,0,11 4 12 13,0,70,,42418,36,0,11 4 12 13,0,29,,42420,36,0,11 4 12 13,0,70,,42422,36,0,11 4 12 13,0,30,,42424,36,0,11 4 12 13,0,70,,42426,36,0,11 4 12 13,0,30,,42428,36,0,11 4 12 13,0,100,,42430,36,0,11 4 12 13,0,100,,42432,36,0,11 4 12 13,0
583100,'4',637,,42433,36,0,11 4 12 13,0,100,,42435,36,0,11 4 12 13,0,100,,42437,36,0,11 4 12 13,0,100,,42439,36,0,11 4 12 13,0,100,,42441,36,0,11 4 12 13,0,100,,42443,36,0,11 4 12 13,0,100,,42445,36,0,11 4 12 13,0,100,,42447,36,0,11 4 12 13,0,100,,42449,36,0,11 4 12 13,0,100,,42451,36,0,11 4 12 13,0,100,,42453,36,0,11 4 12 13,0,100,,42455,36,0,11 4 12 13,0,100,,42457,36,0,11 4 12 13,0,100,,42459,36,0,11 4 12 13,0,100,,42461,36,0,11 4 12 13,0
583100,'6',607,,42463,36,0,11 4 12 13,0,30,,42465,36,0,11 4 12 13,0,70,,42467,36,0,11 4 12 13,0,30,,42469,36,0,11 4 12 13,0,70,,42471,36,0,11 4 12 13,0,30,,42473,36,0,11 4 12 13,0,70,,42475,36,0,11 4 12 13,0,30,,42477,36,0,11 4 12 13,0,70,,42479,36,0,11 4 12 13,0,30,,42481,36,0,11 4 12 13,0,70,,42483,36,0,11 4 12 13,0,30,,42485,36,0,11 4 12 13,0,70,,42487,36,0,11 4 12 13,0,30,,42489,36,0,11 4 12 13,0,70,,42491,36,0,11 4 12 13,0,30,,42493,36,0,11 4 12 13,0,70,,42495,36,0,11 4 12 13,0,30,,42497,36,0,11 4 12 13,0,70,,42499,36,0,11 4 12 13,0,30,,42501,36,0,11 4 12 13,0,70,,42503,36,0,11 4 12 13,0,30,,42505,36,0,11 4 12 13,0,70,,42507,36,0,11 4 12 13,0,30,,42509,36,0,11 4 12 13,0,70,,42511,36,0,11 4 12 13,0,30,,42513,36,0,11 4 12 13,0,70,,42515,36,0,11 4 12 13,0,29,,42517,36,0,11 4 12 13,0,70,,42519,36,0,11 4 12 13,0,30,,42521,36,0,11 4 12 13,0,70,,42523,36,0,11 4 12 13,0,30,,42525,36,0,11 4 12 13,0,100,,42527,36,0,11 4 12 13,0,100,,42529,36,0,11 4 12 13,0
583101,'1',552,,42534,11,,,0,70,,42536,11,,,0,30,,42538,11,,,0,68,,42540,11,,,0,30,,42542,11,,,0,70,,42544,11,,,0,30,,42546,11,,,0,70,,42548,11,,,0,30,,42550,11,,,0,70,,42552,11,,,0,30,,42554,11,,,0,70,,42556,11,,,0,30,,42558,11,,,0,70,,42560,11,,,0,30,,42562,11,,,0,70,,42564,11,,,0,30,,42566,11,,,0,70,,42568,11,,,0,30,,42570,11,,,0,70,,42572,11,,,0,30,,42574,11,,,0,70,,42576,11,,,0,30,,42578,11,,,0,70,,42580,11,,,0,30,,42582,11,,,0,70,,42584,11,,,0,30,,42586,11,,,0,73,,42588,11,,,0,30,,42590,11,,,0,69,,42592,11,,,0,30,,42594,11,,,0,71,,42596,11,,,0,25,,42598,11,,,0,99,,42600,11,,,0,100,,42602,11,,,0,101,,42604,11,,,0,83,,42606,11,,,0
583101,'2',547,,42608,11,,,0,69,,42610,11,,,0,30,,42612,11,,,0,70,,42614,11,,,0,30,,42616,11,,,0,70,,42618,11,,,0,30,,42620,11,,,0,70,,42622,11,,,0,30,,42624,11,,,0,70,,42626,11,,,0,30,,42628,11,,,0,70,,42630,11,,,0,30,,42632,11,,,0,70,,42634,11,,,0,30,,42636,11,,,0,70,,42638,11,,,0,30,,42640,11,,,0,70,,42642,11,,,0,30,,42644,11,,,0,70,,42646,11,,,0,30,,42648,11,,,0,70,,42650,11,,,0,30,,42652,11,,,0,70,,42654,11,,,0,30,,42656,11,,,0,70,,42658,11,,,0,30,,42660,11,,,0,71,,42662,11,,,0,30,,42664,11,,,0,70,,42666,11,,,0,30,,42668,11,,,0,70,,42670,11,,,0,30,,42672,11,,,0,100,,42674,11,,,0,100,,42676,11,,,0,100,,42678,11,,,0
583101,'3',646,,42681,11,,,0,70,,42683,11,,,0,30,,42685,11,,,0,70,,42687,11,,,0,30,,42689,11,,,0,70,,42691,11,,,0,30,,42693,11,,,0,70,,42695,11,,,0,30,,42697,11,,,0,70,,42699,11,,,0,30,,42701,11,,,0,70,,42703,11,,,0,30,,42705,11,,,0,70,,42707,11,,,0,30,,42709,11,,,0,70,,42711,11,,,0,30,,42713,11,,,0,70,,42715,11,,,0,30,,42717,11,,,0,70,,42719,11,,,0,30,,42721,11,,,0,70,,42723,11,,,0,30,,42725,11,,,0,70,,42727,11,,,0,30,,42729,11,,,0,70,,42731,11,,,0,30,,42733,11,,,0,70,,42735,11,,,0,30,,42737,11,,,0,70,,42739,11,,,0,30,,42741,11,,,0,100,,42743,11,,,0,100,,42745,11,,,0
583101,'4',740,,42748,11,,,0,100,,42750,11,,,0,100,,42752,11,,,0,100,,42754,11,,,0,100,,42756,11,,,0,100,,42758,11,,,0,100,,42760,11,,,0,100,,42762,11,,,0,100,,42764,11,,,0,100,,42766,11,,,0,100,,42768,11,,,0,100,,42770,11,,,0,100,,42772,11,,,0,100,,42774,11,,,0,100,,42776,11,,,0
583101,'6',646,,42778,11,,,0,70,,42780,11,,,0,30,,42782,11,,,0,70,,42784,11,,,0,30,,42786,11,,,0,70,,42788,11,,,0,30,,42790,11,,,0,70,,42792,11,,,0,30,,42794,11,,,0,70,,42796,11,,,0,30,,42798,11,,,0,70,,42800,11,,,0,30,,42802,11,,,0,70,,42804,11,,,0,30,,42806,11,,,0,70,,42808,11,,,0,30,,42810,11,,,0,70,,42812,11,,,0,30,,42814,11,,,0,70,,42816,11,,,0,30,,42818,11,,,0,70,,42820,11,,,0,30,,42822,11,,,0,70,,42824,11,,,0,30,,42826,11,,,0,70,,42828,11,,,0,30,,42830,11,,,0,70,,42832,11,,,0,30,,42834,11,,,0,70,,42836,11,,,0,30,,42838,11,,,0,100,,42840,11,,,0,100,,42842,11,,,0
