579901,'1',528,,36452,9,,,0,20,,36453,9,,,0,60,,36454,9,,,0,22,,36455,9,,,0,24,,36456,9,,,0,53,,36457,9,,,0,12,,36458,9,,,0,11,,36459,9,,,0,12,,36460,9,,,0,12,,36461,9,,,0,52,,36462,9,,,0,12,,36463,9,,,0,12,,36464,9,,,0,12,,36465,9,,,0,12,,36466,9,,,0,52,,36467,9,,,0,12,,36468,9,,,0,15,,36469,9,,,0,15,,36470,9,,,0,55,,36471,9,,,0,15,,36472,9,,,0,15,,36473,9,,,0,15,,36474,9,,,0,55,,36475,9,,,0,15,,36476,9,,,0,15,,36477,9,,,0,15,,36478,9,,,0,55,,36479,9,,,0,15,,36480,9,,,0,15,,36481,9,,,0,15,,36482,9,,,0,55,,36483,9,,,0,15,,36484,9,,,0,15,,36485,9,,,0,15,,36486,9,,,0,55,,36487,9,,,0,14,,36488,9,,,0,15,,36489,9,,,0,14,,36490,9,,,0,13,,36491,9,,,0,52,,36492,9,,,0,12,,36493,9,,,0,12,,36494,9,,,0,12,,36495,9,,,0,12,,36496,9,,,0,52,,36497,9,,,0,12,,36498,9,,,0,12,,36499,9,,,0,12,,36500,9,,,0,12,,36501,9,,,0,52,,36502,9,,,0,12,,36503,9,,,0,12,,36504,9,,,0,12,,36505,9,,,0,54,,36506,9,,,0,12,,36507,9,,,0,15,,36508,9,,,0,12,,36509,9,0,7 4 8 45 10,0,4,,36510,9,,,0,56,,36511,9,,,0,17,,36512,9,,,0,17,,36513,9,,,0,19,,36514,9,,,0,54,,36515,9,,,0,2,,36516,9,0,7 4 8 45 10,0,18,,36517,9,,,0,20,,36518,9,,,0,60,,36519,9,,,0,20,,36520,9,,,0,73,,36521,9,,,0,30,,36522,9,,,0,23,,36523,9,,,0,81,,36524,9,,,0,70,,36525,9,,,0,19,,36526,9,0,7 4 8 45 10,0,32,,36527,9,,,0,88,,36528,9,0,7 4 8 45 10,0
579901,'2',541,,36540,9,,,0,68,,36541,9,,,0,26,,36542,9,,,0,70,,36543,9,,,0,30,,36544,9,,,0,70,,36545,9,,,0,30,,36546,9,,,0,71,,36547,9,,,0,20,,36548,9,,,0,20,,36549,9,,,0,60,,36550,9,,,0,20,,36551,9,,,0,20,,36552,9,,,0,60,,36553,9,,,0,20,,36554,9,,,0,22,,36555,9,,,0,61,,36556,9,,,0,18,,36557,9,,,0,20,,36558,9,,,0,60,,36559,9,,,0,20,,36560,9,,,0,20,,36561,9,,,0,60,,36562,9,,,0,20,,36563,9,,,0,20,,36564,9,,,0,60,,36565,9,,,0,20,,36566,9,,,0,20,,36567,9,,,0,60,,36568,9,,,0,20,,36569,9,,,0,20,,36570,9,,,0,60,,36571,9,,,0,20,,36572,9,,,0,20,,36573,9,,,0,55,,36574,9,,,0,30,,36575,9,,,0,70,,36576,9,,,0,30,,36577,9,,,0,70,,36531,9,,,0,30,,36532,9,,,0,70,,36533,9,,,0,29,,36534,9,,,0,70,,36535,9,,,0,28,,36536,9,,,0,30,,36537,9,,,0,70,,36538,9,,,0,75,,36539,9,,,0,17,,36529,9,0,7 4 8 45 10,0,30,,36530,9,0,7 4 8 45 10,0
579901,'3',601,,36580,9,,,0,30,,36612,9,,,0,70,,36581,9,,,0,30,,36582,9,,,0,70,,36583,9,,,0,30,,36584,9,,,0,70,,36585,9,,,0,30,,36586,9,,,0,70,,36587,9,,,0,30,,36588,9,,,0,71,,36589,9,,,0,30,,36590,9,,,0,70,,36591,9,,,0,30,,36592,9,,,0,70,,36593,9,,,0,30,,36594,9,,,0,70,,36595,9,,,0,30,,36596,9,,,0,70,,36597,9,,,0,30,,36598,9,,,0,70,,36599,9,,,0,30,,36600,9,,,0,70,,36601,9,,,0,30,,36605,9,,,0,70,,36606,9,,,0,30,,36607,9,,,0,70,,36608,9,,,0,30,,36609,9,,,0,70,,36610,9,,,0,30,,36611,9,,,0,70,,36613,9,,,0,34,,36602,9,,,0,70,,36614,9,,,0,30,,36603,9,,,0,70,,36615,9,,,0,30,,36604,9,,,0,15,,36579,9,0,7 4 8 45 10,0,70,,36578,9,0,7 4 8 45 10,0
579901,'4',556,,36616,9,,,0,70,,36617,9,,,0,30,,36618,9,,,0,70,,36619,9,,,0,30,,36620,9,,,0,70,,36621,9,,,0,74,,36622,9,,,0,34,,36623,9,,,0,70,,36624,9,,,0,30,,36625,9,,,0,70,,36626,9,,,0,30,,36627,9,,,0,70,,36628,9,,,0,30,,36629,9,,,0,70,,36630,9,,,0,30,,36631,9,,,0,100,,36632,9,,,0,100,,36633,9,,,0,100,,36634,9,,,0,100,,36635,9,,,0,100,,36636,9,,,0,100,,36637,9,,,0,100,,36638,9,,,0
579901,'6',541,,36650,9,,,0,68,,36651,9,,,0,26,,36652,9,,,0,70,,36653,9,,,0,30,,36654,9,,,0,70,,36655,9,,,0,30,,36656,9,,,0,71,,36657,9,,,0,20,,36658,9,,,0,20,,36659,9,,,0,60,,36660,9,,,0,20,,36661,9,,,0,20,,36662,9,,,0,60,,36663,9,,,0,20,,36664,9,,,0,22,,36665,9,,,0,61,,36666,9,,,0,18,,36667,9,,,0,20,,36668,9,,,0,60,,36669,9,,,0,20,,36670,9,,,0,20,,36671,9,,,0,60,,36672,9,,,0,20,,36673,9,,,0,20,,36674,9,,,0,60,,36675,9,,,0,20,,36676,9,,,0,20,,36677,9,,,0,60,,36678,9,,,0,20,,36679,9,,,0,20,,36680,9,,,0,60,,36681,9,,,0,20,,36682,9,,,0,20,,36683,9,,,0,55,,36684,9,,,0,30,,36685,9,,,0,70,,36686,9,,,0,30,,36687,9,,,0,70,,36641,9,,,0,30,,36642,9,,,0,70,,36643,9,,,0,29,,36644,9,,,0,70,,36645,9,,,0,28,,36646,9,,,0,30,,36647,9,,,0,70,,36648,9,,,0,75,,36649,9,,,0,17,,36639,9,0,7 4 8 45 10,0,30,,36640,9,0,7 4 8 45 10,0
580700,'1601',1504,,38749,8,0,5 6,0
580700,'1',611,,38810,53,,,0,30,,38808,53,,,0,59,,38806,53,,,0,15,,38805,53,,,0,15,,38804,53,,,0,15,,38803,53,,,0,55,,38802,53,,,0,15,,38801,53,,,0,15,,38800,53,,,0,15,,38799,53,,,0,55,,38798,53,,,0,15,,38797,53,,,0,15,,38796,53,,,0,15,,38795,53,,,0,61,,38794,53,,,0,20,,38793,53,,,0,30,,38792,53,,,0,70,,38791,53,,,0,30,,38790,53,,,0,70,,38789,53,,,0,30,,38788,53,,,0,70,,38787,53,,,0,29,,38785,53,,,0,70,,38783,53,,,0,25,,38781,53,,,0,55,,38780,53,,,0,15,,38779,53,,,0,15,,38778,53,,,0,15,,38777,53,,,0,55,,38776,53,,,0,15,,38775,53,,,0,15,,38774,53,,,0,15,,38773,53,,,0,55,,38772,53,,,0,15,,38771,53,,,0,15,,38770,53,,,0,15,,38769,53,,,0,55,,38768,53,,,0,15,,38767,53,,,0,15,,38766,53,,,0,15,,38765,53,,,0,67,,38764,53,,,0,30,,38763,53,,,0,70,,38762,53,,,0,30,,38761,53,,,0,70,,38760,53,,,0,30,,38759,53,,,0,70,,38758,53,,,0,30,,38757,53,,,0,70,,38756,53,,,0,30,,38755,53,,,0,70,,38754,53,,,0,30,,38750,53,,,0,70,,38753,53,,,0,25,,38752,53,0,5 6,0,97,,38751,53,0,7 4 8 9 10,0
580700,'2',553,,38854,53,,,0,70,,38816,53,,,0,30,,38817,53,,,0,75,,38818,53,,,0,30,,38819,53,,,0,70,,38820,53,,,0,30,,38821,53,,,0,70,,38822,53,,,0,30,,38823,53,,,0,70,,38824,53,,,0,30,,38825,53,,,0,70,,38826,53,,,0,30,,38827,53,,,0,70,,38828,53,,,0,30,,38829,53,,,0,70,,38830,53,,,0,30,,38831,53,,,0,70,,38832,53,,,0,30,,38833,53,,,0,70,,38834,53,,,0,30,,38835,53,,,0,70,,38836,53,,,0,30,,38837,53,,,0,70,,38838,53,,,0,30,,38839,53,,,0,70,,38840,53,,,0,30,,38841,53,,,0,70,,38842,53,,,0,30,,38843,53,,,0,70,,38844,53,,,0,30,,38845,53,,,0,70,,38846,53,,,0,30,,38847,53,,,0,70,,38848,53,,,0,30,,38849,53,,,0,70,,38850,53,,,0,30,,38851,53,,,0,70,,38852,53,,,0,83,,38853,53,,,0
580700,'3',644,,38855,53,,,0,70,,38868,53,,,0,40,,38856,53,,,0,70,,38869,53,,,0,30,,38857,53,,,0,70,,38870,53,,,0,30,,38858,53,,,0,70,,38871,53,,,0,34,,38859,53,,,0,70,,38872,53,,,0,30,,38860,53,,,0,70,,38873,53,,,0,30,,38861,53,,,0,70,,38874,53,,,0,30,,38862,53,,,0,70,,38875,53,,,0,30,,38863,53,,,0,70,,38876,53,,,0,30,,38864,53,,,0,70,,38877,53,,,0,30,,38865,53,,,0,70,,38878,53,,,0,30,,38866,53,,,0,70,,38879,53,,,0,30,,38867,53,,,0,70,,38889,53,,,0,30,,38880,53,,,0,70,,38886,53,,,0,30,,38881,53,,,0,70,,38887,53,,,0,30,,38882,53,,,0,70,,38888,53,,,0,30,,38883,53,,,0,70,,38890,53,,,0,30,,38884,53,,,0,70,,38891,53,,,0,30,,38885,53,0,7 4 8 9 10,0
580700,'4',703,,38907,53,,,0,30,,38892,53,,,0,70,,38908,53,,,0,30,,38893,53,,,0,70,,38909,53,,,0,30,,38894,53,,,0,70,,38910,53,,,0,30,,38895,53,,,0,70,,38911,53,,,0,30,,38896,53,,,0,70,,38912,53,,,0,30,,38897,53,,,0,70,,38913,53,,,0,30,,38898,53,,,0,70,,38914,53,,,0,30,,38899,53,,,0,70,,38915,53,,,0,30,,38900,53,,,0,70,,38916,53,,,0,30,,38901,53,,,0,70,,38917,53,,,0,30,,38902,53,,,0,70,,38918,53,,,0,30,,38903,53,,,0,70,,38919,53,,,0,30,,38904,53,,,0,70,,38920,53,,,0,30,,38905,53,,,0,70,,38921,53,,,0,30,,38906,53,0,7 4 8 9 10,0
580700,'6',644,,38924,53,,,0,70,,38937,53,,,0,40,,38925,53,,,0,70,,38938,53,,,0,30,,38926,53,,,0,70,,38939,53,,,0,30,,38927,53,,,0,70,,38940,53,,,0,34,,38928,53,,,0,70,,38941,53,,,0,30,,38929,53,,,0,70,,38942,53,,,0,30,,38930,53,,,0,70,,38943,53,,,0,30,,38931,53,,,0,70,,38944,53,,,0,30,,38932,53,,,0,70,,38945,53,,,0,30,,38933,53,,,0,70,,38946,53,,,0,30,,38934,53,,,0,70,,38947,53,,,0,30,,38935,53,,,0,70,,38948,53,,,0,30,,38936,53,,,0,70,,38958,53,,,0,30,,38949,53,,,0,70,,38955,53,,,0,30,,38950,53,,,0,70,,38956,53,,,0,30,,38951,53,,,0,70,,38957,53,,,0,30,,38952,53,,,0,70,,38959,53,,,0,30,,38953,53,,,0,70,,38960,53,,,0,30,,38954,53,0,7 4 8 9 10,0
