579501,'1',514,,34741,19,,,0,20,,34742,19,,,0,20,,34743,19,,,0,60,,34744,19,,,0,18,,34745,19,,,0,15,,34746,19,,,0,55,,34747,19,,,0,11,,34748,19,,,0,15,,34749,19,,,0,15,,34750,19,,,0,15,,34751,19,,,0,55,,34752,19,,,0,15,,34753,19,,,0,15,,34754,19,,,0,15,,34755,19,,,0,56,,34756,19,,,0,15,,34757,19,,,0,15,,34758,19,,,0,15,,34759,19,,,0,57,,34760,19,,,0,20,,34761,19,,,0,20,,34762,19,,,0,60,,34763,19,,,0,20,,34764,19,,,0,20,,34765,19,,,0,60,,34766,19,,,0,20,,34767,19,,,0,20,,34768,19,,,0,60,,34769,19,,,0,20,,34770,19,,,0,21,,34771,19,,,0,59,,34772,19,,,0,14,,34773,19,,,0,16,,34774,19,,,0,54,,34775,19,,,0,15,,34776,19,,,0,15,,34777,19,,,0,15,,34778,19,,,0,55,,34779,19,,,0,15,,34780,19,,,0,15,,34781,19,,,0,15,,34782,19,,,0,55,,34783,19,,,0,15,,34784,19,,,0,15,,34785,19,,,0,15,,34786,19,,,0,60,,34787,19,,,0,30,,34788,19,,,0,69,,34789,19,,,0,30,,34790,19,,,0,70,,34791,19,,,0,30,,34792,19,,,0,70,,34793,19,,,0,30,,34794,19,,,0,70,,34795,19,,,0,30,,34796,19,,,0,70,,34797,19,,,0,30,,34798,19,,,0,70,,34799,19,,,0,47,,34800,19,,,0,73,,34801,19,,,0
579501,'2',555,,34835,19,,,0,74,,34833,19,,,0,30,,34830,19,,,0,70,,34813,19,,,0,30,,34826,19,,,0,70,,34827,19,,,0,30,,34832,19,,,0,65,,34837,19,,,0,30,,34838,19,,,0,70,,34831,19,,,0,30,,34836,19,,,0,70,,34834,19,,,0,30,,34840,19,,,0,70,,34802,19,,,0,30,,34806,19,,,0,70,,34805,19,,,0,30,,34839,19,,,0,70,,34803,19,,,0,30,,34804,19,,,0,70,,34807,19,,,0,30,,34811,19,,,0,70,,34812,19,,,0,30,,34815,19,,,0,70,,34818,19,,,0,30,,34819,19,,,0,74,,34809,19,,,0,30,,34808,19,,,0,70,,34810,19,,,0,30,,34820,19,,,0,70,,34821,19,,,0,30,,34823,19,,,0,70,,34816,19,,,0,30,,34817,19,,,0,70,,34814,19,,,0,30,,34828,19,,,0,70,,34829,19,,,0,30,,34822,19,,,0,70,,34824,19,,,0,30,,34825,19,,,0
579501,'3',559,,34846,19,,,0,75,,34845,19,,,0,73,,34847,19,,,0,30,,34844,19,,,0,70,,34848,19,,,0,30,,34843,19,,,0,70,,34849,19,,,0,28,,34850,19,,,0,70,,34851,19,,,0,30,,34852,19,,,0,70,,34853,19,,,0,30,,34854,19,,,0,70,,34855,19,,,0,30,,34856,19,,,0,70,,34857,19,,,0,30,,34858,19,,,0,70,,34859,19,,,0,30,,34860,19,,,0,70,,34861,19,,,0,30,,34862,19,,,0,70,,34863,19,,,0,30,,34864,19,,,0,70,,34865,19,,,0,30,,34866,19,,,0,70,,34867,19,,,0,30,,34868,19,,,0,70,,34842,19,,,0,30,,34869,19,,,0,70,,34841,19,,,0,30,,34870,19,,,0,70,,34871,19,,,0,30,,34872,19,,,0,70,,34873,19,,,0,32,,34874,19,,,0,70,,34875,19,,,0,30,,34876,19,,,0
579501,'4',639,,34899,19,,,0,100,,34898,19,,,0,70,,34897,19,,,0,30,,34896,19,,,0,70,,34895,19,,,0,30,,34894,19,,,0,70,,34893,19,,,0,30,,34892,19,,,0,70,,34891,19,,,0,30,,34890,19,,,0,70,,34889,19,,,0,30,,34888,19,,,0,70,,34887,19,,,0,30,,34886,19,,,0,70,,34885,19,,,0,30,,34884,19,,,0,70,,34883,19,,,0,30,,34882,19,,,0,70,,34881,19,,,0,45,,34880,19,,,0,85,,34900,19,,,0,85,,34879,19,,,0,85,,34878,19,,,0,45,,34877,19,,,0,85,,34901,19,,,0
579501,'6',559,,34907,19,,,0,75,,34906,19,,,0,73,,34908,19,,,0,30,,34905,19,,,0,70,,34909,19,,,0,30,,34904,19,,,0,70,,34910,19,,,0,28,,34911,19,,,0,70,,34912,19,,,0,30,,34913,19,,,0,70,,34914,19,,,0,30,,34915,19,,,0,70,,34916,19,,,0,30,,34917,19,,,0,70,,34918,19,,,0,30,,34919,19,,,0,70,,34920,19,,,0,30,,34921,19,,,0,70,,34922,19,,,0,30,,34923,19,,,0,70,,34924,19,,,0,30,,34925,19,,,0,70,,34926,19,,,0,30,,34927,19,,,0,70,,34928,19,,,0,30,,34929,19,,,0,70,,34903,19,,,0,30,,34930,19,,,0,70,,34902,19,,,0,30,,34931,19,,,0,70,,34932,19,,,0,30,,34933,19,,,0,70,,34934,19,,,0,32,,34935,19,,,0,70,,34936,19,,,0,30,,34937,19,,,0
583001,'1601',838,,41956,48,,,0,720,,41951,36,,,0
583001,'1',509,,41985,48,,,0,15,,41992,48,,,0,15,,41984,48,,,0,20,,42011,48,,,0,60,,41991,48,,,0,20,,41990,48,,,0,10,,41988,48,,,0,55,,41958,28,,,0,16,,41989,48,,,0,15,,41983,48,,,0,15,,41978,48,,,0,55,,41982,48,,,0,15,,41977,48,,,0,15,,41981,48,,,0,15,,41976,48,,,0,55,,41980,48,,,0,15,,41975,48,,,0,15,,41979,48,,,0,20,,41993,48,,,0,60,,41994,48,,,0,22,,42012,48,,,0,20,,41995,48,,,0,60,,41996,48,,,0,20,,41997,48,,,0,20,,41998,48,,,0,60,,41999,48,,,0,20,,42000,48,,,0,20,,42001,48,,,0,60,,42002,48,,,0,20,,42003,48,,,0,20,,41987,48,,,0,55,,41986,48,,,0,16,,41974,48,,,0,15,,41966,48,,,0,15,,41973,48,,,0,55,,41965,48,,,0,15,,41972,48,,,0,15,,41964,48,,,0,15,,41971,48,,,0,55,,41963,48,,,0,15,,41970,48,,,0,15,,41962,48,,,0,15,,41969,48,,,0,55,,41961,48,,,0,15,,41968,48,,,0,15,,41960,48,,,0,15,,41967,48,,,0,55,,41959,48,,,0,15,,41957,48,,,0,15,,42004,48,,,0,15,,42005,48,,,0,60,,42006,48,,,0,16,,42007,48,,,0,20,,42008,48,,,0,60,,42009,48,,,0,20,,42010,48,,,0,20,,42026,48,,,0,60,,42025,48,,,0,20,,42024,48,,,0,20,,42023,48,,,0,60,,42022,48,,,0,17,,42021,48,,,0,20,,42020,48,,,0,60,,42019,48,,,0,20,,42018,48,,,0,20,,42017,48,,,0,60,,42016,48,,,0,20,,42015,48,,,0,20,,42014,48,,,0
583001,'2',531,,42082,48,,,0,76,,42081,48,,,0,35,,42080,48,,,0,69,,42079,48,,,0,31,,42078,48,,,0,70,,42077,48,,,0,28,,42075,28,,,0,60,,42076,48,,,0,20,,42074,48,,,0,20,,42073,48,,,0,60,,42072,48,,,0,20,,42071,48,,,0,20,,42070,48,,,0,60,,42069,48,,,0,20,,42068,48,,,0,20,,42067,48,,,0,60,,42066,48,,,0,20,,42065,48,,,0,20,,42064,48,,,0,60,,42063,48,,,0,20,,42062,48,,,0,20,,42061,48,,,0,60,,42060,48,,,0,20,,42059,48,,,0,20,,42058,48,,,0,60,,42057,48,,,0,20,,42056,48,,,0,20,,42055,48,,,0,60,,42054,48,,,0,20,,42053,48,,,0,20,,42052,48,,,0,60,,42051,48,,,0,20,,42050,48,,,0,20,,42049,48,,,0,60,,42048,48,,,0,20,,42047,48,,,0,20,,42046,48,,,0,60,,42045,48,,,0,20,,42044,48,,,0,16,,42043,48,,,0,20,,42042,48,,,0,60,,42041,48,,,0,20,,42040,48,,,0,20,,42039,48,,,0,60,,42038,48,,,0,20,,42037,48,,,0,20,,42036,48,,,0,60,,42035,48,,,0,19,,42034,48,,,0,20,,42033,48,,,0,60,,42032,48,,,0,21,,42031,48,,,0,20,,42030,48,,,0,60,,42029,48,,,0,20,,42028,48,,,0,18,,42027,48,,,0
583001,'3',548,,42097,48,,,0,80,,42111,48,,,0,80,,42096,48,,,0,40,,42112,48,,,0,80,,42088,48,,,0,80,,42103,48,,,0,20,,42113,48,,,0,20,,42099,48,,,0,60,,42114,48,,,0,23,,42100,48,,,0,20,,42115,48,,,0,60,,42098,48,,,0,20,,42116,48,,,0,20,,42095,48,,,0,60,,42117,48,,,0,20,,42106,48,,,0,20,,42118,48,,,0,60,,42090,48,,,0,20,,42119,48,,,0,20,,42108,48,,,0,60,,42120,48,,,0,20,,42107,48,,,0,20,,42121,48,,,0,60,,42092,48,,,0,20,,42122,48,,,0,20,,42109,48,,,0,60,,42123,48,,,0,20,,42091,48,,,0,20,,42124,48,,,0,60,,42104,48,,,0,20,,42125,48,,,0,20,,42102,48,,,0,60,,42126,48,,,0,20,,42101,48,,,0,20,,42127,48,,,0,60,,42105,48,,,0,17,,42128,48,,,0,25,,42110,48,,,0,60,,42129,48,,,0,20,,42094,48,,,0,20,,42089,48,,,0,60,,42093,48,,,0,30,,42087,48,,,0,70,,42085,48,,,0,29,,42086,48,,,0,70,,42084,48,,,0,30,,42083,48,,,0
583001,'4',620,,42160,28,,,0,24,,42130,48,,,0,70,,42131,48,,,0,30,,42132,48,,,0,70,,42133,48,,,0,30,,42134,48,,,0,70,,42135,48,,,0,30,,42136,48,,,0,70,,42137,48,,,0,30,,42138,48,,,0,70,,42139,48,,,0,30,,42140,48,,,0,70,,42141,48,,,0,30,,42142,48,,,0,70,,42143,48,,,0,30,,42144,48,,,0,70,,42145,48,,,0,30,,42146,48,,,0,70,,42147,48,,,0,30,,42148,48,,,0,70,,42149,48,,,0,30,,42150,48,,,0,70,,42151,48,,,0,30,,42152,48,,,0,70,,42153,48,,,0,30,,42154,48,,,0,70,,42155,48,,,0,30,,42156,48,,,0,70,,42157,48,,,0,30,,42158,48,,,0,70,,42159,48,,,0
583001,'6',531,,42217,48,,,0,76,,42216,48,,,0,35,,42215,48,,,0,69,,42214,48,,,0,31,,42213,48,,,0,70,,42212,48,,,0,28,,42210,28,,,0,60,,42211,48,,,0,20,,42209,48,,,0,20,,42208,48,,,0,60,,42207,48,,,0,20,,42206,48,,,0,20,,42205,48,,,0,60,,42204,48,,,0,20,,42203,48,,,0,20,,42202,48,,,0,60,,42201,48,,,0,20,,42200,48,,,0,20,,42199,48,,,0,60,,42198,48,,,0,20,,42197,48,,,0,20,,42196,48,,,0,60,,42195,48,,,0,20,,42194,48,,,0,20,,42193,48,,,0,60,,42192,48,,,0,20,,42191,48,,,0,20,,42190,48,,,0,60,,42189,48,,,0,20,,42188,48,,,0,20,,42187,48,,,0,60,,42186,48,,,0,20,,42185,48,,,0,20,,42184,48,,,0,60,,42183,48,,,0,20,,42182,48,,,0,20,,42181,48,,,0,60,,42180,48,,,0,20,,42179,48,,,0,16,,42178,48,,,0,20,,42177,48,,,0,60,,42176,48,,,0,20,,42175,48,,,0,20,,42174,48,,,0,60,,42173,48,,,0,20,,42172,48,,,0,20,,42171,48,,,0,60,,42170,48,,,0,19,,42169,48,,,0,20,,42168,48,,,0,60,,42167,48,,,0,21,,42166,48,,,0,20,,42165,48,,,0,60,,42164,48,,,0,20,,42163,48,,,0,18,,42162,48,,,0
