578200,'1',452,,30152,10,,,0,55,,30182,10,,,0,20,,30189,10,,,0,20,,30188,10,,,0,60,,30187,10,,,0,20,,30186,10,,,0,20,,30185,10,,,0,61,,30184,10,,,0,20,,30183,10,,,0,20,,30190,10,,,0,60,,30153,10,,,0,20,,30154,10,,,0,20,,30155,10,,,0,60,,30156,10,,,0,20,,30157,10,,,0,20,,30158,10,,,0,60,,30159,10,,,0,20,,30162,10,,,0,20,,30163,10,,,0,60,,30164,10,,,0,20,,30165,10,,,0,20,,30166,10,,,0,60,,30167,10,,,0,20,,30160,10,,,0,20,,30161,10,,,0,60,,30136,10,,,0,20,,30168,10,,,0,21,,30169,10,,,0,60,,30170,10,,,0,20,,30171,10,,,0,20,,30172,10,,,0,60,,30173,10,,,0,20,,30174,10,,,0,20,,30175,10,,,0,60,,30176,10,,,0,20,,30177,10,,,0,20,,30178,10,,,0,60,,30179,10,,,0,20,,30180,10,,,0,20,,30181,10,,,0,63,,30151,10,,,0,30,,30150,10,,,0,74,,30149,10,,,0,30,,30148,10,,,0,70,,30147,10,,,0,30,,30146,10,,,0,70,,30145,10,,,0,30,,30137,10,,,0,68,,30138,10,,,0,30,,30139,10,,,0,70,,30140,10,,,0,30,,30141,10,,,0,70,,30142,10,,,0,32,,30143,10,,,0,80,,30144,10,,,0
578200,'2',506,,30191,10,,,0,30,,30192,10,,,0,71,,30193,10,,,0,30,,30194,10,,,0,70,,30195,10,,,0,30,,30196,10,,,0,70,,30197,10,,,0,20,,30239,10,,,0,20,,30198,10,,,0,60,,30199,10,,,0,20,,30200,10,,,0,20,,30201,10,,,0,60,,30202,10,,,0,20,,30203,10,,,0,20,,30204,10,,,0,60,,30205,10,,,0,20,,30206,10,,,0,20,,30207,10,,,0,60,,30208,10,,,0,20,,30209,10,,,0,20,,30210,10,,,0,60,,30211,10,,,0,20,,30212,10,,,0,20,,30213,10,,,0,60,,30214,10,,,0,20,,30215,10,,,0,20,,30216,10,,,0,60,,30217,10,,,0,20,,30218,10,,,0,20,,30219,10,,,0,60,,30220,10,,,0,20,,30221,10,,,0,20,,30222,10,,,0,60,,30223,10,,,0,30,,30224,10,,,0,71,,30225,10,,,0,30,,30226,10,,,0,70,,30227,10,,,0,30,,30228,10,,,0,70,,30229,10,,,0,30,,30230,10,,,0,70,,30231,10,,,0,30,,30232,10,,,0,68,,30233,10,,,0,30,,30234,10,,,0,70,,30235,10,,,0,30,,30236,10,,,0,70,,30237,10,,,0,30,,30240,10,,,0,90,,30238,10,,,0
578200,'3',606,,30276,10,,,0,100,,30275,10,,,0,30,,30274,10,,,0,70,,30273,10,,,0,30,,30272,10,,,0,72,,30271,10,,,0,30,,30270,10,,,0,70,,30269,10,,,0,30,,30268,10,,,0,70,,30267,10,,,0,30,,30266,10,,,0,70,,30265,10,,,0,30,,30264,10,,,0,70,,30263,10,,,0,30,,30262,10,,,0,70,,30261,10,,,0,30,,30260,10,,,0,70,,30259,10,,,0,30,,30258,10,,,0,70,,30257,10,,,0,30,,30256,10,,,0,70,,30255,10,,,0,30,,30254,10,,,0,70,,30253,10,,,0,30,,30252,10,,,0,70,,30251,10,,,0,30,,30250,10,,,0,69,,30249,10,,,0,30,,30248,10,,,0,70,,30247,10,,,0,30,,30246,10,,,0,70,,30245,10,,,0,30,,30244,10,,,0,70,,30243,10,,,0,30,,30242,10,,,0,70,,30241,10,,,0
578200,'4',534,,30277,10,,,0,80,,30278,10,,,0,40,,30279,10,,,0,80,,30280,10,,,0,80,,30281,10,,,0,40,,30282,10,,,0,80,,30283,10,,,0,80,,30284,10,,,0,40,,30285,10,,,0,80,,30286,10,,,0,80,,30287,10,,,0,40,,30288,10,,,0,80,,30289,10,,,0,80,,30290,10,,,0,90,,30291,10,,,0,100,,30292,10,,,0,100,,30293,10,,,0,100,,30294,10,,,0,100,,30295,10,,,0,100,,30296,10,,,0,100,,30297,10,,,0
578200,'6',606,,30333,10,,,0,100,,30332,10,,,0,30,,30331,10,,,0,70,,30330,10,,,0,30,,30329,10,,,0,72,,30328,10,,,0,30,,30327,10,,,0,70,,30326,10,,,0,30,,30325,10,,,0,70,,30324,10,,,0,30,,30323,10,,,0,70,,30322,10,,,0,30,,30321,10,,,0,70,,30320,10,,,0,30,,30319,10,,,0,70,,30318,10,,,0,30,,30317,10,,,0,70,,30316,10,,,0,30,,30315,10,,,0,70,,30314,10,,,0,30,,30313,10,,,0,70,,30312,10,,,0,30,,30311,10,,,0,70,,30310,10,,,0,30,,30309,10,,,0,70,,30308,10,,,0,30,,30307,10,,,0,69,,30306,10,,,0,30,,30305,10,,,0,70,,30304,10,,,0,30,,30303,10,,,0,70,,30302,10,,,0,30,,30301,10,,,0,70,,30300,10,,,0,30,,30299,10,,,0,70,,30298,10,,,0
579301,'1',539,,33902,23,,,0,15,,33903,23,,,0,55,,33833,23,,,0,15,,33904,23,,,0,15,,33832,23,,,0,15,,33905,23,,,0,55,,33835,23,,,0,15,,33836,23,,,0,18,,33837,23,,,0,10,,33847,23,,,0,50,,33875,23,,,0,10,,33846,23,,,0,10,,33845,23,,,0,10,,33876,23,,,0,10,,33844,23,,,0,10,,33843,23,,,0,50,,33877,23,,,0,10,,33842,23,,,0,10,,33841,23,,,0,10,,33878,23,,,0,10,,33840,23,,,0,10,,33839,23,,,0,50,,33879,23,,,0,10,,33838,23,,,0,10,,33913,23,,,0,10,,33892,23,,,0,21,,33893,23,,,0,60,,33894,23,,,0,20,,33895,23,,,0,20,,33896,23,,,0,60,,33897,23,,,0,20,,33898,23,,,0,20,,33899,23,,,0,60,,33900,23,,,0,20,,33901,23,,,0,20,,33834,23,,,0,60,,33880,23,,,0,20,,33867,23,,,0,20,,33866,23,,,0,60,,33881,23,,,0,20,,33865,23,,,0,12,,33882,23,,,0,10,,33864,23,,,0,50,,33863,23,,,0,10,,33883,23,,,0,10,,33862,23,,,0,10,,33861,23,,,0,10,,33884,23,,,0,10,,33860,23,,,0,50,,33859,23,,,0,10,,33885,23,,,0,10,,33858,23,,,0,10,,33857,23,,,0,10,,33886,23,,,0,10,,33856,23,,,0,50,,33855,23,,,0,10,,33887,23,,,0,10,,33854,23,,,0,10,,33888,23,,,0,10,,33853,23,,,0,10,,33852,23,,,0,50,,33889,23,,,0,15,,33851,23,,,0,17,,33850,23,,,0,20,,33910,23,,,0,60,,33911,23,,,0,20,,33849,23,,,0,20,,33848,23,,,0,60,,33906,23,,,0,20,,33868,23,,,0,20,,33869,23,,,0,60,,33907,23,,,0,17,,33870,23,,,0,20,,33871,23,,,0,60,,33908,23,,,0,20,,33872,23,,,0,20,,33873,23,,,0,60,,33909,23,,,0,20,,33874,23,,,0,20,,33891,23,,,0,60,,33890,23,,,0,20,,33912,23,,,0
579301,'2',538,,33984,23,,,0,20,,33914,23,,,0,60,,33974,23,,,0,20,,33915,23,,,0,20,,33916,23,,,0,60,,33975,23,,,0,20,,33917,23,,,0,20,,33918,23,,,0,60,,33919,23,,,0,22,,33920,23,,,0,15,,33921,23,,,0,55,,33922,23,,,0,15,,33923,23,,,0,15,,33924,23,,,0,15,,33925,23,,,0,55,,33926,23,,,0,15,,33927,23,,,0,15,,33928,23,,,0,15,,33929,23,,,0,55,,33930,23,,,0,15,,33931,23,,,0,13,,33932,23,,,0,18,,33933,23,,,0,55,,33934,23,,,0,15,,33935,23,,,0,15,,33936,23,,,0,15,,33937,23,,,0,55,,33938,23,,,0,15,,33939,23,,,0,15,,33940,23,,,0,15,,33941,23,,,0,55,,33942,23,,,0,15,,33943,23,,,0,15,,33944,23,,,0,15,,33945,23,,,0,55,,33946,23,,,0,15,,33947,23,,,0,15,,33948,23,,,0,15,,33949,23,,,0,55,,33950,23,,,0,15,,33951,23,,,0,15,,33952,23,,,0,15,,33953,23,,,0,55,,33954,23,,,0,15,,33955,23,,,0,15,,33956,23,,,0,15,,33957,23,,,0,55,,33958,23,,,0,15,,33959,23,,,0,15,,33960,23,,,0,60,,33961,23,,,0,20,,33976,23,,,0,18,,33962,23,,,0,20,,33977,23,,,0,60,,33963,23,,,0,20,,33964,23,,,0,20,,33978,23,,,0,60,,33965,23,,,0,20,,33966,23,,,0,20,,33979,23,,,0,60,,33967,23,,,0,19,,33968,23,,,0,20,,33980,23,,,0,60,,33969,23,,,0,20,,33970,23,,,0,20,,33981,23,,,0,60,,33971,23,,,0,20,,33972,23,,,0,20,,33973,23,,,0,60,,33982,23,,,0,20,,33983,23,,,0
579301,'3',537,,34030,23,,,0,70,,33985,23,,,0,30,,33986,23,,,0,70,,33987,23,,,0,30,,33988,23,,,0,70,,33989,23,,,0,30,,33990,23,,,0,70,,33991,23,,,0,30,,33992,23,,,0,20,,33993,23,,,0,60,,33994,23,,,0,22,,33995,23,,,0,20,,33996,23,,,0,60,,33997,23,,,0,20,,33998,23,,,0,65,,33999,23,,,0,20,,34000,23,,,0,20,,34001,23,,,0,60,,34002,23,,,0,20,,34003,23,,,0,20,,34004,23,,,0,60,,34005,23,,,0,20,,34006,23,,,0,20,,34007,23,,,0,60,,34008,23,,,0,20,,34009,23,,,0,20,,34010,23,,,0,60,,34011,23,,,0,20,,34012,23,,,0,20,,34013,23,,,0,60,,34014,23,,,0,20,,34015,23,,,0,20,,34016,23,,,0,60,,34017,23,,,0,20,,34018,23,,,0,30,,34019,23,,,0,70,,34020,23,,,0,30,,34021,23,,,0,70,,34022,23,,,0,30,,34023,23,,,0,70,,34024,23,,,0,30,,34025,23,,,0,70,,34026,23,,,0,28,,34027,23,,,0,70,,34028,23,,,0,30,,34029,23,,,0,70,,34031,23,,,0
579301,'4',632,,34069,23,,,0,70,,34068,23,,,0,30,,34067,23,,,0,70,,34066,23,,,0,30,,34065,23,,,0,70,,34064,23,,,0,30,,34063,23,,,0,70,,34062,23,,,0,20,,34061,23,,,0,20,,34060,23,,,0,60,,34059,23,,,0,20,,34058,23,,,0,20,,34057,23,,,0,60,,34056,23,,,0,20,,34055,23,,,0,20,,34054,23,,,0,60,,34053,23,,,0,20,,34052,23,,,0,20,,34051,23,,,0,60,,34050,23,,,0,20,,34049,23,,,0,20,,34048,23,,,0,60,,34047,23,,,0,20,,34046,23,,,0,20,,34045,23,,,0,60,,34044,23,,,0,20,,34043,23,,,0,20,,34042,23,,,0,60,,34041,23,,,0,20,,34040,23,,,0,20,,34039,23,,,0,60,,34038,23,,,0,20,,34037,23,,,0,20,,34036,23,,,0,70,,34035,23,,,0,30,,34034,23,,,0,70,,34033,23,,,0,30,,34032,23,,,0
579301,'6',537,,34115,23,,,0,70,,34070,23,,,0,30,,34071,23,,,0,70,,34072,23,,,0,30,,34073,23,,,0,70,,34074,23,,,0,30,,34075,23,,,0,70,,34076,23,,,0,30,,34077,23,,,0,20,,34078,23,,,0,60,,34079,23,,,0,22,,34080,23,,,0,20,,34081,23,,,0,60,,34082,23,,,0,20,,34083,23,,,0,65,,34084,23,,,0,20,,34085,23,,,0,20,,34086,23,,,0,60,,34087,23,,,0,20,,34088,23,,,0,20,,34089,23,,,0,60,,34090,23,,,0,20,,34091,23,,,0,20,,34092,23,,,0,60,,34093,23,,,0,20,,34094,23,,,0,20,,34095,23,,,0,60,,34096,23,,,0,20,,34097,23,,,0,20,,34098,23,,,0,60,,34099,23,,,0,20,,34100,23,,,0,20,,34101,23,,,0,60,,34102,23,,,0,20,,34103,23,,,0,30,,34104,23,,,0,70,,34105,23,,,0,30,,34106,23,,,0,70,,34107,23,,,0,30,,34108,23,,,0,70,,34109,23,,,0,30,,34110,23,,,0,70,,34111,23,,,0,28,,34112,23,,,0,70,,34113,23,,,0,30,,34114,23,,,0,70,,34116,23,,,0
