580900,'1',513,,39673,19,4,,0,40,,39674,19,4,,0,80,,39675,19,4,,0,80,,39676,19,4,,0,40,,39677,19,4,,0,80,,39678,19,4,,0,80,,39679,19,4,,0,40,,39680,19,4,,0,80,,39681,19,4,,0,80,,39682,19,4,,0,40,,39683,19,4,,0,80,,39684,19,4,,0,80,,39685,19,4,,0,40,,39686,19,4,,0,80,,39687,19,4,,0,80,,39688,19,4,,0,40,,39689,19,4,,0,80,,39690,19,4,,0,80,,39691,19,4,,0,40,,39692,19,4,,0,80,,39693,19,4,,0,78,,39694,19,4,,0,40,,39695,19,4,,0,80,,39696,19,4,,0,80,,39697,19,4,,0,40,,39698,19,4,,0,80,,39699,19,4,,0,80,,39700,19,4,,0,40,,39701,19,4,,0,80,,39702,19,4,,0,80,,39703,19,4,,0
580900,'2',511,,39704,19,4,,0,40,,39705,19,4,,0,80,,39706,19,4,,0,80,,39707,19,4,,0,40,,39708,19,4,,0,82,,39709,19,4,,0,80,,39710,19,4,,0,40,,39711,19,4,,0,80,,39712,19,4,,0,80,,39713,19,4,,0,40,,39714,19,4,,0,80,,39715,19,4,,0,80,,39716,19,4,,0,40,,39717,19,4,,0,80,,39718,19,4,,0,80,,39719,19,4,,0,40,,39720,19,4,,0,80,,39721,19,4,,0,80,,39722,19,4,,0,40,,39723,19,4,,0,80,,39724,19,4,,0,79,,39725,19,4,,0,40,,39726,19,4,,0,80,,39727,19,4,,0,80,,39728,19,4,,0,40,,39729,19,4,,0,79,,39730,19,4,,0,80,,39731,19,4,,0,40,,39732,19,4,,0,80,,39733,19,4,,0,80,,39734,19,4,,0
580900,'3',614,,39762,19,4,,0,40,,39735,19,4,,0,80,,39736,19,4,,0,80,,39737,19,4,,0,40,,39738,19,4,,0,80,,39739,19,4,,0,79,,39740,19,4,,0,40,,39741,19,4,,0,80,,39742,19,4,,0,80,,39743,19,4,,0,40,,39744,19,4,,0,80,,39745,19,4,,0,80,,39746,19,4,,0,40,,39747,19,4,,0,80,,39748,19,4,,0,80,,39749,19,4,,0,40,,39750,19,4,,0,80,,39751,19,4,,0,80,,39752,19,4,,0,40,,39753,19,4,,0,78,,39754,19,4,,0,80,,39755,19,4,,0,40,,39756,19,4,,0,80,,39757,19,4,,0,79,,39758,19,4,,0,40,,39759,19,4,,0,80,,39760,19,4,,0,80,,39761,19,4,,0
580900,'4',734,,39763,19,4,,0,80,,39764,19,4,,0,40,,39765,19,4,,0,80,,39766,19,4,,0,80,,39767,19,4,,0,40,,39768,19,4,,0,80,,39769,19,4,,0,80,,39770,19,4,,0,40,,39771,19,4,,0,80,,39772,19,4,,0,80,,39773,19,4,,0,40,,39774,19,4,,0,80,,39775,19,4,,0,80,,39776,19,4,,0,40,,39777,19,4,,0,80,,39778,19,4,,0,80,,39779,19,4,,0,40,,39780,19,4,,0,80,,39781,19,4,,0,80,,39782,19,4,,0
580900,'6',614,,39810,19,4,,0,40,,39783,19,4,,0,80,,39784,19,4,,0,80,,39785,19,4,,0,40,,39786,19,4,,0,80,,39787,19,4,,0,79,,39788,19,4,,0,40,,39789,19,4,,0,80,,39790,19,4,,0,80,,39791,19,4,,0,40,,39792,19,4,,0,80,,39793,19,4,,0,80,,39794,19,4,,0,40,,39795,19,4,,0,80,,39796,19,4,,0,80,,39797,19,4,,0,40,,39798,19,4,,0,80,,39799,19,4,,0,80,,39800,19,4,,0,40,,39801,19,4,,0,78,,39802,19,4,,0,80,,39803,19,4,,0,40,,39804,19,4,,0,80,,39805,19,4,,0,79,,39806,19,4,,0,40,,39807,19,4,,0,80,,39808,19,4,,0,80,,39809,19,4,,0
580901,'1',516,,39811,1,,,0,40,,39812,1,,,0,80,,39813,1,,,0,80,,39814,1,,,0,40,,39815,1,,,0,80,,39816,1,,,0,80,,39817,1,,,0,40,,39818,1,,,0,80,,39819,1,,,0,80,,39820,1,,,0,40,,39821,1,,,0,80,,39822,1,,,0,80,,39823,1,,,0,40,,39824,1,,,0,80,,39825,1,,,0,80,,39826,1,,,0,40,,39827,1,,,0,80,,39828,1,,,0,80,,39829,1,,,0,40,,39830,1,,,0,80,,39831,1,,,0,81,,39832,1,,,0,40,,39833,1,,,0,80,,39834,1,,,0,80,,39835,1,,,0,41,,39836,1,,,0,80,,39837,1,,,0,80,,39838,1,,,0,40,,39839,1,,,0,80,,39840,1,,,0,80,,39841,1,,,0
580901,'2',518,,39842,1,,,0,40,,39843,1,,,0,80,,39844,1,,,0,80,,39845,1,,,0,40,,39846,1,,,0,80,,39847,1,,,0,80,,39848,1,,,0,40,,39849,1,,,0,80,,39850,1,,,0,80,,39851,1,,,0,40,,39852,1,,,0,80,,39853,1,,,0,80,,39854,1,,,0,40,,39855,1,,,0,80,,39856,1,,,0,80,,39857,1,,,0,40,,39858,1,,,0,80,,39859,1,,,0,80,,39860,1,,,0,40,,39861,1,,,0,80,,39862,1,,,0,80,,39863,1,,,0,40,,39864,1,,,0,80,,39865,1,,,0,80,,39866,1,,,0,40,,39867,1,,,0,80,,39868,1,,,0,80,,39869,1,,,0,40,,39870,1,,,0,80,,39871,1,,,0,80,,39872,1,,,0
580901,'3',617,,39873,1,,,0,40,,39874,1,,,0,80,,39875,1,,,0,80,,39876,1,,,0,40,,39877,1,,,0,80,,39878,1,,,0,80,,39879,1,,,0,40,,39880,1,,,0,80,,39881,1,,,0,80,,39882,1,,,0,40,,39883,1,,,0,80,,39884,1,,,0,80,,39885,1,,,0,40,,39886,1,,,0,80,,39887,1,,,0,80,,39888,1,,,0,40,,39889,1,,,0,80,,39890,1,,,0,80,,39891,1,,,0,40,,39892,1,,,0,80,,39893,1,,,0,80,,39894,1,,,0,40,,39895,1,,,0,80,,39896,1,,,0,80,,39897,1,,,0,40,,39898,1,,,0,80,,39899,1,,,0
580901,'4',657,,39900,1,,,0,80,,39901,1,,,0,80,,39902,1,,,0,40,,39903,1,,,0,80,,39904,1,,,0,80,,39905,1,,,0,40,,39906,1,,,0,80,,39907,1,,,0,80,,39908,1,,,0,40,,39909,1,,,0,80,,39910,1,,,0,80,,39911,1,,,0,40,,39912,1,,,0,80,,39913,1,,,0,80,,39914,1,,,0,40,,39915,1,,,0,80,,39916,1,,,0,80,,39917,1,,,0,40,,39918,1,,,0,80,,39919,1,,,0
580901,'6',617,,39920,1,,,0,40,,39921,1,,,0,80,,39922,1,,,0,80,,39923,1,,,0,40,,39924,1,,,0,80,,39925,1,,,0,80,,39926,1,,,0,40,,39927,1,,,0,80,,39928,1,,,0,80,,39929,1,,,0,40,,39930,1,,,0,80,,39931,1,,,0,80,,39932,1,,,0,40,,39933,1,,,0,80,,39934,1,,,0,80,,39935,1,,,0,40,,39936,1,,,0,80,,39937,1,,,0,80,,39938,1,,,0,40,,39939,1,,,0,80,,39940,1,,,0,80,,39941,1,,,0,40,,39942,1,,,0,80,,39943,1,,,0,80,,39944,1,,,0,40,,39945,1,,,0,80,,39946,1,,,0
