580201,'1601',1448,,37675,3,0,8 40 3 41,0,2,,37676,3,0,8 40 3 41,0
580201,'1',508,,37677,3,,,0,104,,37679,3,,,0,41,,37681,3,,,0,70,,37683,3,,,0,30,,37685,3,,,0,70,,37687,3,,,0,30,,37689,3,,,0,100,,37691,3,,,0,100,,37693,3,,,0,100,,37695,3,,,0,100,,37697,3,,,0,100,,37699,3,,,0,100,,37701,3,,,0,74,,37703,3,,,0,30,,37705,3,,,0,70,,37707,3,,,0,30,,37709,3,,,0,70,,37711,3,,,0,30,,37713,3,,,0,91,,37715,3,,,0,100,,37717,3,,,0,100,,37719,3,,,0,103,,37721,3,,,0,200,,37723,3,,,0
580201,'2',720,,37743,3,,,0,100,,37733,3,,,0,99,,37736,3,,,0,100,,37731,3,,,0,100,,37744,3,,,0,100,,37729,3,,,0,100,,37740,3,,,0,100,,37726,3,,,0,100,,37753,3,,,0,100,,37757,3,,,0,100,,37725,3,,,0,105,,37749,3,,,0,103,,37750,3,,,0,100,,37754,3,,,0,100,,37738,3,,,0,100,,37745,3,,,0,110,,37747,3,,,0
580201,'3',735,,37770,3,,,0,100,,37771,3,,,0,100,,37772,3,,,0,100,,37773,3,,,0,100,,37774,3,,,0,100,,37775,3,,,0,100,,37776,3,,,0,100,,37777,3,,,0,100,,37778,3,,,0,100,,37779,3,,,0,100,,37780,3,,,0,100,,37781,3,,,0,100,,37782,3,,,0,100,,37783,3,,,0,100,,37784,3,,,0,100,,37785,3,,,0,100,,37791,3,,,0
580201,'4',532,,37792,3,,,0,200,,37794,3,,,0,200,,37796,3,,,0,200,,37798,3,,,0,200,,37800,3,,,0,200,,37802,3,,,0,200,,37804,3,,,0,200,,37806,3,,,0
580201,'6',735,,37820,3,,,0,100,,37821,3,,,0,100,,37822,3,,,0,100,,37823,3,,,0,100,,37824,3,,,0,100,,37825,3,,,0,100,,37826,3,,,0,100,,37827,3,,,0,100,,37828,3,,,0,100,,37829,3,,,0,100,,37830,3,,,0,100,,37831,3,,,0,100,,37832,3,,,0,100,,37833,3,,,0,100,,37834,3,,,0,100,,37835,3,,,0,100,,37841,3,,,0
580701,'1601',805,,38961,2,0,21 22,0
580701,'1',534,,39019,27,,,0,70,,39017,27,,,0,24,,39015,27,,,0,22,,39013,27,,,0,51,,39012,27,,,0,15,,39011,27,,,0,15,,39010,27,,,0,15,,39009,27,,,0,55,,39008,27,,,0,15,,39007,27,,,0,15,,39006,27,,,0,15,,39005,27,,,0,55,,39004,27,,,0,15,,39003,27,,,0,25,,39002,27,,,0,70,,39001,27,,,0,30,,39000,27,,,0,70,,38999,27,,,0,30,,38998,27,,,0,70,,38997,27,,,0,30,,38996,27,,,0,70,,38994,27,,,0,30,,38992,27,,,0,65,,38991,27,,,0,15,,38990,27,,,0,15,,38989,27,,,0,15,,38988,27,,,0,55,,38987,27,,,0,15,,38986,27,,,0,15,,38985,27,,,0,15,,38984,27,,,0,55,,38983,27,,,0,15,,38982,27,,,0,15,,38981,27,,,0,15,,38980,27,,,0,55,,38979,27,,,0,15,,38978,27,,,0,15,,38977,27,,,0,15,,38976,27,,,0,60,,38975,27,,,0,30,,38974,27,,,0,76,,38973,27,,,0,30,,38972,27,,,0,70,,38971,27,,,0,30,,38970,27,,,0,70,,38969,27,,,0,30,,38968,27,,,0,70,,38967,27,,,0,30,,38966,27,,,0,70,,38963,27,,,0,30,,38965,27,,,0,70,,38962,27,,,0,30,,38964,27,,,0
580701,'2',523,,39063,27,,,0,30,,39024,27,,,0,70,,39025,27,,,0,30,,39026,27,,,0,65,,39038,27,,,0,30,,39027,27,,,0,70,,39039,27,,,0,30,,39028,27,,,0,70,,39040,27,,,0,30,,39029,27,,,0,70,,39041,27,,,0,30,,39030,27,,,0,70,,39042,27,,,0,30,,39043,27,,,0,70,,39044,27,,,0,30,,39045,27,,,0,70,,39046,27,,,0,30,,39047,27,,,0,70,,39048,27,,,0,30,,39031,27,,,0,70,,39049,27,,,0,30,,39032,27,,,0,70,,39050,27,,,0,30,,39033,27,,,0,70,,39051,27,,,0,30,,39052,27,,,0,70,,39053,27,,,0,30,,39034,27,,,0,70,,39054,27,,,0,30,,39055,27,,,0,70,,39056,27,,,0,30,,39057,27,,,0,70,,39058,27,,,0,31,,39059,27,,,0,70,,39060,27,,,0,30,,39035,27,,,0,70,,39036,27,,,0,30,,39061,27,,,0,70,,39037,27,,,0,85,,39062,27,,,0
580701,'3',645,,39101,27,,,0,70,,39067,27,,,0,36,,39084,27,,,0,64,,39068,27,,,0,36,,39085,27,,,0,70,,39069,27,,,0,30,,39086,27,,,0,70,,39070,27,,,0,30,,39087,27,,,0,70,,39071,27,,,0,30,,39088,27,,,0,70,,39072,27,,,0,30,,39089,27,,,0,70,,39073,27,,,0,30,,39090,27,,,0,70,,39074,27,,,0,30,,39091,27,,,0,70,,39075,27,,,0,30,,39092,27,,,0,70,,39076,27,,,0,30,,39093,27,,,0,70,,39077,27,,,0,30,,39094,27,,,0,70,,39078,27,,,0,30,,39095,27,,,0,70,,39079,27,,,0,30,,39096,27,,,0,70,,39080,27,,,0,30,,39097,27,,,0,70,,39081,27,,,0,30,,39098,27,,,0,70,,39082,27,,,0,30,,39099,27,,,0,70,,39083,27,,,0,30,,39100,27,,,0,70,,39064,27,0,7 4 8 9 10,0
580701,'4',633,,39131,27,,,0,70,,39132,27,,,0,30,,39115,27,,,0,70,,39117,27,,,0,30,,39114,27,,,0,70,,39118,27,,,0,30,,39113,27,,,0,70,,39119,27,,,0,30,,39112,27,,,0,70,,39120,27,,,0,30,,39111,27,,,0,70,,39121,27,,,0,30,,39110,27,,,0,70,,39122,27,,,0,30,,39109,27,,,0,70,,39123,27,,,0,30,,39108,27,,,0,70,,39124,27,,,0,30,,39107,27,,,0,70,,39125,27,,,0,30,,39106,27,,,0,70,,39126,27,,,0,30,,39105,27,,,0,70,,39127,27,,,0,30,,39104,27,,,0,70,,39128,27,,,0,30,,39103,27,,,0,70,,39129,27,,,0,30,,39102,27,,,0,70,,39130,27,,,0,29,,39116,27,0,7 4 8 9 10,0
580701,'6',645,,39170,27,,,0,70,,39136,27,,,0,36,,39153,27,,,0,64,,39137,27,,,0,36,,39154,27,,,0,70,,39138,27,,,0,30,,39155,27,,,0,70,,39139,27,,,0,30,,39156,27,,,0,70,,39140,27,,,0,30,,39157,27,,,0,70,,39141,27,,,0,30,,39158,27,,,0,70,,39142,27,,,0,30,,39159,27,,,0,70,,39143,27,,,0,30,,39160,27,,,0,70,,39144,27,,,0,30,,39161,27,,,0,70,,39145,27,,,0,30,,39162,27,,,0,70,,39146,27,,,0,30,,39163,27,,,0,70,,39147,27,,,0,30,,39164,27,,,0,70,,39148,27,,,0,30,,39165,27,,,0,70,,39149,27,,,0,30,,39166,27,,,0,70,,39150,27,,,0,30,,39167,27,,,0,70,,39151,27,,,0,30,,39168,27,,,0,70,,39152,27,,,0,30,,39169,27,,,0,70,,39133,27,0,7 4 8 9 10,0
