578200,'1',455,,30152,13,,,0,55,,30182,13,,,0,20,,30189,13,,,0,20,,30188,13,,,0,60,,30187,13,,,0,20,,30186,13,,,0,20,,30185,13,,,0,62,,30184,13,,,0,20,,30183,13,,,0,20,,30190,13,,,0,60,,30153,13,,,0,20,,30154,13,,,0,20,,30155,13,,,0,60,,30156,13,,,0,20,,30157,13,,,0,20,,30158,13,,,0,60,,30159,13,,,0,20,,30162,13,,,0,20,,30163,13,,,0,60,,30164,13,,,0,20,,30165,13,,,0,20,,30166,13,,,0,60,,30167,13,,,0,20,,30160,13,,,0,20,,30161,13,,,0,60,,30136,13,,,0,20,,30168,13,,,0,21,,30169,13,,,0,60,,30170,13,,,0,20,,30171,13,,,0,20,,30172,13,,,0,60,,30173,13,,,0,20,,30174,13,,,0,20,,30175,13,,,0,60,,30176,13,,,0,20,,30177,13,,,0,20,,30178,13,,,0,60,,30179,13,,,0,20,,30180,13,,,0,20,,30181,13,,,0,63,,30151,13,,,0,30,,30150,13,,,0,72,,30149,13,,,0,30,,30148,13,,,0,70,,30147,13,,,0,30,,30146,13,,,0,70,,30145,13,,,0,30,,30137,13,,,0,69,,30138,13,,,0,30,,30139,13,,,0,70,,30140,13,,,0,30,,30141,13,,,0,70,,30142,13,,,0,32,,30143,13,,,0,80,,30144,13,,,0
578200,'2',509,,30191,13,,,0,30,,30192,13,,,0,70,,30193,13,,,0,30,,30194,13,,,0,70,,30195,13,,,0,30,,30196,13,,,0,70,,30197,13,,,0,20,,30239,13,,,0,20,,30198,13,,,0,62,,30199,13,,,0,20,,30200,13,,,0,20,,30201,13,,,0,60,,30202,13,,,0,20,,30203,13,,,0,20,,30204,13,,,0,60,,30205,13,,,0,20,,30206,13,,,0,20,,30207,13,,,0,60,,30208,13,,,0,20,,30209,13,,,0,20,,30210,13,,,0,60,,30211,13,,,0,20,,30212,13,,,0,20,,30213,13,,,0,60,,30214,13,,,0,20,,30215,13,,,0,20,,30216,13,,,0,60,,30217,13,,,0,20,,30218,13,,,0,20,,30219,13,,,0,60,,30220,13,,,0,20,,30221,13,,,0,20,,30222,13,,,0,60,,30223,13,,,0,30,,30224,13,,,0,70,,30225,13,,,0,30,,30226,13,,,0,70,,30227,13,,,0,30,,30228,13,,,0,70,,30229,13,,,0,30,,30230,13,,,0,70,,30231,13,,,0,30,,30232,13,,,0,68,,30233,13,,,0,30,,30234,13,,,0,70,,30235,13,,,0,30,,30236,13,,,0,70,,30237,13,,,0,30,,30240,13,,,0,90,,30238,13,,,0
578200,'3',609,,30276,13,,,0,100,,30275,13,,,0,30,,30274,13,,,0,70,,30273,13,,,0,30,,30272,13,,,0,72,,30271,13,,,0,30,,30270,13,,,0,70,,30269,13,,,0,30,,30268,13,,,0,70,,30267,13,,,0,30,,30266,13,,,0,70,,30265,13,,,0,30,,30264,13,,,0,70,,30263,13,,,0,30,,30262,13,,,0,70,,30261,13,,,0,30,,30260,13,,,0,70,,30259,13,,,0,30,,30258,13,,,0,70,,30257,13,,,0,30,,30256,13,,,0,70,,30255,13,,,0,30,,30254,13,,,0,70,,30253,13,,,0,30,,30252,13,,,0,70,,30251,13,,,0,30,,30250,13,,,0,68,,30249,13,,,0,30,,30248,13,,,0,70,,30247,13,,,0,30,,30246,13,,,0,70,,30245,13,,,0,30,,30244,13,,,0,70,,30243,13,,,0,30,,30242,13,,,0,70,,30241,13,,,0
578200,'4',537,,30277,13,,,0,80,,30278,13,,,0,40,,30279,13,,,0,80,,30280,13,,,0,80,,30281,13,,,0,40,,30282,13,,,0,80,,30283,13,,,0,80,,30284,13,,,0,40,,30285,13,,,0,80,,30286,13,,,0,80,,30287,13,,,0,40,,30288,13,,,0,80,,30289,13,,,0,80,,30290,13,,,0,90,,30291,13,,,0,100,,30292,13,,,0,100,,30293,13,,,0,100,,30294,13,,,0,100,,30295,13,,,0,100,,30296,13,,,0,100,,30297,13,,,0
578200,'6',609,,30333,13,,,0,100,,30332,13,,,0,30,,30331,13,,,0,70,,30330,13,,,0,30,,30329,13,,,0,72,,30328,13,,,0,30,,30327,13,,,0,70,,30326,13,,,0,30,,30325,13,,,0,70,,30324,13,,,0,30,,30323,13,,,0,70,,30322,13,,,0,30,,30321,13,,,0,70,,30320,13,,,0,30,,30319,13,,,0,70,,30318,13,,,0,30,,30317,13,,,0,70,,30316,13,,,0,30,,30315,13,,,0,70,,30314,13,,,0,30,,30313,13,,,0,70,,30312,13,,,0,30,,30311,13,,,0,70,,30310,13,,,0,30,,30309,13,,,0,70,,30308,13,,,0,30,,30307,13,,,0,68,,30306,13,,,0,30,,30305,13,,,0,70,,30304,13,,,0,30,,30303,13,,,0,70,,30302,13,,,0,30,,30301,13,,,0,70,,30300,13,,,0,30,,30299,13,,,0,70,,30298,13,,,0
579301,'1',543,,33902,26,,,0,15,,33903,26,,,0,55,,33833,26,,,0,15,,33904,26,,,0,15,,33832,26,,,0,15,,33905,26,,,0,55,,33835,26,,,0,15,,33836,26,,,0,19,,33837,26,,,0,10,,33847,26,,,0,50,,33875,26,,,0,10,,33846,26,,,0,10,,33845,26,,,0,10,,33876,26,,,0,10,,33844,26,,,0,10,,33843,26,,,0,50,,33877,26,,,0,10,,33842,26,,,0,10,,33841,26,,,0,10,,33878,26,,,0,10,,33840,26,,,0,10,,33839,26,,,0,50,,33879,26,,,0,10,,33838,26,,,0,10,,33913,26,,,0,10,,33892,26,,,0,20,,33893,26,,,0,60,,33894,26,,,0,20,,33895,26,,,0,20,,33896,26,,,0,60,,33897,26,,,0,20,,33898,26,,,0,20,,33899,26,,,0,60,,33900,26,,,0,20,,33901,26,,,0,20,,33834,26,,,0,60,,33880,26,,,0,20,,33867,26,,,0,20,,33866,26,,,0,60,,33881,26,,,0,20,,33865,26,,,0,13,,33882,26,,,0,50,,33864,26,,,0,10,,33863,26,,,0,10,,33883,26,,,0,10,,33862,26,,,0,10,,33861,26,,,0,10,,33884,26,,,0,50,,33860,26,,,0,10,,33859,26,,,0,10,,33885,26,,,0,10,,33858,26,,,0,10,,33857,26,,,0,10,,33886,26,,,0,50,,33856,26,,,0,10,,33855,26,,,0,10,,33887,26,,,0,10,,33854,26,,,0,10,,33888,26,,,0,10,,33853,26,,,0,50,,33852,26,,,0,10,,33889,26,,,0,15,,33851,26,,,0,16,,33850,26,,,0,60,,33910,26,,,0,20,,33911,26,,,0,20,,33849,26,,,0,60,,33848,26,,,0,20,,33906,26,,,0,20,,33868,26,,,0,60,,33869,26,,,0,20,,33907,26,,,0,17,,33870,26,,,0,20,,33871,26,,,0,60,,33908,26,,,0,20,,33872,26,,,0,20,,33873,26,,,0,60,,33909,26,,,0,20,,33874,26,,,0,20,,33891,26,,,0,60,,33890,26,,,0,20,,33912,26,,,0
579301,'2',542,,33984,26,,,0,60,,33914,26,,,0,20,,33974,26,,,0,20,,33915,26,,,0,60,,33916,26,,,0,20,,33975,26,,,0,20,,33917,26,,,0,60,,33918,26,,,0,20,,33919,26,,,0,22,,33920,26,,,0,15,,33921,26,,,0,55,,33922,26,,,0,15,,33923,26,,,0,15,,33924,26,,,0,15,,33925,26,,,0,55,,33926,26,,,0,15,,33927,26,,,0,15,,33928,26,,,0,15,,33929,26,,,0,55,,33930,26,,,0,15,,33931,26,,,0,13,,33932,26,,,0,17,,33933,26,,,0,55,,33934,26,,,0,15,,33935,26,,,0,15,,33936,26,,,0,15,,33937,26,,,0,55,,33938,26,,,0,15,,33939,26,,,0,15,,33940,26,,,0,15,,33941,26,,,0,55,,33942,26,,,0,15,,33943,26,,,0,15,,33944,26,,,0,15,,33945,26,,,0,55,,33946,26,,,0,15,,33947,26,,,0,15,,33948,26,,,0,15,,33949,26,,,0,55,,33950,26,,,0,15,,33951,26,,,0,15,,33952,26,,,0,15,,33953,26,,,0,55,,33954,26,,,0,15,,33955,26,,,0,15,,33956,26,,,0,15,,33957,26,,,0,55,,33958,26,,,0,15,,33959,26,,,0,15,,33960,26,,,0,60,,33961,26,,,0,20,,33976,26,,,0,19,,33962,26,,,0,60,,33977,26,,,0,20,,33963,26,,,0,20,,33964,26,,,0,60,,33978,26,,,0,20,,33965,26,,,0,20,,33966,26,,,0,60,,33979,26,,,0,20,,33967,26,,,0,19,,33968,26,,,0,60,,33980,26,,,0,20,,33969,26,,,0,20,,33970,26,,,0,60,,33981,26,,,0,20,,33971,26,,,0,20,,33972,26,,,0,60,,33973,26,,,0,20,,33982,26,,,0,20,,33983,26,,,0
579301,'3',541,,34030,26,,,0,70,,33985,26,,,0,30,,33986,26,,,0,70,,33987,26,,,0,30,,33988,26,,,0,70,,33989,26,,,0,30,,33990,26,,,0,70,,33991,26,,,0,30,,33992,26,,,0,60,,33993,26,,,0,20,,33994,26,,,0,22,,33995,26,,,0,60,,33996,26,,,0,20,,33997,26,,,0,20,,33998,26,,,0,65,,33999,26,,,0,20,,34000,26,,,0,20,,34001,26,,,0,60,,34002,26,,,0,20,,34003,26,,,0,20,,34004,26,,,0,60,,34005,26,,,0,20,,34006,26,,,0,20,,34007,26,,,0,60,,34008,26,,,0,20,,34009,26,,,0,20,,34010,26,,,0,60,,34011,26,,,0,20,,34012,26,,,0,20,,34013,26,,,0,60,,34014,26,,,0,20,,34015,26,,,0,20,,34016,26,,,0,60,,34017,26,,,0,20,,34018,26,,,0,30,,34019,26,,,0,70,,34020,26,,,0,30,,34021,26,,,0,70,,34022,26,,,0,30,,34023,26,,,0,70,,34024,26,,,0,30,,34025,26,,,0,70,,34026,26,,,0,28,,34027,26,,,0,70,,34028,26,,,0,30,,34029,26,,,0,70,,34031,26,,,0
579301,'4',636,,34069,26,,,0,70,,34068,26,,,0,30,,34067,26,,,0,70,,34066,26,,,0,30,,34065,26,,,0,70,,34064,26,,,0,30,,34063,26,,,0,70,,34062,26,,,0,20,,34061,26,,,0,20,,34060,26,,,0,60,,34059,26,,,0,20,,34058,26,,,0,20,,34057,26,,,0,60,,34056,26,,,0,20,,34055,26,,,0,20,,34054,26,,,0,60,,34053,26,,,0,20,,34052,26,,,0,20,,34051,26,,,0,60,,34050,26,,,0,20,,34049,26,,,0,20,,34048,26,,,0,60,,34047,26,,,0,20,,34046,26,,,0,20,,34045,26,,,0,60,,34044,26,,,0,20,,34043,26,,,0,20,,34042,26,,,0,60,,34041,26,,,0,20,,34040,26,,,0,20,,34039,26,,,0,60,,34038,26,,,0,20,,34037,26,,,0,20,,34036,26,,,0,70,,34035,26,,,0,30,,34034,26,,,0,70,,34033,26,,,0,30,,34032,26,,,0
579301,'6',541,,34115,26,,,0,70,,34070,26,,,0,30,,34071,26,,,0,70,,34072,26,,,0,30,,34073,26,,,0,70,,34074,26,,,0,30,,34075,26,,,0,70,,34076,26,,,0,30,,34077,26,,,0,60,,34078,26,,,0,20,,34079,26,,,0,22,,34080,26,,,0,60,,34081,26,,,0,20,,34082,26,,,0,20,,34083,26,,,0,65,,34084,26,,,0,20,,34085,26,,,0,20,,34086,26,,,0,60,,34087,26,,,0,20,,34088,26,,,0,20,,34089,26,,,0,60,,34090,26,,,0,20,,34091,26,,,0,20,,34092,26,,,0,60,,34093,26,,,0,20,,34094,26,,,0,20,,34095,26,,,0,60,,34096,26,,,0,20,,34097,26,,,0,20,,34098,26,,,0,60,,34099,26,,,0,20,,34100,26,,,0,20,,34101,26,,,0,60,,34102,26,,,0,20,,34103,26,,,0,30,,34104,26,,,0,70,,34105,26,,,0,30,,34106,26,,,0,70,,34107,26,,,0,30,,34108,26,,,0,70,,34109,26,,,0,30,,34110,26,,,0,70,,34111,26,,,0,28,,34112,26,,,0,70,,34113,26,,,0,30,,34114,26,,,0,70,,34116,26,,,0
