580600,'1',501,,38394,3,,,0,32,,38393,3,,,0,70,,38392,3,,,0,30,,38391,3,,,0,25,,38390,3,,,0,60,,38389,3,,,0,15,,38388,3,,,0,15,,38387,3,,,0,55,,38386,3,,,0,15,,38385,3,,,0,15,,38384,3,,,0,15,,38383,3,,,0,55,,38382,3,,,0,15,,38381,3,,,0,24,,38380,3,,,0,70,,38379,3,,,0,30,,38378,3,,,0,70,,38377,3,,,0,30,,38376,3,,,0,70,,38375,3,,,0,30,,38374,3,,,0,70,,38373,3,,,0,27,,38372,3,,,0,65,,38371,3,,,0,25,,38370,3,,,0,15,,38369,3,,,0,15,,38368,3,,,0,55,,38367,3,,,0,15,,38366,3,,,0,15,,38365,3,,,0,15,,38364,3,,,0,55,,38363,3,,,0,15,,38362,3,,,0,15,,38361,3,,,0,15,,38360,3,,,0,55,,38359,3,,,0,15,,38358,3,,,0,15,,38357,3,,,0,15,,38356,3,,,0,50,,38355,3,,,0,35,,38354,3,,,0,70,,38353,3,,,0,30,,38352,3,,,0,70,,38351,3,,,0,30,,38350,3,,,0,70,,38349,3,,,0,30,,38348,3,,,0,70,,38347,3,,,0,31,,38345,3,,,0,70,,38344,3,,,0,30,,38346,3,,,0,70,,38343,3,,,0,30,,38342,3,,,0
580600,'2',505,,38397,3,,,0,30,,38434,3,,,0,70,,38417,3,,,0,30,,38418,3,,,0,70,,38416,3,,,0,30,,38419,3,,,0,70,,38403,3,,,0,30,,38420,3,,,0,70,,38414,3,,,0,30,,38421,3,,,0,70,,38406,3,,,0,30,,38422,3,,,0,70,,38407,3,,,0,30,,38423,3,,,0,70,,38408,3,,,0,30,,38424,3,,,0,70,,38409,3,,,0,30,,38425,3,,,0,70,,38410,3,,,0,30,,38426,3,,,0,70,,38411,3,,,0,30,,38427,3,,,0,70,,38412,3,,,0,30,,38428,3,,,0,70,,38413,3,,,0,30,,38429,3,,,0,70,,38415,3,,,0,30,,38405,3,,,0,70,,38404,3,,,0,30,,38402,3,,,0,70,,38401,3,,,0,30,,38400,3,,,0,70,,38399,3,,,0,30,,38430,3,,,0,70,,38431,3,,,0,30,,38432,3,,,0,70,,38433,3,,,0,30,,38398,3,,,0,65,,38435,3,,,0,30,,38436,3,,,0
580600,'3',605,,38457,3,,,0,30,,38458,3,,,0,70,,38456,3,,,0,30,,38459,3,,,0,70,,38443,3,,,0,30,,38460,3,,,0,70,,38454,3,,,0,30,,38461,3,,,0,70,,38446,3,,,0,30,,38462,3,,,0,70,,38447,3,,,0,30,,38463,3,,,0,70,,38448,3,,,0,30,,38464,3,,,0,70,,38449,3,,,0,30,,38465,3,,,0,70,,38450,3,,,0,30,,38466,3,,,0,70,,38451,3,,,0,30,,38467,3,,,0,70,,38452,3,,,0,30,,38468,3,,,0,70,,38453,3,,,0,30,,38469,3,,,0,70,,38455,3,,,0,30,,38445,3,,,0,70,,38444,3,,,0,30,,38442,3,,,0,70,,38441,3,,,0,30,,38440,3,,,0,70,,38439,3,,,0,30,,38470,3,,,0,72,,38471,3,,,0,30,,38472,3,,,0,70,,38473,3,,,0,30,,38438,3,,,0
580600,'4',605,,38491,3,,,0,30,,38492,3,,,0,70,,38490,3,,,0,30,,38493,3,,,0,70,,38477,3,,,0,30,,38494,3,,,0,70,,38488,3,,,0,30,,38495,3,,,0,70,,38480,3,,,0,30,,38496,3,,,0,70,,38481,3,,,0,30,,38497,3,,,0,70,,38482,3,,,0,30,,38498,3,,,0,70,,38483,3,,,0,30,,38499,3,,,0,70,,38484,3,,,0,30,,38500,3,,,0,70,,38485,3,,,0,30,,38501,3,,,0,70,,38486,3,,,0,30,,38502,3,,,0,70,,38487,3,,,0,30,,38503,3,,,0,70,,38489,3,,,0,30,,38479,3,,,0,70,,38478,3,,,0,30,,38476,3,,,0,70,,38475,3,,,0,30,,38474,3,,,0
580600,'6',505,,38505,3,,,0,30,,38542,3,,,0,70,,38525,3,,,0,30,,38526,3,,,0,70,,38524,3,,,0,30,,38527,3,,,0,70,,38511,3,,,0,30,,38528,3,,,0,70,,38522,3,,,0,30,,38529,3,,,0,70,,38514,3,,,0,30,,38530,3,,,0,70,,38515,3,,,0,30,,38531,3,,,0,70,,38516,3,,,0,30,,38532,3,,,0,70,,38517,3,,,0,30,,38533,3,,,0,70,,38518,3,,,0,30,,38534,3,,,0,70,,38519,3,,,0,30,,38535,3,,,0,70,,38520,3,,,0,30,,38536,3,,,0,70,,38521,3,,,0,30,,38537,3,,,0,70,,38523,3,,,0,30,,38513,3,,,0,70,,38512,3,,,0,30,,38510,3,,,0,70,,38509,3,,,0,30,,38508,3,,,0,70,,38507,3,,,0,30,,38538,3,,,0,70,,38539,3,,,0,30,,38540,3,,,0,70,,38541,3,,,0,30,,38506,3,,,0,65,,38543,3,,,0,30,,38544,3,,,0
583001,'1601',805,,41956,3,,,0,600,,41955,3,0,42 43 44 10,0,124,,41949,3,0,42 43 44 10,0,7,,41952,3,0,42 43 44 10,0
583001,'1',437,,41985,3,,,0,15,,41992,3,,,0,55,,41984,3,,,0,20,,42011,3,,,0,20,,41991,3,,,0,60,,41990,3,,,0,10,,41988,3,,,0,30,,41989,3,,,0,55,,41983,3,,,0,15,,41978,3,,,0,15,,41982,3,,,0,15,,41977,3,,,0,55,,41981,3,,,0,15,,41976,3,,,0,15,,41980,3,,,0,15,,41975,3,,,0,55,,41979,3,,,0,20,,41993,3,,,0,20,,41994,3,,,0,17,,42012,3,,,0,60,,41995,3,,,0,20,,41996,3,,,0,20,,41997,3,,,0,60,,41998,3,,,0,20,,41999,3,,,0,20,,42000,3,,,0,60,,42001,3,,,0,20,,42002,3,,,0,20,,42003,3,,,0,60,,41987,3,,,0,15,,41986,3,,,0,14,,41974,3,,,0,55,,41966,3,,,0,15,,41973,3,,,0,15,,41965,3,,,0,15,,41972,3,,,0,55,,41964,3,,,0,15,,41971,3,,,0,15,,41963,3,,,0,15,,41970,3,,,0,55,,41962,3,,,0,15,,41969,3,,,0,15,,41961,3,,,0,15,,41968,3,,,0,55,,41960,3,,,0,15,,41967,3,,,0,15,,41959,3,,,0,15,,41957,3,,,0,55,,42004,3,,,0,15,,42005,3,,,0,20,,42006,3,,,0,62,,42007,3,,,0,20,,42008,3,,,0,20,,42009,3,,,0,60,,42010,3,,,0,20,,42026,3,,,0,20,,42025,3,,,0,60,,42024,3,,,0,20,,42023,3,,,0,20,,42022,3,,,0,63,,42021,3,,,0,20,,42020,3,,,0,20,,42019,3,,,0,60,,42018,3,,,0,20,,42017,3,,,0,20,,42016,3,,,0,60,,42015,3,,,0,20,,42014,3,,,0,82,,42013,3,0,41 4 8 9 10,0
583001,'2',459,,42082,3,,,0,76,,42081,3,,,0,75,,42080,3,,,0,29,,42079,3,,,0,71,,42078,3,,,0,30,,42077,3,,,0,81,,42076,3,,,0,20,,42074,3,,,0,60,,42073,3,,,0,20,,42072,3,,,0,20,,42071,3,,,0,60,,42070,3,,,0,20,,42069,3,,,0,20,,42068,3,,,0,60,,42067,3,,,0,20,,42066,3,,,0,20,,42065,3,,,0,60,,42064,3,,,0,20,,42063,3,,,0,20,,42062,3,,,0,60,,42061,3,,,0,20,,42060,3,,,0,20,,42059,3,,,0,60,,42058,3,,,0,20,,42057,3,,,0,20,,42056,3,,,0,60,,42055,3,,,0,20,,42054,3,,,0,20,,42053,3,,,0,60,,42052,3,,,0,20,,42051,3,,,0,20,,42050,3,,,0,60,,42049,3,,,0,20,,42048,3,,,0,20,,42047,3,,,0,60,,42046,3,,,0,20,,42045,3,,,0,20,,42044,3,,,0,63,,42043,3,,,0,20,,42042,3,,,0,20,,42041,3,,,0,60,,42040,3,,,0,20,,42039,3,,,0,20,,42038,3,,,0,60,,42037,3,,,0,20,,42036,3,,,0,20,,42035,3,,,0,61,,42034,3,,,0,20,,42033,3,,,0,20,,42032,3,,,0,61,,42031,3,,,0,20,,42030,3,,,0,20,,42029,3,,,0,60,,42028,3,,,0,18,,42027,3,,,0
583001,'3',518,,42097,3,,,0,40,,42111,3,,,0,80,,42096,3,,,0,80,,42112,3,,,0,40,,42088,3,,,0,80,,42103,3,,,0,20,,42113,3,,,0,60,,42099,3,,,0,20,,42114,3,,,0,17,,42100,3,,,0,60,,42115,3,,,0,20,,42098,3,,,0,20,,42116,3,,,0,60,,42095,3,,,0,20,,42117,3,,,0,20,,42106,3,,,0,60,,42118,3,,,0,20,,42090,3,,,0,20,,42119,3,,,0,60,,42108,3,,,0,20,,42120,3,,,0,20,,42107,3,,,0,60,,42121,3,,,0,20,,42092,3,,,0,20,,42122,3,,,0,60,,42109,3,,,0,20,,42123,3,,,0,20,,42091,3,,,0,60,,42124,3,,,0,20,,42104,3,,,0,20,,42125,3,,,0,60,,42102,3,,,0,20,,42126,3,,,0,20,,42101,3,,,0,60,,42127,3,,,0,20,,42105,3,,,0,23,,42128,3,,,0,65,,42110,3,,,0,20,,42129,3,,,0,60,,42094,3,,,0,20,,42089,3,,,0,20,,42093,3,,,0,70,,42087,3,,,0,30,,42085,3,,,0,70,,42086,3,,,0,33,,42084,3,,,0,67,,42083,3,,,0
583001,'4',618,,42130,3,,,0,30,,42131,3,,,0,70,,42132,3,,,0,30,,42133,3,,,0,70,,42134,3,,,0,30,,42135,3,,,0,70,,42136,3,,,0,30,,42137,3,,,0,70,,42138,3,,,0,30,,42139,3,,,0,70,,42140,3,,,0,30,,42141,3,,,0,70,,42142,3,,,0,30,,42143,3,,,0,70,,42144,3,,,0,30,,42145,3,,,0,70,,42146,3,,,0,30,,42147,3,,,0,70,,42148,3,,,0,30,,42149,3,,,0,70,,42150,3,,,0,30,,42151,3,,,0,70,,42152,3,,,0,30,,42153,3,,,0,70,,42154,3,,,0,30,,42155,3,,,0,70,,42156,3,,,0,30,,42157,3,,,0,70,,42158,3,,,0,30,,42159,3,,,0,73,,42161,3,0,41 4 8 9 10,0
583001,'6',459,,42217,3,,,0,76,,42216,3,,,0,75,,42215,3,,,0,29,,42214,3,,,0,71,,42213,3,,,0,30,,42212,3,,,0,81,,42211,3,,,0,20,,42209,3,,,0,60,,42208,3,,,0,20,,42207,3,,,0,20,,42206,3,,,0,60,,42205,3,,,0,20,,42204,3,,,0,20,,42203,3,,,0,60,,42202,3,,,0,20,,42201,3,,,0,20,,42200,3,,,0,60,,42199,3,,,0,20,,42198,3,,,0,20,,42197,3,,,0,60,,42196,3,,,0,20,,42195,3,,,0,20,,42194,3,,,0,60,,42193,3,,,0,20,,42192,3,,,0,20,,42191,3,,,0,60,,42190,3,,,0,20,,42189,3,,,0,20,,42188,3,,,0,60,,42187,3,,,0,20,,42186,3,,,0,20,,42185,3,,,0,60,,42184,3,,,0,20,,42183,3,,,0,20,,42182,3,,,0,60,,42181,3,,,0,20,,42180,3,,,0,20,,42179,3,,,0,63,,42178,3,,,0,20,,42177,3,,,0,20,,42176,3,,,0,60,,42175,3,,,0,20,,42174,3,,,0,20,,42173,3,,,0,60,,42172,3,,,0,20,,42171,3,,,0,20,,42170,3,,,0,61,,42169,3,,,0,20,,42168,3,,,0,20,,42167,3,,,0,61,,42166,3,,,0,20,,42165,3,,,0,20,,42164,3,,,0,60,,42163,3,,,0,18,,42162,3,,,0
