578300,'1601',1509,,30527,5,0,27 28,0
578300,'1',447,,30528,5,0,27 28,0,61,,30529,5,0,23 24,0,5,,30530,5,0,27 28,0,4,,30531,5,0,31 4 32,0,16,,30532,48,0,23 24,0,10,,30533,63,0,31 4 32,0,10,,30534,70,0,27 28,0,50,,30535,48,0,23 24,0,15,,30536,63,0,31 4 32,0,7,,30537,70,0,27 28,0,8,,30538,48,0,23 24,0,7,,30539,63,0,31 4 32,0,8,,30540,48,0,23 24,0,7,,30541,70,0,27 28,0,48,,30542,48,0,23 24,0,7,,30543,63,0,31 4 32,0,8,,30544,48,0,23 24,0,7,,30545,70,0,27 28,0,8,,30546,48,0,23 24,0,7,,30547,63,0,31 4 32,0,8,,30548,48,0,23 24,0,7,,30549,70,0,27 28,0,48,,30550,48,0,23 24,0,7,,30551,63,0,31 4 32,0,8,,30552,48,0,23 24,0,7,,30553,70,0,27 28,0,8,,30554,48,0,23 24,0,7,,30555,63,0,31 4 32,0,8,,30556,48,0,23 24,0,7,,30557,70,0,27 28,0,49,,30558,48,0,23 24,0,7,,30559,63,0,31 4 32,0,8,,30560,48,0,23 24,0,7,,30561,70,0,27 28,0,8,,30562,48,0,23 24,0,10,,30563,63,0,31 4 32,0,10,,30565,70,0,27 28,0,50,,30566,48,0,23 24,0,10,,30567,63,0,31 4 32,0,10,,30568,70,0,27 28,0,10,,30569,48,0,23 24,0,10,,30570,63,0,31 4 32,0,10,,30571,70,0,27 28,0,50,,30572,48,0,23 24,0,10,,30573,63,0,31 4 32,0,10,,30574,70,0,27 28,0,10,,30575,48,0,23 24,0,10,,30576,63,0,31 4 32,0,10,,30577,70,0,27 28,0,50,,30578,48,0,23 24,0,10,,30579,63,0,31 4 32,0,10,,30580,70,0,27 28,0,10,,30581,48,0,23 24,0,10,,30582,63,0,31 4 32,0,10,,30583,70,0,27 28,0,50,,30584,48,0,23 24,0,10,,30585,63,0,31 4 32,0,10,,30586,70,0,27 28,0,10,,30587,48,0,23 24,0,10,,30588,63,0,31 4 32,0,10,,30589,70,0,27 28,0,50,,30590,48,0,23 24,0,7,,30591,63,0,31 4 32,0,8,,30592,48,0,23 24,0,7,,30593,70,0,27 28,0,8,,30594,48,0,23 24,0,7,,30595,63,0,31 4 32,0,8,,30596,48,0,23 24,0,7,,30597,70,0,27 28,0,48,,30598,48,0,23 24,0,7,,30599,63,0,31 4 32,0,8,,30600,48,0,23 24,0,7,,30601,70,0,27 28,0,8,,30602,48,0,23 24,0,7,,30603,63,0,31 4 32,0,8,,30604,48,0,23 24,0,7,,30605,70,0,27 28,0,48,,30606,48,0,23 24,0,7,,30607,63,0,31 4 32,0,8,,30608,48,0,23 24,0,7,,30609,70,0,27 28,0,8,,30610,48,0,23 24,0,7,,30611,63,0,31 4 32,0,8,,30612,48,0,23 24,0,7,,30613,70,0,27 28,0,48,,30614,48,0,23 24,0,7,,30615,63,0,31 4 32,0,8,,30616,48,0,23 24,0,7,,30617,70,0,27 28,0,8,,30618,48,0,23 24,0,7,,30619,63,0,31 4 32,0,8,,30620,48,0,23 24,0,7,,30621,70,0,27 28,0,48,,30622,48,0,23 24,0,7,,30623,63,0,31 4 32,0,8,,30624,48,0,23 24,0,8,,30625,70,0,27 28,0,5,,30626,48,0,23 24,0,11,,30627,63,0,31 4 32,0,10,,30628,70,0,27 28,0,49,,30629,48,0,23 24,0,11,,30630,63,0,31 4 32,0,10,,30631,70,0,27 28,0,9,,30632,48,0,23 24,0,11,,30633,63,0,31 4 32,0,10,,30634,70,0,27 28,0,49,,30635,48,0,23 24,0,11,,30636,63,0,31 4 32,0,10,,30637,70,0,27 28,0,9,,30638,48,0,23 24,0,11,,30639,63,0,31 4 32,0,10,,30640,70,0,27 28,0,49,,30641,48,0,23 24,0,11,,30642,63,0,31 4 32,0,10,,30643,70,0,27 28,0,9,,30644,48,0,23 24,0,11,,30645,63,0,31 4 32,0,10,,30646,70,0,27 28,0,49,,30647,48,0,23 24,0,15,,30648,70,0,27 28,0,15,,30649,63,0,31 4 32,0,15,,30650,48,0,23 24,0,55,,30651,70,0,27 28,0,15,,30652,63,0,31 4 32,0,15,,30653,48,0,23 24,0,15,,30654,70,0,27 28,0,55,,30655,63,0,31 4 32,0,15,,30656,48,0,23 24,0,15,,30657,70,0,27 28,0,15,,30658,63,0,31 4 32,0,55,,30659,48,0,23 24,0,20,,30661,70,0,27 28,0,1,,30662,48,0,23 24,0
578300,'2',432,,30665,5,0,23 24,0,20,,30666,5,0,27 28,0,50,,30667,5,0,23 24,0,5,,30668,5,0,31 4 32,0,20,,30669,5,0,27 28,0,20,,30670,48,0,23 24,0,55,,30671,63,0,31 4 32,0,12,,30672,48,0,23 24,0,12,,30673,70,0,27 28,0,12,,30674,63,0,31 4 32,0,12,,30675,48,0,23 24,0,52,,30676,70,0,27 28,0,12,,30677,63,0,31 4 32,0,12,,30678,48,0,23 24,0,12,,30679,70,0,27 28,0,12,,30680,63,0,31 4 32,0,6,,30681,5,0,23 24,0,48,,30682,48,0,23 24,0,12,,30683,70,0,27 28,0,12,,30684,63,0,31 4 32,0,12,,30685,48,0,23 24,0,12,,30686,70,0,27 28,0,52,,30687,63,0,31 4 32,0,12,,30688,48,0,23 24,0,12,,30689,70,0,27 28,0,12,,30690,63,0,31 4 32,0,12,,30691,48,0,23 24,0,52,,30692,70,0,27 28,0,12,,30693,63,0,31 4 32,0,12,,30694,48,0,23 24,0,12,,30695,70,0,27 28,0,12,,30696,63,0,31 4 32,0,52,,30697,48,0,23 24,0,12,,30698,70,0,27 28,0,12,,30699,63,0,31 4 32,0,12,,30700,48,0,23 24,0,12,,30701,70,0,27 28,0,52,,30702,63,0,31 4 32,0,12,,30703,48,0,23 24,0,12,,30704,70,0,27 28,0,12,,30705,63,0,31 4 32,0,12,,30706,48,0,23 24,0,52,,30707,70,0,27 28,0,12,,30708,63,0,31 4 32,0,12,,30709,48,0,23 24,0,12,,30710,70,0,27 28,0,12,,30711,63,0,31 4 32,0,52,,30712,48,0,23 24,0,12,,30713,70,0,27 28,0,12,,30714,63,0,31 4 32,0,12,,30715,48,0,23 24,0,12,,30716,70,0,27 28,0,52,,30717,63,0,31 4 32,0,12,,30718,48,0,23 24,0,12,,30719,70,0,27 28,0,12,,30720,63,0,31 4 32,0,12,,30721,48,0,23 24,0,52,,30722,70,0,27 28,0,12,,30723,63,0,31 4 32,0,12,,30724,48,0,23 24,0,12,,30725,70,0,27 28,0,12,,30726,63,0,31 4 32,0,52,,30727,48,0,23 24,0,12,,30728,70,0,27 28,0,12,,30729,63,0,31 4 32,0,12,,30730,48,0,23 24,0,10,,30731,70,0,27 28,0,50,,30732,63,0,31 4 32,0,12,,30733,48,0,23 24,0,12,,30734,70,0,27 28,0,12,,30735,63,0,31 4 32,0,12,,30736,48,0,23 24,0,52,,30737,70,0,27 28,0,12,,30738,63,0,31 4 32,0,11,,30739,48,0,23 24,0,12,,30740,70,0,27 28,0,12,,30741,63,0,31 4 32,0,12,,30742,48,0,23 24,0,52,,30743,70,0,27 28,0,12,,30744,63,0,31 4 32,0,12,,30745,48,0,23 24,0,12,,30746,70,0,27 28,0,12,,30747,63,0,31 4 32,0,52,,30748,48,0,23 24,0,12,,30749,70,0,27 28,0,12,,30750,63,0,31 4 32,0,13,,30751,48,0,23 24,0,55,,30752,70,0,27 28,0,15,,30753,63,0,31 4 32,0,15,,30754,48,0,23 24,0,15,,30755,70,0,27 28,0,55,,30756,48,0,23 24,0,15,,30757,63,0,31 4 32,0,15,,30758,70,0,27 28,0,15,,30759,48,0,23 24,0,55,,30760,63,0,31 4 32,0,15,,30761,70,0,27 28,0,15,,30762,48,0,23 24,0,15,,30763,70,0,27 28,0,55,,30764,63,0,31 4 32,0,20,,30766,48,0,23 24,0
578300,'3',454,,30768,5,0,27 28,0,63,,30770,5,0,31 4 32,0,23,,30771,5,0,27 28,0,62,,30772,48,0,23 24,0,15,,30773,63,0,31 4 32,0,8,,30774,5,0,23 24,0,7,,30775,70,0,27 28,0,15,,30776,48,0,23 24,0,55,,30777,63,0,31 4 32,0,15,,30778,70,0,27 28,0,15,,30779,48,0,23 24,0,15,,30780,63,0,31 4 32,0,55,,30781,70,0,27 28,0,15,,30782,48,0,23 24,0,15,,30783,63,0,31 4 32,0,15,,30784,70,0,27 28,0,55,,30785,48,0,23 24,0,12,,30786,63,0,31 4 32,0,12,,30787,70,0,27 28,0,12,,30788,48,0,23 24,0,12,,30789,63,0,31 4 32,0,54,,30790,70,0,27 28,0,12,,30791,48,0,23 24,0,12,,30792,63,0,31 4 32,0,12,,30793,70,0,27 28,0,12,,30794,48,0,23 24,0,52,,30795,63,0,31 4 32,0,12,,30796,70,0,27 28,0,12,,30797,48,0,23 24,0,12,,30798,63,0,31 4 32,0,12,,30799,70,0,27 28,0,52,,30800,48,0,23 24,0,12,,30801,63,0,31 4 32,0,12,,30802,70,0,27 28,0,12,,30803,48,0,23 24,0,12,,30804,63,0,31 4 32,0,52,,30805,70,0,27 28,0,12,,30806,48,0,23 24,0,12,,30807,63,0,31 4 32,0,12,,30808,70,0,27 28,0,12,,30809,48,0,23 24,0,52,,30810,63,0,31 4 32,0,12,,30811,70,0,27 28,0,12,,30812,48,0,23 24,0,12,,30813,63,0,31 4 32,0,12,,30814,70,0,27 28,0,52,,30815,48,0,23 24,0,12,,30816,63,0,31 4 32,0,12,,30817,70,0,27 28,0,12,,30818,48,0,23 24,0,12,,30819,63,0,31 4 32,0,52,,30820,70,0,27 28,0,12,,30821,48,0,23 24,0,12,,30822,63,0,31 4 32,0,12,,30823,70,0,27 28,0,12,,30824,48,0,23 24,0,52,,30825,63,0,31 4 32,0,12,,30826,70,0,27 28,0,12,,30827,48,0,23 24,0,12,,30828,63,0,31 4 32,0,12,,30829,70,0,27 28,0,51,,30830,48,0,23 24,0,15,,30831,63,0,31 4 32,0,15,,30832,70,0,27 28,0,15,,30833,48,0,23 24,0,55,,30834,63,0,31 4 32,0,15,,30835,70,0,27 28,0,15,,30836,48,0,23 24,0,15,,30837,63,0,31 4 32,0,55,,30838,70,0,27 28,0,15,,30839,48,0,23 24,0,15,,30840,63,0,31 4 32,0,15,,30841,70,0,27 28,0,55,,30842,48,0,23 24,0,15,,30843,63,0,31 4 32,0,15,,30844,70,0,27 28,0,15,,30845,48,0,23 24,0,55,,30846,63,0,31 4 32,0,15,,30847,70,0,27 28,0,15,,30848,48,0,23 24,0,15,,30849,63,0,31 4 32,0,55,,30850,70,0,27 28,0,15,,30851,48,0,23 24,0,15,,30852,63,0,31 4 32,0,15,,30853,70,0,27 28,0,55,,30855,48,0,23 24,0
578300,'4',532,,30919,5,0,31 4 32,0,15,,30920,5,0,27 28,0,55,,30856,5,0,31 4 32,0,10,,30857,5,0,23 24,0,10,,30858,5,0,27 28,0,10,,30859,63,0,31 4 32,0,15,,30860,48,0,23 24,0,55,,30861,70,0,27 28,0,15,,30862,63,0,31 4 32,0,15,,30863,48,0,23 24,0,15,,30864,70,0,27 28,0,55,,30865,63,0,31 4 32,0,15,,30866,48,0,23 24,0,15,,30867,70,0,27 28,0,15,,30868,63,0,31 4 32,0,55,,30869,48,0,23 24,0,15,,30870,70,0,27 28,0,15,,30871,63,0,31 4 32,0,15,,30872,48,0,23 24,0,56,,30873,70,0,27 28,0,16,,30874,63,0,31 4 32,0,14,,30875,48,0,23 24,0,15,,30876,70,0,27 28,0,56,,30877,63,0,31 4 32,0,14,,30878,48,0,23 24,0,15,,30879,70,0,27 28,0,16,,30880,63,0,31 4 32,0,54,,30881,48,0,23 24,0,15,,30882,70,0,27 28,0,16,,30883,63,0,31 4 32,0,14,,30884,48,0,23 24,0,55,,30885,70,0,27 28,0,16,,30886,63,0,31 4 32,0,14,,30887,48,0,23 24,0,15,,30888,70,0,27 28,0,56,,30889,63,0,31 4 32,0,14,,30890,48,0,23 24,0,15,,30891,70,0,27 28,0,16,,30892,63,0,31 4 32,0,54,,30893,48,0,23 24,0,15,,30894,70,0,27 28,0,16,,30895,63,0,31 4 32,0,14,,30896,48,0,23 24,0,55,,30897,70,0,27 28,0,16,,30898,63,0,31 4 32,0,14,,30899,48,0,23 24,0,15,,30900,70,0,27 28,0,56,,30901,63,0,31 4 32,0,14,,30902,48,0,23 24,0,15,,30903,70,0,27 28,0,16,,30904,63,0,31 4 32,0,53,,30905,48,0,23 24,0,15,,30906,70,0,27 28,0,15,,30907,63,0,31 4 32,0,15,,30908,48,0,23 24,0,55,,30909,70,0,27 28,0,15,,30910,63,0,31 4 32,0,15,,30911,48,0,23 24,0,15,,30912,70,0,27 28,0,55,,30913,63,0,31 4 32,0,15,,30914,48,0,23 24,0,15,,30915,70,0,27 28,0,15,,30916,63,0,31 4 32,0,55,,30918,48,0,23 24,0
578300,'6',454,,30922,5,0,27 28,0,63,,30924,5,0,31 4 32,0,23,,30925,5,0,27 28,0,62,,30926,48,0,23 24,0,15,,30927,63,0,31 4 32,0,8,,30928,5,0,23 24,0,7,,30929,70,0,27 28,0,15,,30930,48,0,23 24,0,55,,30931,63,0,31 4 32,0,15,,30932,70,0,27 28,0,15,,30933,48,0,23 24,0,15,,30934,63,0,31 4 32,0,55,,30935,70,0,27 28,0,15,,30936,48,0,23 24,0,15,,30937,63,0,31 4 32,0,15,,30938,70,0,27 28,0,55,,30939,48,0,23 24,0,12,,30940,63,0,31 4 32,0,12,,30941,70,0,27 28,0,12,,30942,48,0,23 24,0,12,,30943,63,0,31 4 32,0,54,,30944,70,0,27 28,0,12,,30945,48,0,23 24,0,12,,30946,63,0,31 4 32,0,12,,30947,70,0,27 28,0,12,,30948,48,0,23 24,0,52,,30949,63,0,31 4 32,0,12,,30950,70,0,27 28,0,12,,30951,48,0,23 24,0,12,,30952,63,0,31 4 32,0,12,,30953,70,0,27 28,0,52,,30954,48,0,23 24,0,12,,30955,63,0,31 4 32,0,12,,30956,70,0,27 28,0,12,,30957,48,0,23 24,0,12,,30958,63,0,31 4 32,0,52,,30959,70,0,27 28,0,12,,30960,48,0,23 24,0,12,,30961,63,0,31 4 32,0,12,,30962,70,0,27 28,0,12,,30963,48,0,23 24,0,52,,30964,63,0,31 4 32,0,12,,30965,70,0,27 28,0,12,,30966,48,0,23 24,0,12,,30967,63,0,31 4 32,0,12,,30968,70,0,27 28,0,52,,30969,48,0,23 24,0,12,,30970,63,0,31 4 32,0,12,,30971,70,0,27 28,0,12,,30972,48,0,23 24,0,12,,30973,63,0,31 4 32,0,52,,30974,70,0,27 28,0,12,,30975,48,0,23 24,0,12,,30976,63,0,31 4 32,0,12,,30977,70,0,27 28,0,12,,30978,48,0,23 24,0,52,,30979,63,0,31 4 32,0,12,,30980,70,0,27 28,0,12,,30981,48,0,23 24,0,12,,30982,63,0,31 4 32,0,12,,30983,70,0,27 28,0,51,,30984,48,0,23 24,0,15,,30985,63,0,31 4 32,0,15,,30986,70,0,27 28,0,15,,30987,48,0,23 24,0,55,,30988,63,0,31 4 32,0,15,,30989,70,0,27 28,0,15,,30990,48,0,23 24,0,15,,30991,63,0,31 4 32,0,55,,30992,70,0,27 28,0,15,,30993,48,0,23 24,0,15,,30994,63,0,31 4 32,0,15,,30995,70,0,27 28,0,55,,30996,48,0,23 24,0,15,,30997,63,0,31 4 32,0,15,,30998,70,0,27 28,0,15,,30999,48,0,23 24,0,55,,31000,63,0,31 4 32,0,15,,31001,70,0,27 28,0,15,,31002,48,0,23 24,0,15,,31003,63,0,31 4 32,0,55,,31004,70,0,27 28,0,15,,31005,48,0,23 24,0,15,,31006,63,0,31 4 32,0,15,,31007,70,0,27 28,0,55,,31009,48,0,23 24,0
580800,'14601',508,,39276,8,,,0,20,,39270,8,,,0,20,,39271,8,,,0,60,,39272,8,,,0,20,,39273,8,,,0,20,,39274,8,,,0,60,,39275,8,,,0,20,,39174,8,,,0,18,,39175,8,,,0,7,,39188,8,,,0,47,,39189,8,,,0,8,,39196,8,,,0,7,,39190,8,,,0,8,,39197,8,,,0,7,,39191,8,,,0,8,,39198,8,,,0,7,,39192,8,,,0,8,,39199,8,,,0,47,,39193,8,,,0,9,,39200,8,,,0,7,,39194,8,,,0,8,,39201,8,,,0,7,,39195,8,,,0,10,,39202,8,,,0,10,,39203,8,,,0,50,,39204,8,,,0,10,,39205,8,,,0,10,,39206,8,,,0,10,,39207,8,,,0,10,,39208,8,,,0,10,,39209,8,,,0,50,,39210,8,,,0,10,,39211,8,,,0,10,,39212,8,,,0,10,,39213,8,,,0,10,,39214,8,,,0,10,,39215,8,,,0,50,,39216,8,,,0,10,,39217,8,,,0,10,,39218,8,,,0,10,,39219,8,,,0,10,,39220,8,,,0,10,,39221,8,,,0,50,,39222,8,,,0,10,,39223,8,,,0,10,,39224,8,,,0,10,,39225,8,,,0,10,,39226,8,,,0,10,,39227,8,,,0,50,,39228,8,,,0,10,,39229,8,,,0,10,,39230,8,,,0,10,,39231,8,,,0,10,,39232,8,,,0,10,,39233,8,,,0,50,,39247,8,,,0,7,,39234,8,,,0,8,,39248,8,,,0,7,,39235,8,,,0,8,,39249,8,,,0,7,,39236,8,,,0,8,,39250,8,,,0,7,,39237,8,,,0,48,,39251,8,,,0,7,,39238,8,,,0,8,,39252,8,,,0,7,,39239,8,,,0,8,,39253,8,,,0,7,,39240,8,,,0,8,,39254,8,,,0,7,,39241,8,,,0,48,,39255,8,,,0,7,,39242,8,,,0,8,,39256,8,,,0,7,,39243,8,,,0,8,,39257,8,,,0,7,,39244,8,,,0,8,,39258,8,,,0,7,,39245,8,,,0,48,,39259,8,,,0,7,,39246,8,,,0,8,,39260,8,,,0,11,,39261,8,,,0,15,,39176,8,,,0,15,,39177,8,,,0,53,,39178,8,,,0,15,,39171,8,,,0,15,,39172,8,,,0,15,,39173,8,,,0,55,,39262,8,,,0,15,,39263,8,,,0,15,,39264,8,,,0,15,,39265,8,,,0,55,,39266,8,,,0,15,,39267,8,,,0,15,,39268,8,,,0,63,,39269,8,,,0,29,,39179,8,,,0,70,,39180,8,,,0,30,,39181,8,,,0,70,,39182,8,,,0,30,,39183,8,,,0,70,,39184,8,,,0,30,,39185,8,,,0,70,,39186,8,,,0,30,,39187,8,,,0
580800,'14602',508,,39308,8,,,0,30,,39309,8,,,0,70,,39310,8,,,0,30,,39311,8,,,0,70,,39312,8,,,0,30,,39313,8,,,0,70,,39314,8,,,0,30,,39315,8,,,0,71,,39316,8,,,0,30,,39317,8,,,0,70,,39318,8,,,0,30,,39319,8,,,0,70,,39320,8,,,0,30,,39291,8,,,0,70,,39292,8,,,0,30,,39293,8,,,0,70,,39294,8,,,0,30,,39295,8,,,0,70,,39296,8,,,0,30,,39297,8,,,0,70,,39298,8,,,0,30,,39299,8,,,0,70,,39300,8,,,0,30,,39301,8,,,0,70,,39302,8,,,0,30,,39303,8,,,0,70,,39304,8,,,0,30,,39305,8,,,0,68,,39306,8,,,0,30,,39307,8,,,0,70,,39290,8,,,0,30,,39289,8,,,0,70,,39288,8,,,0,30,,39287,8,,,0,69,,39286,8,,,0,30,,39285,8,,,0,70,,39284,8,,,0,30,,39283,8,,,0,70,,39282,8,,,0,30,,39281,8,,,0,70,,39280,8,,,0,30,,39279,8,,,0,70,,39278,8,,,0,30,,39277,8,,,0
580800,'14603',608,,39346,8,,,0,30,,39347,8,,,0,70,,39348,8,,,0,30,,39349,8,,,0,70,,39350,8,,,0,30,,39351,8,,,0,71,,39352,8,,,0,30,,39353,8,,,0,70,,39354,8,,,0,30,,39355,8,,,0,70,,39356,8,,,0,30,,39337,8,,,0,70,,39336,8,,,0,30,,39335,8,,,0,70,,39334,8,,,0,30,,39333,8,,,0,70,,39332,8,,,0,30,,39331,8,,,0,70,,39330,8,,,0,30,,39329,8,,,0,70,,39328,8,,,0,30,,39327,8,,,0,70,,39326,8,,,0,30,,39325,8,,,0,70,,39324,8,,,0,30,,39323,8,,,0,68,,39322,8,,,0,30,,39321,8,,,0,70,,39338,8,,,0,30,,39339,8,,,0,70,,39340,8,,,0,30,,39341,8,,,0,69,,39342,8,,,0,30,,39343,8,,,0,70,,39344,8,,,0,30,,39345,8,,,0
580800,'14604',608,,39376,8,,,0,30,,39377,8,,,0,70,,39378,8,,,0,30,,39379,8,,,0,70,,39380,8,,,0,30,,39381,8,,,0,71,,39382,8,,,0,30,,39383,8,,,0,70,,39384,8,,,0,30,,39385,8,,,0,70,,39386,8,,,0,30,,39373,8,,,0,70,,39372,8,,,0,30,,39371,8,,,0,70,,39370,8,,,0,30,,39369,8,,,0,70,,39368,8,,,0,30,,39367,8,,,0,70,,39366,8,,,0,30,,39365,8,,,0,70,,39364,8,,,0,30,,39363,8,,,0,70,,39362,8,,,0,30,,39361,8,,,0,70,,39360,8,,,0,30,,39359,8,,,0,68,,39358,8,,,0,30,,39357,8,,,0,70,,39374,8,,,0,30,,39375,8,,,0
580800,'14606',608,,39412,8,,,0,30,,39413,8,,,0,70,,39414,8,,,0,30,,39415,8,,,0,70,,39416,8,,,0,30,,39417,8,,,0,71,,39418,8,,,0,30,,39419,8,,,0,70,,39420,8,,,0,30,,39421,8,,,0,70,,39422,8,,,0,30,,39403,8,,,0,70,,39402,8,,,0,30,,39401,8,,,0,70,,39400,8,,,0,30,,39399,8,,,0,70,,39398,8,,,0,30,,39397,8,,,0,70,,39396,8,,,0,30,,39395,8,,,0,70,,39394,8,,,0,30,,39393,8,,,0,70,,39392,8,,,0,30,,39391,8,,,0,70,,39390,8,,,0,30,,39389,8,,,0,68,,39388,8,,,0,30,,39387,8,,,0,70,,39404,8,,,0,30,,39405,8,,,0,70,,39406,8,,,0,30,,39407,8,,,0,69,,39408,8,,,0,30,,39409,8,,,0,70,,39410,8,,,0,30,,39411,8,,,0
582801,'1',630,,40617,46,,,0,20,,40619,46,,,0,60,,40621,46,,,0,15,,40623,46,,,0,16,,40625,46,,,0,14,,40627,46,,,0,56,,40629,46,,,0,15,,40631,46,,,0,15,,40633,46,,,0,15,,40635,46,,,0,52,,40637,46,,,0,12,,40639,46,,,0,11,,40641,46,,,0,12,,40643,46,,,0,12,,40645,46,,,0,52,,40647,46,,,0,12,,40649,46,,,0,12,,40651,46,,,0,12,,40653,46,,,0,12,,40655,46,,,0,52,,40657,46,,,0,12,,40659,46,,,0,12,,40661,46,,,0,12,,40663,46,,,0,12,,40665,46,,,0,52,,40667,46,,,0,12,,40669,46,,,0,12,,40671,46,,,0,12,,40673,46,,,0,12,,40675,46,,,0,52,,40677,46,,,0,12,,40679,46,,,0,12,,40681,46,,,0,12,,40683,46,,,0,12,,40685,46,,,0,52,,40687,46,,,0,12,,40689,46,,,0,12,,40691,46,,,0,12,,40693,46,,,0,12,,40695,46,,,0,53,,40697,46,,,0,12,,40699,46,,,0,12,,40701,46,,,0,12,,40703,46,,,0,13,,40705,46,,,0,52,,40707,46,,,0,12,,40709,46,,,0,12,,40711,46,,,0,12,,40713,46,,,0,12,,40715,46,,,0,52,,40717,46,,,0,14,,40719,46,,,0,12,,40721,46,,,0,12,,40723,46,,,0,12,,40725,46,,,0,51,,40727,46,,,0
