580301,'1',538,,38078,4,,,0,77,,38080,4,,,0,40,,38082,4,,,0,72,,38084,4,,,0,30,,38086,4,,,0,70,,38088,4,,,0,32,,38090,4,,,0,70,,38092,4,,,0,72,,38094,4,,,0,40,,38096,4,,,0,80,,38098,4,,,0,80,,38100,4,,,0,40,,38102,4,,,0,80,,38104,4,,,0,36,,38106,4,,,0,64,,38108,4,,,0,30,,38110,4,,,0,70,,38112,4,,,0,30,,38114,4,,,0,70,,38116,4,,,0,30,,38118,4,,,0,78,,38120,4,,,0,30,,38122,4,,,0,70,,38124,4,,,0,30,,38126,4,,,0,75,,38128,4,,,0,80,,38130,4,,,0,40,,38132,4,,,0,76,,38134,4,,,0,101,,38136,4,,,0,100,,38138,4,,,0,96,,38140,4,,,0
580301,'2',519,,38165,4,,,0,100,,38178,4,,,0,100,,38180,4,,,0,100,,38163,4,,,0,95,,38147,4,,,0,94,,38176,4,,,0,40,,38172,4,,,0,80,,38174,4,,,0,80,,38167,4,,,0,40,,38169,4,,,0,80,,38171,4,,,0,80,,38185,4,,,0,40,,38157,4,,,0,80,,38152,4,,,0,80,,38150,4,,,0,40,,38154,4,,,0,84,,38159,4,,,0,80,,38162,4,,,0,40,,38186,4,,,0,100,,38183,4,,,0,100,,38149,4,,,0,100,,38190,4,,,0,102,,38143,4,,,0,100,,38188,4,,,0,100,,38148,4,,,0
580301,'3',601,,38208,4,,,0,100,,38206,4,,,0,100,,38204,4,,,0,100,,38202,4,,,0,101,,38209,4,,,0,100,,38223,4,,,0,40,,38224,4,,,0,80,,38225,4,,,0,80,,38226,4,,,0,40,,38227,4,,,0,80,,38228,4,,,0,80,,38229,4,,,0,40,,38230,4,,,0,80,,38231,4,,,0,80,,38232,4,,,0,40,,38233,4,,,0,80,,38234,4,,,0,79,,38200,4,,,0,100,,38198,4,,,0,100,,38196,4,,,0,100,,38194,4,,,0,100,,38192,4,,,0
580301,'4',601,,38236,4,,,0,100,,38237,4,,,0,100,,38238,4,,,0,100,,38239,4,,,0,100,,38240,4,,,0,100,,38241,4,,,0,100,,38242,4,,,0,100,,38243,4,,,0,100,,38244,4,,,0,100,,38245,4,,,0,100,,38246,4,,,0,100,,38247,4,,,0,100,,38248,4,,,0,100,,38249,4,,,0,100,,38250,4,,,0
580301,'6',601,,38283,4,,,0,100,,38281,4,,,0,100,,38279,4,,,0,100,,38277,4,,,0,101,,38284,4,,,0,100,,38298,4,,,0,40,,38299,4,,,0,80,,38300,4,,,0,80,,38301,4,,,0,40,,38302,4,,,0,80,,38303,4,,,0,80,,38304,4,,,0,40,,38305,4,,,0,80,,38306,4,,,0,80,,38307,4,,,0,40,,38308,4,,,0,80,,38309,4,,,0,79,,38275,4,,,0,100,,38273,4,,,0,100,,38271,4,,,0,100,,38269,4,,,0,100,,38267,4,,,0
580701,'1601',810,,38961,6,0,21 22,0
580701,'1',539,,39019,31,,,0,70,,39017,31,,,0,24,,39015,31,,,0,22,,39013,31,,,0,51,,39012,31,,,0,15,,39011,31,,,0,15,,39010,31,,,0,15,,39009,31,,,0,55,,39008,31,,,0,15,,39007,31,,,0,15,,39006,31,,,0,15,,39005,31,,,0,55,,39004,31,,,0,15,,39003,31,,,0,25,,39002,31,,,0,70,,39001,31,,,0,30,,39000,31,,,0,70,,38999,31,,,0,30,,38998,31,,,0,70,,38997,31,,,0,30,,38996,31,,,0,70,,38994,31,,,0,30,,38992,31,,,0,65,,38991,31,,,0,15,,38990,31,,,0,15,,38989,31,,,0,15,,38988,31,,,0,55,,38987,31,,,0,15,,38986,31,,,0,15,,38985,31,,,0,15,,38984,31,,,0,55,,38983,31,,,0,15,,38982,31,,,0,15,,38981,31,,,0,15,,38980,31,,,0,55,,38979,31,,,0,15,,38978,31,,,0,15,,38977,31,,,0,15,,38976,31,,,0,60,,38975,31,,,0,30,,38974,31,,,0,76,,38973,31,,,0,30,,38972,31,,,0,70,,38971,31,,,0,30,,38970,31,,,0,70,,38969,31,,,0,30,,38968,31,,,0,70,,38967,31,,,0,30,,38966,31,,,0,70,,38963,31,,,0,30,,38965,31,,,0,70,,38962,31,,,0,30,,38964,31,,,0
580701,'2',527,,39063,31,,,0,30,,39024,31,,,0,70,,39025,31,,,0,30,,39026,31,,,0,65,,39038,31,,,0,30,,39027,31,,,0,70,,39039,31,,,0,30,,39028,31,,,0,70,,39040,31,,,0,30,,39029,31,,,0,70,,39041,31,,,0,30,,39030,31,,,0,70,,39042,31,,,0,30,,39043,31,,,0,70,,39044,31,,,0,30,,39045,31,,,0,70,,39046,31,,,0,30,,39047,31,,,0,70,,39048,31,,,0,30,,39031,31,,,0,70,,39049,31,,,0,30,,39032,31,,,0,70,,39050,31,,,0,30,,39033,31,,,0,70,,39051,31,,,0,30,,39052,31,,,0,70,,39053,31,,,0,30,,39034,31,,,0,70,,39054,31,,,0,30,,39055,31,,,0,70,,39056,31,,,0,30,,39057,31,,,0,70,,39058,31,,,0,30,,39059,31,,,0,70,,39060,31,,,0,30,,39035,31,,,0,70,,39036,31,,,0,30,,39061,31,,,0,70,,39037,31,,,0,85,,39062,31,,,0
580701,'3',648,,39101,31,,,0,70,,39067,31,,,0,36,,39084,31,,,0,64,,39068,31,,,0,36,,39085,31,,,0,70,,39069,31,,,0,30,,39086,31,,,0,70,,39070,31,,,0,30,,39087,31,,,0,70,,39071,31,,,0,30,,39088,31,,,0,70,,39072,31,,,0,30,,39089,31,,,0,70,,39073,31,,,0,30,,39090,31,,,0,70,,39074,31,,,0,30,,39091,31,,,0,70,,39075,31,,,0,30,,39092,31,,,0,70,,39076,31,,,0,30,,39093,31,,,0,70,,39077,31,,,0,30,,39094,31,,,0,70,,39078,31,,,0,30,,39095,31,,,0,70,,39079,31,,,0,30,,39096,31,,,0,70,,39080,31,,,0,30,,39097,31,,,0,70,,39081,31,,,0,30,,39098,31,,,0,70,,39082,31,,,0,30,,39099,31,,,0,70,,39083,31,,,0,30,,39100,31,,,0,70,,39064,31,0,7 4 8 9 10,0
580701,'4',636,,39131,31,,,0,70,,39132,31,,,0,30,,39115,31,,,0,70,,39117,31,,,0,30,,39114,31,,,0,70,,39118,31,,,0,30,,39113,31,,,0,70,,39119,31,,,0,30,,39112,31,,,0,70,,39120,31,,,0,30,,39111,31,,,0,70,,39121,31,,,0,30,,39110,31,,,0,70,,39122,31,,,0,30,,39109,31,,,0,70,,39123,31,,,0,30,,39108,31,,,0,70,,39124,31,,,0,30,,39107,31,,,0,70,,39125,31,,,0,30,,39106,31,,,0,70,,39126,31,,,0,30,,39105,31,,,0,70,,39127,31,,,0,30,,39104,31,,,0,70,,39128,31,,,0,30,,39103,31,,,0,70,,39129,31,,,0,30,,39102,31,,,0,70,,39130,31,,,0,29,,39116,31,0,7 4 8 9 10,0
580701,'6',648,,39170,31,,,0,70,,39136,31,,,0,36,,39153,31,,,0,64,,39137,31,,,0,36,,39154,31,,,0,70,,39138,31,,,0,30,,39155,31,,,0,70,,39139,31,,,0,30,,39156,31,,,0,70,,39140,31,,,0,30,,39157,31,,,0,70,,39141,31,,,0,30,,39158,31,,,0,70,,39142,31,,,0,30,,39159,31,,,0,70,,39143,31,,,0,30,,39160,31,,,0,70,,39144,31,,,0,30,,39161,31,,,0,70,,39145,31,,,0,30,,39162,31,,,0,70,,39146,31,,,0,30,,39163,31,,,0,70,,39147,31,,,0,30,,39164,31,,,0,70,,39148,31,,,0,30,,39165,31,,,0,70,,39149,31,,,0,30,,39166,31,,,0,70,,39150,31,,,0,30,,39167,31,,,0,70,,39151,31,,,0,30,,39168,31,,,0,70,,39152,31,,,0,30,,39169,31,,,0,70,,39133,31,0,7 4 8 9 10,0
