579301,'1',529,,33902,15,,,0,15,,33903,15,,,0,15,,33833,15,,,0,55,,33904,15,,,0,15,,33832,15,,,0,15,,33905,15,,,0,15,,33835,15,,,0,55,,33836,15,,,0,15,,33837,15,,,0,10,,33847,15,,,0,10,,33875,15,,,0,10,,33846,15,,,0,50,,33845,15,,,0,10,,33876,15,,,0,10,,33844,15,,,0,10,,33843,15,,,0,10,,33877,15,,,0,10,,33842,15,,,0,50,,33841,15,,,0,10,,33878,15,,,0,10,,33840,15,,,0,10,,33839,15,,,0,10,,33879,15,,,0,10,,33838,15,,,0,50,,33913,15,,,0,10,,33892,15,,,0,21,,33893,15,,,0,60,,33894,15,,,0,20,,33895,15,,,0,20,,33896,15,,,0,60,,33897,15,,,0,20,,33898,15,,,0,20,,33899,15,,,0,60,,33900,15,,,0,20,,33901,15,,,0,20,,33834,15,,,0,60,,33880,15,,,0,20,,33867,15,,,0,20,,33866,15,,,0,60,,33881,15,,,0,20,,33865,15,,,0,11,,33882,15,,,0,10,,33864,15,,,0,10,,33863,15,,,0,50,,33883,15,,,0,10,,33862,15,,,0,10,,33861,15,,,0,10,,33884,15,,,0,10,,33860,15,,,0,10,,33859,15,,,0,50,,33885,15,,,0,10,,33858,15,,,0,10,,33857,15,,,0,10,,33886,15,,,0,10,,33856,15,,,0,10,,33855,15,,,0,50,,33887,15,,,0,10,,33854,15,,,0,10,,33888,15,,,0,10,,33853,15,,,0,10,,33852,15,,,0,10,,33889,15,,,0,55,,33851,15,,,0,19,,33850,15,,,0,20,,33910,15,,,0,60,,33911,15,,,0,20,,33849,15,,,0,20,,33848,15,,,0,60,,33906,15,,,0,20,,33868,15,,,0,20,,33869,15,,,0,60,,33907,15,,,0,19,,33870,15,,,0,20,,33871,15,,,0,60,,33908,15,,,0,20,,33872,15,,,0,20,,33873,15,,,0,60,,33909,15,,,0,20,,33874,15,,,0,20,,33891,15,,,0,60,,33890,15,,,0,20,,33912,15,,,0
579301,'2',527,,33984,15,,,0,20,,33914,15,,,0,60,,33974,15,,,0,20,,33915,15,,,0,20,,33916,15,,,0,60,,33975,15,,,0,20,,33917,15,,,0,20,,33918,15,,,0,60,,33919,15,,,0,21,,33920,15,,,0,15,,33921,15,,,0,15,,33922,15,,,0,55,,33923,15,,,0,15,,33924,15,,,0,15,,33925,15,,,0,15,,33926,15,,,0,55,,33927,15,,,0,15,,33928,15,,,0,15,,33929,15,,,0,15,,33930,15,,,0,55,,33931,15,,,0,13,,33932,15,,,0,18,,33933,15,,,0,15,,33934,15,,,0,55,,33935,15,,,0,15,,33936,15,,,0,15,,33937,15,,,0,15,,33938,15,,,0,55,,33939,15,,,0,15,,33940,15,,,0,15,,33941,15,,,0,15,,33942,15,,,0,55,,33943,15,,,0,15,,33944,15,,,0,15,,33945,15,,,0,15,,33946,15,,,0,55,,33947,15,,,0,15,,33948,15,,,0,15,,33949,15,,,0,15,,33950,15,,,0,55,,33951,15,,,0,15,,33952,15,,,0,15,,33953,15,,,0,15,,33954,15,,,0,55,,33955,15,,,0,15,,33956,15,,,0,15,,33957,15,,,0,15,,33958,15,,,0,55,,33959,15,,,0,15,,33960,15,,,0,20,,33961,15,,,0,60,,33976,15,,,0,19,,33962,15,,,0,20,,33977,15,,,0,60,,33963,15,,,0,20,,33964,15,,,0,20,,33978,15,,,0,60,,33965,15,,,0,20,,33966,15,,,0,20,,33979,15,,,0,60,,33967,15,,,0,19,,33968,15,,,0,20,,33980,15,,,0,60,,33969,15,,,0,20,,33970,15,,,0,20,,33981,15,,,0,60,,33971,15,,,0,20,,33972,15,,,0,20,,33973,15,,,0,60,,33982,15,,,0,20,,33983,15,,,0
579301,'3',527,,34030,15,,,0,30,,33985,15,,,0,70,,33986,15,,,0,30,,33987,15,,,0,70,,33988,15,,,0,30,,33989,15,,,0,70,,33990,15,,,0,30,,33991,15,,,0,70,,33992,15,,,0,20,,33993,15,,,0,60,,33994,15,,,0,21,,33995,15,,,0,20,,33996,15,,,0,60,,33997,15,,,0,20,,33998,15,,,0,25,,33999,15,,,0,60,,34000,15,,,0,20,,34001,15,,,0,20,,34002,15,,,0,60,,34003,15,,,0,20,,34004,15,,,0,20,,34005,15,,,0,60,,34006,15,,,0,20,,34007,15,,,0,20,,34008,15,,,0,60,,34009,15,,,0,20,,34010,15,,,0,20,,34011,15,,,0,60,,34012,15,,,0,20,,34013,15,,,0,20,,34014,15,,,0,60,,34015,15,,,0,20,,34016,15,,,0,20,,34017,15,,,0,60,,34018,15,,,0,30,,34019,15,,,0,70,,34020,15,,,0,30,,34021,15,,,0,70,,34022,15,,,0,30,,34023,15,,,0,70,,34024,15,,,0,30,,34025,15,,,0,70,,34026,15,,,0,29,,34027,15,,,0,70,,34028,15,,,0,30,,34029,15,,,0,70,,34031,15,,,0
579301,'4',622,,34069,15,,,0,30,,34068,15,,,0,70,,34067,15,,,0,30,,34066,15,,,0,70,,34065,15,,,0,30,,34064,15,,,0,70,,34063,15,,,0,30,,34062,15,,,0,60,,34061,15,,,0,20,,34060,15,,,0,20,,34059,15,,,0,60,,34058,15,,,0,20,,34057,15,,,0,20,,34056,15,,,0,60,,34055,15,,,0,20,,34054,15,,,0,20,,34053,15,,,0,60,,34052,15,,,0,20,,34051,15,,,0,20,,34050,15,,,0,60,,34049,15,,,0,20,,34048,15,,,0,20,,34047,15,,,0,60,,34046,15,,,0,20,,34045,15,,,0,20,,34044,15,,,0,60,,34043,15,,,0,20,,34042,15,,,0,20,,34041,15,,,0,60,,34040,15,,,0,20,,34039,15,,,0,20,,34038,15,,,0,60,,34037,15,,,0,20,,34036,15,,,0,70,,34035,15,,,0,30,,34034,15,,,0,70,,34033,15,,,0,30,,34032,15,,,0
579301,'6',527,,34115,15,,,0,30,,34070,15,,,0,70,,34071,15,,,0,30,,34072,15,,,0,70,,34073,15,,,0,30,,34074,15,,,0,70,,34075,15,,,0,30,,34076,15,,,0,70,,34077,15,,,0,20,,34078,15,,,0,60,,34079,15,,,0,21,,34080,15,,,0,20,,34081,15,,,0,60,,34082,15,,,0,20,,34083,15,,,0,25,,34084,15,,,0,60,,34085,15,,,0,20,,34086,15,,,0,20,,34087,15,,,0,60,,34088,15,,,0,20,,34089,15,,,0,20,,34090,15,,,0,60,,34091,15,,,0,20,,34092,15,,,0,20,,34093,15,,,0,60,,34094,15,,,0,20,,34095,15,,,0,20,,34096,15,,,0,60,,34097,15,,,0,20,,34098,15,,,0,20,,34099,15,,,0,60,,34100,15,,,0,20,,34101,15,,,0,20,,34102,15,,,0,60,,34103,15,,,0,30,,34104,15,,,0,70,,34105,15,,,0,30,,34106,15,,,0,70,,34107,15,,,0,30,,34108,15,,,0,70,,34109,15,,,0,30,,34110,15,,,0,70,,34111,15,,,0,29,,34112,15,,,0,70,,34113,15,,,0,30,,34114,15,,,0,70,,34116,15,,,0
579401,'1601',853,,34328,24,,,0,98,,34329,24,,,0
579401,'1',533,,34330,45,,,0,20,,34331,45,,,0,60,,34332,45,,,0,20,,34333,45,,,0,20,,34334,45,,,0,56,,34335,45,,,0,16,,34336,45,,,0,17,,34337,45,,,0,15,,34338,45,,,0,55,,34339,45,,,0,15,,34340,45,,,0,15,,34341,45,,,0,15,,34342,45,,,0,55,,34343,45,,,0,16,,34344,45,,,0,16,,34345,45,,,0,13,,34346,45,,,0,55,,34347,45,,,0,15,,34348,45,,,0,15,,34349,45,,,0,15,,34350,45,,,0,55,,34351,45,,,0,15,,34352,45,,,0,15,,34353,45,,,0,15,,34354,45,,,0,55,,34355,45,,,0,15,,34356,45,,,0,15,,34357,45,,,0,15,,34358,45,,,0,55,,34359,45,,,0,15,,34360,45,,,0,15,,34361,45,,,0,15,,34362,45,,,0,57,,34363,45,,,0,15,,34364,45,,,0,15,,34365,45,,,0,15,,34366,45,,,0,55,,34367,45,,,0,15,,34368,45,,,0,15,,34369,45,,,0,15,,34370,45,,,0,55,,34371,45,,,0,15,,34372,45,,,0,15,,34373,45,,,0,15,,34374,45,,,0,55,,34375,45,,,0,15,,34376,45,,,0,15,,34377,45,,,0,15,,34378,45,,,0,55,,34379,45,,,0,15,,34380,45,,,0,15,,34381,45,,,0,70,,34382,45,,,0,33,,34383,45,,,0,70,,34384,45,,,0,30,,34385,45,,,0,70,,34386,45,,,0,30,,34387,45,,,0,70,,34388,45,,,0,29,,34389,45,,,0,70,,34390,45,,,0,30,,34391,45,,,0,70,,34392,45,,,0,30,,34393,45,,,0,61,,34394,45,,,0
579401,'2',542,,34433,45,,,0,70,,34432,45,,,0,30,,34431,45,,,0,70,,34430,45,,,0,30,,34429,45,,,0,70,,34428,45,,,0,30,,34427,45,,,0,70,,34426,45,,,0,32,,34425,45,,,0,70,,34424,45,,,0,30,,34423,45,,,0,70,,34422,45,,,0,30,,34421,45,,,0,70,,34420,45,,,0,30,,34419,45,,,0,70,,34418,45,,,0,30,,34417,45,,,0,70,,34416,45,,,0,30,,34415,45,,,0,70,,34414,45,,,0,30,,34413,45,,,0,70,,34412,45,,,0,30,,34411,45,,,0,70,,34410,45,,,0,30,,34409,45,,,0,70,,34408,45,,,0,30,,34407,45,,,0,73,,34406,45,,,0,30,,34405,45,,,0,70,,34404,45,,,0,30,,34403,45,,,0,70,,34402,45,,,0,30,,34401,45,,,0,70,,34400,45,,,0,30,,34399,45,,,0,70,,34398,45,,,0,30,,34397,45,,,0,70,,34396,45,,,0,30,,34395,45,,,0
579401,'3',602,,34470,45,,,0,30,,34469,45,,,0,70,,34468,45,,,0,30,,34467,45,,,0,70,,34466,45,,,0,30,,34465,45,,,0,70,,34464,45,,,0,29,,34463,45,,,0,70,,34462,45,,,0,30,,34461,45,,,0,70,,34460,45,,,0,30,,34459,45,,,0,70,,34458,45,,,0,30,,34457,45,,,0,70,,34456,45,,,0,30,,34455,45,,,0,70,,34454,45,,,0,30,,34453,45,,,0,70,,34452,45,,,0,30,,34451,45,,,0,70,,34450,45,,,0,30,,34449,45,,,0,70,,34448,45,,,0,30,,34447,45,,,0,70,,34446,45,,,0,30,,34445,45,,,0,70,,34444,45,,,0,29,,34443,45,,,0,70,,34442,45,,,0,30,,34441,45,,,0,70,,34440,45,,,0,30,,34439,45,,,0,70,,34438,45,,,0,30,,34437,45,,,0,70,,34436,45,,,0,25,,34435,45,,,0,22,,34434,45,,,0
579401,'4',622,,34471,45,,,0,25,,34472,45,,,0,70,,34473,45,,,0,30,,34474,45,,,0,70,,34475,45,,,0,30,,34476,45,,,0,68,,34477,45,,,0,30,,34478,45,,,0,70,,34479,45,,,0,30,,34480,45,,,0,70,,34481,45,,,0,30,,34482,45,,,0,70,,34483,45,,,0,30,,34484,45,,,0,70,,34485,45,,,0,30,,34486,45,,,0,70,,34487,45,,,0,30,,34488,45,,,0,70,,34489,45,,,0,30,,34490,45,,,0,70,,34491,45,,,0,30,,34492,45,,,0,70,,34493,45,,,0,30,,34494,45,,,0,70,,34500,45,,,0,32,,34495,45,,,0,70,,34496,45,,,0,30,,34497,45,,,0,70,,34498,45,,,0,30,,34499,45,,,0,63,,34501,45,,,0
579401,'6',542,,34540,45,,,0,70,,34539,45,,,0,30,,34538,45,,,0,70,,34537,45,,,0,30,,34536,45,,,0,70,,34535,45,,,0,30,,34534,45,,,0,70,,34533,45,,,0,32,,34532,45,,,0,70,,34531,45,,,0,30,,34530,45,,,0,70,,34529,45,,,0,30,,34528,45,,,0,70,,34527,45,,,0,30,,34526,45,,,0,70,,34525,45,,,0,30,,34524,45,,,0,70,,34523,45,,,0,30,,34522,45,,,0,70,,34521,45,,,0,30,,34520,45,,,0,70,,34519,45,,,0,30,,34518,45,,,0,70,,34517,45,,,0,30,,34516,45,,,0,70,,34515,45,,,0,30,,34514,45,,,0,73,,34513,45,,,0,30,,34512,45,,,0,70,,34511,45,,,0,30,,34510,45,,,0,70,,34509,45,,,0,30,,34508,45,,,0,70,,34507,45,,,0,30,,34506,45,,,0,70,,34505,45,,,0,30,,34504,45,,,0,70,,34503,45,,,0,30,,34502,45,,,0
580101,'1',524,,37315,36,,,0,20,,37316,36,,,0,60,,37317,36,,,0,20,,37318,36,,,0,20,,37319,36,,,0,60,,37320,36,,,0,15,,37321,36,,,0,18,,37322,36,,,0,15,,37323,36,,,0,55,,37324,36,,,0,18,,37325,36,,,0,20,,37326,36,,,0,60,,37327,36,,,0,19,,37328,36,,,0,20,,37329,36,,,0,60,,37330,36,,,0,20,,37331,36,,,0,20,,37332,36,,,0,60,,37333,36,,,0,20,,37334,36,,,0,20,,37335,36,,,0,60,,37336,36,,,0,20,,37337,36,,,0,20,,37338,36,,,0,60,,37339,36,,,0,20,,37340,36,,,0,20,,37341,36,,,0,60,,37342,36,,,0,15,,37343,36,,,0,15,,37344,36,,,0,15,,37345,36,,,0,55,,37346,36,,,0,15,,37347,36,,,0,15,,37348,36,,,0,15,,37349,36,,,0,55,,37350,36,,,0,15,,37351,36,,,0,15,,37352,36,,,0,15,,37353,36,,,0,55,,37354,36,,,0,15,,37355,36,,,0,15,,37356,36,,,0,15,,37357,36,,,0,55,,37358,36,,,0,30,,37359,36,,,0,70,,37360,36,,,0,30,,37361,36,,,0,70,,37362,36,,,0,27,,37363,36,,,0,70,,37364,36,,,0,45,,37365,36,,,0,80,,37366,36,,,0,80,,37367,36,,,0,40,,37368,36,,,0,80,,37369,36,,,0,80,,37370,36,,,0
580101,'2',525,,37406,36,,,0,30,,37407,36,,,0,70,,37371,36,,,0,30,,37372,36,,,0,70,,37373,36,,,0,30,,37374,36,,,0,70,,37375,36,,,0,30,,37376,36,,,0,73,,37377,36,,,0,30,,37378,36,,,0,70,,37379,36,,,0,30,,37380,36,,,0,70,,37381,36,,,0,30,,37382,36,,,0,70,,37383,36,,,0,30,,37384,36,,,0,70,,37385,36,,,0,30,,37386,36,,,0,70,,37387,36,,,0,30,,37388,36,,,0,70,,37389,36,,,0,30,,37390,36,,,0,70,,37391,36,,,0,30,,37392,36,,,0,70,,37393,36,,,0,30,,37394,36,,,0,70,,37395,36,,,0,30,,37396,36,,,0,70,,37397,36,,,0,30,,37398,36,,,0,67,,37399,36,,,0,30,,37400,36,,,0,70,,37401,36,,,0,30,,37402,36,,,0,70,,37403,36,,,0,80,,37404,36,,,0,40,,37405,36,,,0,80,,37408,36,,,0,80,,37409,36,,,0
580101,'3',611,,37410,36,,,0,30,,37411,36,,,0,70,,37412,36,,,0,30,,37413,36,,,0,70,,37414,36,,,0,30,,37415,36,,,0,70,,37416,36,,,0,33,,37417,36,,,0,70,,37418,36,,,0,30,,37419,36,,,0,70,,37420,36,,,0,30,,37421,36,,,0,70,,37422,36,,,0,30,,37423,36,,,0,70,,37424,36,,,0,30,,37425,36,,,0,70,,37426,36,,,0,30,,37427,36,,,0,70,,37428,36,,,0,30,,37429,36,,,0,70,,37430,36,,,0,30,,37431,36,,,0,70,,37432,36,,,0,30,,37433,36,,,0,70,,37434,36,,,0,30,,37435,36,,,0,70,,37436,36,,,0,30,,37437,36,,,0,70,,37438,36,,,0,26,,37439,36,,,0,70,,37440,36,,,0,35,,37441,36,,,0,80,,37442,36,,,0,80,,37443,36,,,0,40,,37444,36,,,0,75,,37445,36,,,0
580101,'4',649,,37467,36,,,0,80,,37466,36,,,0,80,,37446,36,,,0,40,,37447,36,,,0,80,,37448,36,,,0,80,,37449,36,,,0,40,,37450,36,,,0,80,,37451,36,,,0,80,,37452,36,,,0,40,,37453,36,,,0,80,,37454,36,,,0,80,,37455,36,,,0,40,,37456,36,,,0,80,,37457,36,,,0,80,,37458,36,,,0,40,,37459,36,,,0,80,,37460,36,,,0,80,,37461,36,,,0,40,,37462,36,,,0,80,,37463,36,,,0,80,,37464,36,,,0,40,,37465,36,,,0
580101,'6',611,,37468,36,,,0,30,,37469,36,,,0,70,,37470,36,,,0,30,,37471,36,,,0,70,,37472,36,,,0,30,,37473,36,,,0,70,,37474,36,,,0,33,,37475,36,,,0,70,,37476,36,,,0,30,,37477,36,,,0,70,,37478,36,,,0,30,,37479,36,,,0,70,,37480,36,,,0,30,,37481,36,,,0,70,,37482,36,,,0,30,,37483,36,,,0,70,,37484,36,,,0,30,,37485,36,,,0,70,,37486,36,,,0,30,,37487,36,,,0,70,,37488,36,,,0,30,,37489,36,,,0,70,,37490,36,,,0,30,,37491,36,,,0,70,,37492,36,,,0,30,,37493,36,,,0,70,,37494,36,,,0,30,,37495,36,,,0,70,,37496,36,,,0,26,,37497,36,,,0,70,,37498,36,,,0,35,,37499,36,,,0,80,,37500,36,,,0,80,,37501,36,,,0,40,,37502,36,,,0,75,,37503,36,,,0
580301,'1',456,,38076,26,,,0,75,,38077,26,,,0,23,,38078,29,,,0,62,,38079,26,,,0,18,,38080,29,,,0,20,,38081,26,,,0,60,,38082,29,,,0,17,,38083,26,,,0,15,,38084,29,,,0,55,,38085,26,,,0,15,,38086,29,,,0,15,,38087,26,,,0,15,,38088,29,,,0,55,,38089,26,,,0,15,,38090,29,,,0,15,,38091,26,,,0,15,,38092,29,,,0,55,,38093,26,,,0,17,,38094,29,,,0,20,,38095,26,,,0,20,,38096,29,,,0,60,,38097,26,,,0,20,,38098,29,,,0,20,,38099,26,,,0,60,,38100,29,,,0,20,,38101,26,,,0,20,,38102,29,,,0,60,,38103,26,,,0,20,,38104,29,,,0,20,,38105,26,,,0,56,,38106,29,,,0,12,,38107,26,,,0,15,,38108,29,,,0,15,,38109,26,,,0,55,,38110,29,,,0,15,,38111,26,,,0,15,,38112,29,,,0,15,,38113,26,,,0,55,,38114,29,,,0,15,,38115,26,,,0,15,,38116,29,,,0,15,,38117,26,,,0,55,,38118,29,,,0,19,,38119,26,,,0,15,,38120,29,,,0,55,,38121,26,,,0,15,,38122,29,,,0,15,,38123,26,,,0,15,,38124,29,,,0,55,,38125,26,,,0,15,,38126,29,,,0,15,,38127,26,,,0,20,,38128,29,,,0,60,,38129,26,,,0,20,,38130,29,,,0,20,,38131,26,,,0,60,,38132,29,,,0,20,,38133,26,,,0,16,,38134,29,,,0,71,,38135,26,,,0,30,,38136,29,,,0,70,,38137,26,,,0,30,,38138,29,,,0,68,,38139,26,,,0,28,,38140,29,,,0,68,,38141,26,,,0
580301,'2',533,,38165,29,,,0,70,,38158,26,,,0,30,,38178,29,,,0,70,,38179,26,,,0,30,,38180,29,,,0,70,,38181,26,,,0,30,,38163,29,,,0,70,,38164,26,,,0,28,,38147,29,,,0,70,,38175,26,,,0,24,,38176,29,,,0,20,,38177,26,,,0,60,,38172,29,,,0,20,,38173,26,,,0,20,,38174,29,,,0,60,,38166,26,,,0,20,,38167,29,,,0,20,,38168,26,,,0,60,,38169,29,,,0,20,,38170,26,,,0,20,,38171,29,,,0,60,,38182,26,,,0,20,,38185,29,,,0,20,,38156,26,,,0,60,,38157,29,,,0,20,,38155,26,,,0,20,,38152,29,,,0,60,,38153,26,,,0,20,,38150,29,,,0,20,,38151,26,,,0,60,,38154,29,,,0,22,,38145,26,,,0,20,,38159,29,,,0,60,,38161,26,,,0,20,,38162,29,,,0,20,,38160,26,,,0,60,,38186,29,,,0,30,,38187,26,,,0,70,,38183,29,,,0,30,,38184,26,,,0,70,,38149,29,,,0,30,,38146,26,,,0,70,,38190,29,,,0,31,,38142,26,,,0,70,,38143,29,,,0,30,,38144,26,,,0,70,,38188,29,,,0,30,,38189,26,,,0,70,,38148,29,,,0
580301,'3',615,,38208,29,,,0,30,,38207,26,,,0,70,,38206,29,,,0,30,,38205,26,,,0,70,,38204,29,,,0,30,,38203,26,,,0,70,,38202,29,,,0,30,,38201,26,,,0,72,,38209,29,,,0,20,,38222,26,,,0,20,,38210,26,,,0,60,,38223,29,,,0,20,,38211,26,,,0,20,,38224,29,,,0,60,,38212,26,,,0,20,,38225,29,,,0,20,,38213,26,,,0,60,,38226,29,,,0,20,,38214,26,,,0,20,,38227,29,,,0,60,,38215,26,,,0,20,,38228,29,,,0,20,,38216,26,,,0,60,,38229,29,,,0,20,,38217,26,,,0,20,,38230,29,,,0,60,,38218,26,,,0,20,,38231,29,,,0,20,,38219,26,,,0,60,,38232,29,,,0,20,,38220,26,,,0,20,,38233,29,,,0,60,,38221,26,,,0,20,,38234,29,,,0,19,,38235,26,,,0,59,,38200,29,,,0,31,,38199,26,,,0,69,,38198,29,,,0,31,,38197,26,,,0,69,,38196,29,,,0,31,,38195,26,,,0,67,,38194,29,,,0,31,,38193,26,,,0,69,,38192,29,,,0,31,,38191,26,,,0
580301,'4',615,,38236,29,,,0,30,,38251,26,,,0,70,,38237,29,,,0,30,,38252,26,,,0,70,,38238,29,,,0,30,,38253,26,,,0,70,,38239,29,,,0,30,,38254,26,,,0,70,,38240,29,,,0,30,,38255,26,,,0,70,,38241,29,,,0,30,,38256,26,,,0,70,,38242,29,,,0,30,,38257,26,,,0,70,,38243,29,,,0,30,,38258,26,,,0,70,,38244,29,,,0,30,,38259,26,,,0,70,,38245,29,,,0,30,,38260,26,,,0,70,,38246,29,,,0,30,,38261,26,,,0,70,,38247,29,,,0,30,,38262,26,,,0,70,,38248,29,,,0,30,,38263,26,,,0,70,,38249,29,,,0,30,,38264,26,,,0,70,,38250,29,,,0,30,,38265,26,,,0
580301,'6',615,,38283,29,,,0,30,,38282,26,,,0,70,,38281,29,,,0,30,,38280,26,,,0,70,,38279,29,,,0,30,,38278,26,,,0,70,,38277,29,,,0,30,,38276,26,,,0,72,,38284,29,,,0,20,,38297,26,,,0,20,,38285,26,,,0,60,,38298,29,,,0,20,,38286,26,,,0,20,,38299,29,,,0,60,,38287,26,,,0,20,,38300,29,,,0,20,,38288,26,,,0,60,,38301,29,,,0,20,,38289,26,,,0,20,,38302,29,,,0,60,,38290,26,,,0,20,,38303,29,,,0,20,,38291,26,,,0,60,,38304,29,,,0,20,,38292,26,,,0,20,,38305,29,,,0,60,,38293,26,,,0,20,,38306,29,,,0,20,,38294,26,,,0,60,,38307,29,,,0,20,,38295,26,,,0,20,,38308,29,,,0,60,,38296,26,,,0,20,,38309,29,,,0,19,,38310,26,,,0,59,,38275,29,,,0,31,,38274,26,,,0,69,,38273,29,,,0,31,,38272,26,,,0,69,,38271,29,,,0,31,,38270,26,,,0,67,,38269,29,,,0,31,,38268,26,,,0,69,,38267,29,,,0,31,,38266,26,,,0
