578901,'1',501,,32625,4,,,0,30,,32627,4,,,0,70,,32620,4,,,0,30,,32621,4,,,0,71,,32597,4,,,0,30,,32626,4,,,0,70,,32624,4,,,0,30,,32623,4,,,0,69,,32622,4,,,0,36,,32619,4,,,0,70,,32611,4,,,0,30,,32610,4,,,0,70,,32609,4,,,0,30,,32614,4,,,0,70,,32613,4,,,0,30,,32612,4,,,0,70,,32618,4,,,0,30,,32617,4,,,0,70,,32616,4,,,0,30,,32596,4,,,0,70,,32603,4,,,0,30,,32602,4,,,0,70,,32606,4,,,0,30,,32605,4,,,0,70,,32604,4,,,0,30,,32608,4,,,0,70,,32600,4,,,0,30,,32599,4,,,0,70,,32601,4,,,0,30,,32593,4,,,0,70,,32615,4,,,0,30,,32592,4,,,0,70,,32598,4,,,0,30,,32591,4,,,0,74,,32607,4,,,0,100,,32595,4,,,0,100,,32594,4,,,0
578901,'2',501,,32664,4,,,0,30,,32642,4,,,0,70,,32635,4,,,0,30,,32641,4,,,0,70,,32640,4,,,0,30,,32656,4,,,0,70,,32655,4,,,0,30,,32654,4,,,0,70,,32658,4,,,0,30,,32657,4,,,0,70,,32659,4,,,0,30,,32650,4,,,0,70,,32649,4,,,0,30,,32648,4,,,0,70,,32653,4,,,0,30,,32652,4,,,0,70,,32651,4,,,0,30,,32662,4,,,0,70,,32661,4,,,0,30,,32645,4,,,0,70,,32644,4,,,0,30,,32660,4,,,0,70,,32643,4,,,0,30,,32647,4,,,0,70,,32646,4,,,0,30,,32637,4,,,0,70,,32636,4,,,0,30,,32639,4,,,0,70,,32638,4,,,0,30,,32630,4,,,0,70,,32629,4,,,0,30,,32634,4,,,0,70,,32628,4,,,0,100,,32633,4,,,0,100,,32632,4,,,0,100,,32631,4,,,0,100,,32663,4,,,0
578901,'3',501,,32700,4,,,0,30,,32679,4,,,0,70,,32672,4,,,0,30,,32678,4,,,0,70,,32677,4,,,0,30,,32693,4,,,0,70,,32692,4,,,0,30,,32691,4,,,0,70,,32695,4,,,0,30,,32694,4,,,0,70,,32696,4,,,0,30,,32687,4,,,0,70,,32686,4,,,0,30,,32685,4,,,0,70,,32690,4,,,0,30,,32689,4,,,0,70,,32688,4,,,0,30,,32699,4,,,0,70,,32698,4,,,0,30,,32682,4,,,0,70,,32681,4,,,0,30,,32697,4,,,0,70,,32680,4,,,0,30,,32684,4,,,0,70,,32683,4,,,0,30,,32674,4,,,0,70,,32673,4,,,0,30,,32676,4,,,0,70,,32675,4,,,0,30,,32667,4,,,0,70,,32666,4,,,0,30,,32671,4,,,0,70,,32665,4,,,0,100,,32670,4,,,0,100,,32669,4,,,0,100,,32668,4,,,0
578901,'4',521,,32701,4,,,0,100,,32702,4,,,0,100,,32703,4,,,0,100,,32704,4,,,0,100,,32705,4,,,0,100,,32706,4,,,0,100,,32707,4,,,0,100,,32708,4,,,0,100,,32709,4,,,0,100,,32710,4,,,0,100,,32711,4,,,0,100,,32712,4,,,0,100,,32713,4,,,0,100,,32714,4,,,0,100,,32715,4,,,0,100,,32716,4,,,0
578901,'6',501,,32752,4,,,0,30,,32731,4,,,0,70,,32724,4,,,0,30,,32730,4,,,0,70,,32729,4,,,0,30,,32745,4,,,0,70,,32744,4,,,0,30,,32743,4,,,0,70,,32747,4,,,0,30,,32746,4,,,0,70,,32748,4,,,0,30,,32739,4,,,0,70,,32738,4,,,0,30,,32737,4,,,0,70,,32742,4,,,0,30,,32741,4,,,0,70,,32740,4,,,0,30,,32751,4,,,0,70,,32750,4,,,0,30,,32734,4,,,0,70,,32733,4,,,0,30,,32749,4,,,0,70,,32732,4,,,0,30,,32736,4,,,0,70,,32735,4,,,0,30,,32726,4,,,0,70,,32725,4,,,0,30,,32728,4,,,0,70,,32727,4,,,0,30,,32719,4,,,0,70,,32718,4,,,0,30,,32723,4,,,0,70,,32717,4,,,0,100,,32722,4,,,0,100,,32721,4,,,0,100,,32720,4,,,0
580601,'1601',705,,38545,4,0,8 40 10,0,803,,38546,4,0,8 29 30 10,0
580601,'1',511,,38600,4,,,0,29,,38599,4,,,0,70,,38598,4,,,0,29,,38597,4,,,0,70,,38596,4,,,0,30,,38595,4,,,0,20,,38594,4,,,0,60,,38593,4,,,0,20,,38592,4,,,0,15,,38591,4,,,0,55,,38590,4,,,0,15,,38589,4,,,0,14,,38588,4,,,0,70,,38587,4,,,0,30,,38586,4,,,0,70,,38585,4,,,0,30,,38584,4,,,0,70,,38583,4,,,0,30,,38582,4,,,0,70,,38581,4,,,0,28,,38580,4,,,0,70,,38579,4,,,0,30,,38578,4,,,0,15,,38577,4,,,0,55,,38576,4,,,0,15,,38575,4,,,0,15,,38574,4,,,0,15,,38573,4,,,0,55,,38548,4,,,0,15,,38572,4,,,0,15,,38571,4,,,0,15,,38570,4,,,0,55,,38569,4,,,0,15,,38568,4,,,0,15,,38567,4,,,0,15,,38566,4,,,0,55,,38565,4,,,0,15,,38564,4,,,0,19,,38563,4,,,0,15,,38562,4,,,0,60,,38561,4,,,0,25,,38560,4,,,0,70,,38559,4,,,0,30,,38558,4,,,0,70,,38557,4,,,0,30,,38556,4,,,0,70,,38551,4,,,0,33,,38555,4,,,0,70,,38554,4,,,0,30,,38550,4,,,0,70,,38553,4,,,0,30,,38549,4,,,0,77,,38552,4,,,0
580601,'2',501,,38638,4,,,0,30,,38639,4,,,0,70,,38640,4,,,0,26,,38619,4,,,0,30,,38621,4,,,0,70,,38620,4,,,0,30,,38622,4,,,0,70,,38618,4,,,0,30,,38623,4,,,0,70,,38615,4,,,0,30,,38624,4,,,0,70,,38607,4,,,0,30,,38625,4,,,0,70,,38608,4,,,0,30,,38626,4,,,0,70,,38609,4,,,0,30,,38627,4,,,0,70,,38610,4,,,0,30,,38628,4,,,0,70,,38611,4,,,0,30,,38629,4,,,0,70,,38612,4,,,0,30,,38630,4,,,0,70,,38613,4,,,0,30,,38631,4,,,0,70,,38614,4,,,0,30,,38632,4,,,0,70,,38616,4,,,0,30,,38617,4,,,0,70,,38633,4,,,0,30,,38606,4,,,0,70,,38605,4,,,0,30,,38604,4,,,0,70,,38603,4,,,0,30,,38602,4,,,0,70,,38634,4,,,0,30,,38635,4,,,0,70,,38636,4,,,0,30,,38601,4,,,0,70,,38637,4,,,0,30,,38641,4,,,0
580601,'3',627,,38660,4,,,0,30,,38662,4,,,0,70,,38661,4,,,0,30,,38663,4,,,0,70,,38659,4,,,0,30,,38664,4,,,0,70,,38656,4,,,0,30,,38665,4,,,0,70,,38648,4,,,0,30,,38666,4,,,0,70,,38649,4,,,0,30,,38667,4,,,0,70,,38650,4,,,0,30,,38668,4,,,0,70,,38651,4,,,0,30,,38669,4,,,0,70,,38652,4,,,0,30,,38670,4,,,0,70,,38653,4,,,0,30,,38671,4,,,0,70,,38654,4,,,0,30,,38672,4,,,0,70,,38655,4,,,0,30,,38673,4,,,0,70,,38657,4,,,0,30,,38658,4,,,0,70,,38674,4,,,0,30,,38647,4,,,0,70,,38646,4,,,0,30,,38645,4,,,0,70,,38644,4,,,0,30,,38643,4,,,0,70,,38675,4,,,0,30,,38676,4,,,0,70,,38677,4,,,0,79,,38642,4,,,0
580601,'4',630,,38693,4,,,0,70,,38695,4,,,0,30,,38694,4,,,0,70,,38696,4,,,0,30,,38692,4,,,0,70,,38697,4,,,0,30,,38689,4,,,0,70,,38698,4,,,0,30,,38681,4,,,0,70,,38699,4,,,0,30,,38682,4,,,0,70,,38700,4,,,0,30,,38683,4,,,0,70,,38701,4,,,0,30,,38684,4,,,0,70,,38702,4,,,0,30,,38685,4,,,0,70,,38703,4,,,0,30,,38686,4,,,0,70,,38704,4,,,0,30,,38687,4,,,0,70,,38705,4,,,0,30,,38688,4,,,0,70,,38706,4,,,0,30,,38690,4,,,0,70,,38691,4,,,0,30,,38707,4,,,0,70,,38680,4,,,0,30,,38679,4,,,0,70,,38678,4,,,0
580601,'6',501,,38745,4,,,0,30,,38746,4,,,0,70,,38747,4,,,0,26,,38726,4,,,0,30,,38728,4,,,0,70,,38727,4,,,0,30,,38729,4,,,0,70,,38725,4,,,0,30,,38730,4,,,0,70,,38722,4,,,0,30,,38731,4,,,0,70,,38714,4,,,0,30,,38732,4,,,0,70,,38715,4,,,0,30,,38733,4,,,0,70,,38716,4,,,0,30,,38734,4,,,0,70,,38717,4,,,0,30,,38735,4,,,0,70,,38718,4,,,0,30,,38736,4,,,0,70,,38719,4,,,0,30,,38737,4,,,0,70,,38720,4,,,0,30,,38738,4,,,0,70,,38721,4,,,0,30,,38739,4,,,0,70,,38723,4,,,0,30,,38724,4,,,0,70,,38740,4,,,0,30,,38713,4,,,0,70,,38712,4,,,0,30,,38711,4,,,0,70,,38710,4,,,0,30,,38709,4,,,0,70,,38741,4,,,0,30,,38742,4,,,0,70,,38743,4,,,0,30,,38708,4,,,0,70,,38744,4,,,0,30,,38748,4,,,0
