580300,'1',552,,37842,29,,,0,75,,37844,29,,,0,32,,37846,29,,,0,70,,37848,29,,,0,30,,37850,29,,,0,70,,37852,29,,,0,30,,37854,29,,,0,70,,37856,29,,,0,75,,37858,29,,,0,40,,37860,29,,,0,80,,37862,29,,,0,80,,37864,29,,,0,40,,37866,29,,,0,80,,37868,29,,,0,80,,37870,29,,,0,38,,37872,29,,,0,85,,37874,29,,,0,30,,37876,29,,,0,70,,37878,29,,,0,30,,37880,29,,,0,70,,37882,29,,,0,30,,37884,29,,,0,70,,37886,29,,,0,80,,37888,29,,,0,37,,37890,29,,,0,80,,37892,29,,,0,80,,37894,29,,,0,50,,37896,29,,,0,98,,37898,29,,,0,100,,37900,29,,,0,100,,37902,29,,,0
580300,'2',638,,37906,29,,,0,100,,37952,29,,,0,100,,37946,29,,,0,94,,37927,29,,,0,80,,37908,29,,,0,40,,37915,29,,,0,80,,37917,29,,,0,80,,37913,29,,,0,40,,37929,29,,,0,80,,37920,29,,,0,80,,37939,29,,,0,40,,37928,29,,,0,80,,37909,29,,,0,80,,37923,29,,,0,40,,37911,29,,,0,77,,37921,29,,,0,86,,37950,29,,,0,98,,37949,29,,,0,100,,37931,29,,,0,100,,37933,29,,,0,100,,37943,29,,,0,98,,37937,29,,,0,100,,37941,29,,,0,100,,37944,29,,,0
580300,'3',623,,37956,29,,,0,100,,37958,29,,,0,100,,37955,29,,,0,100,,37953,29,,,0,101,,37971,29,,,0,80,,37986,29,,,0,40,,37987,29,,,0,80,,37988,29,,,0,80,,37989,29,,,0,40,,37990,29,,,0,80,,37991,29,,,0,80,,37992,29,,,0,40,,37993,29,,,0,80,,37994,29,,,0,80,,37995,29,,,0,40,,37996,29,,,0,80,,37997,29,,,0,98,,37964,29,,,0,100,,37966,29,,,0,100,,37962,29,,,0,99,,37960,29,,,0,100,,37970,29,,,0
580300,'4',623,,37999,29,,,0,100,,38000,29,,,0,100,,38001,29,,,0,100,,38002,29,,,0,100,,38003,29,,,0,100,,38004,29,,,0,100,,38005,29,,,0,100,,38006,29,,,0,100,,38007,29,,,0,100,,38008,29,,,0,100,,38009,29,,,0,100,,38010,29,,,0,100,,38011,29,,,0,100,,38012,29,,,0,100,,38013,29,,,0,100,,38014,29,,,0
580300,'6',623,,38033,29,,,0,100,,38035,29,,,0,100,,38032,29,,,0,100,,38030,29,,,0,101,,38048,29,,,0,80,,38063,29,,,0,40,,38064,29,,,0,80,,38065,29,,,0,80,,38066,29,,,0,40,,38067,29,,,0,80,,38068,29,,,0,80,,38069,29,,,0,40,,38070,29,,,0,80,,38071,29,,,0,80,,38072,29,,,0,40,,38073,29,,,0,80,,38074,29,,,0,98,,38041,29,,,0,100,,38043,29,,,0,100,,38039,29,,,0,99,,38037,29,,,0,100,,38047,29,,,0
580700,'1601',1510,,38749,15,0,5 6,0
580700,'1',449,,38815,5,,,0,70,,38814,5,,,0,24,,38813,5,,,0,62,,38812,5,,,0,7,,38811,5,,,0,4,,38810,60,,,0,27,,38809,5,,,0,3,,38808,60,,,0,56,,38807,5,,,0,5,,38806,60,,,0,15,,38805,60,,,0,15,,38804,60,,,0,15,,38803,60,,,0,55,,38802,60,,,0,15,,38801,60,,,0,15,,38800,60,,,0,15,,38799,60,,,0,55,,38798,60,,,0,15,,38797,60,,,0,15,,38796,60,,,0,15,,38795,60,,,0,59,,38794,60,,,0,20,,38793,60,,,0,70,,38792,60,,,0,30,,38791,60,,,0,70,,38790,60,,,0,30,,38789,60,,,0,70,,38788,60,,,0,30,,38787,60,,,0,24,,38786,5,,,0,47,,38785,60,,,0,7,,38784,5,,,0,23,,38783,60,,,0,7,,38782,5,,,0,18,,38781,60,,,0,55,,38780,60,,,0,15,,38779,60,,,0,15,,38778,60,,,0,15,,38777,60,,,0,55,,38776,60,,,0,15,,38775,60,,,0,15,,38774,60,,,0,15,,38773,60,,,0,55,,38772,60,,,0,15,,38771,60,,,0,15,,38770,60,,,0,15,,38769,60,,,0,55,,38768,60,,,0,15,,38767,60,,,0,15,,38766,60,,,0,15,,38765,60,,,0,64,,38764,60,,,0,30,,38763,60,,,0,70,,38762,60,,,0,30,,38761,60,,,0,70,,38760,60,,,0,30,,38759,60,,,0,70,,38758,60,,,0,30,,38757,60,,,0,70,,38756,60,,,0,30,,38755,60,,,0,70,,38754,60,,,0,30,,38750,60,,,0,70,,38753,60,,,0,25,,38752,60,0,5 6,0
580700,'2',557,,38854,60,,,0,70,,38816,60,,,0,30,,38817,60,,,0,75,,38818,60,,,0,70,,38819,60,,,0,30,,38820,60,,,0,70,,38821,60,,,0,30,,38822,60,,,0,70,,38823,60,,,0,30,,38824,60,,,0,70,,38825,60,,,0,30,,38826,60,,,0,70,,38827,60,,,0,30,,38828,60,,,0,70,,38829,60,,,0,30,,38830,60,,,0,70,,38831,60,,,0,30,,38832,60,,,0,70,,38833,60,,,0,30,,38834,60,,,0,70,,38835,60,,,0,30,,38836,60,,,0,70,,38837,60,,,0,30,,38838,60,,,0,70,,38839,60,,,0,30,,38840,60,,,0,70,,38841,60,,,0,30,,38842,60,,,0,70,,38843,60,,,0,30,,38844,60,,,0,70,,38845,60,,,0,30,,38846,60,,,0,70,,38847,60,,,0,30,,38848,60,,,0,70,,38849,60,,,0,30,,38850,60,,,0,70,,38851,60,,,0,30,,38852,60,,,0,83,,38853,60,,,0
580700,'3',648,,38855,60,,,0,70,,38868,60,,,0,40,,38856,60,,,0,70,,38869,60,,,0,30,,38857,60,,,0,70,,38870,60,,,0,30,,38858,60,,,0,70,,38871,60,,,0,74,,38859,60,,,0,30,,38872,60,,,0,70,,38860,60,,,0,30,,38873,60,,,0,70,,38861,60,,,0,30,,38874,60,,,0,70,,38862,60,,,0,30,,38875,60,,,0,70,,38863,60,,,0,30,,38876,60,,,0,70,,38864,60,,,0,30,,38877,60,,,0,70,,38865,60,,,0,30,,38878,60,,,0,70,,38866,60,,,0,30,,38879,60,,,0,70,,38867,60,,,0,30,,38889,60,,,0,70,,38880,60,,,0,30,,38886,60,,,0,70,,38881,60,,,0,30,,38887,60,,,0,70,,38882,60,,,0,30,,38888,60,,,0,70,,38883,60,,,0,30,,38890,60,,,0,70,,38884,60,,,0,30,,38891,60,,,0
580700,'4',616,,38922,5,,,0,30,,38923,5,,,0,61,,38907,60,,,0,30,,38892,60,,,0,70,,38908,60,,,0,30,,38893,60,,,0,70,,38909,60,,,0,30,,38894,60,,,0,70,,38910,60,,,0,30,,38895,60,,,0,70,,38911,60,,,0,30,,38896,60,,,0,70,,38912,60,,,0,30,,38897,60,,,0,70,,38913,60,,,0,30,,38898,60,,,0,70,,38914,60,,,0,30,,38899,60,,,0,70,,38915,60,,,0,30,,38900,60,,,0,70,,38916,60,,,0,30,,38901,60,,,0,70,,38917,60,,,0,30,,38902,60,,,0,70,,38918,60,,,0,30,,38903,60,,,0,70,,38919,60,,,0,30,,38904,60,,,0,70,,38920,60,,,0,30,,38905,60,,,0,70,,38921,60,,,0
580700,'6',648,,38924,60,,,0,70,,38937,60,,,0,40,,38925,60,,,0,70,,38938,60,,,0,30,,38926,60,,,0,70,,38939,60,,,0,30,,38927,60,,,0,70,,38940,60,,,0,74,,38928,60,,,0,30,,38941,60,,,0,70,,38929,60,,,0,30,,38942,60,,,0,70,,38930,60,,,0,30,,38943,60,,,0,70,,38931,60,,,0,30,,38944,60,,,0,70,,38932,60,,,0,30,,38945,60,,,0,70,,38933,60,,,0,30,,38946,60,,,0,70,,38934,60,,,0,30,,38947,60,,,0,70,,38935,60,,,0,30,,38948,60,,,0,70,,38936,60,,,0,30,,38958,60,,,0,70,,38949,60,,,0,30,,38955,60,,,0,70,,38950,60,,,0,30,,38956,60,,,0,70,,38951,60,,,0,30,,38957,60,,,0,70,,38952,60,,,0,30,,38959,60,,,0,70,,38953,60,,,0,30,,38960,60,,,0
