578301,'1',509,,31014,18,0,33 4 34,0,35,,31017,18,0,33 4 34,0,63,,31020,18,0,33 4 34,0,15,,31022,18,0,33 4 34,0,14,,31024,18,0,33 4 34,0,15,,31026,18,0,33 4 34,0,55,,31028,18,0,33 4 34,0,15,,31030,18,0,33 4 34,0,15,,31032,18,0,33 4 34,0,15,,31034,18,0,33 4 34,0,55,,31036,18,0,33 4 34,0,15,,31038,18,0,33 4 34,0,15,,31040,18,0,33 4 34,0,15,,31042,18,0,33 4 34,0,55,,31044,18,0,33 4 34,0,15,,31046,18,0,33 4 34,0,15,,31048,18,0,17 18 4 19,0,17,,31050,18,0,33 4 34,0,70,,31053,18,0,33 4 34,0,30,,31056,18,0,33 4 34,0,70,,31059,18,0,33 4 34,0,30,,31062,18,0,33 4 34,0,70,,31065,18,0,33 4 34,0,30,,31068,18,0,33 4 34,0,70,,31071,18,0,33 4 34,0,27,,31074,18,0,33 4 34,0,58,,31076,18,0,33 4 34,0,15,,31078,18,0,33 4 34,0,15,,31080,18,0,33 4 34,0,15,,31082,18,0,33 4 34,0,55,,31084,18,0,33 4 34,0,15,,31086,18,0,33 4 34,0,15,,31088,18,0,33 4 34,0,15,,31090,18,0,33 4 34,0,55,,31092,18,0,33 4 34,0,15,,31094,18,0,33 4 34,0,15,,31096,18,0,33 4 34,0,15,,31098,18,0,33 4 34,0,55,,31100,18,0,33 4 34,0,14,,31102,18,0,33 4 34,0,18,,31104,18,0,33 4 34,0,15,,31106,18,0,33 4 34,0,50,,31108,18,0,17 18 4 19,0,21,,31110,18,0,33 4 34,0,12,,31112,18,0,17 18 4 19,0,62,,31114,18,0,33 4 34,0,24,,31117,18,0,33 4 34,0,76,,31121,18,0,33 4 34,0,30,,31124,18,0,33 4 34,0,70,,31127,18,0,33 4 34,0,30,,31130,18,0,33 4 34,0,19,,31132,18,0,33 4 34,0,85,,31135,18,0,33 4 34,0,85,,31139,18,0,33 4 34,0,40,,31142,18,0,33 4 34,0,85,,31144,18,0,33 4 34,0
578301,'2',445,,31151,18,0,33 4 34,0,76,,31154,18,0,33 4 34,0,36,,31157,18,0,33 4 34,0,76,,31160,18,0,33 4 34,0,76,,31163,18,0,33 4 34,0,30,,31166,18,0,33 4 34,0,76,,31169,18,0,33 4 34,0,36,,31172,18,0,33 4 34,0,76,,31175,18,0,33 4 34,0,76,,31178,18,0,33 4 34,0,36,,31181,18,0,33 4 34,0,76,,31184,18,0,33 4 34,0,36,,31187,18,0,33 4 34,0,76,,31190,18,0,33 4 34,0,76,,31193,18,0,33 4 34,0,36,,31196,18,0,33 4 34,0,76,,31199,18,0,33 4 34,0,36,,31202,18,0,33 4 34,0,76,,31205,18,0,33 4 34,0,76,,31208,18,0,33 4 34,0,36,,31211,18,0,33 4 34,0,76,,31214,18,0,33 4 34,0,36,,31217,18,0,33 4 34,0,76,,31220,18,0,33 4 34,0,79,,31223,18,0,33 4 34,0,36,,31226,18,0,33 4 34,0,76,,31229,18,0,33 4 34,0,86,,31232,18,0,33 4 34,0,32,,31234,18,0,33 4 34,0,85,,31237,18,0,33 4 34,0,85,,31240,18,0,33 4 34,0,45,,31243,18,0,33 4 34,0,90,,31246,18,0,33 4 34,0
578301,'3',522,,31254,18,0,33 4 34,0,85,,31258,18,0,33 4 34,0,45,,31261,18,0,33 4 34,0,85,,31264,18,0,33 4 34,0,85,,31267,18,0,33 4 34,0,85,,31270,18,0,33 4 34,0,32,,31273,18,0,33 4 34,0,76,,31276,18,0,33 4 34,0,36,,31279,18,0,33 4 34,0,76,,31282,18,0,33 4 34,0,76,,31285,18,0,33 4 34,0,36,,31288,18,0,33 4 34,0,76,,31291,18,0,33 4 34,0,36,,31294,18,0,33 4 34,0,76,,31297,18,0,33 4 34,0,76,,31300,18,0,33 4 34,0,36,,31303,18,0,33 4 34,0,76,,31306,18,0,33 4 34,0,36,,31309,18,0,33 4 34,0,76,,31312,18,0,33 4 34,0,76,,31315,18,0,33 4 34,0,36,,31318,18,0,33 4 34,0,78,,31321,18,0,33 4 34,0,85,,31324,18,0,33 4 34,0,45,,31327,18,0,33 4 34,0,90,,31330,18,0,33 4 34,0,85,,31333,18,0,33 4 34,0,85,,31336,18,0,33 4 34,0,30,,31338,18,0,33 4 34,0
578301,'4',530,,31407,18,0,33 4 34,0,26,,31344,18,0,33 4 34,0,66,,31347,18,0,33 4 34,0,85,,31350,18,0,33 4 34,0,45,,31353,18,0,33 4 34,0,85,,31356,18,0,33 4 34,0,85,,31359,18,0,33 4 34,0,81,,31362,18,0,33 4 34,0,45,,31365,18,0,33 4 34,0,85,,31368,18,0,33 4 34,0,85,,31371,18,0,33 4 34,0,85,,31374,18,0,33 4 34,0,45,,31377,18,0,33 4 34,0,85,,31380,18,0,33 4 34,0,85,,31383,18,0,33 4 34,0,85,,31386,18,0,33 4 34,0,45,,31389,18,0,33 4 34,0,90,,31392,18,0,33 4 34,0,85,,31395,18,0,33 4 34,0,85,,31398,18,0,33 4 34,0,45,,31401,18,0,33 4 34,0,85,,31405,18,0,33 4 34,0
578301,'6',522,,31411,18,0,33 4 34,0,85,,31415,18,0,33 4 34,0,45,,31418,18,0,33 4 34,0,85,,31421,18,0,33 4 34,0,85,,31424,18,0,33 4 34,0,85,,31427,18,0,33 4 34,0,32,,31430,18,0,33 4 34,0,76,,31433,18,0,33 4 34,0,36,,31436,18,0,33 4 34,0,76,,31439,18,0,33 4 34,0,76,,31442,18,0,33 4 34,0,36,,31445,18,0,33 4 34,0,76,,31448,18,0,33 4 34,0,36,,31451,18,0,33 4 34,0,76,,31454,18,0,33 4 34,0,76,,31457,18,0,33 4 34,0,36,,31460,18,0,33 4 34,0,76,,31463,18,0,33 4 34,0,36,,31466,18,0,33 4 34,0,76,,31469,18,0,33 4 34,0,76,,31472,18,0,33 4 34,0,36,,31475,18,0,33 4 34,0,78,,31478,18,0,33 4 34,0,85,,31481,18,0,33 4 34,0,45,,31484,18,0,33 4 34,0,90,,31487,18,0,33 4 34,0,85,,31490,18,0,33 4 34,0,85,,31493,18,0,33 4 34,0,30,,31495,18,0,33 4 34,0
580801,'14601',507,,39528,7,,,0,20,,39522,7,,,0,20,,39523,7,,,0,60,,39524,7,,,0,20,,39525,7,,,0,20,,39526,7,,,0,60,,39527,7,,,0,20,,39520,7,,,0,19,,39521,7,,,0,10,,39423,7,,,0,50,,39454,7,,,0,10,,39424,7,,,0,8,,39455,7,,,0,7,,39425,7,,,0,8,,39456,7,,,0,9,,39426,7,,,0,8,,39457,7,,,0,47,,39427,7,,,0,8,,39458,7,,,0,5,,39428,7,,,0,8,,39459,7,,,0,7,,39460,7,,,0,8,,39461,7,,,0,13,,39462,7,,,0,52,,39429,7,,,0,10,,39430,7,,,0,10,,39431,7,,,0,10,,39432,7,,,0,10,,39433,7,,,0,10,,39434,7,,,0,50,,39435,7,,,0,10,,39436,7,,,0,10,,39437,7,,,0,10,,39438,7,,,0,10,,39439,7,,,0,10,,39440,7,,,0,50,,39441,7,,,0,10,,39442,7,,,0,10,,39443,7,,,0,10,,39444,7,,,0,10,,39445,7,,,0,10,,39446,7,,,0,50,,39447,7,,,0,10,,39448,7,,,0,10,,39449,7,,,0,10,,39450,7,,,0,10,,39451,7,,,0,10,,39452,7,,,0,50,,39453,7,,,0,10,,39488,7,,,0,9,,39489,7,,,0,8,,39492,7,,,0,7,,39490,7,,,0,8,,39493,7,,,0,7,,39491,7,,,0,48,,39463,7,,,0,7,,39476,7,,,0,8,,39464,7,,,0,7,,39477,7,,,0,8,,39465,7,,,0,7,,39478,7,,,0,8,,39466,7,,,0,7,,39479,7,,,0,48,,39467,7,,,0,7,,39480,7,,,0,8,,39468,7,,,0,7,,39481,7,,,0,8,,39469,7,,,0,7,,39482,7,,,0,8,,39470,7,,,0,7,,39483,7,,,0,48,,39471,7,,,0,7,,39484,7,,,0,8,,39472,7,,,0,7,,39485,7,,,0,8,,39473,7,,,0,8,,39486,7,,,0,8,,39474,7,,,0,7,,39487,7,,,0,48,,39475,7,,,0,8,,39503,7,,,0,10,,39504,7,,,0,10,,39505,7,,,0,10,,39506,7,,,0,10,,39507,7,,,0,50,,39494,7,,,0,16,,39495,7,,,0,15,,39496,7,,,0,15,,39498,7,,,0,55,,39499,7,,,0,15,,39500,7,,,0,15,,39501,7,,,0,15,,39502,7,,,0,55,,39497,7,,,0,15,,39515,7,,,0,15,,39516,7,,,0,15,,39519,7,,,0,57,,39517,7,,,0,22,,39518,7,,,0,30,,39508,7,,,0,70,,39509,7,,,0,30,,39510,7,,,0,70,,39511,7,,,0,30,,39512,7,,,0,70,,39513,7,,,0,30,,39514,7,,,0
580801,'14602',523,,39559,7,,,0,30,,39560,7,,,0,70,,39561,7,,,0,30,,39562,7,,,0,70,,39563,7,,,0,30,,39564,7,,,0,70,,39565,7,,,0,30,,39566,7,,,0,68,,39567,7,,,0,30,,39568,7,,,0,70,,39569,7,,,0,30,,39570,7,,,0,70,,39558,7,,,0,30,,39541,7,,,0,70,,39542,7,,,0,30,,39543,7,,,0,70,,39544,7,,,0,30,,39545,7,,,0,70,,39546,7,,,0,30,,39547,7,,,0,70,,39548,7,,,0,30,,39549,7,,,0,70,,39550,7,,,0,30,,39551,7,,,0,70,,39552,7,,,0,30,,39553,7,,,0,70,,39554,7,,,0,33,,39555,7,,,0,70,,39556,7,,,0,30,,39557,7,,,0,70,,39540,7,,,0,30,,39539,7,,,0,70,,39538,7,,,0,30,,39537,7,,,0,71,,39536,7,,,0,30,,39535,7,,,0,70,,39534,7,,,0,30,,39533,7,,,0,70,,39532,7,,,0,30,,39531,7,,,0,70,,39530,7,,,0,30,,39529,7,,,0
580801,'14603',623,,39596,7,,,0,30,,39597,7,,,0,70,,39598,7,,,0,30,,39599,7,,,0,70,,39600,7,,,0,30,,39601,7,,,0,68,,39602,7,,,0,30,,39603,7,,,0,70,,39604,7,,,0,30,,39605,7,,,0,70,,39571,7,,,0,30,,39588,7,,,0,70,,39587,7,,,0,30,,39586,7,,,0,70,,39585,7,,,0,30,,39584,7,,,0,70,,39583,7,,,0,30,,39582,7,,,0,70,,39581,7,,,0,30,,39580,7,,,0,70,,39579,7,,,0,30,,39578,7,,,0,70,,39577,7,,,0,30,,39576,7,,,0,70,,39575,7,,,0,33,,39574,7,,,0,70,,39573,7,,,0,30,,39572,7,,,0,70,,39589,7,,,0,30,,39590,7,,,0,70,,39591,7,,,0,30,,39592,7,,,0,71,,39593,7,,,0,30,,39594,7,,,0,70,,39595,7,,,0,30,,39606,7,,,0
580801,'14604',623,,39627,7,,,0,30,,39628,7,,,0,70,,39629,7,,,0,30,,39630,7,,,0,70,,39631,7,,,0,30,,39632,7,,,0,68,,39633,7,,,0,30,,39634,7,,,0,70,,39635,7,,,0,30,,39636,7,,,0,70,,39607,7,,,0,30,,39624,7,,,0,70,,39623,7,,,0,30,,39622,7,,,0,70,,39621,7,,,0,30,,39620,7,,,0,70,,39619,7,,,0,30,,39618,7,,,0,70,,39617,7,,,0,30,,39616,7,,,0,70,,39615,7,,,0,30,,39614,7,,,0,70,,39613,7,,,0,30,,39612,7,,,0,70,,39611,7,,,0,33,,39610,7,,,0,70,,39609,7,,,0,30,,39608,7,,,0,70,,39625,7,,,0,30,,39626,7,,,0
580801,'14606',623,,39662,7,,,0,30,,39663,7,,,0,70,,39664,7,,,0,30,,39665,7,,,0,70,,39666,7,,,0,30,,39667,7,,,0,68,,39668,7,,,0,30,,39669,7,,,0,70,,39670,7,,,0,30,,39671,7,,,0,70,,39637,7,,,0,30,,39654,7,,,0,70,,39653,7,,,0,30,,39652,7,,,0,70,,39651,7,,,0,30,,39650,7,,,0,70,,39649,7,,,0,30,,39648,7,,,0,70,,39647,7,,,0,30,,39646,7,,,0,70,,39645,7,,,0,30,,39644,7,,,0,70,,39643,7,,,0,30,,39642,7,,,0,70,,39641,7,,,0,33,,39640,7,,,0,70,,39639,7,,,0,30,,39638,7,,,0,70,,39655,7,,,0,30,,39656,7,,,0,70,,39657,7,,,0,30,,39658,7,,,0,71,,39659,7,,,0,30,,39660,7,,,0,70,,39661,7,,,0,30,,39672,7,,,0
582800,'1',643,,40229,7,,,0,15,,40231,7,,,0,55,,40233,7,,,0,15,,40235,7,,,0,15,,40237,7,,,0,15,,40239,7,,,0,55,,40241,7,,,0,15,,40243,7,,,0,14,,40245,7,,,0,11,,40247,7,,,0,52,,40249,7,,,0,12,,40251,7,,,0,12,,40253,7,,,0,12,,40255,7,,,0,12,,40257,7,,,0,52,,40259,7,,,0,12,,40261,7,,,0,12,,40263,7,,,0,12,,40265,7,,,0,12,,40267,7,,,0,52,,40269,7,,,0,12,,40271,7,,,0,12,,40273,7,,,0,12,,40275,7,,,0,12,,40277,7,,,0,52,,40279,7,,,0,12,,40281,7,,,0,12,,40283,7,,,0,12,,40285,7,,,0,12,,40287,7,,,0,52,,40289,7,,,0,12,,40291,7,,,0,12,,40293,7,,,0,12,,40295,7,,,0,9,,40297,7,,,0,52,,40299,7,,,0,12,,40301,7,,,0,12,,40303,7,,,0,12,,40305,7,,,0,12,,40307,7,,,0,52,,40309,7,,,0,12,,40311,7,,,0,12,,40313,7,,,0,13,,40315,7,,,0,12,,40317,7,,,0,52,,40319,7,,,0,12,,40321,7,,,0,12,,40323,7,,,0,12,,40325,7,,,0,12,,40327,7,,,0,52,,40329,7,,,0,16,,40331,7,,,0,12,,40333,7,,,0,12,,40335,7,,,0,12,,40337,7,,,0,52,,40215,7,,,0,12,,40339,7,,,0,12,,40341,7,,,0
