579600,'1601',1544,,34938,14,,,0
579600,'1',541,,34939,14,,,0,60,,34940,14,,,0,17,,34941,14,,,0,15,,34942,14,,,0,16,,34943,14,,,0,55,,34944,14,,,0,15,,34945,14,,,0,15,,34946,14,,,0,15,,34947,14,,,0,55,,34948,14,,,0,15,,34949,14,,,0,15,,34950,14,,,0,15,,34951,14,,,0,55,,34952,14,,,0,18,,34953,14,,,0,20,,34954,14,,,0,60,,34955,14,,,0,21,,34956,14,,,0,20,,34957,14,,,0,60,,34958,14,,,0,20,,34959,14,,,0,20,,34960,14,,,0,60,,34961,14,,,0,20,,34962,14,,,0,20,,34963,14,,,0,60,,34964,14,,,0,20,,34965,14,,,0,21,,34966,14,,,0,60,,34967,14,,,0,15,,34968,14,,,0,15,,34969,14,,,0,15,,34970,14,,,0,55,,34971,14,,,0,15,,34972,14,,,0,15,,34973,14,,,0,15,,34974,14,,,0,55,,34975,14,,,0,15,,34976,14,,,0,15,,34977,14,,,0,15,,34978,14,,,0,55,,34979,14,,,0,15,,34980,14,,,0,15,,34981,14,,,0,15,,34982,14,,,0,60,,34983,14,,,0,25,,34984,14,,,0,25,,34985,14,,,0,68,,34986,14,,,0,30,,34987,14,,,0,70,,34988,14,,,0,30,,34989,14,,,0,70,,34990,14,,,0,28,,34991,14,,,0,70,,34992,14,,,0,30,,34993,14,,,0,70,,34994,14,,,0,30,,34995,14,,,0,70,,34996,14,,,0,75,,34997,14,,,0,30,,34998,14,,,0
579600,'2',550,,35010,14,,,0,70,,35011,14,,,0,30,,35012,14,,,0,70,,35013,14,,,0,30,,35014,14,,,0,70,,35015,14,,,0,32,,35016,14,,,0,60,,35017,14,,,0,20,,35018,14,,,0,20,,35019,14,,,0,60,,35020,14,,,0,20,,35021,14,,,0,20,,35022,14,,,0,60,,35023,14,,,0,20,,35024,14,,,0,20,,35025,14,,,0,60,,35026,14,,,0,20,,35027,14,,,0,20,,35028,14,,,0,60,,35029,14,,,0,20,,35030,14,,,0,20,,35031,14,,,0,60,,35032,14,,,0,20,,35033,14,,,0,20,,35034,14,,,0,60,,35035,14,,,0,20,,35036,14,,,0,20,,35037,14,,,0,60,,35038,14,,,0,20,,35039,14,,,0,20,,35040,14,,,0,59,,35041,14,,,0,20,,35042,14,,,0,25,,35043,14,,,0,70,,35044,14,,,0,30,,35045,14,,,0,70,,35046,14,,,0,30,,35047,14,,,0,70,,34999,14,,,0,30,,35000,14,,,0,70,,35001,14,,,0,30,,35002,14,,,0,70,,35003,14,,,0,30,,35004,14,,,0,70,,35005,14,,,0,30,,35006,14,,,0,70,,35007,14,,,0,30,,35008,14,,,0,75,,35009,14,,,0
579600,'3',649,,35071,14,,,0,70,,35072,14,,,0,30,,35070,14,,,0,70,,35073,14,,,0,30,,35069,14,,,0,74,,35068,14,,,0,30,,35067,14,,,0,70,,35066,14,,,0,30,,35065,14,,,0,70,,35064,14,,,0,30,,35063,14,,,0,70,,35062,14,,,0,30,,35061,14,,,0,70,,35060,14,,,0,30,,35059,14,,,0,70,,35058,14,,,0,30,,35057,14,,,0,70,,35056,14,,,0,30,,35055,14,,,0,70,,35054,14,,,0,30,,35053,14,,,0,70,,35052,14,,,0,29,,35051,14,,,0,70,,35074,14,,,0,30,,35050,14,,,0,70,,35075,14,,,0,30,,35049,14,,,0,70,,35076,14,,,0,30,,35048,14,,,0,68,,35077,14,,,0,30,,35078,14,,,0,70,,35079,14,,,0,30,,35080,14,,,0,70,,35081,14,,,0,30,,35082,14,,,0,60,,35083,14,,,0
579600,'4',709,,35106,14,,,0,30,,35084,14,,,0,70,,35085,14,,,0,30,,35086,14,,,0,71,,35087,14,,,0,30,,35088,14,,,0,70,,35089,14,,,0,30,,35090,14,,,0,70,,35091,14,,,0,30,,35092,14,,,0,70,,35093,14,,,0,30,,35094,14,,,0,70,,35095,14,,,0,30,,35096,14,,,0,70,,35097,14,,,0,30,,35098,14,,,0,70,,35099,14,,,0,100,,35100,14,,,0,100,,35101,14,,,0,99,,35102,14,,,0,100,,35103,14,,,0,100,,35104,14,,,0,100,,35105,14,,,0
579600,'6',649,,35130,14,,,0,70,,35131,14,,,0,30,,35129,14,,,0,70,,35132,14,,,0,30,,35128,14,,,0,74,,35127,14,,,0,30,,35126,14,,,0,70,,35125,14,,,0,30,,35124,14,,,0,70,,35123,14,,,0,30,,35122,14,,,0,70,,35121,14,,,0,30,,35120,14,,,0,70,,35119,14,,,0,30,,35118,14,,,0,70,,35117,14,,,0,30,,35116,14,,,0,70,,35115,14,,,0,30,,35114,14,,,0,70,,35113,14,,,0,30,,35112,14,,,0,70,,35111,14,,,0,29,,35110,14,,,0,70,,35133,14,,,0,30,,35109,14,,,0,70,,35134,14,,,0,30,,35108,14,,,0,70,,35135,14,,,0,30,,35107,14,,,0,68,,35136,14,,,0,30,,35137,14,,,0,70,,35138,14,,,0,30,,35139,14,,,0,70,,35140,14,,,0,30,,35141,14,,,0,60,,35142,14,,,0
579700,'1601',1612,,35351,14,,,0
579700,'1',531,,35352,14,,,0,20,,35353,14,,,0,60,,35354,14,,,0,20,,35355,14,,,0,21,,35356,14,,,0,60,,35357,14,,,0,15,,35358,14,,,0,15,,35359,14,,,0,15,,35360,14,,,0,55,,35361,14,,,0,15,,35362,14,,,0,15,,35363,14,,,0,15,,35364,14,,,0,55,,35365,14,,,0,20,,35366,14,,,0,21,,35367,14,,,0,60,,35368,14,,,0,20,,35369,14,,,0,20,,35370,14,,,0,60,,35371,14,,,0,20,,35372,14,,,0,20,,35373,14,,,0,60,,35374,14,,,0,20,,35375,14,,,0,20,,35376,14,,,0,60,,35377,14,,,0,20,,35378,14,,,0,21,,35379,14,,,0,60,,35380,14,,,0,15,,35381,14,,,0,15,,35382,14,,,0,15,,35383,14,,,0,55,,35384,14,,,0,15,,35385,14,,,0,15,,35386,14,,,0,15,,35387,14,,,0,55,,35388,14,,,0,15,,35389,14,,,0,15,,35390,14,,,0,15,,35391,14,,,0,55,,35392,14,,,0,15,,35393,14,,,0,15,,35394,14,,,0,15,,35395,14,,,0,55,,35396,14,,,0,28,,35397,14,,,0,70,,35398,14,,,0,30,,35399,14,,,0,70,,35400,14,,,0,30,,35401,14,,,0,70,,35402,14,,,0,28,,35403,14,,,0,70,,35404,14,,,0,30,,35405,14,,,0,70,,35406,14,,,0,30,,35407,14,,,0,70,,35408,14,,,0,30,,35409,14,,,0,70,,35410,14,,,0
579700,'2',605,,35416,14,,,0,30,,35417,14,,,0,70,,35418,14,,,0,30,,35419,14,,,0,70,,35420,14,,,0,30,,35421,14,,,0,67,,35422,14,,,0,20,,35423,14,,,0,20,,35424,14,,,0,60,,35425,14,,,0,20,,35426,14,,,0,20,,35427,14,,,0,60,,35428,14,,,0,20,,35429,14,,,0,20,,35430,14,,,0,60,,35431,14,,,0,20,,35432,14,,,0,20,,35433,14,,,0,60,,35434,14,,,0,20,,35435,14,,,0,20,,35436,14,,,0,60,,35437,14,,,0,20,,35438,14,,,0,20,,35439,14,,,0,60,,35440,14,,,0,20,,35441,14,,,0,20,,35442,14,,,0,60,,35443,14,,,0,20,,35444,14,,,0,20,,35445,14,,,0,60,,35446,14,,,0,19,,35447,14,,,0,20,,35448,14,,,0,70,,35449,14,,,0,30,,35450,14,,,0,70,,35451,14,,,0,30,,35452,14,,,0,70,,35453,14,,,0,30,,35454,14,,,0,70,,35455,14,,,0,30,,35456,14,,,0,70,,35457,14,,,0,30,,35458,14,,,0,70,,35411,14,,,0,30,,35412,14,,,0,70,,35413,14,,,0,30,,35414,14,,,0,70,,35415,14,,,0
579700,'3',629,,35464,14,,,0,30,,35463,14,,,0,70,,35465,14,,,0,30,,35462,14,,,0,70,,35466,14,,,0,30,,35461,14,,,0,74,,35467,14,,,0,70,,35468,14,,,0,30,,35469,14,,,0,70,,35470,14,,,0,30,,35471,14,,,0,70,,35472,14,,,0,30,,35473,14,,,0,70,,35474,14,,,0,30,,35475,14,,,0,70,,35476,14,,,0,30,,35477,14,,,0,70,,35478,14,,,0,30,,35479,14,,,0,70,,35480,14,,,0,30,,35481,14,,,0,70,,35482,14,,,0,30,,35483,14,,,0,69,,35484,14,,,0,30,,35485,14,,,0,70,,35460,14,,,0,30,,35486,14,,,0,70,,35459,14,,,0,30,,35487,14,,,0,70,,35488,14,,,0,28,,35489,14,,,0,70,,35490,14,,,0,30,,35491,14,,,0,70,,35492,14,,,0,40,,35493,14,,,0
579700,'4',639,,35494,14,,,0,85,,35495,14,,,0,30,,35496,14,,,0,70,,35497,14,,,0,30,,35498,14,,,0,71,,35499,14,,,0,30,,35500,14,,,0,70,,35501,14,,,0,30,,35502,14,,,0,70,,35503,14,,,0,30,,35504,14,,,0,70,,35505,14,,,0,30,,35506,14,,,0,70,,35507,14,,,0,30,,35508,14,,,0,70,,35509,14,,,0,30,,35510,14,,,0,85,,35511,14,,,0,100,,35512,14,,,0,99,,35513,14,,,0,100,,35514,14,,,0,100,,35515,14,,,0,100,,35516,14,,,0
579700,'6',629,,35522,14,,,0,30,,35521,14,,,0,70,,35523,14,,,0,30,,35520,14,,,0,70,,35524,14,,,0,30,,35519,14,,,0,74,,35525,14,,,0,70,,35526,14,,,0,30,,35527,14,,,0,70,,35528,14,,,0,30,,35529,14,,,0,70,,35530,14,,,0,30,,35531,14,,,0,70,,35532,14,,,0,30,,35533,14,,,0,70,,35534,14,,,0,30,,35535,14,,,0,70,,35536,14,,,0,30,,35537,14,,,0,70,,35538,14,,,0,30,,35539,14,,,0,70,,35540,14,,,0,30,,35541,14,,,0,69,,35542,14,,,0,30,,35543,14,,,0,70,,35518,14,,,0,30,,35544,14,,,0,70,,35517,14,,,0,30,,35545,14,,,0,70,,35546,14,,,0,28,,35547,14,,,0,70,,35548,14,,,0,30,,35549,14,,,0,70,,35550,14,,,0,40,,35551,14,,,0
