578901,'1',503,,32625,7,,,0,30,,32627,7,,,0,70,,32620,7,,,0,30,,32621,7,,,0,70,,32597,7,,,0,30,,32626,7,,,0,70,,32624,7,,,0,30,,32623,7,,,0,70,,32622,7,,,0,36,,32619,7,,,0,70,,32611,7,,,0,30,,32610,7,,,0,70,,32609,7,,,0,30,,32614,7,,,0,70,,32613,7,,,0,30,,32612,7,,,0,70,,32618,7,,,0,30,,32617,7,,,0,70,,32616,7,,,0,30,,32596,7,,,0,70,,32603,7,,,0,30,,32602,7,,,0,70,,32606,7,,,0,30,,32605,7,,,0,70,,32604,7,,,0,30,,32608,7,,,0,70,,32600,7,,,0,30,,32599,7,,,0,70,,32601,7,,,0,30,,32593,7,,,0,70,,32615,7,,,0,30,,32592,7,,,0,70,,32598,7,,,0,30,,32591,7,,,0,74,,32607,7,,,0,100,,32595,7,,,0,100,,32594,7,,,0
578901,'2',503,,32664,7,,,0,30,,32642,7,,,0,70,,32635,7,,,0,30,,32641,7,,,0,70,,32640,7,,,0,30,,32656,7,,,0,70,,32655,7,,,0,30,,32654,7,,,0,70,,32658,7,,,0,30,,32657,7,,,0,70,,32659,7,,,0,30,,32650,7,,,0,70,,32649,7,,,0,30,,32648,7,,,0,70,,32653,7,,,0,30,,32652,7,,,0,70,,32651,7,,,0,30,,32662,7,,,0,70,,32661,7,,,0,30,,32645,7,,,0,70,,32644,7,,,0,30,,32660,7,,,0,70,,32643,7,,,0,30,,32647,7,,,0,70,,32646,7,,,0,30,,32637,7,,,0,70,,32636,7,,,0,30,,32639,7,,,0,69,,32638,7,,,0,30,,32630,7,,,0,70,,32629,7,,,0,30,,32634,7,,,0,70,,32628,7,,,0,100,,32633,7,,,0,100,,32632,7,,,0,100,,32631,7,,,0,100,,32663,7,,,0
578901,'3',503,,32700,7,,,0,30,,32679,7,,,0,70,,32672,7,,,0,30,,32678,7,,,0,70,,32677,7,,,0,30,,32693,7,,,0,70,,32692,7,,,0,30,,32691,7,,,0,70,,32695,7,,,0,30,,32694,7,,,0,70,,32696,7,,,0,30,,32687,7,,,0,70,,32686,7,,,0,30,,32685,7,,,0,70,,32690,7,,,0,30,,32689,7,,,0,70,,32688,7,,,0,30,,32699,7,,,0,70,,32698,7,,,0,30,,32682,7,,,0,70,,32681,7,,,0,30,,32697,7,,,0,70,,32680,7,,,0,30,,32684,7,,,0,70,,32683,7,,,0,30,,32674,7,,,0,70,,32673,7,,,0,30,,32676,7,,,0,69,,32675,7,,,0,30,,32667,7,,,0,70,,32666,7,,,0,30,,32671,7,,,0,70,,32665,7,,,0,100,,32670,7,,,0,100,,32669,7,,,0,100,,32668,7,,,0
578901,'4',523,,32701,7,,,0,100,,32702,7,,,0,100,,32703,7,,,0,100,,32704,7,,,0,100,,32705,7,,,0,100,,32706,7,,,0,100,,32707,7,,,0,100,,32708,7,,,0,100,,32709,7,,,0,100,,32710,7,,,0,100,,32711,7,,,0,100,,32712,7,,,0,100,,32713,7,,,0,99,,32714,7,,,0,100,,32715,7,,,0,100,,32716,7,,,0
578901,'6',503,,32752,7,,,0,30,,32731,7,,,0,70,,32724,7,,,0,30,,32730,7,,,0,70,,32729,7,,,0,30,,32745,7,,,0,70,,32744,7,,,0,30,,32743,7,,,0,70,,32747,7,,,0,30,,32746,7,,,0,70,,32748,7,,,0,30,,32739,7,,,0,70,,32738,7,,,0,30,,32737,7,,,0,70,,32742,7,,,0,30,,32741,7,,,0,70,,32740,7,,,0,30,,32751,7,,,0,70,,32750,7,,,0,30,,32734,7,,,0,70,,32733,7,,,0,30,,32749,7,,,0,70,,32732,7,,,0,30,,32736,7,,,0,70,,32735,7,,,0,30,,32726,7,,,0,70,,32725,7,,,0,30,,32728,7,,,0,69,,32727,7,,,0,30,,32719,7,,,0,70,,32718,7,,,0,30,,32723,7,,,0,70,,32717,7,,,0,100,,32722,7,,,0,100,,32721,7,,,0,100,,32720,7,,,0
580601,'1601',706,,38545,7,0,8 40 10,0,804,,38546,7,0,8 29 30 10,0
580601,'1',513,,38600,7,,,0,29,,38599,7,,,0,70,,38598,7,,,0,28,,38597,7,,,0,70,,38596,7,,,0,30,,38595,7,,,0,60,,38594,7,,,0,20,,38593,7,,,0,20,,38592,7,,,0,15,,38591,7,,,0,55,,38590,7,,,0,15,,38589,7,,,0,15,,38588,7,,,0,70,,38587,7,,,0,30,,38586,7,,,0,70,,38585,7,,,0,30,,38584,7,,,0,70,,38583,7,,,0,30,,38582,7,,,0,70,,38581,7,,,0,28,,38580,7,,,0,70,,38579,7,,,0,30,,38578,7,,,0,15,,38577,7,,,0,55,,38576,7,,,0,15,,38575,7,,,0,15,,38574,7,,,0,15,,38573,7,,,0,55,,38548,7,,,0,15,,38572,7,,,0,15,,38571,7,,,0,15,,38570,7,,,0,55,,38569,7,,,0,15,,38568,7,,,0,15,,38567,7,,,0,15,,38566,7,,,0,55,,38565,7,,,0,15,,38564,7,,,0,19,,38563,7,,,0,15,,38562,7,,,0,60,,38561,7,,,0,25,,38560,7,,,0,70,,38559,7,,,0,30,,38558,7,,,0,70,,38557,7,,,0,30,,38556,7,,,0,70,,38551,7,,,0,33,,38555,7,,,0,70,,38554,7,,,0,30,,38550,7,,,0,70,,38553,7,,,0,30,,38549,7,,,0,77,,38552,7,,,0
580601,'2',503,,38638,7,,,0,30,,38639,7,,,0,70,,38640,7,,,0,26,,38619,7,,,0,30,,38621,7,,,0,70,,38620,7,,,0,30,,38622,7,,,0,70,,38618,7,,,0,30,,38623,7,,,0,70,,38615,7,,,0,30,,38624,7,,,0,70,,38607,7,,,0,30,,38625,7,,,0,70,,38608,7,,,0,30,,38626,7,,,0,70,,38609,7,,,0,30,,38627,7,,,0,70,,38610,7,,,0,30,,38628,7,,,0,70,,38611,7,,,0,30,,38629,7,,,0,70,,38612,7,,,0,30,,38630,7,,,0,70,,38613,7,,,0,30,,38631,7,,,0,70,,38614,7,,,0,30,,38632,7,,,0,70,,38616,7,,,0,30,,38617,7,,,0,70,,38633,7,,,0,30,,38606,7,,,0,70,,38605,7,,,0,30,,38604,7,,,0,70,,38603,7,,,0,30,,38602,7,,,0,70,,38634,7,,,0,30,,38635,7,,,0,70,,38636,7,,,0,30,,38601,7,,,0,70,,38637,7,,,0,30,,38641,7,,,0
580601,'3',629,,38660,7,,,0,30,,38662,7,,,0,70,,38661,7,,,0,30,,38663,7,,,0,70,,38659,7,,,0,30,,38664,7,,,0,70,,38656,7,,,0,30,,38665,7,,,0,70,,38648,7,,,0,30,,38666,7,,,0,70,,38649,7,,,0,30,,38667,7,,,0,70,,38650,7,,,0,30,,38668,7,,,0,70,,38651,7,,,0,30,,38669,7,,,0,70,,38652,7,,,0,30,,38670,7,,,0,70,,38653,7,,,0,30,,38671,7,,,0,70,,38654,7,,,0,30,,38672,7,,,0,70,,38655,7,,,0,30,,38673,7,,,0,70,,38657,7,,,0,30,,38658,7,,,0,70,,38674,7,,,0,30,,38647,7,,,0,70,,38646,7,,,0,30,,38645,7,,,0,70,,38644,7,,,0,30,,38643,7,,,0,70,,38675,7,,,0,30,,38676,7,,,0,70,,38677,7,,,0,79,,38642,7,,,0
580601,'4',631,,38693,7,,,0,70,,38695,7,,,0,30,,38694,7,,,0,70,,38696,7,,,0,30,,38692,7,,,0,70,,38697,7,,,0,30,,38689,7,,,0,70,,38698,7,,,0,30,,38681,7,,,0,70,,38699,7,,,0,30,,38682,7,,,0,70,,38700,7,,,0,30,,38683,7,,,0,70,,38701,7,,,0,30,,38684,7,,,0,70,,38702,7,,,0,30,,38685,7,,,0,70,,38703,7,,,0,30,,38686,7,,,0,70,,38704,7,,,0,30,,38687,7,,,0,70,,38705,7,,,0,30,,38688,7,,,0,70,,38706,7,,,0,30,,38690,7,,,0,70,,38691,7,,,0,30,,38707,7,,,0,70,,38680,7,,,0,30,,38679,7,,,0,70,,38678,7,,,0
580601,'6',503,,38745,7,,,0,30,,38746,7,,,0,70,,38747,7,,,0,26,,38726,7,,,0,30,,38728,7,,,0,70,,38727,7,,,0,30,,38729,7,,,0,70,,38725,7,,,0,30,,38730,7,,,0,70,,38722,7,,,0,30,,38731,7,,,0,70,,38714,7,,,0,30,,38732,7,,,0,70,,38715,7,,,0,30,,38733,7,,,0,70,,38716,7,,,0,30,,38734,7,,,0,70,,38717,7,,,0,30,,38735,7,,,0,70,,38718,7,,,0,30,,38736,7,,,0,70,,38719,7,,,0,30,,38737,7,,,0,70,,38720,7,,,0,30,,38738,7,,,0,70,,38721,7,,,0,30,,38739,7,,,0,70,,38723,7,,,0,30,,38724,7,,,0,70,,38740,7,,,0,30,,38713,7,,,0,70,,38712,7,,,0,30,,38711,7,,,0,70,,38710,7,,,0,30,,38709,7,,,0,70,,38741,7,,,0,30,,38742,7,,,0,70,,38743,7,,,0,30,,38708,7,,,0,70,,38744,7,,,0,30,,38748,7,,,0
