579100,'1',1245,,32798,22,,,0,70,,32812,22,,,0,30,,32799,22,,,0,70,,32813,22,,,0,31,,32800,22,,,0,70,,32801,22,,,0,30,,32802,22,,,0,60,,32803,22,,,0,30,,32804,22,,,0,70,,32805,22,,,0,30,,32806,22,,,0,75,,32807,22,,,0,30,,32808,22,,,0,70,,32809,22,,,0,34,,32816,22,,,0,70,,32810,22,,,0,30,,32817,22,,,0,70,,32811,22,,,0,30,,32818,22,,,0,70,,32819,22,,,0,30,,32820,22,,,0,70,,32821,22,,,0,30,,32822,22,,,0,70,,32823,22,,,0,30,,32824,22,,,0,70,,32825,22,,,0
579100,'2',1235,,32834,22,,,0,70,,32848,22,,,0,30,,32835,22,,,0,70,,32849,22,,,0,30,,32836,22,,,0,70,,32837,22,,,0,30,,32838,22,,,0,70,,32839,22,,,0,30,,32840,22,,,0,70,,32841,22,,,0,30,,32842,22,,,0,70,,32843,22,,,0,30,,32844,22,,,0,70,,32845,22,,,0,30,,32852,22,,,0,70,,32846,22,,,0,30,,32853,22,,,0,70,,32847,22,,,0,30,,32854,22,,,0,70,,32855,22,,,0,30,,32856,22,,,0,70,,32857,22,,,0,30,,32858,22,,,0,70,,32859,22,,,0,30,,32860,22,,,0
579100,'3',1235,,32869,22,,,0,70,,32883,22,,,0,30,,32870,22,,,0,70,,32884,22,,,0,30,,32871,22,,,0,70,,32872,22,,,0,30,,32873,22,,,0,70,,32874,22,,,0,30,,32875,22,,,0,70,,32876,22,,,0,30,,32877,22,,,0,70,,32878,22,,,0,30,,32879,22,,,0,70,,32880,22,,,0,30,,32887,22,,,0,70,,32881,22,,,0,30,,32888,22,,,0,70,,32882,22,,,0,30,,32889,22,,,0,70,,32890,22,,,0,30,,32891,22,,,0,70,,32892,22,,,0,30,,32893,22,,,0,70,,32894,22,,,0
579100,'4',1235,,32903,22,,,0,70,,32916,22,,,0,30,,32904,22,,,0,70,,32917,22,,,0,30,,32905,22,,,0,70,,32906,22,,,0,30,,32907,22,,,0,70,,32908,22,,,0,30,,32909,22,,,0,70,,32910,22,,,0,30,,32911,22,,,0,70,,32912,22,,,0,30,,32913,22,,,0,70,,32914,22,,,0,30,,32920,22,,,0,70,,32915,22,,,0,30,,32921,22,,,0
579100,'6',1235,,32930,22,,,0,70,,32944,22,,,0,30,,32931,22,,,0,70,,32945,22,,,0,30,,32932,22,,,0,70,,32933,22,,,0,30,,32934,22,,,0,70,,32935,22,,,0,30,,32936,22,,,0,70,,32937,22,,,0,30,,32938,22,,,0,70,,32939,22,,,0,30,,32940,22,,,0,70,,32941,22,,,0,30,,32948,22,,,0,70,,32942,22,,,0,30,,32949,22,,,0,70,,32943,22,,,0,30,,32950,22,,,0,70,,32951,22,,,0,30,,32952,22,,,0,70,,32953,22,,,0,30,,32954,22,,,0,70,,32955,22,,,0,30,,32956,22,,,0
579101,'1',512,,32957,24,,,0,28,,32958,24,,,0,70,,32959,24,,,0,30,,32960,24,,,0,70,,32961,24,,,0,30,,32962,24,,,0,70,,32963,24,,,0,30,,32964,24,,,0,70,,32965,24,,,0,34,,32966,24,,,0,70,,32967,24,,,0,30,,32983,24,,,0,70,,32968,24,,,0,30,,32984,24,,,0,70,,32969,24,,,0
579101,'2',742,,32998,24,,,0,70,,32999,24,,,0,30,,33000,24,,,0,70,,33001,24,,,0,30,,33002,24,,,0,70,,33003,24,,,0,30,,33019,24,,,0,70,,33004,24,,,0,30,,33020,24,,,0,70,,33005,24,,,0
579101,'3',742,,33032,24,,,0,70,,33033,24,,,0,30,,33034,24,,,0,70,,33035,24,,,0,30,,33036,24,,,0,70,,33037,24,,,0,30,,33053,24,,,0,70,,33038,24,,,0,30,,33054,24,,,0,70,,33039,24,,,0
579101,'4',742,,33066,24,,,0,70,,33067,24,,,0,30,,33068,24,,,0,70,,33069,24,,,0,30,,33070,24,,,0,70,,33071,24,,,0,30,,33085,24,,,0,70,,33072,24,,,0,30,,33086,24,,,0,70,,33073,24,,,0
579101,'6',742,,33093,24,,,0,70,,33094,24,,,0,30,,33095,24,,,0,70,,33096,24,,,0,30,,33097,24,,,0,70,,33098,24,,,0,30,,33114,24,,,0,70,,33099,24,,,0,30,,33115,24,,,0,70,,33100,24,,,0
