582300,'8701',620,,40212,1,0,14 15 16,0,897,,40211,1,0,14 15 16,0
582301,'8701',726,,40214,42,4,,0,897,,40213,42,4,,0
583100,'1601',657,,42218,1,0,11 4 12 13,0,53,,42219,1,0,12 13 4 11 10,0,725,,42220,1,0,11 4 12 13,0
583100,'1',502,,42221,1,,,0,13,,42222,1,0,11 4 12 13,0,15,,42223,1,,,0,15,,42224,1,0,11 4 12 13,0,55,,42225,1,,,0,15,,42226,1,0,11 4 12 13,0,15,,42227,1,,,0,15,,42228,1,0,11 4 12 13,0,55,,42229,1,,,0,15,,42230,1,0,11 4 12 13,0,15,,42231,1,,,0,15,,42232,1,0,11 4 12 13,0,55,,42233,1,,,0,15,,42234,1,0,11 4 12 13,0,15,,42235,1,,,0,15,,42236,1,0,11 4 12 13,0,55,,42237,1,,,0,15,,42238,1,0,11 4 12 13,0,15,,42239,1,,,0,15,,42240,1,0,11 4 12 13,0,55,,42241,1,,,0,15,,42242,1,0,11 4 12 13,0,15,,42243,1,,,0,15,,42244,1,0,11 4 12 13,0,55,,42245,1,,,0,15,,42246,1,0,11 4 12 13,0,15,,42247,1,,,0,15,,42248,1,0,11 4 12 13,0,55,,42249,1,,,0,15,,42250,1,0,11 4 12 13,0,15,,42251,1,,,0,15,,42252,1,0,11 4 12 13,0,55,,42253,1,,,0,15,,42254,1,0,11 4 12 13,0,15,,42255,1,,,0,15,,42256,1,0,11 4 12 13,0,55,,42257,1,,,0,15,,42258,1,0,11 4 12 13,0,15,,42259,1,,,0,15,,42260,1,0,11 4 12 13,0,55,,42261,1,,,0,15,,42262,1,0,11 4 12 13,0,15,,42263,1,,,0,15,,42264,1,0,11 4 12 13,0,55,,42265,1,,,0,15,,42266,1,0,11 4 12 13,0,15,,42267,1,,,0,15,,42268,1,0,11 4 12 13,0,55,,42269,1,,,0,15,,42270,1,0,11 4 12 13,0,15,,42271,1,,,0,15,,42272,1,0,11 4 12 13,0,55,,42273,1,,,0,15,,42274,1,0,11 4 12 13,0,15,,42275,1,,,0,15,,42276,1,0,11 4 12 13,0,55,,42277,1,,,0,15,,42278,1,0,11 4 12 13,0,15,,42279,1,,,0,15,,42280,1,0,11 4 12 13,0,55,,42281,1,,,0,17,,42282,1,0,11 4 12 13,0,15,,42283,1,,,0,15,,42284,1,0,11 4 12 13,0,55,,42285,1,,,0,15,,42286,1,0,11 4 12 13,0,30,,42287,1,,,0,70,,42288,1,0,11 4 12 13,0,30,,42289,1,,,0,70,,42290,1,0,11 4 12 13,0,30,,42291,1,,,0,70,,42292,1,0,11 4 12 13,0,30,,42293,1,,,0
583100,'2',500,,42294,1,,,0,15,,42295,1,0,11 4 12 13,0,15,,42296,1,,,0,15,,42297,1,0,11 4 12 13,0,55,,42298,1,,,0,15,,42299,1,0,11 4 12 13,0,15,,42300,1,,,0,15,,42301,1,0,11 4 12 13,0,55,,42302,1,,,0,15,,42303,1,0,11 4 12 13,0,15,,42304,1,,,0,15,,42305,1,0,11 4 12 13,0,55,,42306,1,,,0,15,,42307,1,0,11 4 12 13,0,15,,42308,1,,,0,15,,42309,1,0,11 4 12 13,0,55,,42310,1,,,0,15,,42311,1,0,11 4 12 13,0,15,,42312,1,,,0,15,,42313,1,0,11 4 12 13,0,55,,42314,1,,,0,15,,42315,1,0,11 4 12 13,0,15,,42316,1,,,0,15,,42317,1,0,11 4 12 13,0,55,,42318,1,,,0,15,,42319,1,0,11 4 12 13,0,15,,42320,1,,,0,15,,42321,1,0,11 4 12 13,0,55,,42322,1,,,0,15,,42323,1,0,11 4 12 13,0,15,,42324,1,,,0,15,,42325,1,0,11 4 12 13,0,55,,42326,1,,,0,15,,42327,1,0,11 4 12 13,0,15,,42328,1,,,0,15,,42329,1,0,11 4 12 13,0,55,,42330,1,,,0,15,,42331,1,0,11 4 12 13,0,15,,42332,1,,,0,15,,42333,1,0,11 4 12 13,0,55,,42334,1,,,0,15,,42335,1,0,11 4 12 13,0,15,,42336,1,,,0,15,,42337,1,0,11 4 12 13,0,55,,42338,1,,,0,15,,42339,1,0,11 4 12 13,0,15,,42340,1,,,0,15,,42341,1,0,11 4 12 13,0,55,,42342,1,,,0,15,,42343,1,0,11 4 12 13,0,15,,42344,1,,,0,15,,42345,1,0,11 4 12 13,0,55,,42346,1,,,0,15,,42347,1,0,11 4 12 13,0,15,,42348,1,,,0,15,,42349,1,0,11 4 12 13,0,55,,42350,1,,,0,15,,42351,1,0,11 4 12 13,0,15,,42352,1,,,0,15,,42353,1,0,11 4 12 13,0,55,,42354,1,,,0,15,,42355,1,0,11 4 12 13,0,15,,42356,1,,,0,15,,42357,1,0,11 4 12 13,0,55,,42358,1,,,0,15,,42359,1,0,11 4 12 13,0,40,,42360,1,,,0,60,,42361,1,0,11 4 12 13,0,40,,42362,1,,,0,60,,42363,1,0,11 4 12 13,0,40,,42364,1,,,0,75,,42365,1,0,11 4 12 13,0
583100,'3',545,,42366,1,0,11 4 12 13,0,55,,42367,1,,,0,15,,42368,1,0,11 4 12 13,0,15,,42369,1,,,0,15,,42370,1,0,11 4 12 13,0,55,,42371,1,,,0,15,,42372,1,0,11 4 12 13,0,15,,42373,1,,,0,15,,42374,1,0,11 4 12 13,0,55,,42375,1,,,0,15,,42376,1,0,11 4 12 13,0,15,,42377,1,,,0,15,,42378,1,0,11 4 12 13,0,55,,42379,1,,,0,15,,42380,1,0,11 4 12 13,0,15,,42381,1,,,0,15,,42382,1,0,11 4 12 13,0,55,,42383,1,,,0,15,,42384,1,0,11 4 12 13,0,15,,42385,1,,,0,15,,42386,1,0,11 4 12 13,0,55,,42387,1,,,0,15,,42388,1,0,11 4 12 13,0,15,,42389,1,,,0,15,,42390,1,0,11 4 12 13,0,55,,42391,1,,,0,15,,42392,1,0,11 4 12 13,0,15,,42393,1,,,0,15,,42394,1,0,11 4 12 13,0,55,,42395,1,,,0,15,,42396,1,0,11 4 12 13,0,15,,42397,1,,,0,15,,42398,1,0,11 4 12 13,0,55,,42399,1,,,0,15,,42400,1,0,11 4 12 13,0,15,,42401,1,,,0,15,,42402,1,0,11 4 12 13,0,55,,42403,1,,,0,15,,42404,1,0,11 4 12 13,0,15,,42405,1,,,0,15,,42406,1,0,11 4 12 13,0,55,,42407,1,,,0,15,,42408,1,0,11 4 12 13,0,15,,42409,1,,,0,15,,42410,1,0,11 4 12 13,0,55,,42411,1,,,0,15,,42412,1,0,11 4 12 13,0,15,,42413,1,,,0,15,,42414,1,0,11 4 12 13,0,55,,42415,1,,,0,15,,42416,1,0,11 4 12 13,0,15,,42417,1,,,0,15,,42418,1,0,11 4 12 13,0,55,,42419,1,,,0,15,,42420,1,0,11 4 12 13,0,15,,42421,1,,,0,15,,42422,1,0,11 4 12 13,0,55,,42423,1,,,0,15,,42424,1,0,11 4 12 13,0,15,,42425,1,,,0,15,,42426,1,0,11 4 12 13,0,55,,42427,1,,,0,15,,42428,1,0,11 4 12 13,0,40,,42429,1,,,0,60,,42430,1,0,11 4 12 13,0,40,,42431,1,,,0,60,,42432,1,0,11 4 12 13,0
583100,'4',615,,42433,1,0,11 4 12 13,0,30,,42434,1,,,0,70,,42435,1,0,11 4 12 13,0,30,,42436,1,,,0,70,,42437,1,0,11 4 12 13,0,30,,42438,1,,,0,70,,42439,1,0,11 4 12 13,0,30,,42440,1,,,0,70,,42441,1,0,11 4 12 13,0,30,,42442,1,,,0,70,,42443,1,0,11 4 12 13,0,30,,42444,1,,,0,70,,42445,1,0,11 4 12 13,0,30,,42446,1,,,0,70,,42447,1,0,11 4 12 13,0,30,,42448,1,,,0,70,,42449,1,0,11 4 12 13,0,30,,42450,1,,,0,70,,42451,1,0,11 4 12 13,0,30,,42452,1,,,0,70,,42453,1,0,11 4 12 13,0,30,,42454,1,,,0,70,,42455,1,0,11 4 12 13,0,30,,42456,1,,,0,70,,42457,1,0,11 4 12 13,0,30,,42458,1,,,0,70,,42459,1,0,11 4 12 13,0,30,,42460,1,,,0,70,,42461,1,0,11 4 12 13,0,30,,42462,1,,,0
583100,'6',545,,42463,1,0,11 4 12 13,0,55,,42464,1,,,0,15,,42465,1,0,11 4 12 13,0,15,,42466,1,,,0,15,,42467,1,0,11 4 12 13,0,55,,42468,1,,,0,15,,42469,1,0,11 4 12 13,0,15,,42470,1,,,0,15,,42471,1,0,11 4 12 13,0,55,,42472,1,,,0,15,,42473,1,0,11 4 12 13,0,15,,42474,1,,,0,15,,42475,1,0,11 4 12 13,0,55,,42476,1,,,0,15,,42477,1,0,11 4 12 13,0,15,,42478,1,,,0,15,,42479,1,0,11 4 12 13,0,55,,42480,1,,,0,15,,42481,1,0,11 4 12 13,0,15,,42482,1,,,0,15,,42483,1,0,11 4 12 13,0,55,,42484,1,,,0,15,,42485,1,0,11 4 12 13,0,15,,42486,1,,,0,15,,42487,1,0,11 4 12 13,0,55,,42488,1,,,0,15,,42489,1,0,11 4 12 13,0,15,,42490,1,,,0,15,,42491,1,0,11 4 12 13,0,55,,42492,1,,,0,15,,42493,1,0,11 4 12 13,0,15,,42494,1,,,0,15,,42495,1,0,11 4 12 13,0,55,,42496,1,,,0,15,,42497,1,0,11 4 12 13,0,15,,42498,1,,,0,15,,42499,1,0,11 4 12 13,0,55,,42500,1,,,0,15,,42501,1,0,11 4 12 13,0,15,,42502,1,,,0,15,,42503,1,0,11 4 12 13,0,55,,42504,1,,,0,15,,42505,1,0,11 4 12 13,0,15,,42506,1,,,0,15,,42507,1,0,11 4 12 13,0,55,,42508,1,,,0,15,,42509,1,0,11 4 12 13,0,15,,42510,1,,,0,15,,42511,1,0,11 4 12 13,0,55,,42512,1,,,0,15,,42513,1,0,11 4 12 13,0,15,,42514,1,,,0,15,,42515,1,0,11 4 12 13,0,55,,42516,1,,,0,15,,42517,1,0,11 4 12 13,0,15,,42518,1,,,0,15,,42519,1,0,11 4 12 13,0,55,,42520,1,,,0,15,,42521,1,0,11 4 12 13,0,15,,42522,1,,,0,15,,42523,1,0,11 4 12 13,0,55,,42524,1,,,0,15,,42525,1,0,11 4 12 13,0,40,,42526,1,,,0,60,,42527,1,0,11 4 12 13,0,40,,42528,1,,,0,60,,42529,1,0,11 4 12 13,0
583101,'1601',748,,42531,24,4,,0,58,,42530,33,4,,0,737,,42532,33,4,,0
583101,'1',528,,42533,24,4,,0,86,,42534,36,4,,0,15,,42535,33,4,,0,15,,42536,36,4,,0,15,,42537,33,4,,0,55,,42538,36,4,,0,15,,42539,33,4,,0,15,,42540,36,4,,0,15,,42541,33,4,,0,55,,42542,36,4,,0,15,,42543,33,4,,0,15,,42544,36,4,,0,15,,42545,33,4,,0,55,,42546,36,4,,0,15,,42547,33,4,,0,15,,42548,36,4,,0,15,,42549,33,4,,0,55,,42550,36,4,,0,15,,42551,33,4,,0,15,,42552,36,4,,0,15,,42553,33,4,,0,55,,42554,36,4,,0,15,,42555,33,4,,0,15,,42556,36,4,,0,15,,42557,33,4,,0,55,,42558,36,4,,0,15,,42559,33,4,,0,15,,42560,36,4,,0,15,,42561,33,4,,0,55,,42562,36,4,,0,15,,42563,33,4,,0,15,,42564,36,4,,0,15,,42565,33,4,,0,55,,42566,36,4,,0,15,,42567,33,4,,0,15,,42568,36,4,,0,15,,42569,33,4,,0,55,,42570,36,4,,0,15,,42571,33,4,,0,15,,42572,36,4,,0,15,,42573,33,4,,0,55,,42574,36,4,,0,15,,42575,33,4,,0,15,,42576,36,4,,0,15,,42577,33,4,,0,55,,42578,36,4,,0,15,,42579,33,4,,0,15,,42580,36,4,,0,15,,42581,33,4,,0,55,,42582,36,4,,0,15,,42583,33,4,,0,15,,42584,36,4,,0,15,,42585,33,4,,0,55,,42586,36,4,,0,15,,42587,33,4,,0,15,,42588,36,4,,0,15,,42589,33,4,,0,55,,42590,36,4,,0,15,,42591,33,4,,0,14,,42592,36,4,,0,16,,42593,33,4,,0,54,,42594,36,4,,0,16,,42595,33,4,,0,15,,42596,36,4,,0,15,,42597,33,4,,0,50,,42598,36,4,,0,30,,42599,33,4,,0,69,,42600,36,4,,0,31,,42601,33,4,,0,69,,42602,36,4,,0,31,,42603,33,4,,0,70,,42604,36,4,,0,10,,42605,33,4,,0,33,,42606,36,4,,0
583101,'2',534,,42607,24,4,,0,71,,42608,36,4,,0,14,,42609,33,4,,0,15,,42610,36,4,,0,15,,42611,33,4,,0,55,,42612,36,4,,0,15,,42613,33,4,,0,15,,42614,36,4,,0,15,,42615,33,4,,0,55,,42616,36,4,,0,15,,42617,33,4,,0,15,,42618,36,4,,0,15,,42619,33,4,,0,55,,42620,36,4,,0,15,,42621,33,4,,0,15,,42622,36,4,,0,15,,42623,33,4,,0,55,,42624,36,4,,0,15,,42625,33,4,,0,15,,42626,36,4,,0,15,,42627,33,4,,0,55,,42628,36,4,,0,15,,42629,33,4,,0,15,,42630,36,4,,0,15,,42631,33,4,,0,55,,42632,36,4,,0,15,,42633,33,4,,0,15,,42634,36,4,,0,15,,42635,33,4,,0,55,,42636,36,4,,0,15,,42637,33,4,,0,15,,42638,36,4,,0,15,,42639,33,4,,0,55,,42640,36,4,,0,15,,42641,33,4,,0,15,,42642,36,4,,0,15,,42643,33,4,,0,55,,42644,36,4,,0,15,,42645,33,4,,0,15,,42646,36,4,,0,15,,42647,33,4,,0,55,,42648,36,4,,0,15,,42649,33,4,,0,15,,42650,36,4,,0,15,,42651,33,4,,0,55,,42652,36,4,,0,15,,42653,33,4,,0,15,,42654,36,4,,0,15,,42655,33,4,,0,55,,42656,36,4,,0,15,,42657,33,4,,0,15,,42658,36,4,,0,15,,42659,33,4,,0,55,,42660,36,4,,0,15,,42661,33,4,,0,15,,42662,36,4,,0,15,,42663,33,4,,0,55,,42664,36,4,,0,15,,42665,33,4,,0,15,,42666,36,4,,0,15,,42667,33,4,,0,55,,42668,36,4,,0,15,,42669,33,4,,0,15,,42670,36,4,,0,15,,42671,33,4,,0,55,,42672,36,4,,0,20,,42673,33,4,,0,80,,42674,36,4,,0,20,,42675,33,4,,0,80,,42676,36,4,,0,20,,42677,33,4,,0,80,,42678,36,4,,0,20,,42679,33,4,,0
583101,'3',649,,42680,33,4,,0,55,,42681,36,4,,0,15,,42682,33,4,,0,15,,42683,36,4,,0,15,,42684,33,4,,0,55,,42685,36,4,,0,15,,42686,33,4,,0,15,,42687,36,4,,0,15,,42688,33,4,,0,55,,42689,36,4,,0,15,,42690,33,4,,0,15,,42691,36,4,,0,15,,42692,33,4,,0,55,,42693,36,4,,0,15,,42694,33,4,,0,15,,42695,36,4,,0,15,,42696,33,4,,0,55,,42697,36,4,,0,15,,42698,33,4,,0,15,,42699,36,4,,0,15,,42700,33,4,,0,55,,42701,36,4,,0,15,,42702,33,4,,0,15,,42703,36,4,,0,15,,42704,33,4,,0,55,,42705,36,4,,0,15,,42706,33,4,,0,15,,42707,36,4,,0,15,,42708,33,4,,0,55,,42709,36,4,,0,15,,42710,33,4,,0,15,,42711,36,4,,0,15,,42712,33,4,,0,55,,42713,36,4,,0,15,,42714,33,4,,0,15,,42715,36,4,,0,15,,42716,33,4,,0,55,,42717,36,4,,0,15,,42718,33,4,,0,15,,42719,36,4,,0,15,,42720,33,4,,0,55,,42721,36,4,,0,15,,42722,33,4,,0,15,,42723,36,4,,0,15,,42724,33,4,,0,55,,42725,36,4,,0,15,,42726,33,4,,0,15,,42727,36,4,,0,15,,42728,33,4,,0,55,,42729,36,4,,0,15,,42730,33,4,,0,15,,42731,36,4,,0,15,,42732,33,4,,0,55,,42733,36,4,,0,15,,42734,33,4,,0,15,,42735,36,4,,0,15,,42736,33,4,,0,55,,42737,36,4,,0,15,,42738,33,4,,0,15,,42739,36,4,,0,15,,42740,33,4,,0,55,,42741,36,4,,0,20,,42742,33,4,,0,80,,42743,36,4,,0,26,,42744,33,4,,0,74,,42745,36,4,,0,19,,42746,33,4,,0
583101,'4',727,,42747,33,4,,0,30,,42748,36,4,,0,70,,42749,33,4,,0,30,,42750,36,4,,0,70,,42751,33,4,,0,30,,42752,36,4,,0,70,,42753,33,4,,0,30,,42754,36,4,,0,70,,42755,33,4,,0,30,,42756,36,4,,0,70,,42757,33,4,,0,30,,42758,36,4,,0,70,,42759,33,4,,0,30,,42760,36,4,,0,70,,42761,33,4,,0,30,,42762,36,4,,0,70,,42763,33,4,,0,30,,42764,36,4,,0,70,,42765,33,4,,0,30,,42766,36,4,,0,70,,42767,33,4,,0,30,,42768,36,4,,0,70,,42769,33,4,,0,30,,42770,36,4,,0,70,,42771,33,4,,0,30,,42772,36,4,,0,70,,42773,33,4,,0,30,,42774,36,4,,0,70,,42775,33,4,,0,30,,42776,36,4,,0
583101,'6',649,,42777,33,4,,0,55,,42778,36,4,,0,15,,42779,33,4,,0,15,,42780,36,4,,0,15,,42781,33,4,,0,55,,42782,36,4,,0,15,,42783,33,4,,0,15,,42784,36,4,,0,15,,42785,33,4,,0,55,,42786,36,4,,0,15,,42787,33,4,,0,15,,42788,36,4,,0,15,,42789,33,4,,0,55,,42790,36,4,,0,15,,42791,33,4,,0,15,,42792,36,4,,0,15,,42793,33,4,,0,55,,42794,36,4,,0,15,,42795,33,4,,0,15,,42796,36,4,,0,15,,42797,33,4,,0,55,,42798,36,4,,0,15,,42799,33,4,,0,15,,42800,36,4,,0,15,,42801,33,4,,0,55,,42802,36,4,,0,15,,42803,33,4,,0,15,,42804,36,4,,0,15,,42805,33,4,,0,55,,42806,36,4,,0,15,,42807,33,4,,0,15,,42808,36,4,,0,15,,42809,33,4,,0,55,,42810,36,4,,0,15,,42811,33,4,,0,15,,42812,36,4,,0,15,,42813,33,4,,0,55,,42814,36,4,,0,15,,42815,33,4,,0,15,,42816,36,4,,0,15,,42817,33,4,,0,55,,42818,36,4,,0,15,,42819,33,4,,0,15,,42820,36,4,,0,15,,42821,33,4,,0,55,,42822,36,4,,0,15,,42823,33,4,,0,15,,42824,36,4,,0,15,,42825,33,4,,0,55,,42826,36,4,,0,15,,42827,33,4,,0,15,,42828,36,4,,0,15,,42829,33,4,,0,55,,42830,36,4,,0,15,,42831,33,4,,0,15,,42832,36,4,,0,15,,42833,33,4,,0,55,,42834,36,4,,0,15,,42835,33,4,,0,15,,42836,36,4,,0,15,,42837,33,4,,0,55,,42838,36,4,,0,20,,42839,33,4,,0,80,,42840,36,4,,0,26,,42841,33,4,,0,74,,42842,36,4,,0,19,,42843,33,4,,0
