579100,'1',614,,32787,27,,,0,36,,32788,27,,,0,70,,32789,27,,,0,30,,32790,27,,,0,70,,32791,27,,,0,30,,32792,27,,,0,75,,32793,27,,,0,20,,32794,27,,,0,70,,32795,27,,,0,30,,32796,27,,,0,70,,32815,27,,,0,30,,32797,27,,,0,70,,32814,27,,,0,41,,32798,42,,,0,70,,32812,42,,,0,30,,32799,42,,,0,70,,32813,42,,,0,31,,32800,42,,,0,70,,32801,42,,,0,30,,32802,42,,,0,60,,32803,42,,,0,30,,32804,42,,,0,70,,32805,42,,,0,30,,32806,42,,,0,75,,32807,42,,,0,30,,32808,42,,,0,70,,32809,42,,,0,34,,32816,42,,,0,70,,32810,42,,,0,30,,32817,42,,,0,70,,32811,42,,,0,30,,32818,42,,,0,70,,32819,42,,,0,30,,32820,42,,,0,70,,32821,42,,,0,30,,32822,42,,,0,70,,32823,42,,,0,30,,32824,42,,,0,70,,32825,42,,,0
579100,'2',735,,32826,27,,,0,70,,32827,27,,,0,30,,32828,27,,,0,70,,32829,27,,,0,30,,32830,27,,,0,70,,32831,27,,,0,30,,32832,27,,,0,70,,32851,27,,,0,30,,32833,27,,,0,70,,32850,27,,,0,41,,32834,42,,,0,70,,32848,42,,,0,30,,32835,42,,,0,70,,32849,42,,,0,30,,32836,42,,,0,70,,32837,42,,,0,30,,32838,42,,,0,70,,32839,42,,,0,30,,32840,42,,,0,70,,32841,42,,,0,30,,32842,42,,,0,70,,32843,42,,,0,30,,32844,42,,,0,70,,32845,42,,,0,30,,32852,42,,,0,70,,32846,42,,,0,30,,32853,42,,,0,70,,32847,42,,,0,30,,32854,42,,,0,70,,32855,42,,,0,30,,32856,42,,,0,70,,32857,42,,,0,30,,32858,42,,,0,70,,32859,42,,,0,30,,32860,42,,,0
579100,'3',735,,32861,27,,,0,70,,32862,27,,,0,30,,32863,27,,,0,70,,32864,27,,,0,30,,32865,27,,,0,70,,32866,27,,,0,30,,32867,27,,,0,70,,32886,27,,,0,30,,32868,27,,,0,70,,32885,27,,,0,41,,32869,42,,,0,70,,32883,42,,,0,30,,32870,42,,,0,70,,32884,42,,,0,30,,32871,42,,,0,70,,32872,42,,,0,30,,32873,42,,,0,70,,32874,42,,,0,30,,32875,42,,,0,70,,32876,42,,,0,30,,32877,42,,,0,70,,32878,42,,,0,30,,32879,42,,,0,70,,32880,42,,,0,30,,32887,42,,,0,70,,32881,42,,,0,30,,32888,42,,,0,70,,32882,42,,,0,30,,32889,42,,,0,70,,32890,42,,,0,30,,32891,42,,,0,70,,32892,42,,,0,30,,32893,42,,,0,70,,32894,42,,,0
579100,'4',735,,32895,27,,,0,70,,32896,27,,,0,30,,32897,27,,,0,70,,32898,27,,,0,30,,32899,27,,,0,70,,32900,27,,,0,30,,32901,27,,,0,70,,32919,27,,,0,30,,32902,27,,,0,70,,32918,27,,,0,41,,32903,42,,,0,70,,32916,42,,,0,30,,32904,42,,,0,70,,32917,42,,,0,30,,32905,42,,,0,70,,32906,42,,,0,30,,32907,42,,,0,70,,32908,42,,,0,30,,32909,42,,,0,70,,32910,42,,,0,30,,32911,42,,,0,70,,32912,42,,,0,30,,32913,42,,,0,70,,32914,42,,,0,30,,32920,42,,,0,70,,32915,42,,,0,30,,32921,42,,,0
579100,'6',735,,32922,27,,,0,70,,32923,27,,,0,30,,32924,27,,,0,70,,32925,27,,,0,30,,32926,27,,,0,70,,32927,27,,,0,30,,32928,27,,,0,70,,32947,27,,,0,30,,32929,27,,,0,70,,32946,27,,,0,41,,32930,42,,,0,70,,32944,42,,,0,30,,32931,42,,,0,70,,32945,42,,,0,30,,32932,42,,,0,70,,32933,42,,,0,30,,32934,42,,,0,70,,32935,42,,,0,30,,32936,42,,,0,70,,32937,42,,,0,30,,32938,42,,,0,70,,32939,42,,,0,30,,32940,42,,,0,70,,32941,42,,,0,30,,32948,42,,,0,70,,32942,42,,,0,30,,32949,42,,,0,70,,32943,42,,,0,30,,32950,42,,,0,70,,32951,42,,,0,30,,32952,42,,,0,70,,32953,42,,,0,30,,32954,42,,,0,70,,32955,42,,,0,30,,32956,42,,,0
580700,'1',502,,38815,28,,,0,30,,38814,28,,,0,24,,38813,28,,,0,62,,38812,28,,,0,7,,38811,28,,,0,4,,38810,83,,,0,27,,38809,28,,,0,3,,38808,83,,,0,58,,38807,28,,,0,5,,38806,83,,,0,15,,38805,83,,,0,15,,38804,83,,,0,55,,38803,83,,,0,15,,38802,83,,,0,15,,38801,83,,,0,15,,38800,83,,,0,55,,38799,83,,,0,15,,38798,83,,,0,15,,38797,83,,,0,15,,38796,83,,,0,55,,38795,83,,,0,18,,38794,83,,,0,20,,38793,83,,,0,70,,38792,83,,,0,30,,38791,83,,,0,70,,38790,83,,,0,30,,38789,83,,,0,70,,38788,83,,,0,30,,38787,83,,,0,64,,38786,28,,,0,8,,38785,83,,,0,7,,38784,28,,,0,23,,38783,83,,,0,7,,38782,28,,,0,58,,38781,83,,,0,15,,38780,83,,,0,15,,38779,83,,,0,15,,38778,83,,,0,55,,38777,83,,,0,15,,38776,83,,,0,15,,38775,83,,,0,15,,38774,83,,,0,55,,38773,83,,,0,15,,38772,83,,,0,15,,38771,83,,,0,15,,38770,83,,,0,55,,38769,83,,,0,15,,38768,83,,,0,15,,38767,83,,,0,15,,38766,83,,,0,55,,38765,83,,,0,22,,38764,83,,,0,70,,38763,83,,,0,30,,38762,83,,,0,70,,38761,83,,,0,30,,38760,83,,,0,70,,38759,83,,,0,30,,38758,83,,,0,70,,38757,83,,,0,30,,38756,83,,,0,70,,38755,83,,,0,30,,38754,83,,,0,70,,38750,83,,,0,30,,38753,83,,,0
580700,'2',612,,38854,83,,,0,30,,38816,83,,,0,70,,38817,83,,,0,35,,38818,83,,,0,70,,38819,83,,,0,30,,38820,83,,,0,70,,38821,83,,,0,30,,38822,83,,,0,70,,38823,83,,,0,30,,38824,83,,,0,70,,38825,83,,,0,30,,38826,83,,,0,70,,38827,83,,,0,30,,38828,83,,,0,70,,38829,83,,,0,30,,38830,83,,,0,70,,38831,83,,,0,30,,38832,83,,,0,70,,38833,83,,,0,30,,38834,83,,,0,70,,38835,83,,,0,30,,38836,83,,,0,70,,38837,83,,,0,30,,38838,83,,,0,70,,38839,83,,,0,30,,38840,83,,,0,70,,38841,83,,,0,30,,38842,83,,,0,70,,38843,83,,,0,30,,38844,83,,,0,70,,38845,83,,,0,30,,38846,83,,,0,70,,38847,83,,,0,30,,38848,83,,,0,70,,38849,83,,,0,30,,38850,83,,,0,70,,38851,83,,,0,30,,38852,83,,,0,83,,38853,83,,,0
580700,'3',703,,38855,83,,,0,30,,38868,83,,,0,80,,38856,83,,,0,30,,38869,83,,,0,70,,38857,83,,,0,30,,38870,83,,,0,70,,38858,83,,,0,30,,38871,83,,,0,74,,38859,83,,,0,30,,38872,83,,,0,70,,38860,83,,,0,30,,38873,83,,,0,70,,38861,83,,,0,30,,38874,83,,,0,70,,38862,83,,,0,30,,38875,83,,,0,70,,38863,83,,,0,30,,38876,83,,,0,70,,38864,83,,,0,30,,38877,83,,,0,70,,38865,83,,,0,30,,38878,83,,,0,70,,38866,83,,,0,30,,38879,83,,,0,70,,38867,83,,,0,30,,38889,83,,,0,70,,38880,83,,,0,30,,38886,83,,,0,70,,38881,83,,,0,30,,38887,83,,,0,70,,38882,83,,,0,30,,38888,83,,,0,70,,38883,83,,,0,30,,38890,83,,,0,70,,38884,83,,,0,30,,38891,83,,,0
580700,'4',631,,38922,28,,,0,70,,38923,28,,,0,21,,38907,83,,,0,30,,38892,83,,,0,70,,38908,83,,,0,30,,38893,83,,,0,70,,38909,83,,,0,30,,38894,83,,,0,70,,38910,83,,,0,30,,38895,83,,,0,70,,38911,83,,,0,30,,38896,83,,,0,70,,38912,83,,,0,30,,38897,83,,,0,70,,38913,83,,,0,30,,38898,83,,,0,70,,38914,83,,,0,30,,38899,83,,,0,70,,38915,83,,,0,30,,38900,83,,,0,70,,38916,83,,,0,30,,38901,83,,,0,70,,38917,83,,,0,30,,38902,83,,,0,70,,38918,83,,,0,30,,38903,83,,,0,70,,38919,83,,,0,30,,38904,83,,,0,70,,38920,83,,,0,30,,38905,83,,,0,70,,38921,83,,,0
580700,'6',703,,38924,83,,,0,30,,38937,83,,,0,80,,38925,83,,,0,30,,38938,83,,,0,70,,38926,83,,,0,30,,38939,83,,,0,70,,38927,83,,,0,30,,38940,83,,,0,74,,38928,83,,,0,30,,38941,83,,,0,70,,38929,83,,,0,30,,38942,83,,,0,70,,38930,83,,,0,30,,38943,83,,,0,70,,38931,83,,,0,30,,38944,83,,,0,70,,38932,83,,,0,30,,38945,83,,,0,70,,38933,83,,,0,30,,38946,83,,,0,70,,38934,83,,,0,30,,38947,83,,,0,70,,38935,83,,,0,30,,38948,83,,,0,70,,38936,83,,,0,30,,38958,83,,,0,70,,38949,83,,,0,30,,38955,83,,,0,70,,38950,83,,,0,30,,38956,83,,,0,70,,38951,83,,,0,30,,38957,83,,,0,70,,38952,83,,,0,30,,38959,83,,,0,70,,38953,83,,,0,30,,38960,83,,,0
583501,'8502',1345,,42961,26,,,0,100,,42960,26,,,0,100,,42959,26,,,0,100,,42958,26,,,0,100,,42957,26,,,0,100,,42956,26,,,0,100,,42955,26,,,0,100,,42954,26,,,0
