580700,'1',527,,38810,2,,,0,30,,38808,2,,,0,52,,38806,2,,,0,15,,38805,2,,,0,15,,38804,2,,,0,15,,38803,2,,,0,55,,38802,2,,,0,15,,38801,2,,,0,15,,38800,2,,,0,15,,38799,2,,,0,55,,38798,2,,,0,15,,38797,2,,,0,15,,38796,2,,,0,15,,38795,2,,,0,62,,38794,2,,,0,20,,38793,2,,,0,70,,38792,2,,,0,30,,38791,2,,,0,70,,38790,2,,,0,30,,38789,2,,,0,70,,38788,2,,,0,30,,38787,2,,,0,65,,38785,2,,,0,30,,38783,2,,,0,25,,38781,2,,,0,55,,38780,2,,,0,15,,38779,2,,,0,15,,38778,2,,,0,15,,38777,2,,,0,55,,38776,2,,,0,15,,38775,2,,,0,15,,38774,2,,,0,15,,38773,2,,,0,55,,38772,2,,,0,15,,38771,2,,,0,15,,38770,2,,,0,15,,38769,2,,,0,55,,38768,2,,,0,15,,38767,2,,,0,15,,38766,2,,,0,15,,38765,2,,,0,76,,38764,2,,,0,70,,38763,2,,,0,30,,38762,2,,,0,70,,38761,2,,,0,30,,38760,2,,,0,70,,38759,2,,,0,33,,38758,2,,,0,70,,38757,2,,,0,30,,38756,2,,,0,70,,38755,2,,,0,30,,38754,2,,,0,70,,38750,2,,,0,30,,38753,2,,,0,65,,38752,2,0,5 6,0,57,,38751,2,0,7 4 8 9 10,0
580700,'2',504,,38854,2,,,0,30,,38816,2,,,0,70,,38817,2,,,0,35,,38818,2,,,0,70,,38819,2,,,0,30,,38820,2,,,0,70,,38821,2,,,0,30,,38822,2,,,0,70,,38823,2,,,0,30,,38824,2,,,0,68,,38825,2,,,0,30,,38826,2,,,0,70,,38827,2,,,0,30,,38828,2,,,0,70,,38829,2,,,0,30,,38830,2,,,0,70,,38831,2,,,0,30,,38832,2,,,0,70,,38833,2,,,0,30,,38834,2,,,0,70,,38835,2,,,0,30,,38836,2,,,0,70,,38837,2,,,0,30,,38838,2,,,0,70,,38839,2,,,0,30,,38840,2,,,0,70,,38841,2,,,0,33,,38842,2,,,0,70,,38843,2,,,0,30,,38844,2,,,0,70,,38845,2,,,0,30,,38846,2,,,0,70,,38847,2,,,0,30,,38848,2,,,0,70,,38849,2,,,0,30,,38850,2,,,0,70,,38851,2,,,0,30,,38852,2,,,0,83,,38853,2,,,0
580700,'3',557,,38855,2,,,0,70,,38868,2,,,0,80,,38856,2,,,0,30,,38869,2,,,0,70,,38857,2,,,0,30,,38870,2,,,0,70,,38858,2,,,0,30,,38871,2,,,0,70,,38859,2,,,0,30,,38872,2,,,0,70,,38860,2,,,0,30,,38873,2,,,0,70,,38861,2,,,0,30,,38874,2,,,0,70,,38862,2,,,0,30,,38875,2,,,0,70,,38863,2,,,0,30,,38876,2,,,0,70,,38864,2,,,0,30,,38877,2,,,0,70,,38865,2,,,0,30,,38878,2,,,0,70,,38866,2,,,0,30,,38879,2,,,0,74,,38867,2,,,0,30,,38889,2,,,0,70,,38880,2,,,0,30,,38886,2,,,0,70,,38881,2,,,0,30,,38887,2,,,0,70,,38882,2,,,0,30,,38888,2,,,0,70,,38883,2,,,0,30,,38890,2,,,0,70,,38884,2,,,0,30,,38891,2,,,0,70,,38885,2,0,7 4 8 9 10,0
580700,'4',619,,38907,2,,,0,30,,38892,2,,,0,70,,38908,2,,,0,30,,38893,2,,,0,70,,38909,2,,,0,30,,38894,2,,,0,70,,38910,2,,,0,30,,38895,2,,,0,70,,38911,2,,,0,30,,38896,2,,,0,70,,38912,2,,,0,30,,38897,2,,,0,70,,38913,2,,,0,30,,38898,2,,,0,70,,38914,2,,,0,30,,38899,2,,,0,70,,38915,2,,,0,30,,38900,2,,,0,70,,38916,2,,,0,30,,38901,2,,,0,70,,38917,2,,,0,30,,38902,2,,,0,70,,38918,2,,,0,30,,38903,2,,,0,70,,38919,2,,,0,30,,38904,2,,,0,70,,38920,2,,,0,30,,38905,2,,,0,70,,38921,2,,,0,30,,38906,2,0,7 4 8 9 10,0
580700,'6',557,,38924,2,,,0,70,,38937,2,,,0,80,,38925,2,,,0,30,,38938,2,,,0,70,,38926,2,,,0,30,,38939,2,,,0,70,,38927,2,,,0,30,,38940,2,,,0,70,,38928,2,,,0,30,,38941,2,,,0,70,,38929,2,,,0,30,,38942,2,,,0,70,,38930,2,,,0,30,,38943,2,,,0,70,,38931,2,,,0,30,,38944,2,,,0,70,,38932,2,,,0,30,,38945,2,,,0,70,,38933,2,,,0,30,,38946,2,,,0,70,,38934,2,,,0,30,,38947,2,,,0,70,,38935,2,,,0,30,,38948,2,,,0,74,,38936,2,,,0,30,,38958,2,,,0,70,,38949,2,,,0,30,,38955,2,,,0,70,,38950,2,,,0,30,,38956,2,,,0,70,,38951,2,,,0,30,,38957,2,,,0,70,,38952,2,,,0,30,,38959,2,,,0,70,,38953,2,,,0,30,,38960,2,,,0,70,,38954,2,0,7 4 8 9 10,0
581101,'14701',1046,,40001,9,,,0,100,,40002,9,,,0,100,,40003,9,,,0,100,,40004,9,,,0,100,,40005,9,,,0,100,,40006,9,,,0,100,,40007,9,,,0,100,,40008,9,,,0,100,,40009,9,,,0,100,,40010,9,,,0,100,,40011,9,,,0
581101,'14702',1031,,40012,8,,,0,85,,40013,8,,,0,85,,40014,8,,,0,45,,40015,8,,,0,85,,40016,8,,,0,85,,40017,8,,,0,85,,40018,8,,,0,45,,40019,8,,,0,85,,40020,8,,,0,85,,40021,8,,,0,85,,40022,8,,,0
581101,'14703',1031,,40023,8,,,0,85,,40024,8,,,0,85,,40025,8,,,0,45,,40026,8,,,0,85,,40027,8,,,0,85,,40028,8,,,0,85,,40029,8,,,0,45,,40030,8,,,0,85,,40031,8,,,0,85,,40032,8,,,0,85,,40033,8,,,0
581101,'14704',1031,,40034,8,,,0,85,,40035,8,,,0,85,,40036,8,,,0,45,,40037,8,,,0,85,,40038,8,,,0,85,,40039,8,,,0,85,,40040,8,,,0,45,,40041,8,,,0,85,,40042,8,,,0,85,,40043,8,,,0
581101,'14706',1031,,40044,8,,,0,85,,40045,8,,,0,85,,40046,8,,,0,45,,40047,8,,,0,85,,40048,8,,,0,85,,40049,8,,,0,85,,40050,8,,,0,45,,40051,8,,,0,85,,40052,8,,,0,85,,40053,8,,,0,85,,40054,8,,,0
