578300,'1',534,,30529,38,0,23 24,0,25,,30532,81,0,23 24,0,70,,30535,81,0,23 24,0,30,,30538,81,0,23 24,0,55,,30540,81,0,23 24,0,15,,30542,81,0,23 24,0,15,,30544,81,0,23 24,0,15,,30546,81,0,23 24,0,55,,30548,81,0,23 24,0,15,,30550,81,0,23 24,0,15,,30552,81,0,23 24,0,15,,30554,81,0,23 24,0,55,,30556,81,0,23 24,0,21,,30558,81,0,23 24,0,15,,30560,81,0,23 24,0,55,,30562,81,0,23 24,0,30,,30566,81,0,23 24,0,70,,30569,81,0,23 24,0,30,,30572,81,0,23 24,0,70,,30575,81,0,23 24,0,30,,30578,81,0,23 24,0,70,,30581,81,0,23 24,0,30,,30584,81,0,23 24,0,70,,30587,81,0,23 24,0,32,,30590,81,0,23 24,0,15,,30592,81,0,23 24,0,55,,30594,81,0,23 24,0,15,,30596,81,0,23 24,0,15,,30598,81,0,23 24,0,15,,30600,81,0,23 24,0,55,,30602,81,0,23 24,0,15,,30604,81,0,23 24,0,15,,30606,81,0,23 24,0,15,,30608,81,0,23 24,0,55,,30610,81,0,23 24,0,15,,30612,81,0,23 24,0,15,,30614,81,0,23 24,0,15,,30616,81,0,23 24,0,55,,30618,81,0,23 24,0,15,,30620,81,0,23 24,0,15,,30622,81,0,23 24,0,15,,30624,81,0,23 24,0,7,,30626,81,0,23 24,0,70,,30629,81,0,23 24,0,30,,30632,81,0,23 24,0,70,,30635,81,0,23 24,0,30,,30638,81,0,23 24,0,70,,30641,81,0,23 24,0,30,,30644,81,0,23 24,0,66,,30647,81,0,23 24,0,85,,30650,81,0,23 24,0,45,,30653,81,0,23 24,0,85,,30656,81,0,23 24,0,85,,30659,81,0,23 24,0,21,,30662,81,0,23 24,0
578300,'2',455,,30665,38,0,23 24,0,70,,30667,38,0,23 24,0,85,,30670,81,0,23 24,0,27,,30672,81,0,23 24,0,76,,30675,81,0,23 24,0,36,,30678,81,0,23 24,0,70,,30681,38,0,23 24,0,16,,30682,81,0,23 24,0,76,,30685,81,0,23 24,0,36,,30688,81,0,23 24,0,76,,30691,81,0,23 24,0,36,,30694,81,0,23 24,0,76,,30697,81,0,23 24,0,76,,30700,81,0,23 24,0,36,,30703,81,0,23 24,0,76,,30706,81,0,23 24,0,36,,30709,81,0,23 24,0,76,,30712,81,0,23 24,0,76,,30715,81,0,23 24,0,36,,30718,81,0,23 24,0,76,,30721,81,0,23 24,0,36,,30724,81,0,23 24,0,76,,30727,81,0,23 24,0,76,,30730,81,0,23 24,0,32,,30733,81,0,23 24,0,76,,30736,81,0,23 24,0,30,,30739,81,0,23 24,0,76,,30742,81,0,23 24,0,76,,30745,81,0,23 24,0,36,,30748,81,0,23 24,0,77,,30751,81,0,23 24,0,43,,30754,81,0,23 24,0,70,,30756,81,0,23 24,0,85,,30759,81,0,23 24,0,45,,30762,81,0,23 24,0,90,,30766,81,0,23 24,0
578300,'3',542,,30769,38,0,23 24,0,85,,30772,81,0,23 24,0,23,,30774,38,0,23 24,0,62,,30776,81,0,23 24,0,45,,30779,81,0,23 24,0,85,,30782,81,0,23 24,0,85,,30785,81,0,23 24,0,76,,30788,81,0,23 24,0,44,,30791,81,0,23 24,0,76,,30794,81,0,23 24,0,36,,30797,81,0,23 24,0,76,,30800,81,0,23 24,0,76,,30803,81,0,23 24,0,36,,30806,81,0,23 24,0,76,,30809,81,0,23 24,0,36,,30812,81,0,23 24,0,76,,30815,81,0,23 24,0,76,,30818,81,0,23 24,0,36,,30821,81,0,23 24,0,76,,30824,81,0,23 24,0,36,,30827,81,0,23 24,0,72,,30830,81,0,23 24,0,85,,30833,81,0,23 24,0,85,,30836,81,0,23 24,0,45,,30839,81,0,23 24,0,85,,30842,81,0,23 24,0,85,,30845,81,0,23 24,0,41,,30848,81,0,23 24,0,85,,30851,81,0,23 24,0,85,,30855,81,0,23 24,0
578300,'4',557,,30921,38,0,23 24,0,80,,30857,38,0,23 24,0,75,,30860,81,0,23 24,0,45,,30863,81,0,23 24,0,85,,30866,81,0,23 24,0,85,,30869,81,0,23 24,0,85,,30872,81,0,23 24,0,91,,30875,81,0,23 24,0,45,,30878,81,0,23 24,0,85,,30881,81,0,23 24,0,85,,30884,81,0,23 24,0,85,,30887,81,0,23 24,0,45,,30890,81,0,23 24,0,85,,30893,81,0,23 24,0,85,,30896,81,0,23 24,0,85,,30899,81,0,23 24,0,45,,30902,81,0,23 24,0,79,,30905,81,0,23 24,0,85,,30908,81,0,23 24,0,45,,30911,81,0,23 24,0,85,,30914,81,0,23 24,0,85,,30918,81,0,23 24,0
578300,'6',542,,30923,38,0,23 24,0,85,,30926,81,0,23 24,0,23,,30928,38,0,23 24,0,62,,30930,81,0,23 24,0,45,,30933,81,0,23 24,0,85,,30936,81,0,23 24,0,85,,30939,81,0,23 24,0,76,,30942,81,0,23 24,0,44,,30945,81,0,23 24,0,76,,30948,81,0,23 24,0,36,,30951,81,0,23 24,0,76,,30954,81,0,23 24,0,76,,30957,81,0,23 24,0,36,,30960,81,0,23 24,0,76,,30963,81,0,23 24,0,36,,30966,81,0,23 24,0,76,,30969,81,0,23 24,0,76,,30972,81,0,23 24,0,36,,30975,81,0,23 24,0,76,,30978,81,0,23 24,0,36,,30981,81,0,23 24,0,72,,30984,81,0,23 24,0,85,,30987,81,0,23 24,0,85,,30990,81,0,23 24,0,45,,30993,81,0,23 24,0,85,,30996,81,0,23 24,0,85,,30999,81,0,23 24,0,41,,31002,81,0,23 24,0,85,,31005,81,0,23 24,0,85,,31009,81,0,23 24,0
579101,'1',519,,32957,36,,,0,28,,32958,36,,,0,70,,32959,36,,,0,30,,32960,36,,,0,70,,32961,36,,,0,30,,32962,36,,,0,70,,32963,36,,,0,30,,32964,36,,,0,70,,32965,36,,,0,34,,32966,36,,,0,70,,32967,36,,,0,30,,32983,36,,,0,70,,32968,36,,,0,30,,32984,36,,,0,70,,32969,36,,,0,23,,32985,19,,,0,73,,32970,19,,,0,30,,32986,19,,,0,70,,32971,19,,,0,30,,32987,19,,,0,70,,32972,19,,,0,30,,32973,19,,,0,70,,32997,19,,,0,30,,32974,19,,,0,70,,32975,19,,,0,30,,32976,19,,,0,70,,32977,19,,,0,30,,32978,19,,,0,70,,32979,19,,,0,30,,32988,19,,,0,70,,32980,19,,,0,30,,32989,19,,,0,70,,32981,19,,,0,30,,32990,19,,,0,70,,32982,19,,,0,30,,32991,19,,,0,70,,32992,19,,,0,30,,32993,19,,,0,70,,32994,19,,,0,25,,32995,19,,,0,70,,32996,19,,,0
579101,'2',749,,32998,36,,,0,70,,32999,36,,,0,30,,33000,36,,,0,70,,33001,36,,,0,30,,33002,36,,,0,70,,33003,36,,,0,30,,33019,36,,,0,70,,33004,36,,,0,30,,33020,36,,,0,70,,33005,36,,,0,23,,33021,19,,,0,75,,33006,19,,,0,30,,33022,19,,,0,70,,33007,19,,,0,30,,33023,19,,,0,70,,33008,19,,,0,30,,33009,19,,,0,70,,33031,19,,,0,30,,33010,19,,,0,70,,33011,19,,,0,30,,33012,19,,,0,70,,33013,19,,,0,30,,33014,19,,,0,70,,33015,19,,,0,30,,33024,19,,,0,70,,33016,19,,,0,30,,33025,19,,,0,70,,33017,19,,,0,30,,33026,19,,,0,70,,33018,19,,,0,29,,33027,19,,,0,71,,33028,19,,,0,30,,33029,19,,,0,70,,33030,19,,,0
579101,'3',749,,33032,36,,,0,70,,33033,36,,,0,30,,33034,36,,,0,70,,33035,36,,,0,30,,33036,36,,,0,70,,33037,36,,,0,30,,33053,36,,,0,70,,33038,36,,,0,30,,33054,36,,,0,70,,33039,36,,,0,23,,33055,19,,,0,75,,33040,19,,,0,30,,33056,19,,,0,70,,33041,19,,,0,30,,33057,19,,,0,70,,33042,19,,,0,30,,33043,19,,,0,70,,33065,19,,,0,30,,33044,19,,,0,70,,33045,19,,,0,30,,33046,19,,,0,70,,33047,19,,,0,30,,33048,19,,,0,70,,33049,19,,,0,30,,33058,19,,,0,70,,33050,19,,,0,30,,33059,19,,,0,70,,33051,19,,,0,30,,33060,19,,,0,70,,33052,19,,,0,30,,33061,19,,,0,70,,33062,19,,,0,30,,33063,19,,,0,63,,33064,19,,,0
579101,'4',749,,33066,36,,,0,70,,33067,36,,,0,30,,33068,36,,,0,70,,33069,36,,,0,30,,33070,36,,,0,70,,33071,36,,,0,30,,33085,36,,,0,70,,33072,36,,,0,30,,33086,36,,,0,70,,33073,36,,,0,23,,33087,19,,,0,75,,33074,19,,,0,30,,33088,19,,,0,70,,33075,19,,,0,30,,33089,19,,,0,70,,33076,19,,,0,30,,33077,19,,,0,70,,33092,19,,,0,30,,33078,19,,,0,70,,33079,19,,,0,30,,33080,19,,,0,70,,33081,19,,,0,30,,33082,19,,,0,70,,33083,19,,,0,30,,33090,19,,,0,70,,33084,19,,,0,30,,33091,19,,,0
579101,'6',749,,33093,36,,,0,70,,33094,36,,,0,30,,33095,36,,,0,70,,33096,36,,,0,30,,33097,36,,,0,70,,33098,36,,,0,30,,33114,36,,,0,70,,33099,36,,,0,30,,33115,36,,,0,70,,33100,36,,,0,23,,33116,19,,,0,75,,33101,19,,,0,30,,33117,19,,,0,70,,33102,19,,,0,30,,33118,19,,,0,70,,33103,19,,,0,30,,33104,19,,,0,70,,33126,19,,,0,30,,33105,19,,,0,70,,33106,19,,,0,30,,33107,19,,,0,70,,33108,19,,,0,30,,33109,19,,,0,70,,33110,19,,,0,30,,33119,19,,,0,70,,33111,19,,,0,30,,33120,19,,,0,70,,33112,19,,,0,30,,33121,19,,,0,70,,33113,19,,,0,29,,33122,19,,,0,71,,33123,19,,,0,30,,33124,19,,,0,70,,33125,19,,,0
583500,'8502',1414,,42931,20,,,0,100,,42930,20,,,0,100,,42929,20,,,0,100,,42928,20,,,0,100,,42927,20,,,0,100,,42926,20,,,0,100,,42925,20,,,0,100,,42924,20,,,0,100,,42923,20,,,0,100,,42922,20,,,0
