578901,'1',508,,32625,13,,,0,30,,32627,13,,,0,70,,32620,13,,,0,30,,32621,13,,,0,71,,32597,13,,,0,30,,32626,13,,,0,70,,32624,13,,,0,30,,32623,13,,,0,69,,32622,13,,,0,36,,32619,13,,,0,70,,32611,13,,,0,30,,32610,13,,,0,70,,32609,13,,,0,30,,32614,13,,,0,70,,32613,13,,,0,30,,32612,13,,,0,70,,32618,13,,,0,30,,32617,13,,,0,70,,32616,13,,,0,30,,32596,13,,,0,70,,32603,13,,,0,30,,32602,13,,,0,70,,32606,13,,,0,30,,32605,13,,,0,70,,32604,13,,,0,30,,32608,13,,,0,70,,32600,13,,,0,30,,32599,13,,,0,70,,32601,13,,,0,30,,32593,13,,,0,70,,32615,13,,,0,30,,32592,13,,,0,70,,32598,13,,,0,30,,32591,13,,,0,74,,32607,13,,,0,100,,32595,13,,,0,100,,32594,13,,,0
578901,'2',507,,32664,13,,,0,30,,32642,13,,,0,70,,32635,13,,,0,30,,32641,13,,,0,70,,32640,13,,,0,30,,32656,13,,,0,70,,32655,13,,,0,30,,32654,13,,,0,70,,32658,13,,,0,30,,32657,13,,,0,70,,32659,13,,,0,30,,32650,13,,,0,70,,32649,13,,,0,30,,32648,13,,,0,70,,32653,13,,,0,30,,32652,13,,,0,70,,32651,13,,,0,30,,32662,13,,,0,70,,32661,13,,,0,30,,32645,13,,,0,70,,32644,13,,,0,30,,32660,13,,,0,70,,32643,13,,,0,30,,32647,13,,,0,70,,32646,13,,,0,30,,32637,13,,,0,70,,32636,13,,,0,30,,32639,13,,,0,69,,32638,13,,,0,30,,32630,13,,,0,70,,32629,13,,,0,30,,32634,13,,,0,70,,32628,13,,,0,100,,32633,13,,,0,100,,32632,13,,,0,100,,32631,13,,,0,100,,32663,13,,,0
578901,'3',507,,32700,13,,,0,30,,32679,13,,,0,70,,32672,13,,,0,30,,32678,13,,,0,70,,32677,13,,,0,30,,32693,13,,,0,70,,32692,13,,,0,30,,32691,13,,,0,70,,32695,13,,,0,30,,32694,13,,,0,70,,32696,13,,,0,30,,32687,13,,,0,70,,32686,13,,,0,30,,32685,13,,,0,70,,32690,13,,,0,30,,32689,13,,,0,70,,32688,13,,,0,30,,32699,13,,,0,70,,32698,13,,,0,30,,32682,13,,,0,70,,32681,13,,,0,30,,32697,13,,,0,70,,32680,13,,,0,30,,32684,13,,,0,70,,32683,13,,,0,30,,32674,13,,,0,70,,32673,13,,,0,30,,32676,13,,,0,69,,32675,13,,,0,30,,32667,13,,,0,70,,32666,13,,,0,30,,32671,13,,,0,70,,32665,13,,,0,100,,32670,13,,,0,100,,32669,13,,,0,100,,32668,13,,,0
578901,'4',527,,32701,13,,,0,100,,32702,13,,,0,100,,32703,13,,,0,100,,32704,13,,,0,100,,32705,13,,,0,100,,32706,13,,,0,100,,32707,13,,,0,100,,32708,13,,,0,100,,32709,13,,,0,100,,32710,13,,,0,100,,32711,13,,,0,100,,32712,13,,,0,100,,32713,13,,,0,99,,32714,13,,,0,100,,32715,13,,,0,100,,32716,13,,,0
578901,'6',507,,32752,13,,,0,30,,32731,13,,,0,70,,32724,13,,,0,30,,32730,13,,,0,70,,32729,13,,,0,30,,32745,13,,,0,70,,32744,13,,,0,30,,32743,13,,,0,70,,32747,13,,,0,30,,32746,13,,,0,70,,32748,13,,,0,30,,32739,13,,,0,70,,32738,13,,,0,30,,32737,13,,,0,70,,32742,13,,,0,30,,32741,13,,,0,70,,32740,13,,,0,30,,32751,13,,,0,70,,32750,13,,,0,30,,32734,13,,,0,70,,32733,13,,,0,30,,32749,13,,,0,70,,32732,13,,,0,30,,32736,13,,,0,70,,32735,13,,,0,30,,32726,13,,,0,70,,32725,13,,,0,30,,32728,13,,,0,69,,32727,13,,,0,30,,32719,13,,,0,70,,32718,13,,,0,30,,32723,13,,,0,70,,32717,13,,,0,100,,32722,13,,,0,100,,32721,13,,,0,100,,32720,13,,,0
580601,'1601',712,,38545,13,0,8 40 10,0,804,,38546,13,4,,0
580601,'1',518,,38600,13,,,0,29,,38599,13,,,0,70,,38598,13,,,0,29,,38597,13,,,0,70,,38596,13,,,0,30,,38595,13,,,0,60,,38594,13,,,0,20,,38593,13,,,0,20,,38592,13,,,0,55,,38591,13,,,0,15,,38590,13,,,0,15,,38589,13,,,0,14,,38588,13,,,0,70,,38587,13,,,0,30,,38586,13,,,0,70,,38585,13,,,0,30,,38584,13,,,0,70,,38583,13,,,0,30,,38582,13,,,0,70,,38581,13,,,0,29,,38580,13,,,0,70,,38579,13,,,0,30,,38578,13,,,0,15,,38577,13,,,0,55,,38576,13,,,0,15,,38575,13,,,0,15,,38574,13,,,0,15,,38573,13,,,0,55,,38548,13,,,0,15,,38572,13,,,0,15,,38571,13,,,0,15,,38570,13,,,0,55,,38569,13,,,0,15,,38568,13,,,0,15,,38567,13,,,0,15,,38566,13,,,0,55,,38565,13,,,0,15,,38564,13,,,0,17,,38563,13,,,0,55,,38562,13,,,0,20,,38561,13,,,0,25,,38560,13,,,0,70,,38559,13,,,0,30,,38558,13,,,0,70,,38557,13,,,0,30,,38556,13,,,0,70,,38551,13,,,0,33,,38555,13,,,0,70,,38554,13,,,0,30,,38550,13,,,0,70,,38553,13,,,0,30,,38549,13,,,0,77,,38552,13,,,0
580601,'2',507,,38638,13,,,0,30,,38639,13,,,0,70,,38640,13,,,0,26,,38619,13,,,0,70,,38621,13,,,0,30,,38620,13,,,0,70,,38622,13,,,0,30,,38618,13,,,0,70,,38623,13,,,0,30,,38615,13,,,0,70,,38624,13,,,0,30,,38607,13,,,0,70,,38625,13,,,0,30,,38608,13,,,0,70,,38626,13,,,0,30,,38609,13,,,0,70,,38627,13,,,0,30,,38610,13,,,0,70,,38628,13,,,0,30,,38611,13,,,0,70,,38629,13,,,0,30,,38612,13,,,0,70,,38630,13,,,0,30,,38613,13,,,0,70,,38631,13,,,0,30,,38614,13,,,0,70,,38632,13,,,0,30,,38616,13,,,0,70,,38617,13,,,0,30,,38633,13,,,0,70,,38606,13,,,0,30,,38605,13,,,0,70,,38604,13,,,0,30,,38603,13,,,0,70,,38602,13,,,0,30,,38634,13,,,0,70,,38635,13,,,0,30,,38636,13,,,0,70,,38601,13,,,0,30,,38637,13,,,0,70,,38641,13,,,0
580601,'3',633,,38660,13,,,0,70,,38662,13,,,0,30,,38661,13,,,0,70,,38663,13,,,0,30,,38659,13,,,0,70,,38664,13,,,0,30,,38656,13,,,0,70,,38665,13,,,0,30,,38648,13,,,0,70,,38666,13,,,0,30,,38649,13,,,0,70,,38667,13,,,0,30,,38650,13,,,0,70,,38668,13,,,0,30,,38651,13,,,0,70,,38669,13,,,0,30,,38652,13,,,0,70,,38670,13,,,0,30,,38653,13,,,0,70,,38671,13,,,0,30,,38654,13,,,0,70,,38672,13,,,0,30,,38655,13,,,0,70,,38673,13,,,0,30,,38657,13,,,0,70,,38658,13,,,0,30,,38674,13,,,0,70,,38647,13,,,0,30,,38646,13,,,0,70,,38645,13,,,0,30,,38644,13,,,0,70,,38643,13,,,0,30,,38675,13,,,0,70,,38676,13,,,0,30,,38677,13,,,0,79,,38642,13,,,0
580601,'4',635,,38693,13,,,0,70,,38695,13,,,0,30,,38694,13,,,0,70,,38696,13,,,0,30,,38692,13,,,0,70,,38697,13,,,0,30,,38689,13,,,0,70,,38698,13,,,0,30,,38681,13,,,0,70,,38699,13,,,0,30,,38682,13,,,0,70,,38700,13,,,0,30,,38683,13,,,0,70,,38701,13,,,0,30,,38684,13,,,0,70,,38702,13,,,0,30,,38685,13,,,0,70,,38703,13,,,0,30,,38686,13,,,0,70,,38704,13,,,0,30,,38687,13,,,0,70,,38705,13,,,0,30,,38688,13,,,0,70,,38706,13,,,0,30,,38690,13,,,0,70,,38691,13,,,0,30,,38707,13,,,0,70,,38680,13,,,0,30,,38679,13,,,0,70,,38678,13,,,0
580601,'6',507,,38745,13,,,0,30,,38746,13,,,0,70,,38747,13,,,0,26,,38726,13,,,0,70,,38728,13,,,0,30,,38727,13,,,0,70,,38729,13,,,0,30,,38725,13,,,0,70,,38730,13,,,0,30,,38722,13,,,0,70,,38731,13,,,0,30,,38714,13,,,0,70,,38732,13,,,0,30,,38715,13,,,0,70,,38733,13,,,0,30,,38716,13,,,0,70,,38734,13,,,0,30,,38717,13,,,0,70,,38735,13,,,0,30,,38718,13,,,0,70,,38736,13,,,0,30,,38719,13,,,0,70,,38737,13,,,0,30,,38720,13,,,0,70,,38738,13,,,0,30,,38721,13,,,0,70,,38739,13,,,0,30,,38723,13,,,0,70,,38724,13,,,0,30,,38740,13,,,0,70,,38713,13,,,0,30,,38712,13,,,0,70,,38711,13,,,0,30,,38710,13,,,0,70,,38709,13,,,0,30,,38741,13,,,0,70,,38742,13,,,0,30,,38743,13,,,0,70,,38708,13,,,0,30,,38744,13,,,0,70,,38748,13,,,0
580701,'1601',835,,38961,36,0,21 22,0
580701,'1',430,,39023,26,,,0,28,,39022,26,,,0,76,,39021,26,,,0,15,,39020,26,,,0,10,,39018,26,,,0,42,,39019,61,,,0,28,,39016,26,,,0,2,,39017,61,,,0,24,,39015,61,,,0,4,,39014,26,,,0,58,,39013,61,,,0,14,,39012,61,,,0,15,,39011,61,,,0,55,,39010,61,,,0,15,,39009,61,,,0,15,,39008,61,,,0,15,,39007,61,,,0,55,,39006,61,,,0,15,,39005,61,,,0,15,,39004,61,,,0,15,,39003,61,,,0,65,,39002,61,,,0,28,,39001,61,,,0,70,,39000,61,,,0,30,,38999,61,,,0,70,,38998,61,,,0,30,,38997,61,,,0,70,,38996,61,,,0,20,,38995,26,,,0,10,,38994,61,,,0,20,,38993,26,,,0,50,,38992,61,,,0,27,,38991,61,,,0,15,,38990,61,,,0,55,,38989,61,,,0,15,,38988,61,,,0,15,,38987,61,,,0,15,,38986,61,,,0,55,,38985,61,,,0,15,,38984,61,,,0,15,,38983,61,,,0,15,,38982,61,,,0,55,,38981,61,,,0,15,,38980,61,,,0,15,,38979,61,,,0,15,,38978,61,,,0,55,,38977,61,,,0,15,,38976,61,,,0,20,,38975,61,,,0,70,,38974,61,,,0,33,,38973,61,,,0,70,,38972,61,,,0,30,,38971,61,,,0,70,,38970,61,,,0,30,,38969,61,,,0,70,,38968,61,,,0,30,,38967,61,,,0,70,,38966,61,,,0,30,,38963,61,,,0,70,,38965,61,,,0,30,,38962,61,,,0,70,,38964,61,,,0
580701,'2',548,,39063,61,,,0,70,,39024,61,,,0,30,,39025,61,,,0,70,,39026,61,,,0,25,,39038,61,,,0,70,,39027,61,,,0,30,,39039,61,,,0,70,,39028,61,,,0,30,,39040,61,,,0,70,,39029,61,,,0,32,,39041,61,,,0,70,,39030,61,,,0,30,,39042,61,,,0,70,,39043,61,,,0,30,,39044,61,,,0,70,,39045,61,,,0,30,,39046,61,,,0,70,,39047,61,,,0,30,,39048,61,,,0,70,,39031,61,,,0,30,,39049,61,,,0,70,,39032,61,,,0,30,,39050,61,,,0,70,,39033,61,,,0,30,,39051,61,,,0,70,,39052,61,,,0,30,,39053,61,,,0,70,,39034,61,,,0,28,,39054,61,,,0,70,,39055,61,,,0,30,,39056,61,,,0,70,,39057,61,,,0,30,,39058,61,,,0,70,,39059,61,,,0,30,,39060,61,,,0,70,,39035,61,,,0,30,,39036,61,,,0,70,,39061,61,,,0,30,,39037,61,,,0,85,,39062,61,,,0
580701,'3',609,,39065,26,,,0,30,,39066,26,,,0,70,,39101,61,,,0,30,,39067,61,,,0,76,,39084,61,,,0,24,,39068,61,,,0,76,,39085,61,,,0,30,,39069,61,,,0,70,,39086,61,,,0,30,,39070,61,,,0,70,,39087,61,,,0,30,,39071,61,,,0,70,,39088,61,,,0,30,,39072,61,,,0,70,,39089,61,,,0,30,,39073,61,,,0,70,,39090,61,,,0,30,,39074,61,,,0,70,,39091,61,,,0,30,,39075,61,,,0,70,,39092,61,,,0,30,,39076,61,,,0,70,,39093,61,,,0,30,,39077,61,,,0,70,,39094,61,,,0,30,,39078,61,,,0,70,,39095,61,,,0,30,,39079,61,,,0,70,,39096,61,,,0,30,,39080,61,,,0,70,,39097,61,,,0,30,,39081,61,,,0,70,,39098,61,,,0,30,,39082,61,,,0,70,,39099,61,,,0,30,,39083,61,,,0,70,,39100,61,,,0
580701,'4',657,,39131,61,,,0,70,,39132,61,,,0,30,,39115,61,,,0,70,,39117,61,,,0,30,,39114,61,,,0,70,,39118,61,,,0,30,,39113,61,,,0,70,,39119,61,,,0,30,,39112,61,,,0,70,,39120,61,,,0,30,,39111,61,,,0,70,,39121,61,,,0,30,,39110,61,,,0,70,,39122,61,,,0,30,,39109,61,,,0,70,,39123,61,,,0,30,,39108,61,,,0,70,,39124,61,,,0,30,,39107,61,,,0,70,,39125,61,,,0,30,,39106,61,,,0,70,,39126,61,,,0,30,,39105,61,,,0,70,,39127,61,,,0,30,,39104,61,,,0,70,,39128,61,,,0,30,,39103,61,,,0,70,,39129,61,,,0,30,,39102,61,,,0,70,,39130,61,,,0
580701,'6',609,,39134,26,,,0,30,,39135,26,,,0,70,,39170,61,,,0,30,,39136,61,,,0,76,,39153,61,,,0,24,,39137,61,,,0,76,,39154,61,,,0,30,,39138,61,,,0,70,,39155,61,,,0,30,,39139,61,,,0,70,,39156,61,,,0,30,,39140,61,,,0,70,,39157,61,,,0,30,,39141,61,,,0,70,,39158,61,,,0,30,,39142,61,,,0,70,,39159,61,,,0,30,,39143,61,,,0,70,,39160,61,,,0,30,,39144,61,,,0,70,,39161,61,,,0,30,,39145,61,,,0,70,,39162,61,,,0,30,,39146,61,,,0,70,,39163,61,,,0,30,,39147,61,,,0,70,,39164,61,,,0,30,,39148,61,,,0,70,,39165,61,,,0,30,,39149,61,,,0,70,,39166,61,,,0,30,,39150,61,,,0,70,,39167,61,,,0,30,,39151,61,,,0,70,,39168,61,,,0,30,,39152,61,,,0,70,,39169,61,,,0
