578301,'1',458,,31014,4,0,33 4 34,0,75,,31017,4,0,33 4 34,0,23,,31020,4,0,33 4 34,0,55,,31022,4,0,33 4 34,0,12,,31024,4,0,33 4 34,0,15,,31026,4,0,33 4 34,0,15,,31028,4,0,33 4 34,0,55,,31030,4,0,33 4 34,0,15,,31032,4,0,33 4 34,0,15,,31034,4,0,33 4 34,0,15,,31036,4,0,33 4 34,0,55,,31038,4,0,33 4 34,0,15,,31040,4,0,33 4 34,0,15,,31042,4,0,33 4 34,0,15,,31044,4,0,33 4 34,0,55,,31046,4,0,33 4 34,0,15,,31048,4,0,17 18 4 19,0,17,,31050,4,0,33 4 34,0,70,,31053,4,0,33 4 34,0,30,,31056,4,0,33 4 34,0,70,,31059,4,0,33 4 34,0,30,,31062,4,0,33 4 34,0,70,,31065,4,0,33 4 34,0,30,,31068,4,0,33 4 34,0,70,,31071,4,0,33 4 34,0,27,,31074,4,0,33 4 34,0,18,,31076,4,0,33 4 34,0,55,,31078,4,0,33 4 34,0,15,,31080,4,0,33 4 34,0,15,,31082,4,0,33 4 34,0,15,,31084,4,0,33 4 34,0,55,,31086,4,0,33 4 34,0,15,,31088,4,0,33 4 34,0,15,,31090,4,0,33 4 34,0,15,,31092,4,0,33 4 34,0,55,,31094,4,0,33 4 34,0,15,,31096,4,0,33 4 34,0,15,,31098,4,0,33 4 34,0,15,,31100,4,0,33 4 34,0,54,,31102,4,0,33 4 34,0,20,,31104,4,0,33 4 34,0,15,,31106,4,0,33 4 34,0,8,,31108,4,0,17 18 4 19,0,63,,31110,4,0,33 4 34,0,10,,31112,4,0,17 18 4 19,0,24,,31114,4,0,33 4 34,0,64,,31117,4,0,33 4 34,0,36,,31121,4,0,33 4 34,0,70,,31124,4,0,33 4 34,0,30,,31127,4,0,33 4 34,0,70,,31130,4,0,33 4 34,0,20,,31132,4,0,33 4 34,0,85,,31135,4,0,33 4 34,0,85,,31139,4,0,33 4 34,0,40,,31142,4,0,33 4 34,0,85,,31144,4,0,33 4 34,0
578301,'2',435,,31151,4,0,33 4 34,0,76,,31154,4,0,33 4 34,0,36,,31157,4,0,33 4 34,0,76,,31160,4,0,33 4 34,0,36,,31163,4,0,33 4 34,0,69,,31166,4,0,33 4 34,0,76,,31169,4,0,33 4 34,0,36,,31172,4,0,33 4 34,0,76,,31175,4,0,33 4 34,0,36,,31178,4,0,33 4 34,0,76,,31181,4,0,33 4 34,0,76,,31184,4,0,33 4 34,0,36,,31187,4,0,33 4 34,0,76,,31190,4,0,33 4 34,0,36,,31193,4,0,33 4 34,0,76,,31196,4,0,33 4 34,0,76,,31199,4,0,33 4 34,0,36,,31202,4,0,33 4 34,0,76,,31205,4,0,33 4 34,0,36,,31208,4,0,33 4 34,0,76,,31211,4,0,33 4 34,0,76,,31214,4,0,33 4 34,0,36,,31217,4,0,33 4 34,0,76,,31220,4,0,33 4 34,0,39,,31223,4,0,33 4 34,0,76,,31226,4,0,33 4 34,0,76,,31229,4,0,33 4 34,0,46,,31232,4,0,33 4 34,0,74,,31234,4,0,33 4 34,0,85,,31237,4,0,33 4 34,0,45,,31240,4,0,33 4 34,0,85,,31243,4,0,33 4 34,0,90,,31246,4,0,33 4 34,0
578301,'3',512,,31254,4,0,33 4 34,0,45,,31258,4,0,33 4 34,0,85,,31261,4,0,33 4 34,0,85,,31264,4,0,33 4 34,0,85,,31267,4,0,33 4 34,0,45,,31270,4,0,33 4 34,0,70,,31273,4,0,33 4 34,0,76,,31276,4,0,33 4 34,0,36,,31279,4,0,33 4 34,0,76,,31282,4,0,33 4 34,0,36,,31285,4,0,33 4 34,0,76,,31288,4,0,33 4 34,0,76,,31291,4,0,33 4 34,0,36,,31294,4,0,33 4 34,0,76,,31297,4,0,33 4 34,0,36,,31300,4,0,33 4 34,0,76,,31303,4,0,33 4 34,0,76,,31306,4,0,33 4 34,0,36,,31309,4,0,33 4 34,0,76,,31312,4,0,33 4 34,0,37,,31315,4,0,33 4 34,0,76,,31318,4,0,33 4 34,0,78,,31321,4,0,33 4 34,0,45,,31324,4,0,33 4 34,0,85,,31327,4,0,33 4 34,0,91,,31330,4,0,33 4 34,0,85,,31333,4,0,33 4 34,0,45,,31336,4,0,33 4 34,0,70,,31338,4,0,33 4 34,0
578301,'4',520,,31407,4,0,33 4 34,0,26,,31344,4,0,33 4 34,0,66,,31347,4,0,33 4 34,0,45,,31350,4,0,33 4 34,0,85,,31353,4,0,33 4 34,0,85,,31356,4,0,33 4 34,0,85,,31359,4,0,33 4 34,0,39,,31362,4,0,33 4 34,0,85,,31365,4,0,33 4 34,0,85,,31368,4,0,33 4 34,0,85,,31371,4,0,33 4 34,0,45,,31374,4,0,33 4 34,0,85,,31377,4,0,33 4 34,0,85,,31380,4,0,33 4 34,0,85,,31383,4,0,33 4 34,0,45,,31386,4,0,33 4 34,0,85,,31389,4,0,33 4 34,0,92,,31392,4,0,33 4 34,0,85,,31395,4,0,33 4 34,0,45,,31398,4,0,33 4 34,0,85,,31401,4,0,33 4 34,0,85,,31405,4,0,33 4 34,0
578301,'6',512,,31411,4,0,33 4 34,0,45,,31415,4,0,33 4 34,0,85,,31418,4,0,33 4 34,0,85,,31421,4,0,33 4 34,0,85,,31424,4,0,33 4 34,0,45,,31427,4,0,33 4 34,0,70,,31430,4,0,33 4 34,0,76,,31433,4,0,33 4 34,0,36,,31436,4,0,33 4 34,0,76,,31439,4,0,33 4 34,0,36,,31442,4,0,33 4 34,0,76,,31445,4,0,33 4 34,0,76,,31448,4,0,33 4 34,0,36,,31451,4,0,33 4 34,0,76,,31454,4,0,33 4 34,0,36,,31457,4,0,33 4 34,0,76,,31460,4,0,33 4 34,0,76,,31463,4,0,33 4 34,0,36,,31466,4,0,33 4 34,0,76,,31469,4,0,33 4 34,0,37,,31472,4,0,33 4 34,0,76,,31475,4,0,33 4 34,0,78,,31478,4,0,33 4 34,0,45,,31481,4,0,33 4 34,0,85,,31484,4,0,33 4 34,0,91,,31487,4,0,33 4 34,0,85,,31490,4,0,33 4 34,0,45,,31493,4,0,33 4 34,0,70,,31495,4,0,33 4 34,0
579100,'1',600,,32787,4,,,0,36,,32788,4,,,0,70,,32789,4,,,0,30,,32790,4,,,0,70,,32791,4,,,0,30,,32792,4,,,0,75,,32793,4,,,0,20,,32794,4,,,0,70,,32795,4,,,0,30,,32796,4,,,0,70,,32815,4,,,0,30,,32797,4,,,0,70,,32814,4,,,0,30,,32798,4,,,0,70,,32812,4,,,0,30,,32799,4,,,0,70,,32813,4,,,0,31,,32800,4,,,0,70,,32801,4,,,0,30,,32802,4,,,0,20,,32803,4,,,0,70,,32804,4,,,0,30,,32805,4,,,0,70,,32806,4,,,0,35,,32807,4,,,0,70,,32808,4,,,0,30,,32809,4,,,0,74,,32816,4,,,0,70,,32810,4,,,0,30,,32817,4,,,0,70,,32811,4,,,0,30,,32818,4,,,0,70,,32819,4,,,0,30,,32820,4,,,0,70,,32821,4,,,0,30,,32822,4,,,0,70,,32823,4,,,0,30,,32824,4,,,0,70,,32825,4,,,0
579100,'2',721,,32826,4,,,0,30,,32827,4,,,0,70,,32828,4,,,0,30,,32829,4,,,0,70,,32830,4,,,0,30,,32831,4,,,0,70,,32832,4,,,0,30,,32851,4,,,0,70,,32833,4,,,0,30,,32850,4,,,0,70,,32834,4,,,0,30,,32848,4,,,0,70,,32835,4,,,0,30,,32849,4,,,0,70,,32836,4,,,0,30,,32837,4,,,0,70,,32838,4,,,0,30,,32839,4,,,0,70,,32840,4,,,0,30,,32841,4,,,0,70,,32842,4,,,0,30,,32843,4,,,0,70,,32844,4,,,0,30,,32845,4,,,0,70,,32852,4,,,0,30,,32846,4,,,0,70,,32853,4,,,0,30,,32847,4,,,0,70,,32854,4,,,0,30,,32855,4,,,0,70,,32856,4,,,0,30,,32857,4,,,0,70,,32858,4,,,0,30,,32859,4,,,0,70,,32860,4,,,0
579100,'3',721,,32861,4,,,0,30,,32862,4,,,0,70,,32863,4,,,0,30,,32864,4,,,0,70,,32865,4,,,0,30,,32866,4,,,0,70,,32867,4,,,0,30,,32886,4,,,0,70,,32868,4,,,0,30,,32885,4,,,0,70,,32869,4,,,0,30,,32883,4,,,0,70,,32870,4,,,0,30,,32884,4,,,0,70,,32871,4,,,0,30,,32872,4,,,0,70,,32873,4,,,0,30,,32874,4,,,0,70,,32875,4,,,0,30,,32876,4,,,0,70,,32877,4,,,0,30,,32878,4,,,0,70,,32879,4,,,0,30,,32880,4,,,0,70,,32887,4,,,0,30,,32881,4,,,0,70,,32888,4,,,0,30,,32882,4,,,0,70,,32889,4,,,0,30,,32890,4,,,0,70,,32891,4,,,0,30,,32892,4,,,0,70,,32893,4,,,0,30,,32894,4,,,0
579100,'4',721,,32895,4,,,0,30,,32896,4,,,0,70,,32897,4,,,0,30,,32898,4,,,0,70,,32899,4,,,0,30,,32900,4,,,0,70,,32901,4,,,0,30,,32919,4,,,0,70,,32902,4,,,0,30,,32918,4,,,0,70,,32903,4,,,0,30,,32916,4,,,0,70,,32904,4,,,0,30,,32917,4,,,0,70,,32905,4,,,0,30,,32906,4,,,0,70,,32907,4,,,0,30,,32908,4,,,0,70,,32909,4,,,0,30,,32910,4,,,0,70,,32911,4,,,0,30,,32912,4,,,0,70,,32913,4,,,0,30,,32914,4,,,0,70,,32920,4,,,0,30,,32915,4,,,0,70,,32921,4,,,0
579100,'6',721,,32922,4,,,0,30,,32923,4,,,0,70,,32924,4,,,0,30,,32925,4,,,0,70,,32926,4,,,0,30,,32927,4,,,0,70,,32928,4,,,0,30,,32947,4,,,0,70,,32929,4,,,0,30,,32946,4,,,0,70,,32930,4,,,0,30,,32944,4,,,0,70,,32931,4,,,0,30,,32945,4,,,0,70,,32932,4,,,0,30,,32933,4,,,0,70,,32934,4,,,0,30,,32935,4,,,0,70,,32936,4,,,0,30,,32937,4,,,0,70,,32938,4,,,0,30,,32939,4,,,0,70,,32940,4,,,0,30,,32941,4,,,0,70,,32948,4,,,0,30,,32942,4,,,0,70,,32949,4,,,0,30,,32943,4,,,0,70,,32950,4,,,0,30,,32951,4,,,0,70,,32952,4,,,0,30,,32953,4,,,0,70,,32954,4,,,0,30,,32955,4,,,0,70,,32956,4,,,0
583501,'8502',1332,,42961,4,,,0,100,,42960,4,,,0,100,,42959,4,,,0,100,,42958,4,,,0,100,,42957,4,,,0,100,,42956,4,,,0,100,,42955,4,,,0,100,,42954,4,,,0
