580701,'1',456,,39023,56,,,0,68,,39022,56,,,0,76,,39021,56,,,0,15,,39020,56,,,0,10,,39018,56,,,0,2,,39019,91,,,0,28,,39016,56,,,0,2,,39017,91,,,0,64,,39015,91,,,0,4,,39014,56,,,0,18,,39013,91,,,0,61,,39012,91,,,0,15,,39011,91,,,0,15,,39010,91,,,0,15,,39009,91,,,0,55,,39008,91,,,0,15,,39007,91,,,0,15,,39006,91,,,0,15,,39005,91,,,0,55,,39004,91,,,0,15,,39003,91,,,0,25,,39002,91,,,0,67,,39001,91,,,0,30,,39000,91,,,0,70,,38999,91,,,0,30,,38998,91,,,0,70,,38997,91,,,0,30,,38996,91,,,0,60,,38995,56,,,0,10,,38994,91,,,0,20,,38993,56,,,0,10,,38992,91,,,0,68,,38991,91,,,0,15,,38990,91,,,0,15,,38989,91,,,0,15,,38988,91,,,0,55,,38987,91,,,0,15,,38986,91,,,0,15,,38985,91,,,0,15,,38984,91,,,0,55,,38983,91,,,0,15,,38982,91,,,0,15,,38981,91,,,0,15,,38980,91,,,0,55,,38979,91,,,0,15,,38978,91,,,0,15,,38977,91,,,0,15,,38976,91,,,0,60,,38975,91,,,0,30,,38974,91,,,0,66,,38973,91,,,0,30,,38972,91,,,0,70,,38971,91,,,0,30,,38970,91,,,0,70,,38969,91,,,0,30,,38968,91,,,0,70,,38967,91,,,0,30,,38966,91,,,0,70,,38963,91,,,0,30,,38965,91,,,0,70,,38962,91,,,0,30,,38964,91,,,0
580701,'2',620,,39063,91,,,0,30,,39024,91,,,0,70,,39025,91,,,0,30,,39026,91,,,0,65,,39038,91,,,0,30,,39027,91,,,0,70,,39039,91,,,0,30,,39028,91,,,0,70,,39040,91,,,0,30,,39029,91,,,0,75,,39041,91,,,0,30,,39030,91,,,0,70,,39042,91,,,0,30,,39043,91,,,0,70,,39044,91,,,0,30,,39045,91,,,0,70,,39046,91,,,0,30,,39047,91,,,0,70,,39048,91,,,0,30,,39031,91,,,0,70,,39049,91,,,0,30,,39032,91,,,0,70,,39050,91,,,0,30,,39033,91,,,0,70,,39051,91,,,0,30,,39052,91,,,0,70,,39053,91,,,0,30,,39034,91,,,0,65,,39054,91,,,0,30,,39055,91,,,0,70,,39056,91,,,0,30,,39057,91,,,0,70,,39058,91,,,0,30,,39059,91,,,0,70,,39060,91,,,0,30,,39035,91,,,0,70,,39036,91,,,0,30,,39061,91,,,0,70,,39037,91,,,0,85,,39062,91,,,0
580701,'3',641,,39065,56,,,0,70,,39066,56,,,0,30,,39101,91,,,0,70,,39067,91,,,0,36,,39084,91,,,0,64,,39068,91,,,0,36,,39085,91,,,0,70,,39069,91,,,0,30,,39086,91,,,0,71,,39070,91,,,0,30,,39087,91,,,0,70,,39071,91,,,0,30,,39088,91,,,0,70,,39072,91,,,0,30,,39089,91,,,0,70,,39073,91,,,0,30,,39090,91,,,0,70,,39074,91,,,0,30,,39091,91,,,0,70,,39075,91,,,0,30,,39092,91,,,0,70,,39076,91,,,0,30,,39093,91,,,0,70,,39077,91,,,0,30,,39094,91,,,0,69,,39078,91,,,0,30,,39095,91,,,0,70,,39079,91,,,0,30,,39096,91,,,0,70,,39080,91,,,0,30,,39097,91,,,0,70,,39081,91,,,0,30,,39098,91,,,0,70,,39082,91,,,0,30,,39099,91,,,0,70,,39083,91,,,0,30,,39100,91,,,0
580701,'4',727,,39131,91,,,0,30,,39132,91,,,0,70,,39115,91,,,0,30,,39117,91,,,0,70,,39114,91,,,0,30,,39118,91,,,0,70,,39113,91,,,0,30,,39119,91,,,0,70,,39112,91,,,0,30,,39120,91,,,0,70,,39111,91,,,0,30,,39121,91,,,0,70,,39110,91,,,0,30,,39122,91,,,0,70,,39109,91,,,0,30,,39123,91,,,0,70,,39108,91,,,0,30,,39124,91,,,0,70,,39107,91,,,0,30,,39125,91,,,0,70,,39106,91,,,0,30,,39126,91,,,0,70,,39105,91,,,0,30,,39127,91,,,0,70,,39104,91,,,0,30,,39128,91,,,0,70,,39103,91,,,0,30,,39129,91,,,0,70,,39102,91,,,0,30,,39130,91,,,0
580701,'6',641,,39134,56,,,0,70,,39135,56,,,0,30,,39170,91,,,0,70,,39136,91,,,0,36,,39153,91,,,0,64,,39137,91,,,0,36,,39154,91,,,0,70,,39138,91,,,0,30,,39155,91,,,0,71,,39139,91,,,0,30,,39156,91,,,0,70,,39140,91,,,0,30,,39157,91,,,0,70,,39141,91,,,0,30,,39158,91,,,0,70,,39142,91,,,0,30,,39159,91,,,0,70,,39143,91,,,0,30,,39160,91,,,0,70,,39144,91,,,0,30,,39161,91,,,0,70,,39145,91,,,0,30,,39162,91,,,0,70,,39146,91,,,0,30,,39163,91,,,0,69,,39147,91,,,0,30,,39164,91,,,0,70,,39148,91,,,0,30,,39165,91,,,0,70,,39149,91,,,0,30,,39166,91,,,0,70,,39150,91,,,0,30,,39167,91,,,0,70,,39151,91,,,0,30,,39168,91,,,0,70,,39152,91,,,0,30,,39169,91,,,0
581100,'14701',1010,,39947,9,,,0,100,,39948,9,,,0,100,,39949,9,,,0,100,,39950,9,,,0,100,,39951,9,,,0,100,,39952,9,,,0,100,,39953,9,,,0,100,,39954,9,,,0,100,,39955,9,,,0,100,,39956,9,,,0,100,,39957,9,,,0
581100,'14702',1010,,39958,9,,,0,45,,39959,9,,,0,85,,39960,9,,,0,85,,39961,9,,,0,85,,39962,9,,,0,45,,39963,9,,,0,85,,39964,9,,,0,85,,39965,9,,,0,85,,39966,9,,,0,45,,39967,9,,,0,85,,39968,9,,,0
581100,'14703',1010,,39969,9,,,0,45,,39970,9,,,0,85,,39971,9,,,0,85,,39972,9,,,0,85,,39973,9,,,0,45,,39974,9,,,0,85,,39975,9,,,0,85,,39976,9,,,0,85,,39977,9,,,0,45,,39978,9,,,0,85,,39979,9,,,0
581100,'14704',1010,,39980,9,,,0,45,,39981,9,,,0,85,,39982,9,,,0,85,,39983,9,,,0,85,,39984,9,,,0,45,,39985,9,,,0,85,,39986,9,,,0,85,,39987,9,,,0,85,,39988,9,,,0,45,,39989,9,,,0
581100,'14706',1010,,39990,9,,,0,45,,39991,9,,,0,85,,39992,9,,,0,85,,39993,9,,,0,85,,39994,9,,,0,45,,39995,9,,,0,85,,39996,9,,,0,85,,39997,9,,,0,85,,39998,9,,,0,45,,39999,9,,,0,85,,40000,9,,,0
