579600,'1601',1542,,34938,11,,,0
579600,'1',540,,34939,11,,,0,60,,34940,11,,,0,17,,34941,11,,,0,15,,34942,11,,,0,15,,34943,11,,,0,55,,34944,11,,,0,15,,34945,11,,,0,15,,34946,11,,,0,15,,34947,11,,,0,55,,34948,11,,,0,15,,34949,11,,,0,15,,34950,11,,,0,15,,34951,11,,,0,55,,34952,11,,,0,18,,34953,11,,,0,20,,34954,11,,,0,60,,34955,11,,,0,21,,34956,11,,,0,20,,34957,11,,,0,60,,34958,11,,,0,20,,34959,11,,,0,20,,34960,11,,,0,60,,34961,11,,,0,20,,34962,11,,,0,20,,34963,11,,,0,60,,34964,11,,,0,20,,34965,11,,,0,21,,34966,11,,,0,60,,34967,11,,,0,15,,34968,11,,,0,15,,34969,11,,,0,15,,34970,11,,,0,55,,34971,11,,,0,15,,34972,11,,,0,15,,34973,11,,,0,15,,34974,11,,,0,55,,34975,11,,,0,15,,34976,11,,,0,15,,34977,11,,,0,15,,34978,11,,,0,55,,34979,11,,,0,15,,34980,11,,,0,15,,34981,11,,,0,15,,34982,11,,,0,60,,34983,11,,,0,25,,34984,11,,,0,25,,34985,11,,,0,68,,34986,11,,,0,30,,34987,11,,,0,70,,34988,11,,,0,30,,34989,11,,,0,70,,34990,11,,,0,29,,34991,11,,,0,70,,34992,11,,,0,30,,34993,11,,,0,70,,34994,11,,,0,30,,34995,11,,,0,70,,34996,11,,,0,35,,34997,11,,,0,70,,34998,11,,,0
579600,'2',548,,35010,11,,,0,70,,35011,11,,,0,30,,35012,11,,,0,70,,35013,11,,,0,30,,35014,11,,,0,70,,35015,11,,,0,32,,35016,11,,,0,60,,35017,11,,,0,20,,35018,11,,,0,20,,35019,11,,,0,60,,35020,11,,,0,20,,35021,11,,,0,20,,35022,11,,,0,60,,35023,11,,,0,20,,35024,11,,,0,20,,35025,11,,,0,60,,35026,11,,,0,20,,35027,11,,,0,20,,35028,11,,,0,60,,35029,11,,,0,20,,35030,11,,,0,20,,35031,11,,,0,60,,35032,11,,,0,20,,35033,11,,,0,20,,35034,11,,,0,60,,35035,11,,,0,20,,35036,11,,,0,20,,35037,11,,,0,60,,35038,11,,,0,20,,35039,11,,,0,20,,35040,11,,,0,59,,35041,11,,,0,20,,35042,11,,,0,25,,35043,11,,,0,70,,35044,11,,,0,30,,35045,11,,,0,70,,35046,11,,,0,30,,35047,11,,,0,70,,34999,11,,,0,30,,35000,11,,,0,70,,35001,11,,,0,30,,35002,11,,,0,70,,35003,11,,,0,30,,35004,11,,,0,70,,35005,11,,,0,30,,35006,11,,,0,70,,35007,11,,,0,30,,35008,11,,,0,75,,35009,11,,,0
579600,'3',648,,35071,11,,,0,70,,35072,11,,,0,30,,35070,11,,,0,70,,35073,11,,,0,30,,35069,11,,,0,73,,35068,11,,,0,30,,35067,11,,,0,70,,35066,11,,,0,30,,35065,11,,,0,70,,35064,11,,,0,30,,35063,11,,,0,70,,35062,11,,,0,30,,35061,11,,,0,70,,35060,11,,,0,30,,35059,11,,,0,70,,35058,11,,,0,30,,35057,11,,,0,70,,35056,11,,,0,30,,35055,11,,,0,70,,35054,11,,,0,30,,35053,11,,,0,70,,35052,11,,,0,29,,35051,11,,,0,70,,35074,11,,,0,30,,35050,11,,,0,70,,35075,11,,,0,30,,35049,11,,,0,70,,35076,11,,,0,30,,35048,11,,,0,69,,35077,11,,,0,30,,35078,11,,,0,70,,35079,11,,,0,30,,35080,11,,,0,70,,35081,11,,,0,30,,35082,11,,,0,60,,35083,11,,,0
579600,'4',708,,35106,11,,,0,30,,35084,11,,,0,70,,35085,11,,,0,30,,35086,11,,,0,71,,35087,11,,,0,30,,35088,11,,,0,70,,35089,11,,,0,30,,35090,11,,,0,70,,35091,11,,,0,30,,35092,11,,,0,70,,35093,11,,,0,30,,35094,11,,,0,70,,35095,11,,,0,30,,35096,11,,,0,70,,35097,11,,,0,30,,35098,11,,,0,70,,35099,11,,,0,100,,35100,11,,,0,100,,35101,11,,,0,99,,35102,11,,,0,100,,35103,11,,,0,100,,35104,11,,,0,100,,35105,11,,,0
579600,'6',648,,35130,11,,,0,70,,35131,11,,,0,30,,35129,11,,,0,70,,35132,11,,,0,30,,35128,11,,,0,73,,35127,11,,,0,30,,35126,11,,,0,70,,35125,11,,,0,30,,35124,11,,,0,70,,35123,11,,,0,30,,35122,11,,,0,70,,35121,11,,,0,30,,35120,11,,,0,70,,35119,11,,,0,30,,35118,11,,,0,70,,35117,11,,,0,30,,35116,11,,,0,70,,35115,11,,,0,30,,35114,11,,,0,70,,35113,11,,,0,30,,35112,11,,,0,70,,35111,11,,,0,29,,35110,11,,,0,70,,35133,11,,,0,30,,35109,11,,,0,70,,35134,11,,,0,30,,35108,11,,,0,70,,35135,11,,,0,30,,35107,11,,,0,69,,35136,11,,,0,30,,35137,11,,,0,70,,35138,11,,,0,30,,35139,11,,,0,70,,35140,11,,,0,30,,35141,11,,,0,60,,35142,11,,,0
579700,'1601',1610,,35351,11,,,0
579700,'1',530,,35352,11,,,0,20,,35353,11,,,0,60,,35354,11,,,0,20,,35355,11,,,0,20,,35356,11,,,0,60,,35357,11,,,0,15,,35358,11,,,0,15,,35359,11,,,0,15,,35360,11,,,0,55,,35361,11,,,0,15,,35362,11,,,0,15,,35363,11,,,0,15,,35364,11,,,0,55,,35365,11,,,0,20,,35366,11,,,0,21,,35367,11,,,0,60,,35368,11,,,0,20,,35369,11,,,0,20,,35370,11,,,0,60,,35371,11,,,0,20,,35372,11,,,0,20,,35373,11,,,0,60,,35374,11,,,0,20,,35375,11,,,0,20,,35376,11,,,0,60,,35377,11,,,0,20,,35378,11,,,0,21,,35379,11,,,0,60,,35380,11,,,0,15,,35381,11,,,0,15,,35382,11,,,0,15,,35383,11,,,0,55,,35384,11,,,0,15,,35385,11,,,0,15,,35386,11,,,0,15,,35387,11,,,0,55,,35388,11,,,0,15,,35389,11,,,0,15,,35390,11,,,0,15,,35391,11,,,0,55,,35392,11,,,0,15,,35393,11,,,0,15,,35394,11,,,0,15,,35395,11,,,0,55,,35396,11,,,0,28,,35397,11,,,0,70,,35398,11,,,0,30,,35399,11,,,0,70,,35400,11,,,0,30,,35401,11,,,0,70,,35402,11,,,0,29,,35403,11,,,0,70,,35404,11,,,0,30,,35405,11,,,0,70,,35406,11,,,0,30,,35407,11,,,0,70,,35408,11,,,0,30,,35409,11,,,0,70,,35410,11,,,0
579700,'2',603,,35416,11,,,0,30,,35417,11,,,0,70,,35418,11,,,0,30,,35419,11,,,0,70,,35420,11,,,0,30,,35421,11,,,0,67,,35422,11,,,0,20,,35423,11,,,0,20,,35424,11,,,0,60,,35425,11,,,0,20,,35426,11,,,0,20,,35427,11,,,0,60,,35428,11,,,0,20,,35429,11,,,0,20,,35430,11,,,0,60,,35431,11,,,0,20,,35432,11,,,0,20,,35433,11,,,0,60,,35434,11,,,0,20,,35435,11,,,0,20,,35436,11,,,0,60,,35437,11,,,0,20,,35438,11,,,0,20,,35439,11,,,0,60,,35440,11,,,0,20,,35441,11,,,0,20,,35442,11,,,0,60,,35443,11,,,0,20,,35444,11,,,0,20,,35445,11,,,0,60,,35446,11,,,0,19,,35447,11,,,0,20,,35448,11,,,0,70,,35449,11,,,0,30,,35450,11,,,0,70,,35451,11,,,0,30,,35452,11,,,0,70,,35453,11,,,0,30,,35454,11,,,0,70,,35455,11,,,0,30,,35456,11,,,0,70,,35457,11,,,0,30,,35458,11,,,0,70,,35411,11,,,0,30,,35412,11,,,0,70,,35413,11,,,0,30,,35414,11,,,0,70,,35415,11,,,0
579700,'3',628,,35464,11,,,0,30,,35463,11,,,0,70,,35465,11,,,0,30,,35462,11,,,0,70,,35466,11,,,0,30,,35461,11,,,0,73,,35467,11,,,0,70,,35468,11,,,0,30,,35469,11,,,0,70,,35470,11,,,0,30,,35471,11,,,0,70,,35472,11,,,0,30,,35473,11,,,0,70,,35474,11,,,0,30,,35475,11,,,0,70,,35476,11,,,0,30,,35477,11,,,0,70,,35478,11,,,0,30,,35479,11,,,0,70,,35480,11,,,0,30,,35481,11,,,0,70,,35482,11,,,0,30,,35483,11,,,0,69,,35484,11,,,0,30,,35485,11,,,0,70,,35460,11,,,0,30,,35486,11,,,0,70,,35459,11,,,0,30,,35487,11,,,0,70,,35488,11,,,0,29,,35489,11,,,0,30,,35490,11,,,0,70,,35491,11,,,0,30,,35492,11,,,0,80,,35493,11,,,0
579700,'4',638,,35494,11,,,0,85,,35495,11,,,0,30,,35496,11,,,0,70,,35497,11,,,0,30,,35498,11,,,0,71,,35499,11,,,0,30,,35500,11,,,0,70,,35501,11,,,0,30,,35502,11,,,0,70,,35503,11,,,0,30,,35504,11,,,0,70,,35505,11,,,0,30,,35506,11,,,0,70,,35507,11,,,0,30,,35508,11,,,0,70,,35509,11,,,0,30,,35510,11,,,0,85,,35511,11,,,0,100,,35512,11,,,0,99,,35513,11,,,0,100,,35514,11,,,0,100,,35515,11,,,0,100,,35516,11,,,0
579700,'6',628,,35522,11,,,0,30,,35521,11,,,0,70,,35523,11,,,0,30,,35520,11,,,0,70,,35524,11,,,0,30,,35519,11,,,0,73,,35525,11,,,0,70,,35526,11,,,0,30,,35527,11,,,0,70,,35528,11,,,0,30,,35529,11,,,0,70,,35530,11,,,0,30,,35531,11,,,0,70,,35532,11,,,0,30,,35533,11,,,0,70,,35534,11,,,0,30,,35535,11,,,0,70,,35536,11,,,0,30,,35537,11,,,0,70,,35538,11,,,0,30,,35539,11,,,0,70,,35540,11,,,0,30,,35541,11,,,0,69,,35542,11,,,0,30,,35543,11,,,0,70,,35518,11,,,0,30,,35544,11,,,0,70,,35517,11,,,0,30,,35545,11,,,0,70,,35546,11,,,0,29,,35547,11,,,0,30,,35548,11,,,0,70,,35549,11,,,0,30,,35550,11,,,0,80,,35551,11,,,0
579800,'1',529,,35757,11,,,0,20,,35758,11,,,0,60,,35759,11,,,0,21,,35760,11,,,0,12,,35761,11,,,0,14,,35762,11,,,0,52,,35763,11,,,0,12,,35764,11,,,0,12,,35765,11,,,0,12,,35766,11,,,0,12,,35767,11,,,0,52,,35768,11,,,0,12,,35769,11,,,0,12,,35770,11,,,0,11,,35771,11,,,0,12,,35772,11,,,0,55,,35773,11,,,0,15,,35774,11,,,0,15,,35775,11,,,0,15,,35776,11,,,0,55,,35777,11,,,0,15,,35778,11,,,0,15,,35779,11,,,0,15,,35780,11,,,0,55,,35781,11,,,0,15,,35782,11,,,0,15,,35783,11,,,0,15,,35784,11,,,0,55,,35785,11,,,0,15,,35786,11,,,0,15,,35787,11,,,0,15,,35788,11,,,0,55,,35789,11,,,0,15,,35790,11,,,0,15,,35791,11,,,0,17,,35792,11,,,0,55,,35793,11,,,0,15,,35794,11,,,0,12,,35795,11,,,0,12,,35796,11,,,0,52,,35797,11,,,0,12,,35798,11,,,0,12,,35799,11,,,0,12,,35800,11,,,0,12,,35801,11,,,0,52,,35802,11,,,0,12,,35803,11,,,0,12,,35804,11,,,0,12,,35805,11,,,0,12,,35806,11,,,0,52,,35807,11,,,0,12,,35808,11,,,0,12,,35809,11,,,0,12,,35810,11,,,0,12,,35811,11,,,0,52,,35812,11,,,0,11,,35813,11,,,0,12,,35814,11,,,0,15,,35815,11,,,0,15,,35816,11,,,0,55,,35817,11,,,0,15,,35818,11,,,0,15,,35819,11,,,0,14,,35820,11,,,0,55,,35821,11,,,0,20,,35822,11,,,0,20,,35823,11,,,0,60,,35824,11,,,0,30,,35825,11,,,0,69,,35826,11,,,0,30,,35827,11,,,0,70,,35828,11,,,0,30,,35829,11,,,0,70,,35830,11,,,0,30,,35831,11,,,0,90,,35832,11,,,0
579800,'2',543,,35842,11,,,0,71,,35843,11,,,0,30,,35844,11,,,0,70,,35845,11,,,0,30,,35846,11,,,0,70,,35847,11,,,0,25,,35848,11,,,0,20,,35849,11,,,0,60,,35850,11,,,0,20,,35851,11,,,0,20,,35852,11,,,0,60,,35853,11,,,0,20,,35854,11,,,0,20,,35855,11,,,0,60,,35856,11,,,0,20,,35857,11,,,0,20,,35858,11,,,0,61,,35859,11,,,0,20,,35860,11,,,0,60,,35861,11,,,0,20,,35862,11,,,0,20,,35863,11,,,0,60,,35864,11,,,0,20,,35865,11,,,0,20,,35866,11,,,0,60,,35867,11,,,0,20,,35868,11,,,0,20,,35869,11,,,0,60,,35870,11,,,0,20,,35871,11,,,0,20,,35872,11,,,0,60,,35873,11,,,0,20,,35874,11,,,0,20,,35875,11,,,0,70,,35876,11,,,0,30,,35877,11,,,0,70,,35878,11,,,0,30,,35879,11,,,0,70,,35833,11,,,0,30,,35834,11,,,0,69,,35835,11,,,0,30,,35836,11,,,0,70,,35837,11,,,0,30,,35838,11,,,0,70,,35839,11,,,0,30,,35840,11,,,0,70,,35880,11,,,0,30,,35841,11,,,0
579800,'3',609,,35914,11,,,0,30,,35881,11,,,0,70,,35882,11,,,0,30,,35883,11,,,0,70,,35884,11,,,0,30,,35885,11,,,0,71,,35886,11,,,0,30,,35887,11,,,0,70,,35888,11,,,0,31,,35889,11,,,0,70,,35890,11,,,0,30,,35891,11,,,0,70,,35892,11,,,0,30,,35893,11,,,0,70,,35894,11,,,0,30,,35895,11,,,0,70,,35896,11,,,0,30,,35897,11,,,0,70,,35898,11,,,0,30,,35899,11,,,0,70,,35900,11,,,0,30,,35901,11,,,0,70,,35902,11,,,0,30,,35903,11,,,0,70,,35904,11,,,0,30,,35911,11,,,0,70,,35905,11,,,0,30,,35912,11,,,0,70,,35906,11,,,0,30,,35913,11,,,0,68,,35907,11,,,0,30,,35915,11,,,0,70,,35908,11,,,0,30,,35916,11,,,0,70,,35909,11,,,0,30,,35917,11,,,0,70,,35910,11,,,0
579800,'4',539,,35918,11,,,0,70,,35919,11,,,0,30,,35920,11,,,0,70,,35921,11,,,0,30,,35922,11,,,0,70,,35923,11,,,0,30,,35924,11,,,0,71,,35925,11,,,0,30,,35926,11,,,0,70,,35927,11,,,0,30,,35928,11,,,0,70,,35929,11,,,0,30,,35930,11,,,0,70,,35931,11,,,0,30,,35932,11,,,0,70,,35933,11,,,0,30,,35934,11,,,0,70,,35935,11,,,0,100,,35936,11,,,0,100,,35937,11,,,0,100,,35938,11,,,0,100,,35939,11,,,0,100,,35940,11,,,0,100,,35941,11,,,0,100,,35942,11,,,0
579800,'6',543,,35952,11,,,0,71,,35953,11,,,0,30,,35954,11,,,0,70,,35955,11,,,0,30,,35956,11,,,0,70,,35957,11,,,0,25,,35958,11,,,0,20,,35959,11,,,0,60,,35960,11,,,0,20,,35961,11,,,0,20,,35962,11,,,0,60,,35963,11,,,0,20,,35964,11,,,0,20,,35965,11,,,0,60,,35966,11,,,0,20,,35967,11,,,0,20,,35968,11,,,0,61,,35969,11,,,0,20,,35970,11,,,0,60,,35971,11,,,0,20,,35972,11,,,0,20,,35973,11,,,0,60,,35974,11,,,0,20,,35975,11,,,0,20,,35976,11,,,0,60,,35977,11,,,0,20,,35978,11,,,0,20,,35979,11,,,0,60,,35980,11,,,0,20,,35981,11,,,0,20,,35982,11,,,0,60,,35983,11,,,0,20,,35984,11,,,0,20,,35985,11,,,0,70,,35986,11,,,0,30,,35987,11,,,0,70,,35988,11,,,0,30,,35989,11,,,0,70,,35943,11,,,0,30,,35944,11,,,0,69,,35945,11,,,0,30,,35946,11,,,0,70,,35947,11,,,0,30,,35948,11,,,0,70,,35949,11,,,0,30,,35950,11,,,0,70,,35990,11,,,0,30,,35951,11,,,0
