578300,'1',523,,30529,22,0,23 24,0,25,,30532,65,0,23 24,0,70,,30535,65,0,23 24,0,30,,30538,65,0,23 24,0,55,,30540,65,0,23 24,0,15,,30542,65,0,23 24,0,15,,30544,65,0,23 24,0,15,,30546,65,0,23 24,0,55,,30548,65,0,23 24,0,15,,30550,65,0,23 24,0,15,,30552,65,0,23 24,0,15,,30554,65,0,23 24,0,55,,30556,65,0,23 24,0,19,,30558,65,0,23 24,0,15,,30560,65,0,23 24,0,15,,30562,65,0,23 24,0,70,,30566,65,0,23 24,0,30,,30569,65,0,23 24,0,70,,30572,65,0,23 24,0,30,,30575,65,0,23 24,0,70,,30578,65,0,23 24,0,30,,30581,65,0,23 24,0,70,,30584,65,0,23 24,0,30,,30587,65,0,23 24,0,71,,30590,65,0,23 24,0,15,,30592,65,0,23 24,0,15,,30594,65,0,23 24,0,55,,30596,65,0,23 24,0,15,,30598,65,0,23 24,0,15,,30600,65,0,23 24,0,15,,30602,65,0,23 24,0,55,,30604,65,0,23 24,0,15,,30606,65,0,23 24,0,15,,30608,65,0,23 24,0,15,,30610,65,0,23 24,0,55,,30612,65,0,23 24,0,15,,30614,65,0,23 24,0,15,,30616,65,0,23 24,0,15,,30618,65,0,23 24,0,55,,30620,65,0,23 24,0,15,,30622,65,0,23 24,0,15,,30624,65,0,23 24,0,10,,30626,65,0,23 24,0,70,,30629,65,0,23 24,0,30,,30632,65,0,23 24,0,70,,30635,65,0,23 24,0,30,,30638,65,0,23 24,0,70,,30641,65,0,23 24,0,30,,30644,65,0,23 24,0,66,,30647,65,0,23 24,0,45,,30650,65,0,23 24,0,85,,30653,65,0,23 24,0,85,,30656,65,0,23 24,0,85,,30659,65,0,23 24,0,21,,30662,65,0,23 24,0
578300,'2',446,,30665,22,0,23 24,0,70,,30667,22,0,23 24,0,85,,30670,65,0,23 24,0,27,,30672,65,0,23 24,0,76,,30675,65,0,23 24,0,36,,30678,65,0,23 24,0,70,,30681,22,0,23 24,0,12,,30682,65,0,23 24,0,36,,30685,65,0,23 24,0,76,,30688,65,0,23 24,0,76,,30691,65,0,23 24,0,36,,30694,65,0,23 24,0,76,,30697,65,0,23 24,0,36,,30700,65,0,23 24,0,76,,30703,65,0,23 24,0,76,,30706,65,0,23 24,0,36,,30709,65,0,23 24,0,76,,30712,65,0,23 24,0,36,,30715,65,0,23 24,0,76,,30718,65,0,23 24,0,76,,30721,65,0,23 24,0,36,,30724,65,0,23 24,0,76,,30727,65,0,23 24,0,36,,30730,65,0,23 24,0,72,,30733,65,0,23 24,0,76,,30736,65,0,23 24,0,32,,30739,65,0,23 24,0,76,,30742,65,0,23 24,0,36,,30745,65,0,23 24,0,76,,30748,65,0,23 24,0,77,,30751,65,0,23 24,0,43,,30754,65,0,23 24,0,70,,30756,65,0,23 24,0,85,,30759,65,0,23 24,0,45,,30762,65,0,23 24,0,90,,30766,65,0,23 24,0
578300,'3',531,,30769,22,0,23 24,0,85,,30772,65,0,23 24,0,23,,30774,22,0,23 24,0,62,,30776,65,0,23 24,0,45,,30779,65,0,23 24,0,85,,30782,65,0,23 24,0,85,,30785,65,0,23 24,0,36,,30788,65,0,23 24,0,82,,30791,65,0,23 24,0,76,,30794,65,0,23 24,0,36,,30797,65,0,23 24,0,76,,30800,65,0,23 24,0,36,,30803,65,0,23 24,0,76,,30806,65,0,23 24,0,76,,30809,65,0,23 24,0,36,,30812,65,0,23 24,0,76,,30815,65,0,23 24,0,36,,30818,65,0,23 24,0,76,,30821,65,0,23 24,0,76,,30824,65,0,23 24,0,36,,30827,65,0,23 24,0,73,,30830,65,0,23 24,0,85,,30833,65,0,23 24,0,45,,30836,65,0,23 24,0,85,,30839,65,0,23 24,0,85,,30842,65,0,23 24,0,85,,30845,65,0,23 24,0,43,,30848,65,0,23 24,0,85,,30851,65,0,23 24,0,85,,30855,65,0,23 24,0
578300,'4',546,,30921,22,0,23 24,0,80,,30857,22,0,23 24,0,75,,30860,65,0,23 24,0,45,,30863,65,0,23 24,0,85,,30866,65,0,23 24,0,85,,30869,65,0,23 24,0,85,,30872,65,0,23 24,0,49,,30875,65,0,23 24,0,85,,30878,65,0,23 24,0,85,,30881,65,0,23 24,0,85,,30884,65,0,23 24,0,45,,30887,65,0,23 24,0,85,,30890,65,0,23 24,0,85,,30893,65,0,23 24,0,85,,30896,65,0,23 24,0,45,,30899,65,0,23 24,0,85,,30902,65,0,23 24,0,81,,30905,65,0,23 24,0,85,,30908,65,0,23 24,0,45,,30911,65,0,23 24,0,85,,30914,65,0,23 24,0,85,,30918,65,0,23 24,0
578300,'6',531,,30923,22,0,23 24,0,85,,30926,65,0,23 24,0,23,,30928,22,0,23 24,0,62,,30930,65,0,23 24,0,45,,30933,65,0,23 24,0,85,,30936,65,0,23 24,0,85,,30939,65,0,23 24,0,36,,30942,65,0,23 24,0,82,,30945,65,0,23 24,0,76,,30948,65,0,23 24,0,36,,30951,65,0,23 24,0,76,,30954,65,0,23 24,0,36,,30957,65,0,23 24,0,76,,30960,65,0,23 24,0,76,,30963,65,0,23 24,0,36,,30966,65,0,23 24,0,76,,30969,65,0,23 24,0,36,,30972,65,0,23 24,0,76,,30975,65,0,23 24,0,76,,30978,65,0,23 24,0,36,,30981,65,0,23 24,0,73,,30984,65,0,23 24,0,85,,30987,65,0,23 24,0,45,,30990,65,0,23 24,0,85,,30993,65,0,23 24,0,85,,30996,65,0,23 24,0,85,,30999,65,0,23 24,0,43,,31002,65,0,23 24,0,85,,31005,65,0,23 24,0,85,,31009,65,0,23 24,0
580800,'14601',524,,39276,25,,,0,20,,39270,25,,,0,60,,39271,25,,,0,20,,39272,25,,,0,20,,39273,25,,,0,60,,39274,25,,,0,20,,39275,25,,,0,20,,39174,25,,,0,58,,39175,25,,,0,7,,39188,25,,,0,7,,39189,25,,,0,8,,39196,25,,,0,7,,39190,25,,,0,8,,39197,25,,,0,7,,39191,25,,,0,8,,39198,25,,,0,47,,39192,25,,,0,8,,39199,25,,,0,7,,39193,25,,,0,10,,39200,25,,,0,7,,39194,25,,,0,8,,39201,25,,,0,7,,39195,25,,,0,10,,39202,25,,,0,50,,39203,25,,,0,10,,39204,25,,,0,10,,39205,25,,,0,10,,39206,25,,,0,10,,39207,25,,,0,10,,39208,25,,,0,50,,39209,25,,,0,10,,39210,25,,,0,10,,39211,25,,,0,10,,39212,25,,,0,10,,39213,25,,,0,10,,39214,25,,,0,50,,39215,25,,,0,10,,39216,25,,,0,10,,39217,25,,,0,10,,39218,25,,,0,10,,39219,25,,,0,10,,39220,25,,,0,50,,39221,25,,,0,10,,39222,25,,,0,10,,39223,25,,,0,10,,39224,25,,,0,10,,39225,25,,,0,10,,39226,25,,,0,50,,39227,25,,,0,10,,39228,25,,,0,10,,39229,25,,,0,10,,39230,25,,,0,10,,39231,25,,,0,10,,39232,25,,,0,50,,39233,25,,,0,10,,39247,25,,,0,7,,39234,25,,,0,8,,39248,25,,,0,7,,39235,25,,,0,8,,39249,25,,,0,7,,39236,25,,,0,48,,39250,25,,,0,7,,39237,25,,,0,8,,39251,25,,,0,7,,39238,25,,,0,8,,39252,25,,,0,7,,39239,25,,,0,8,,39253,25,,,0,7,,39240,25,,,0,48,,39254,25,,,0,7,,39241,25,,,0,8,,39255,25,,,0,7,,39242,25,,,0,8,,39256,25,,,0,7,,39243,25,,,0,8,,39257,25,,,0,7,,39244,25,,,0,48,,39258,25,,,0,7,,39245,25,,,0,8,,39259,25,,,0,7,,39246,25,,,0,8,,39260,25,,,0,11,,39261,25,,,0,15,,39176,25,,,0,55,,39177,25,,,0,12,,39178,25,,,0,15,,39171,25,,,0,15,,39172,25,,,0,55,,39173,25,,,0,15,,39262,25,,,0,15,,39263,25,,,0,15,,39264,25,,,0,55,,39265,25,,,0,15,,39266,25,,,0,15,,39267,25,,,0,15,,39268,25,,,0,63,,39269,25,,,0,27,,39179,25,,,0,70,,39180,25,,,0,30,,39181,25,,,0,70,,39182,25,,,0,30,,39183,25,,,0,70,,39184,25,,,0,30,,39185,25,,,0,70,,39186,25,,,0,30,,39187,25,,,0
580800,'14602',524,,39308,25,,,0,30,,39309,25,,,0,70,,39310,25,,,0,30,,39311,25,,,0,70,,39312,25,,,0,30,,39313,25,,,0,70,,39314,25,,,0,30,,39315,25,,,0,72,,39316,25,,,0,30,,39317,25,,,0,70,,39318,25,,,0,30,,39319,25,,,0,70,,39320,25,,,0,30,,39291,25,,,0,70,,39292,25,,,0,30,,39293,25,,,0,70,,39294,25,,,0,30,,39295,25,,,0,70,,39296,25,,,0,30,,39297,25,,,0,70,,39298,25,,,0,30,,39299,25,,,0,70,,39300,25,,,0,30,,39301,25,,,0,70,,39302,25,,,0,30,,39303,25,,,0,70,,39304,25,,,0,30,,39305,25,,,0,67,,39306,25,,,0,30,,39307,25,,,0,70,,39290,25,,,0,30,,39289,25,,,0,70,,39288,25,,,0,30,,39287,25,,,0,67,,39286,25,,,0,30,,39285,25,,,0,70,,39284,25,,,0,30,,39283,25,,,0,70,,39282,25,,,0,30,,39281,25,,,0,70,,39280,25,,,0,30,,39279,25,,,0,70,,39278,25,,,0,30,,39277,25,,,0
580800,'14603',624,,39346,25,,,0,30,,39347,25,,,0,70,,39348,25,,,0,30,,39349,25,,,0,70,,39350,25,,,0,30,,39351,25,,,0,72,,39352,25,,,0,30,,39353,25,,,0,70,,39354,25,,,0,30,,39355,25,,,0,70,,39356,25,,,0,30,,39337,25,,,0,70,,39336,25,,,0,30,,39335,25,,,0,70,,39334,25,,,0,30,,39333,25,,,0,70,,39332,25,,,0,30,,39331,25,,,0,70,,39330,25,,,0,30,,39329,25,,,0,70,,39328,25,,,0,30,,39327,25,,,0,70,,39326,25,,,0,30,,39325,25,,,0,70,,39324,25,,,0,30,,39323,25,,,0,67,,39322,25,,,0,30,,39321,25,,,0,70,,39338,25,,,0,30,,39339,25,,,0,70,,39340,25,,,0,30,,39341,25,,,0,67,,39342,25,,,0,30,,39343,25,,,0,70,,39344,25,,,0,30,,39345,25,,,0
580800,'14604',624,,39376,25,,,0,30,,39377,25,,,0,70,,39378,25,,,0,30,,39379,25,,,0,70,,39380,25,,,0,30,,39381,25,,,0,72,,39382,25,,,0,30,,39383,25,,,0,70,,39384,25,,,0,30,,39385,25,,,0,70,,39386,25,,,0,30,,39373,25,,,0,70,,39372,25,,,0,30,,39371,25,,,0,70,,39370,25,,,0,30,,39369,25,,,0,70,,39368,25,,,0,30,,39367,25,,,0,70,,39366,25,,,0,30,,39365,25,,,0,70,,39364,25,,,0,30,,39363,25,,,0,70,,39362,25,,,0,30,,39361,25,,,0,70,,39360,25,,,0,30,,39359,25,,,0,67,,39358,25,,,0,30,,39357,25,,,0,70,,39374,25,,,0,30,,39375,25,,,0
580800,'14606',624,,39412,25,,,0,30,,39413,25,,,0,70,,39414,25,,,0,30,,39415,25,,,0,70,,39416,25,,,0,30,,39417,25,,,0,72,,39418,25,,,0,30,,39419,25,,,0,70,,39420,25,,,0,30,,39421,25,,,0,70,,39422,25,,,0,30,,39403,25,,,0,70,,39402,25,,,0,30,,39401,25,,,0,70,,39400,25,,,0,30,,39399,25,,,0,70,,39398,25,,,0,30,,39397,25,,,0,70,,39396,25,,,0,30,,39395,25,,,0,70,,39394,25,,,0,30,,39393,25,,,0,70,,39392,25,,,0,30,,39391,25,,,0,70,,39390,25,,,0,30,,39389,25,,,0,67,,39388,25,,,0,30,,39387,25,,,0,70,,39404,25,,,0,30,,39405,25,,,0,70,,39406,25,,,0,30,,39407,25,,,0,67,,39408,25,,,0,30,,39409,25,,,0,70,,39410,25,,,0,30,,39411,25,,,0
