578300,'1',534,,30529,39,0,23 24,0,25,,30532,82,0,23 24,0,70,,30535,82,0,23 24,0,30,,30538,82,0,23 24,0,55,,30540,82,0,23 24,0,15,,30542,82,0,23 24,0,15,,30544,82,0,23 24,0,15,,30546,82,0,23 24,0,55,,30548,82,0,23 24,0,15,,30550,82,0,23 24,0,15,,30552,82,0,23 24,0,15,,30554,82,0,23 24,0,55,,30556,82,0,23 24,0,21,,30558,82,0,23 24,0,15,,30560,82,0,23 24,0,55,,30562,82,0,23 24,0,30,,30566,82,0,23 24,0,70,,30569,82,0,23 24,0,30,,30572,82,0,23 24,0,70,,30575,82,0,23 24,0,30,,30578,82,0,23 24,0,70,,30581,82,0,23 24,0,30,,30584,82,0,23 24,0,70,,30587,82,0,23 24,0,32,,30590,82,0,23 24,0,15,,30592,82,0,23 24,0,55,,30594,82,0,23 24,0,15,,30596,82,0,23 24,0,15,,30598,82,0,23 24,0,15,,30600,82,0,23 24,0,55,,30602,82,0,23 24,0,15,,30604,82,0,23 24,0,15,,30606,82,0,23 24,0,15,,30608,82,0,23 24,0,55,,30610,82,0,23 24,0,15,,30612,82,0,23 24,0,15,,30614,82,0,23 24,0,15,,30616,82,0,23 24,0,55,,30618,82,0,23 24,0,15,,30620,82,0,23 24,0,15,,30622,82,0,23 24,0,15,,30624,82,0,23 24,0,7,,30626,82,0,23 24,0,70,,30629,82,0,23 24,0,30,,30632,82,0,23 24,0,70,,30635,82,0,23 24,0,30,,30638,82,0,23 24,0,70,,30641,82,0,23 24,0,30,,30644,82,0,23 24,0,66,,30647,82,0,23 24,0,85,,30650,82,0,23 24,0,45,,30653,82,0,23 24,0,85,,30656,82,0,23 24,0,85,,30659,82,0,23 24,0,21,,30662,82,0,23 24,0
578300,'2',455,,30665,39,0,23 24,0,70,,30667,39,0,23 24,0,85,,30670,82,0,23 24,0,27,,30672,82,0,23 24,0,76,,30675,82,0,23 24,0,36,,30678,82,0,23 24,0,70,,30681,39,0,23 24,0,16,,30682,82,0,23 24,0,76,,30685,82,0,23 24,0,36,,30688,82,0,23 24,0,76,,30691,82,0,23 24,0,36,,30694,82,0,23 24,0,76,,30697,82,0,23 24,0,76,,30700,82,0,23 24,0,36,,30703,82,0,23 24,0,76,,30706,82,0,23 24,0,36,,30709,82,0,23 24,0,76,,30712,82,0,23 24,0,76,,30715,82,0,23 24,0,36,,30718,82,0,23 24,0,76,,30721,82,0,23 24,0,36,,30724,82,0,23 24,0,76,,30727,82,0,23 24,0,76,,30730,82,0,23 24,0,32,,30733,82,0,23 24,0,76,,30736,82,0,23 24,0,30,,30739,82,0,23 24,0,76,,30742,82,0,23 24,0,76,,30745,82,0,23 24,0,36,,30748,82,0,23 24,0,77,,30751,82,0,23 24,0,43,,30754,82,0,23 24,0,70,,30756,82,0,23 24,0,85,,30759,82,0,23 24,0,45,,30762,82,0,23 24,0,90,,30766,82,0,23 24,0
578300,'3',542,,30769,39,0,23 24,0,85,,30772,82,0,23 24,0,23,,30774,39,0,23 24,0,62,,30776,82,0,23 24,0,45,,30779,82,0,23 24,0,85,,30782,82,0,23 24,0,85,,30785,82,0,23 24,0,76,,30788,82,0,23 24,0,44,,30791,82,0,23 24,0,76,,30794,82,0,23 24,0,36,,30797,82,0,23 24,0,76,,30800,82,0,23 24,0,76,,30803,82,0,23 24,0,36,,30806,82,0,23 24,0,76,,30809,82,0,23 24,0,36,,30812,82,0,23 24,0,76,,30815,82,0,23 24,0,76,,30818,82,0,23 24,0,36,,30821,82,0,23 24,0,76,,30824,82,0,23 24,0,36,,30827,82,0,23 24,0,72,,30830,82,0,23 24,0,85,,30833,82,0,23 24,0,85,,30836,82,0,23 24,0,45,,30839,82,0,23 24,0,85,,30842,82,0,23 24,0,85,,30845,82,0,23 24,0,41,,30848,82,0,23 24,0,85,,30851,82,0,23 24,0,85,,30855,82,0,23 24,0
578300,'4',557,,30921,39,0,23 24,0,80,,30857,39,0,23 24,0,75,,30860,82,0,23 24,0,45,,30863,82,0,23 24,0,85,,30866,82,0,23 24,0,85,,30869,82,0,23 24,0,85,,30872,82,0,23 24,0,91,,30875,82,0,23 24,0,45,,30878,82,0,23 24,0,85,,30881,82,0,23 24,0,85,,30884,82,0,23 24,0,85,,30887,82,0,23 24,0,45,,30890,82,0,23 24,0,85,,30893,82,0,23 24,0,85,,30896,82,0,23 24,0,85,,30899,82,0,23 24,0,45,,30902,82,0,23 24,0,79,,30905,82,0,23 24,0,85,,30908,82,0,23 24,0,45,,30911,82,0,23 24,0,85,,30914,82,0,23 24,0,85,,30918,82,0,23 24,0
578300,'6',542,,30923,39,0,23 24,0,85,,30926,82,0,23 24,0,23,,30928,39,0,23 24,0,62,,30930,82,0,23 24,0,45,,30933,82,0,23 24,0,85,,30936,82,0,23 24,0,85,,30939,82,0,23 24,0,76,,30942,82,0,23 24,0,44,,30945,82,0,23 24,0,76,,30948,82,0,23 24,0,36,,30951,82,0,23 24,0,76,,30954,82,0,23 24,0,76,,30957,82,0,23 24,0,36,,30960,82,0,23 24,0,76,,30963,82,0,23 24,0,36,,30966,82,0,23 24,0,76,,30969,82,0,23 24,0,76,,30972,82,0,23 24,0,36,,30975,82,0,23 24,0,76,,30978,82,0,23 24,0,36,,30981,82,0,23 24,0,72,,30984,82,0,23 24,0,85,,30987,82,0,23 24,0,85,,30990,82,0,23 24,0,45,,30993,82,0,23 24,0,85,,30996,82,0,23 24,0,85,,30999,82,0,23 24,0,41,,31002,82,0,23 24,0,85,,31005,82,0,23 24,0,85,,31009,82,0,23 24,0
579101,'1',519,,32957,37,,,0,28,,32958,37,,,0,70,,32959,37,,,0,30,,32960,37,,,0,70,,32961,37,,,0,30,,32962,37,,,0,70,,32963,37,,,0,30,,32964,37,,,0,70,,32965,37,,,0,34,,32966,37,,,0,70,,32967,37,,,0,30,,32983,37,,,0,70,,32968,37,,,0,30,,32984,37,,,0,70,,32969,37,,,0,23,,32985,20,,,0,73,,32970,20,,,0,30,,32986,20,,,0,70,,32971,20,,,0,30,,32987,20,,,0,70,,32972,20,,,0,30,,32973,20,,,0,70,,32997,20,,,0,30,,32974,20,,,0,70,,32975,20,,,0,30,,32976,20,,,0,70,,32977,20,,,0,30,,32978,20,,,0,70,,32979,20,,,0,30,,32988,20,,,0,70,,32980,20,,,0,30,,32989,20,,,0,70,,32981,20,,,0,30,,32990,20,,,0,70,,32982,20,,,0,30,,32991,20,,,0,70,,32992,20,,,0,30,,32993,20,,,0,70,,32994,20,,,0,25,,32995,20,,,0,70,,32996,20,,,0
579101,'2',749,,32998,37,,,0,70,,32999,37,,,0,30,,33000,37,,,0,70,,33001,37,,,0,30,,33002,37,,,0,70,,33003,37,,,0,30,,33019,37,,,0,70,,33004,37,,,0,30,,33020,37,,,0,70,,33005,37,,,0,23,,33021,20,,,0,75,,33006,20,,,0,30,,33022,20,,,0,70,,33007,20,,,0,30,,33023,20,,,0,70,,33008,20,,,0,30,,33009,20,,,0,70,,33031,20,,,0,30,,33010,20,,,0,70,,33011,20,,,0,30,,33012,20,,,0,70,,33013,20,,,0,30,,33014,20,,,0,70,,33015,20,,,0,30,,33024,20,,,0,70,,33016,20,,,0,30,,33025,20,,,0,70,,33017,20,,,0,30,,33026,20,,,0,70,,33018,20,,,0,29,,33027,20,,,0,71,,33028,20,,,0,30,,33029,20,,,0,70,,33030,20,,,0
579101,'3',749,,33032,37,,,0,70,,33033,37,,,0,30,,33034,37,,,0,70,,33035,37,,,0,30,,33036,37,,,0,70,,33037,37,,,0,30,,33053,37,,,0,70,,33038,37,,,0,30,,33054,37,,,0,70,,33039,37,,,0,23,,33055,20,,,0,75,,33040,20,,,0,30,,33056,20,,,0,70,,33041,20,,,0,30,,33057,20,,,0,70,,33042,20,,,0,30,,33043,20,,,0,70,,33065,20,,,0,30,,33044,20,,,0,70,,33045,20,,,0,30,,33046,20,,,0,70,,33047,20,,,0,30,,33048,20,,,0,70,,33049,20,,,0,30,,33058,20,,,0,70,,33050,20,,,0,30,,33059,20,,,0,70,,33051,20,,,0,30,,33060,20,,,0,70,,33052,20,,,0,30,,33061,20,,,0,70,,33062,20,,,0,30,,33063,20,,,0,63,,33064,20,,,0
579101,'4',749,,33066,37,,,0,70,,33067,37,,,0,30,,33068,37,,,0,70,,33069,37,,,0,30,,33070,37,,,0,70,,33071,37,,,0,30,,33085,37,,,0,70,,33072,37,,,0,30,,33086,37,,,0,70,,33073,37,,,0,23,,33087,20,,,0,75,,33074,20,,,0,30,,33088,20,,,0,70,,33075,20,,,0,30,,33089,20,,,0,70,,33076,20,,,0,30,,33077,20,,,0,70,,33092,20,,,0,30,,33078,20,,,0,70,,33079,20,,,0,30,,33080,20,,,0,70,,33081,20,,,0,30,,33082,20,,,0,70,,33083,20,,,0,30,,33090,20,,,0,70,,33084,20,,,0,30,,33091,20,,,0
579101,'6',749,,33093,37,,,0,70,,33094,37,,,0,30,,33095,37,,,0,70,,33096,37,,,0,30,,33097,37,,,0,70,,33098,37,,,0,30,,33114,37,,,0,70,,33099,37,,,0,30,,33115,37,,,0,70,,33100,37,,,0,23,,33116,20,,,0,75,,33101,20,,,0,30,,33117,20,,,0,70,,33102,20,,,0,30,,33118,20,,,0,70,,33103,20,,,0,30,,33104,20,,,0,70,,33126,20,,,0,30,,33105,20,,,0,70,,33106,20,,,0,30,,33107,20,,,0,70,,33108,20,,,0,30,,33109,20,,,0,70,,33110,20,,,0,30,,33119,20,,,0,70,,33111,20,,,0,30,,33120,20,,,0,70,,33112,20,,,0,30,,33121,20,,,0,70,,33113,20,,,0,29,,33122,20,,,0,71,,33123,20,,,0,30,,33124,20,,,0,70,,33125,20,,,0
583500,'8502',1414,,42931,21,,,0,100,,42930,21,,,0,100,,42929,21,,,0,100,,42928,21,,,0,100,,42927,21,,,0,100,,42926,21,,,0,100,,42925,21,,,0,100,,42924,21,,,0,100,,42923,21,,,0,100,,42922,21,,,0
