578400,'1',520,,31499,1,,,0,30,,31500,1,,,0,70,,31501,1,,,0,30,,31502,1,,,0,70,,31503,1,,,0,15,,31504,1,,,0,20,,31505,1,,,0,60,,31506,1,,,0,20,,31507,1,,,0,20,,31508,1,,,0,60,,31509,1,,,0,20,,31510,1,,,0,20,,31511,1,,,0,60,,31512,1,,,0,25,,31513,1,,,0,70,,31514,1,,,0,30,,31515,1,,,0,70,,31516,1,,,0,30,,31517,1,,,0,70,,31518,1,,,0,30,,31519,1,,,0,65,,31520,1,,,0,30,,31521,1,,,0,70,,31522,1,,,0,20,,31523,1,,,0,20,,31524,1,,,0,60,,31525,1,,,0,20,,31526,1,,,0,20,,31527,1,,,0,60,,31528,1,,,0,20,,31529,1,,,0,20,,31530,1,,,0,60,,31531,1,,,0,95,,31532,1,,,0,100,,31533,1,,,0,100,,31534,1,,,0,100,,31535,1,,,0,100,,31536,1,,,0,100,,31537,1,,,0,100,,31538,1,,,0
578400,'2',500,,31539,1,,,0,30,,31570,1,,,0,70,,31540,1,,,0,30,,31571,1,,,0,70,,31541,1,,,0,30,,31572,1,,,0,70,,31542,1,,,0,30,,31543,1,,,0,70,,31544,1,,,0,30,,31545,1,,,0,70,,31546,1,,,0,30,,31547,1,,,0,70,,31548,1,,,0,30,,31549,1,,,0,70,,31550,1,,,0,30,,31551,1,,,0,70,,31552,1,,,0,30,,31553,1,,,0,70,,31554,1,,,0,30,,31555,1,,,0,70,,31556,1,,,0,30,,31557,1,,,0,70,,31558,1,,,0,30,,31559,1,,,0,70,,31560,1,,,0,30,,31561,1,,,0,70,,31562,1,,,0,100,,31563,1,,,0,100,,31564,1,,,0,100,,31565,1,,,0,100,,31566,1,,,0,100,,31567,1,,,0,100,,31568,1,,,0,100,,31569,1,,,0
578400,'3',600,,31573,1,,,0,30,,31597,1,,,0,70,,31596,1,,,0,30,,31598,1,,,0,70,,31595,1,,,0,30,,31599,1,,,0,70,,31594,1,,,0,30,,31600,1,,,0,70,,31593,1,,,0,30,,31580,1,,,0,70,,31592,1,,,0,30,,31579,1,,,0,70,,31591,1,,,0,30,,31578,1,,,0,70,,31590,1,,,0,30,,31577,1,,,0,70,,31589,1,,,0,30,,31576,1,,,0,70,,31588,1,,,0,30,,31575,1,,,0,70,,31587,1,,,0,30,,31574,1,,,0,70,,31586,1,,,0,100,,31585,1,,,0,100,,31584,1,,,0,100,,31583,1,,,0,100,,31582,1,,,0,100,,31581,1,,,0,100,,31601,1,,,0,100,,31602,1,,,0
578400,'4',600,,31603,1,,,0,100,,31604,1,,,0,100,,31605,1,,,0,100,,31606,1,,,0,100,,31607,1,,,0,100,,31608,1,,,0,100,,31609,1,,,0,100,,31610,1,,,0,100,,31611,1,,,0,100,,31612,1,,,0,100,,31613,1,,,0,100,,31614,1,,,0,100,,31615,1,,,0,100,,31616,1,,,0,100,,31617,1,,,0,100,,31618,1,,,0
578400,'6',600,,31619,1,,,0,30,,31643,1,,,0,70,,31642,1,,,0,30,,31644,1,,,0,70,,31641,1,,,0,30,,31645,1,,,0,70,,31640,1,,,0,30,,31646,1,,,0,70,,31639,1,,,0,30,,31626,1,,,0,70,,31638,1,,,0,30,,31625,1,,,0,70,,31637,1,,,0,30,,31624,1,,,0,70,,31636,1,,,0,30,,31623,1,,,0,70,,31635,1,,,0,30,,31622,1,,,0,70,,31634,1,,,0,30,,31621,1,,,0,70,,31633,1,,,0,30,,31620,1,,,0,70,,31632,1,,,0,100,,31631,1,,,0,100,,31630,1,,,0,100,,31629,1,,,0,100,,31628,1,,,0,100,,31627,1,,,0,100,,31647,1,,,0,100,,31648,1,,,0
578401,'1',556,,31649,31,4,,0,70,,31650,31,4,,0,30,,31651,31,4,,0,65,,31652,31,4,,0,20,,31653,31,4,,0,60,,31654,31,4,,0,20,,31655,31,4,,0,20,,31656,31,4,,0,60,,31657,31,4,,0,20,,31658,31,4,,0,20,,31659,31,4,,0,60,,31660,31,4,,0,20,,31661,31,4,,0,20,,31662,31,4,,0,70,,31663,31,4,,0,30,,31664,31,4,,0,70,,31665,31,4,,0,30,,31666,31,4,,0,70,,31667,31,4,,0,30,,31668,31,4,,0,70,,31669,31,4,,0,30,,31670,31,4,,0,60,,31671,31,4,,0,20,,31672,31,4,,0,20,,31673,31,4,,0,60,,31674,31,4,,0,20,,31675,31,4,,0,20,,31676,31,4,,0,60,,31677,31,4,,0,20,,31678,31,4,,0,20,,31679,31,4,,0,70,,31680,31,4,,0,30,,31681,31,4,,0,70,,31682,31,4,,0,35,,31683,31,4,,0,100,,31684,31,4,,0,100,,31685,31,4,,0,100,,31686,31,4,,0,100,,31687,31,4,,0,100,,31688,31,4,,0,104,,31689,31,4,,0
578401,'2',512,,31724,31,4,,0,30,,31690,31,4,,0,70,,31721,31,4,,0,30,,31691,31,4,,0,70,,31723,31,4,,0,30,,31692,31,4,,0,75,,31722,31,4,,0,30,,31693,31,4,,0,70,,31694,31,4,,0,30,,31695,31,4,,0,70,,31696,31,4,,0,30,,31697,31,4,,0,70,,31698,31,4,,0,30,,31699,31,4,,0,70,,31700,31,4,,0,30,,31701,31,4,,0,70,,31702,31,4,,0,30,,31703,31,4,,0,70,,31704,31,4,,0,30,,31705,31,4,,0,70,,31706,31,4,,0,30,,31707,31,4,,0,70,,31708,31,4,,0,30,,31709,31,4,,0,70,,31710,31,4,,0,30,,31711,31,4,,0,70,,31712,31,4,,0,35,,31713,31,4,,0,100,,31714,31,4,,0,100,,31715,31,4,,0,100,,31716,31,4,,0,100,,31717,31,4,,0,100,,31718,31,4,,0,100,,31719,31,4,,0,100,,31720,31,4,,0
578401,'3',622,,31755,31,4,,0,30,,31733,31,4,,0,70,,31749,31,4,,0,30,,31732,31,4,,0,70,,31751,31,4,,0,30,,31731,31,4,,0,70,,31750,31,4,,0,30,,31730,31,4,,0,70,,31752,31,4,,0,30,,31729,31,4,,0,70,,31728,31,4,,0,30,,31727,31,4,,0,70,,31726,31,4,,0,30,,31725,31,4,,0,70,,31748,31,4,,0,30,,31747,31,4,,0,70,,31746,31,4,,0,30,,31745,31,4,,0,70,,31744,31,4,,0,30,,31743,31,4,,0,70,,31742,31,4,,0,30,,31741,31,4,,0,70,,31740,31,4,,0,30,,31739,31,4,,0,100,,31738,31,4,,0,100,,31737,31,4,,0,100,,31736,31,4,,0,100,,31735,31,4,,0,100,,31734,31,4,,0,100,,31753,31,4,,0,100,,31754,31,4,,0
578401,'4',633,,31756,31,4,,0,102,,31757,31,4,,0,100,,31758,31,4,,0,103,,31759,31,4,,0,100,,31760,31,4,,0,100,,31761,31,4,,0,100,,31762,31,4,,0,100,,31763,31,4,,0,100,,31764,31,4,,0,100,,31765,31,4,,0,100,,31766,31,4,,0,100,,31767,31,4,,0,100,,31768,31,4,,0,100,,31769,31,4,,0,100,,31770,31,4,,0
578401,'6',622,,31801,31,4,,0,30,,31779,31,4,,0,70,,31795,31,4,,0,30,,31778,31,4,,0,70,,31797,31,4,,0,30,,31777,31,4,,0,70,,31796,31,4,,0,30,,31776,31,4,,0,70,,31798,31,4,,0,30,,31775,31,4,,0,70,,31774,31,4,,0,30,,31773,31,4,,0,70,,31772,31,4,,0,30,,31771,31,4,,0,70,,31794,31,4,,0,30,,31793,31,4,,0,70,,31792,31,4,,0,30,,31791,31,4,,0,70,,31790,31,4,,0,30,,31789,31,4,,0,70,,31788,31,4,,0,30,,31787,31,4,,0,70,,31786,31,4,,0,30,,31785,31,4,,0,100,,31784,31,4,,0,100,,31783,31,4,,0,100,,31782,31,4,,0,100,,31781,31,4,,0,100,,31780,31,4,,0,100,,31799,31,4,,0,100,,31800,31,4,,0
578500,'1',500,,31802,1,,,0,30,,31803,1,,,0,70,,31804,1,,,0,30,,31805,1,,,0,70,,31806,1,,,0,25,,31807,1,,,0,20,,31808,1,,,0,60,,31809,1,,,0,20,,31810,1,,,0,20,,31811,1,,,0,60,,31812,1,,,0,20,,31813,1,,,0,20,,31814,1,,,0,60,,31843,1,,,0,20,,31815,1,,,0,20,,31816,1,,,0,70,,31817,1,,,0,30,,31818,1,,,0,70,,31819,1,,,0,30,,31820,1,,,0,70,,31821,1,,,0,30,,31822,1,,,0,70,,31823,1,,,0,15,,31824,1,,,0,15,,31825,1,,,0,60,,31826,1,,,0,20,,31827,1,,,0,20,,31828,1,,,0,60,,31829,1,,,0,20,,31830,1,,,0,20,,31831,1,,,0,60,,31832,1,,,0,20,,31833,1,,,0,20,,31834,1,,,0,70,,31835,1,,,0,30,,31836,1,,,0,105,,31837,1,,,0,100,,31838,1,,,0,100,,31839,1,,,0,105,,31840,1,,,0,145,,31841,1,,,0,100,,31842,1,,,0
578500,'2',515,,31878,1,,,0,30,,31860,1,,,0,70,,31870,1,,,0,30,,31859,1,,,0,70,,31871,1,,,0,30,,31858,1,,,0,75,,31872,1,,,0,30,,31857,1,,,0,70,,31856,1,,,0,30,,31855,1,,,0,70,,31854,1,,,0,30,,31853,1,,,0,70,,31852,1,,,0,30,,31851,1,,,0,70,,31850,1,,,0,30,,31849,1,,,0,70,,31848,1,,,0,30,,31847,1,,,0,70,,31846,1,,,0,30,,31845,1,,,0,70,,31844,1,,,0,30,,31869,1,,,0,70,,31868,1,,,0,30,,31867,1,,,0,70,,31866,1,,,0,30,,31865,1,,,0,70,,31876,1,,,0,35,,31864,1,,,0,100,,31863,1,,,0,100,,31862,1,,,0,100,,31861,1,,,0,100,,31873,1,,,0,100,,31874,1,,,0,100,,31875,1,,,0,100,,31877,1,,,0
578500,'3',605,,31909,1,,,0,20,,31907,1,,,0,30,,31885,1,,,0,70,,31902,1,,,0,30,,31886,1,,,0,70,,31903,1,,,0,30,,31887,1,,,0,70,,31904,1,,,0,30,,31888,1,,,0,70,,31889,1,,,0,30,,31890,1,,,0,70,,31891,1,,,0,30,,31892,1,,,0,70,,31893,1,,,0,30,,31894,1,,,0,70,,31895,1,,,0,30,,31896,1,,,0,70,,31897,1,,,0,30,,31898,1,,,0,70,,31899,1,,,0,30,,31900,1,,,0,70,,31901,1,,,0,30,,31879,1,,,0,70,,31908,1,,,0,30,,31880,1,,,0,100,,31881,1,,,0,100,,31882,1,,,0,100,,31883,1,,,0,100,,31884,1,,,0,100,,31906,1,,,0,100,,31905,1,,,0
578500,'4',640,,31910,1,,,0,100,,31911,1,,,0,100,,31912,1,,,0,100,,31913,1,,,0,100,,31914,1,,,0,100,,31915,1,,,0,100,,31916,1,,,0,100,,31917,1,,,0,100,,31918,1,,,0,100,,31919,1,,,0,100,,31920,1,,,0,100,,31921,1,,,0,100,,31922,1,,,0,100,,31923,1,,,0,100,,31924,1,,,0
578500,'6',605,,31955,1,,,0,20,,31953,1,,,0,30,,31931,1,,,0,70,,31948,1,,,0,30,,31932,1,,,0,70,,31949,1,,,0,30,,31933,1,,,0,70,,31950,1,,,0,30,,31934,1,,,0,70,,31935,1,,,0,30,,31936,1,,,0,70,,31937,1,,,0,30,,31938,1,,,0,70,,31939,1,,,0,30,,31940,1,,,0,70,,31941,1,,,0,30,,31942,1,,,0,70,,31943,1,,,0,30,,31944,1,,,0,70,,31945,1,,,0,30,,31946,1,,,0,70,,31947,1,,,0,30,,31925,1,,,0,70,,31954,1,,,0,30,,31926,1,,,0,100,,31927,1,,,0,100,,31928,1,,,0,100,,31929,1,,,0,100,,31930,1,,,0,100,,31952,1,,,0,100,,31951,1,,,0
578501,'1',536,,31956,18,,,0,70,,31957,18,,,0,30,,31958,18,,,0,70,,31959,18,,,0,29,,31960,18,,,0,65,,31961,18,,,0,20,,31962,18,,,0,20,,31963,18,,,0,60,,31964,18,,,0,20,,31965,18,,,0,20,,31966,18,,,0,66,,31967,18,,,0,25,,31968,18,,,0,70,,31969,18,,,0,30,,31970,18,,,0,70,,31971,18,,,0,30,,31972,18,,,0,70,,31973,18,,,0,30,,31974,18,,,0,70,,31975,18,,,0,30,,31976,18,,,0,20,,31977,18,,,0,60,,31978,18,,,0,20,,31979,18,,,0,20,,31980,18,,,0,60,,31981,18,,,0,20,,31982,18,,,0,20,,31983,18,,,0,60,,31984,18,,,0,20,,31985,18,,,0,20,,31986,18,,,0,70,,31987,18,,,0,35,,31988,18,,,0,71,,31989,18,,,0,100,,31990,18,,,0,100,,31991,18,,,0,99,,31992,18,,,0,105,,31993,18,,,0,100,,31994,18,,,0,100,,31995,18,,,0
578501,'2',525,,32029,18,,,0,30,,32028,18,,,0,70,,31996,18,,,0,30,,32022,18,,,0,70,,31997,18,,,0,30,,32024,18,,,0,71,,31998,18,,,0,30,,32023,18,,,0,70,,31999,18,,,0,30,,32000,18,,,0,70,,32001,18,,,0,30,,32002,18,,,0,70,,32003,18,,,0,30,,32004,18,,,0,70,,32005,18,,,0,30,,32006,18,,,0,70,,32007,18,,,0,30,,32008,18,,,0,70,,32009,18,,,0,30,,32010,18,,,0,70,,32011,18,,,0,30,,32012,18,,,0,70,,32013,18,,,0,30,,32014,18,,,0,70,,32015,18,,,0,30,,32016,18,,,0,70,,32017,18,,,0,104,,32018,18,,,0,102,,32019,18,,,0,100,,32020,18,,,0,99,,32021,18,,,0,100,,32025,18,,,0,100,,32026,18,,,0,100,,32027,18,,,0
578501,'3',627,,32059,18,,,0,30,,32032,18,,,0,70,,32053,18,,,0,30,,32054,18,,,0,70,,32033,18,,,0,30,,32055,18,,,0,70,,32034,18,,,0,30,,32056,18,,,0,70,,32035,18,,,0,30,,32036,18,,,0,70,,32037,18,,,0,30,,32038,18,,,0,70,,32039,18,,,0,30,,32040,18,,,0,70,,32041,18,,,0,30,,32042,18,,,0,70,,32043,18,,,0,30,,32044,18,,,0,70,,32045,18,,,0,30,,32046,18,,,0,70,,32047,18,,,0,30,,32048,18,,,0,70,,32049,18,,,0,30,,32060,18,,,0,70,,32050,18,,,0,100,,32051,18,,,0,100,,32052,18,,,0,100,,32030,18,,,0,100,,32031,18,,,0,100,,32057,18,,,0,100,,32058,18,,,0
578501,'4',713,,32061,18,,,0,100,,32062,18,,,0,97,,32063,18,,,0,103,,32064,18,,,0,100,,32065,18,,,0,100,,32066,18,,,0,100,,32067,18,,,0,100,,32068,18,,,0,100,,32069,18,,,0,100,,32070,18,,,0,100,,32071,18,,,0,100,,32072,18,,,0,100,,32073,18,,,0,100,,32074,18,,,0
578501,'6',627,,32104,18,,,0,30,,32077,18,,,0,70,,32098,18,,,0,30,,32099,18,,,0,70,,32078,18,,,0,30,,32100,18,,,0,70,,32079,18,,,0,30,,32101,18,,,0,70,,32080,18,,,0,30,,32081,18,,,0,70,,32082,18,,,0,30,,32083,18,,,0,70,,32084,18,,,0,30,,32085,18,,,0,70,,32086,18,,,0,30,,32087,18,,,0,70,,32088,18,,,0,30,,32089,18,,,0,70,,32090,18,,,0,30,,32091,18,,,0,70,,32092,18,,,0,30,,32093,18,,,0,70,,32094,18,,,0,30,,32105,18,,,0,70,,32095,18,,,0,100,,32096,18,,,0,100,,32097,18,,,0,100,,32075,18,,,0,100,,32076,18,,,0,100,,32102,18,,,0,100,,32103,18,,,0
578601,'1',548,,32258,11,4,,0,70,,32259,11,4,,0,30,,32260,11,4,,0,70,,32261,11,4,,0,30,,32262,11,4,,0,65,,32263,11,4,,0,20,,32264,11,4,,0,20,,32265,11,4,,0,60,,32266,11,4,,0,20,,32267,11,4,,0,20,,32268,11,4,,0,60,,32269,11,4,,0,25,,32270,11,4,,0,70,,32271,11,4,,0,30,,32272,11,4,,0,70,,32273,11,4,,0,30,,32274,11,4,,0,70,,32275,11,4,,0,30,,32276,11,4,,0,65,,32277,11,4,,0,30,,32278,11,4,,0,70,,32279,11,4,,0,20,,32280,11,4,,0,20,,32281,11,4,,0,60,,32282,11,4,,0,20,,32283,11,4,,0,20,,32284,11,4,,0,60,,32285,11,4,,0,20,,32286,11,4,,0,20,,32287,11,4,,0,60,,32288,11,4,,0,20,,32289,11,4,,0,35,,32290,11,4,,0,77,,32297,11,4,,0,23,,32291,11,4,,0,100,,32292,11,4,,0,100,,32293,11,4,,0,100,,32294,11,4,,0,100,,32295,11,4,,0,100,,32296,11,4,,0,101,,32298,11,4,,0
578601,'2',527,,32333,11,4,,0,30,,32326,11,4,,0,70,,32327,11,4,,0,30,,32325,11,4,,0,70,,32328,11,4,,0,30,,32324,11,4,,0,71,,32299,11,4,,0,30,,32323,11,4,,0,70,,32322,11,4,,0,30,,32321,11,4,,0,70,,32320,11,4,,0,30,,32319,11,4,,0,70,,32318,11,4,,0,30,,32317,11,4,,0,70,,32316,11,4,,0,30,,32315,11,4,,0,70,,32314,11,4,,0,30,,32313,11,4,,0,70,,32312,11,4,,0,30,,32311,11,4,,0,70,,32310,11,4,,0,30,,32309,11,4,,0,70,,32308,11,4,,0,30,,32307,11,4,,0,70,,32306,11,4,,0,30,,32305,11,4,,0,70,,32304,11,4,,0,30,,32303,11,4,,0,100,,32302,11,4,,0,100,,32301,11,4,,0,100,,32300,11,4,,0,100,,32329,11,4,,0,100,,32330,11,4,,0,100,,32331,11,4,,0,100,,32332,11,4,,0
578601,'3',628,,32361,11,4,,0,30,,32360,11,4,,0,70,,32359,11,4,,0,30,,32355,11,4,,0,70,,32357,11,4,,0,30,,32354,11,4,,0,70,,32358,11,4,,0,30,,32353,11,4,,0,70,,32352,11,4,,0,30,,32351,11,4,,0,70,,32350,11,4,,0,30,,32349,11,4,,0,70,,32348,11,4,,0,30,,32347,11,4,,0,70,,32346,11,4,,0,30,,32345,11,4,,0,70,,32344,11,4,,0,30,,32343,11,4,,0,70,,32342,11,4,,0,30,,32341,11,4,,0,70,,32340,11,4,,0,30,,32339,11,4,,0,70,,32338,11,4,,0,30,,32337,11,4,,0,70,,32364,11,4,,0,30,,32336,11,4,,0,100,,32335,11,4,,0,100,,32334,11,4,,0,100,,32356,11,4,,0,100,,32362,11,4,,0,100,,32363,11,4,,0
578601,'4',755,,32365,11,4,,0,100,,32366,11,4,,0,100,,32367,11,4,,0,100,,32368,11,4,,0,100,,32369,11,4,,0,100,,32370,11,4,,0,100,,32371,11,4,,0,100,,32372,11,4,,0,100,,32373,11,4,,0,100,,32374,11,4,,0,100,,32375,11,4,,0,100,,32376,11,4,,0,100,,32377,11,4,,0,100,,32378,11,4,,0
578601,'6',628,,32406,11,4,,0,30,,32405,11,4,,0,70,,32404,11,4,,0,30,,32400,11,4,,0,70,,32402,11,4,,0,30,,32399,11,4,,0,70,,32403,11,4,,0,30,,32398,11,4,,0,70,,32397,11,4,,0,30,,32396,11,4,,0,70,,32395,11,4,,0,30,,32394,11,4,,0,70,,32393,11,4,,0,30,,32392,11,4,,0,70,,32391,11,4,,0,30,,32390,11,4,,0,70,,32389,11,4,,0,30,,32388,11,4,,0,70,,32387,11,4,,0,30,,32386,11,4,,0,70,,32385,11,4,,0,30,,32384,11,4,,0,70,,32383,11,4,,0,30,,32382,11,4,,0,70,,32409,11,4,,0,30,,32381,11,4,,0,100,,32380,11,4,,0,100,,32379,11,4,,0,100,,32401,11,4,,0,100,,32407,11,4,,0,100,,32408,11,4,,0
