579301,'1',514,,33902,8,,,0,15,,33903,8,,,0,15,,33833,8,,,0,15,,33904,8,,,0,55,,33832,8,,,0,15,,33905,8,,,0,15,,33835,8,,,0,15,,33836,8,,,0,55,,33837,8,,,0,10,,33847,8,,,0,10,,33875,8,,,0,10,,33846,8,,,0,10,,33845,8,,,0,50,,33876,8,,,0,10,,33844,8,,,0,10,,33843,8,,,0,10,,33877,8,,,0,10,,33842,8,,,0,10,,33841,8,,,0,50,,33878,8,,,0,10,,33840,8,,,0,10,,33839,8,,,0,10,,33879,8,,,0,10,,33838,8,,,0,10,,33913,8,,,0,50,,33892,8,,,0,20,,33893,8,,,0,20,,33894,8,,,0,60,,33895,8,,,0,20,,33896,8,,,0,20,,33897,8,,,0,60,,33898,8,,,0,20,,33899,8,,,0,20,,33900,8,,,0,60,,33901,8,,,0,20,,33834,8,,,0,20,,33880,8,,,0,60,,33867,8,,,0,20,,33866,8,,,0,20,,33881,8,,,0,60,,33865,8,,,0,10,,33882,8,,,0,10,,33864,8,,,0,10,,33863,8,,,0,10,,33883,8,,,0,10,,33862,8,,,0,50,,33861,8,,,0,10,,33884,8,,,0,10,,33860,8,,,0,10,,33859,8,,,0,10,,33885,8,,,0,10,,33858,8,,,0,50,,33857,8,,,0,10,,33886,8,,,0,10,,33856,8,,,0,10,,33855,8,,,0,10,,33887,8,,,0,10,,33854,8,,,0,50,,33888,8,,,0,10,,33853,8,,,0,10,,33852,8,,,0,10,,33889,8,,,0,15,,33851,8,,,0,60,,33850,8,,,0,20,,33910,8,,,0,20,,33911,8,,,0,60,,33849,8,,,0,20,,33848,8,,,0,20,,33906,8,,,0,60,,33868,8,,,0,20,,33869,8,,,0,20,,33907,8,,,0,60,,33870,8,,,0,20,,33871,8,,,0,20,,33908,8,,,0,60,,33872,8,,,0,20,,33873,8,,,0,20,,33909,8,,,0,60,,33874,8,,,0,20,,33891,8,,,0,20,,33890,8,,,0,60,,33912,8,,,0
579301,'2',514,,33984,8,,,0,20,,33914,8,,,0,20,,33974,8,,,0,60,,33915,8,,,0,20,,33916,8,,,0,20,,33975,8,,,0,60,,33917,8,,,0,20,,33918,8,,,0,20,,33919,8,,,0,60,,33920,8,,,0,15,,33921,8,,,0,15,,33922,8,,,0,15,,33923,8,,,0,55,,33924,8,,,0,15,,33925,8,,,0,15,,33926,8,,,0,15,,33927,8,,,0,55,,33928,8,,,0,15,,33929,8,,,0,15,,33930,8,,,0,15,,33931,8,,,0,53,,33932,8,,,0,15,,33933,8,,,0,15,,33934,8,,,0,15,,33935,8,,,0,55,,33936,8,,,0,15,,33937,8,,,0,15,,33938,8,,,0,15,,33939,8,,,0,55,,33940,8,,,0,15,,33941,8,,,0,15,,33942,8,,,0,15,,33943,8,,,0,55,,33944,8,,,0,15,,33945,8,,,0,15,,33946,8,,,0,15,,33947,8,,,0,55,,33948,8,,,0,15,,33949,8,,,0,15,,33950,8,,,0,15,,33951,8,,,0,55,,33952,8,,,0,15,,33953,8,,,0,15,,33954,8,,,0,15,,33955,8,,,0,55,,33956,8,,,0,15,,33957,8,,,0,15,,33958,8,,,0,15,,33959,8,,,0,55,,33960,8,,,0,20,,33961,8,,,0,20,,33976,8,,,0,62,,33962,8,,,0,20,,33977,8,,,0,20,,33963,8,,,0,60,,33964,8,,,0,20,,33978,8,,,0,20,,33965,8,,,0,60,,33966,8,,,0,20,,33979,8,,,0,20,,33967,8,,,0,60,,33968,8,,,0,20,,33980,8,,,0,20,,33969,8,,,0,60,,33970,8,,,0,20,,33981,8,,,0,20,,33971,8,,,0,60,,33972,8,,,0,20,,33973,8,,,0,20,,33982,8,,,0,60,,33983,8,,,0
579301,'3',514,,34030,8,,,0,30,,33985,8,,,0,70,,33986,8,,,0,30,,33987,8,,,0,70,,33988,8,,,0,30,,33989,8,,,0,70,,33990,8,,,0,30,,33991,8,,,0,70,,33992,8,,,0,20,,33993,8,,,0,20,,33994,8,,,0,60,,33995,8,,,0,20,,33996,8,,,0,20,,33997,8,,,0,60,,33998,8,,,0,25,,33999,8,,,0,20,,34000,8,,,0,60,,34001,8,,,0,20,,34002,8,,,0,20,,34003,8,,,0,60,,34004,8,,,0,20,,34005,8,,,0,20,,34006,8,,,0,60,,34007,8,,,0,20,,34008,8,,,0,20,,34009,8,,,0,60,,34010,8,,,0,20,,34011,8,,,0,20,,34012,8,,,0,60,,34013,8,,,0,20,,34014,8,,,0,20,,34015,8,,,0,60,,34016,8,,,0,20,,34017,8,,,0,20,,34018,8,,,0,70,,34019,8,,,0,30,,34020,8,,,0,70,,34021,8,,,0,30,,34022,8,,,0,70,,34023,8,,,0,30,,34024,8,,,0,70,,34025,8,,,0,30,,34026,8,,,0,70,,34027,8,,,0,30,,34028,8,,,0,70,,34029,8,,,0,30,,34031,8,,,0
579301,'4',609,,34069,8,,,0,30,,34068,8,,,0,70,,34067,8,,,0,30,,34066,8,,,0,70,,34065,8,,,0,30,,34064,8,,,0,70,,34063,8,,,0,30,,34062,8,,,0,20,,34061,8,,,0,60,,34060,8,,,0,20,,34059,8,,,0,20,,34058,8,,,0,60,,34057,8,,,0,20,,34056,8,,,0,20,,34055,8,,,0,60,,34054,8,,,0,20,,34053,8,,,0,20,,34052,8,,,0,60,,34051,8,,,0,20,,34050,8,,,0,20,,34049,8,,,0,60,,34048,8,,,0,20,,34047,8,,,0,20,,34046,8,,,0,60,,34045,8,,,0,20,,34044,8,,,0,20,,34043,8,,,0,60,,34042,8,,,0,20,,34041,8,,,0,20,,34040,8,,,0,60,,34039,8,,,0,20,,34038,8,,,0,20,,34037,8,,,0,60,,34036,8,,,0,30,,34035,8,,,0,70,,34034,8,,,0,30,,34033,8,,,0,70,,34032,8,,,0
579301,'6',514,,34115,8,,,0,30,,34070,8,,,0,70,,34071,8,,,0,30,,34072,8,,,0,70,,34073,8,,,0,30,,34074,8,,,0,70,,34075,8,,,0,30,,34076,8,,,0,70,,34077,8,,,0,20,,34078,8,,,0,20,,34079,8,,,0,60,,34080,8,,,0,20,,34081,8,,,0,20,,34082,8,,,0,60,,34083,8,,,0,25,,34084,8,,,0,20,,34085,8,,,0,60,,34086,8,,,0,20,,34087,8,,,0,20,,34088,8,,,0,60,,34089,8,,,0,20,,34090,8,,,0,20,,34091,8,,,0,60,,34092,8,,,0,20,,34093,8,,,0,20,,34094,8,,,0,60,,34095,8,,,0,20,,34096,8,,,0,20,,34097,8,,,0,60,,34098,8,,,0,20,,34099,8,,,0,20,,34100,8,,,0,60,,34101,8,,,0,20,,34102,8,,,0,20,,34103,8,,,0,70,,34104,8,,,0,30,,34105,8,,,0,70,,34106,8,,,0,30,,34107,8,,,0,70,,34108,8,,,0,30,,34109,8,,,0,70,,34110,8,,,0,30,,34111,8,,,0,70,,34112,8,,,0,30,,34113,8,,,0,70,,34114,8,,,0,30,,34116,8,,,0
580001,'1',426,,36910,2,,,0,16,,36911,2,,,0,6,,36912,2,,,0,9,,36913,2,,,0,60,,36914,2,,,0,10,,36915,2,,,0,2,,36916,2,,,0,8,,36917,2,,,0,1,,36918,2,,,0,13,,36919,2,,,0,50,,36920,2,,,0,15,,36921,2,,,0,15,,36922,2,,,0,15,,36923,2,,,0,55,,36924,2,,,0,15,,36925,2,,,0,15,,36926,2,,,0,15,,36927,2,,,0,55,,36928,2,,,0,15,,36929,2,,,0,13,,36930,2,,,0,16,,36931,2,,,0,55,,36932,2,,,0,25,,36933,2,,,0,30,,36934,2,,,0,70,,36935,2,,,0,30,,36936,2,,,0,70,,36937,2,,,0,30,,36938,2,,,0,70,,36939,2,,,0,30,,36940,2,,,0,70,,36941,2,,,0,30,,36942,2,,,0,67,,36943,2,,,0,29,,36944,2,,,0,55,,36945,2,,,0,15,,36946,2,,,0,15,,36947,2,,,0,15,,36948,2,,,0,55,,36949,2,,,0,15,,36950,2,,,0,15,,36951,2,,,0,15,,36952,2,,,0,58,,36953,2,,,0,15,,36954,2,,,0,15,,36955,2,,,0,70,,36956,2,,,0,28,,36957,2,,,0,70,,36958,2,,,0,32,,36959,2,,,0,70,,36960,2,,,0,30,,36961,2,,,0,70,,36962,2,,,0,30,,36963,2,,,0,70,,36964,2,,,0,30,,36965,2,,,0,79,,36966,2,,,0,30,,36967,2,,,0,70,,36968,2,,,0,36,,36969,2,,,0
580001,'2',445,,37020,2,,,0,4,,37014,2,,,0,70,,37013,2,,,0,30,,37012,2,,,0,70,,37011,2,,,0,30,,37010,2,,,0,70,,37009,2,,,0,30,,37008,2,,,0,70,,37007,2,,,0,30,,37006,2,,,0,57,,37005,2,,,0,20,,37004,2,,,0,20,,37003,2,,,0,60,,37002,2,,,0,20,,36996,2,,,0,20,,36997,2,,,0,55,,36985,2,,,0,20,,36988,2,,,0,20,,36989,2,,,0,60,,36987,2,,,0,20,,36993,2,,,0,20,,36995,2,,,0,60,,36994,2,,,0,20,,36992,2,,,0,20,,36980,2,,,0,60,,36981,2,,,0,20,,36982,2,,,0,20,,36983,2,,,0,60,,36984,2,,,0,20,,36986,2,,,0,20,,37001,2,,,0,60,,36998,2,,,0,20,,36999,2,,,0,20,,37000,2,,,0,60,,36978,2,,,0,20,,36977,2,,,0,20,,36979,2,,,0,60,,36970,2,,,0,20,,36990,2,,,0,30,,36991,2,,,0,70,,36976,2,,,0,30,,36975,2,,,0,70,,36974,2,,,0,30,,36973,2,,,0,70,,36972,2,,,0,30,,36971,2,,,0,70,,37019,2,,,0,80,,37018,2,,,0,30,,37017,2,,,0,70,,37016,2,,,0,30,,37015,2,,,0
580001,'3',443,,37053,2,,,0,58,,37026,2,,,0,23,,37021,2,,,0,7,,37035,2,,,0,16,,37054,2,,,0,53,,37025,2,,,0,29,,37044,2,,,0,30,,37024,2,,,0,70,,37045,2,,,0,30,,37023,2,,,0,70,,37046,2,,,0,30,,37022,2,,,0,64,,37027,2,,,0,30,,37049,2,,,0,70,,37029,2,,,0,30,,37043,2,,,0,70,,37032,2,,,0,30,,37042,2,,,0,70,,37041,2,,,0,30,,37047,2,,,0,70,,37048,2,,,0,30,,37028,2,,,0,70,,37033,2,,,0,30,,37030,2,,,0,70,,37034,2,,,0,30,,37031,2,,,0,70,,37036,2,,,0,30,,37039,2,,,0,70,,37037,2,,,0,30,,37050,2,,,0,70,,37038,2,,,0,35,,37051,2,,,0,70,,37040,2,,,0,30,,37052,2,,,0,70,,37055,2,,,0,30,,37056,2,,,0,70,,37057,2,,,0,73,,37058,2,,,0,30,,37059,2,,,0,70,,37060,2,,,0,30,,37061,2,,,0
580001,'4',528,,37062,2,,,0,85,,37063,2,,,0,45,,37064,2,,,0,85,,37065,2,,,0,85,,37066,2,,,0,85,,37067,2,,,0,45,,37068,2,,,0,85,,37069,2,,,0,85,,37070,2,,,0,85,,37071,2,,,0,45,,37072,2,,,0,85,,37073,2,,,0,85,,37074,2,,,0,85,,37075,2,,,0,45,,37076,2,,,0,85,,37077,2,,,0,85,,37078,2,,,0,85,,37079,2,,,0,45,,37080,2,,,0,85,,37081,2,,,0,85,,37082,2,,,0
580001,'6',443,,37115,2,,,0,58,,37088,2,,,0,23,,37083,2,,,0,7,,37097,2,,,0,16,,37116,2,,,0,53,,37087,2,,,0,29,,37106,2,,,0,30,,37086,2,,,0,70,,37107,2,,,0,30,,37085,2,,,0,70,,37108,2,,,0,30,,37084,2,,,0,64,,37089,2,,,0,30,,37111,2,,,0,70,,37091,2,,,0,30,,37105,2,,,0,70,,37094,2,,,0,30,,37104,2,,,0,70,,37103,2,,,0,30,,37109,2,,,0,70,,37110,2,,,0,30,,37090,2,,,0,70,,37095,2,,,0,30,,37092,2,,,0,70,,37096,2,,,0,30,,37093,2,,,0,70,,37098,2,,,0,30,,37101,2,,,0,70,,37099,2,,,0,30,,37112,2,,,0,70,,37100,2,,,0,35,,37113,2,,,0,70,,37102,2,,,0,30,,37114,2,,,0,70,,37117,2,,,0,30,,37118,2,,,0,70,,37119,2,,,0,73,,37120,2,,,0,30,,37121,2,,,0,70,,37122,2,,,0,30,,37123,2,,,0
