582801,'1',442,,40612,29,0,37 38 39,0,63,,40613,29,0,37 38 39,0,20,,40614,29,0,37 38 39,0,20,,40615,29,0,37 38 39,0,55,,40616,29,0,37 38 39,0,15,,40617,29,,,0,10,,40618,29,0,37 38 39,0,10,,40619,29,,,0,10,,40620,29,0,37 38 39,0,10,,40621,29,,,0,47,,40622,29,0,37 38 39,0,8,,40623,29,,,0,7,,40624,29,0,37 38 39,0,8,,40625,29,,,0,7,,40626,29,0,37 38 39,0,7,,40627,29,,,0,8,,40628,29,0,37 38 39,0,8,,40629,29,,,0,47,,40630,29,0,37 38 39,0,8,,40631,29,,,0,7,,40632,29,0,37 38 39,0,8,,40633,29,,,0,7,,40634,29,0,37 38 39,0,8,,40635,29,,,0,6,,40636,29,0,37 38 39,0,6,,40637,29,,,0,6,,40638,29,0,37 38 39,0,46,,40639,29,,,0,6,,40640,29,0,37 38 39,0,6,,40641,29,,,0,6,,40611,29,0,37 38 39,0,6,,40643,29,,,0,6,,40642,29,0,37 38 39,0,6,,40645,29,,,0,6,,40644,29,0,37 38 39,0,6,,40647,29,,,0,6,,40646,29,0,37 38 39,0,46,,40649,29,,,0,6,,40648,29,0,37 38 39,0,6,,40651,29,,,0,6,,40650,29,0,37 38 39,0,6,,40653,29,,,0,6,,40652,29,0,37 38 39,0,6,,40655,29,,,0,6,,40654,29,0,37 38 39,0,6,,40657,29,,,0,6,,40656,29,0,37 38 39,0,46,,40659,29,,,0,6,,40658,29,0,37 38 39,0,6,,40661,29,,,0,6,,40660,29,0,37 38 39,0,6,,40663,29,,,0,6,,40662,29,0,37 38 39,0,6,,40665,29,,,0,6,,40664,29,0,37 38 39,0,6,,40667,29,,,0,6,,40666,29,0,37 38 39,0,46,,40669,29,,,0,6,,40668,29,0,37 38 39,0,6,,40671,29,,,0,6,,40670,29,0,37 38 39,0,6,,40673,29,,,0,6,,40672,29,0,37 38 39,0,6,,40675,29,,,0,6,,40674,29,0,37 38 39,0,6,,40677,29,,,0,6,,40676,29,0,37 38 39,0,46,,40679,29,,,0,6,,40678,29,0,37 38 39,0,6,,40681,29,,,0,6,,40680,29,0,37 38 39,0,6,,40683,29,,,0,6,,40682,29,0,37 38 39,0,6,,40685,29,,,0,6,,40684,29,0,37 38 39,0,6,,40687,29,,,0,6,,40686,29,0,37 38 39,0,46,,40689,29,,,0,6,,40688,29,0,37 38 39,0,6,,40691,29,,,0,6,,40690,29,0,37 38 39,0,6,,40693,29,,,0,6,,40692,29,0,37 38 39,0,6,,40695,29,,,0,6,,40694,29,0,37 38 39,0,6,,40697,29,,,0,6,,40696,29,0,37 38 39,0,46,,40699,29,,,0,6,,40698,29,0,37 38 39,0,6,,40701,29,,,0,6,,40700,29,0,37 38 39,0,6,,40703,29,,,0,7,,40702,29,0,37 38 39,0,6,,40705,29,,,0,6,,40704,29,0,37 38 39,0,6,,40707,29,,,0,6,,40706,29,0,37 38 39,0,46,,40709,29,,,0,6,,40708,29,0,37 38 39,0,6,,40711,29,,,0,6,,40710,29,0,37 38 39,0,6,,40713,29,,,0,6,,40712,29,0,37 38 39,0,6,,40715,29,,,0,6,,40714,29,0,37 38 39,0,6,,40717,29,,,0,6,,40716,29,0,37 38 39,0,48,,40719,29,,,0,6,,40718,29,0,37 38 39,0,6,,40721,29,,,0,6,,40720,29,0,37 38 39,0,6,,40723,29,,,0,6,,40722,29,0,37 38 39,0,6,,40725,29,,,0,6,,40724,29,0,37 38 39,0,6,,40727,29,,,0,46,,40726,29,0,37 38 39,0,6,,40728,29,0,37 38 39,0,6,,40729,29,0,37 38 39,0,6,,40730,29,0,37 38 39,0,6,,40731,29,0,37 38 39,0,6,,40732,29,0,37 38 39,0,6,,40733,29,0,37 38 39,0,6,,40734,29,0,37 38 39,0,7,,40735,29,0,37 38 39,0,6,,40736,29,0,37 38 39,0,48,,40737,29,0,37 38 39,0,7,,40738,29,0,37 38 39,0,8,,40739,29,0,37 38 39,0,11,,40740,29,0,37 38 39,0,15,,40741,29,0,37 38 39,0,55,,40742,29,0,37 38 39,0,15,,40743,29,0,37 38 39,0,15,,40744,29,0,37 38 39,0,15,,40745,29,0,37 38 39,0,55,,40746,29,0,37 38 39,0,15,,40747,29,0,37 38 39,0,15,,40748,29,0,37 38 39,0,15,,40749,29,0,37 38 39,0,14,,40750,29,0,37 38 39,0,60,,40751,29,0,37 38 39,0,20,,40752,29,0,37 38 39,0,20,,40753,29,0,37 38 39,0,60,,40754,29,0,37 38 39,0,20,,40755,29,0,37 38 39,0,20,,40756,29,0,37 38 39,0,60,,40757,29,0,37 38 39,0,20,,40758,29,0,37 38 39,0,20,,40759,29,0,37 38 39,0,63,,40760,29,0,37 38 39,0,36,,40761,29,0,37 38 39,0
582801,'2',521,,40770,29,0,37 38 39,0,20,,40771,29,0,37 38 39,0,60,,40772,29,0,37 38 39,0,20,,40773,29,0,37 38 39,0,20,,40774,29,0,37 38 39,0,60,,40775,29,0,37 38 39,0,20,,40776,29,0,37 38 39,0,20,,40777,29,0,37 38 39,0,60,,40778,29,0,37 38 39,0,22,,40779,29,0,37 38 39,0,15,,40780,29,0,37 38 39,0,15,,40781,29,0,37 38 39,0,55,,40793,29,0,37 38 39,0,15,,40794,29,0,37 38 39,0,15,,40795,29,0,37 38 39,0,15,,40796,29,0,37 38 39,0,55,,40797,29,0,37 38 39,0,15,,40798,29,0,37 38 39,0,15,,40799,29,0,37 38 39,0,15,,40800,29,0,37 38 39,0,55,,40801,29,0,37 38 39,0,15,,40802,29,0,37 38 39,0,15,,40803,29,0,37 38 39,0,15,,40804,29,0,37 38 39,0,55,,40805,29,0,37 38 39,0,15,,40806,29,0,37 38 39,0,15,,40807,29,0,37 38 39,0,15,,40808,29,0,37 38 39,0,55,,40809,29,0,37 38 39,0,15,,40810,29,0,37 38 39,0,15,,40811,29,0,37 38 39,0,15,,40812,29,0,37 38 39,0,55,,40813,29,0,37 38 39,0,15,,40814,29,0,37 38 39,0,15,,40815,29,0,37 38 39,0,15,,40816,29,0,37 38 39,0,55,,40817,29,0,37 38 39,0,15,,40818,29,0,37 38 39,0,15,,40819,29,0,37 38 39,0,15,,40820,29,0,37 38 39,0,55,,40821,29,0,37 38 39,0,15,,40822,29,0,37 38 39,0,15,,40823,29,0,37 38 39,0,15,,40824,29,0,37 38 39,0,55,,40825,29,0,37 38 39,0,15,,40826,29,0,37 38 39,0,15,,40827,29,0,37 38 39,0,15,,40828,29,0,37 38 39,0,55,,40829,29,0,37 38 39,0,15,,40830,29,0,37 38 39,0,15,,40831,29,0,37 38 39,0,15,,40832,29,0,37 38 39,0,55,,40833,29,0,37 38 39,0,14,,40834,29,0,37 38 39,0,16,,40769,29,0,37 38 39,0,20,,40768,29,0,37 38 39,0,60,,40767,29,0,37 38 39,0,20,,40766,29,0,37 38 39,0,20,,40765,29,0,37 38 39,0,60,,40764,29,0,37 38 39,0,20,,40763,29,0,37 38 39,0,20,,40762,29,0,37 38 39,0,59,,40782,29,0,37 38 39,0,20,,40783,29,0,37 38 39,0,20,,40784,29,0,37 38 39,0,60,,40789,29,0,37 38 39,0,20,,40785,29,0,37 38 39,0,20,,40786,29,0,37 38 39,0,60,,40790,29,0,37 38 39,0,20,,40791,29,0,37 38 39,0,20,,40787,29,0,37 38 39,0,75,,40788,29,0,37 38 39,0,80,,40792,29,0,37 38 39,0
582801,'3',534,,40835,29,0,37 38 39,0,70,,40861,29,0,37 38 39,0,30,,40836,29,0,37 38 39,0,70,,40837,29,0,37 38 39,0,21,,40838,29,0,37 38 39,0,20,,40854,29,0,37 38 39,0,60,,40839,29,0,37 38 39,0,20,,40840,29,0,37 38 39,0,20,,40841,29,0,37 38 39,0,60,,40862,29,0,37 38 39,0,20,,40863,29,0,37 38 39,0,20,,40864,29,0,37 38 39,0,60,,40865,29,0,37 38 39,0,21,,40866,29,0,37 38 39,0,20,,40867,29,0,37 38 39,0,60,,40868,29,0,37 38 39,0,18,,40869,29,0,37 38 39,0,15,,40870,29,0,37 38 39,0,15,,40871,29,0,37 38 39,0,55,,40872,29,0,37 38 39,0,15,,40873,29,0,37 38 39,0,15,,40874,29,0,37 38 39,0,15,,40875,29,0,37 38 39,0,55,,40876,29,0,37 38 39,0,15,,40877,29,0,37 38 39,0,15,,40878,29,0,37 38 39,0,15,,40879,29,0,37 38 39,0,55,,40880,29,0,37 38 39,0,15,,40881,29,0,37 38 39,0,15,,40882,29,0,37 38 39,0,15,,40883,29,0,37 38 39,0,55,,40884,29,0,37 38 39,0,15,,40885,29,0,37 38 39,0,15,,40886,29,0,37 38 39,0,15,,40887,29,0,37 38 39,0,55,,40888,29,0,37 38 39,0,15,,40889,29,0,37 38 39,0,15,,40890,29,0,37 38 39,0,15,,40891,29,0,37 38 39,0,55,,40892,29,0,37 38 39,0,15,,40893,29,0,37 38 39,0,15,,40894,29,0,37 38 39,0,15,,40895,29,0,37 38 39,0,55,,40896,29,0,37 38 39,0,15,,40897,29,0,37 38 39,0,15,,40898,29,0,37 38 39,0,20,,40855,29,0,37 38 39,0,60,,40842,29,0,37 38 39,0,20,,40843,29,0,37 38 39,0,20,,40856,29,0,37 38 39,0,60,,40844,29,0,37 38 39,0,20,,40845,29,0,37 38 39,0,20,,40857,29,0,37 38 39,0,60,,40846,29,0,37 38 39,0,20,,40847,29,0,37 38 39,0,20,,40858,29,0,37 38 39,0,60,,40848,29,0,37 38 39,0,20,,40849,29,0,37 38 39,0,20,,40859,29,0,37 38 39,0,60,,40850,29,0,37 38 39,0,20,,40851,29,0,37 38 39,0,20,,40860,29,0,37 38 39,0,60,,40852,29,0,37 38 39,0,39,,40853,29,0,37 38 39,0
582801,'4',609,,40899,29,0,37 38 39,0,30,,40900,29,0,37 38 39,0,70,,40901,29,0,37 38 39,0,30,,40902,29,0,37 38 39,0,70,,40903,29,0,37 38 39,0,30,,40904,29,0,37 38 39,0,70,,40905,29,0,37 38 39,0,30,,40906,29,0,37 38 39,0,70,,40907,29,0,37 38 39,0,30,,40908,29,0,37 38 39,0,70,,40909,29,0,37 38 39,0,30,,40910,29,0,37 38 39,0,70,,40911,29,0,37 38 39,0,30,,40912,29,0,37 38 39,0,70,,40913,29,0,37 38 39,0,30,,40914,29,0,37 38 39,0,70,,40915,29,0,37 38 39,0,30,,40916,29,0,37 38 39,0,70,,40917,29,0,37 38 39,0,30,,40918,29,0,37 38 39,0,70,,40919,29,0,37 38 39,0,30,,40920,29,0,37 38 39,0,70,,40921,29,0,37 38 39,0,30,,40922,29,0,37 38 39,0,70,,40923,29,0,37 38 39,0,30,,40924,29,0,37 38 39,0,70,,40925,29,0,37 38 39,0,30,,40926,29,0,37 38 39,0,70,,40927,29,0,37 38 39,0,30,,40928,29,0,37 38 39,0,70,,40929,29,0,37 38 39,0
582801,'6',521,,40938,29,0,37 38 39,0,20,,40939,29,0,37 38 39,0,60,,40940,29,0,37 38 39,0,20,,40941,29,0,37 38 39,0,20,,40942,29,0,37 38 39,0,60,,40943,29,0,37 38 39,0,20,,40944,29,0,37 38 39,0,20,,40945,29,0,37 38 39,0,60,,40946,29,0,37 38 39,0,22,,40947,29,0,37 38 39,0,15,,40948,29,0,37 38 39,0,15,,40949,29,0,37 38 39,0,55,,40961,29,0,37 38 39,0,15,,40962,29,0,37 38 39,0,15,,40963,29,0,37 38 39,0,15,,40964,29,0,37 38 39,0,55,,40965,29,0,37 38 39,0,15,,40966,29,0,37 38 39,0,15,,40967,29,0,37 38 39,0,15,,40968,29,0,37 38 39,0,55,,40969,29,0,37 38 39,0,15,,40970,29,0,37 38 39,0,15,,40971,29,0,37 38 39,0,15,,40972,29,0,37 38 39,0,55,,40973,29,0,37 38 39,0,15,,40974,29,0,37 38 39,0,15,,40975,29,0,37 38 39,0,15,,40976,29,0,37 38 39,0,55,,40977,29,0,37 38 39,0,15,,40978,29,0,37 38 39,0,15,,40979,29,0,37 38 39,0,15,,40980,29,0,37 38 39,0,55,,40981,29,0,37 38 39,0,15,,40982,29,0,37 38 39,0,15,,40983,29,0,37 38 39,0,15,,40984,29,0,37 38 39,0,55,,40985,29,0,37 38 39,0,15,,40986,29,0,37 38 39,0,15,,40987,29,0,37 38 39,0,15,,40988,29,0,37 38 39,0,55,,40989,29,0,37 38 39,0,15,,40990,29,0,37 38 39,0,15,,40991,29,0,37 38 39,0,15,,40992,29,0,37 38 39,0,55,,40993,29,0,37 38 39,0,15,,40994,29,0,37 38 39,0,15,,40995,29,0,37 38 39,0,15,,40996,29,0,37 38 39,0,55,,40997,29,0,37 38 39,0,15,,40998,29,0,37 38 39,0,15,,40999,29,0,37 38 39,0,15,,41000,29,0,37 38 39,0,55,,41001,29,0,37 38 39,0,14,,41002,29,0,37 38 39,0,16,,40937,29,0,37 38 39,0,20,,40936,29,0,37 38 39,0,60,,40935,29,0,37 38 39,0,20,,40934,29,0,37 38 39,0,20,,40933,29,0,37 38 39,0,60,,40932,29,0,37 38 39,0,20,,40931,29,0,37 38 39,0,20,,40930,29,0,37 38 39,0,59,,40950,29,0,37 38 39,0,20,,40951,29,0,37 38 39,0,20,,40952,29,0,37 38 39,0,60,,40957,29,0,37 38 39,0,20,,40953,29,0,37 38 39,0,20,,40954,29,0,37 38 39,0,60,,40958,29,0,37 38 39,0,20,,40959,29,0,37 38 39,0,20,,40955,29,0,37 38 39,0,75,,40956,29,0,37 38 39,0,80,,40960,29,0,37 38 39,0
582901,'1601',817,,41339,8,,,0,12,,41338,8,,,0
582901,'1',549,,41340,8,,,0,58,,41341,8,,,0,15,,41342,8,,,0,15,,41343,8,,,0,15,,41344,8,,,0,56,,41345,8,,,0,15,,41346,8,,,0,10,,41347,8,,,0,10,,41348,8,,,0,10,,41349,8,,,0,50,,41350,8,,,0,10,,41351,8,,,0,10,,41352,8,,,0,10,,41353,8,,,0,10,,41354,8,,,0,10,,41355,8,,,0,50,,41356,8,,,0,10,,41357,8,,,0,10,,41358,8,,,0,10,,41359,8,,,0,10,,41360,8,,,0,10,,41361,8,,,0,50,,41362,8,,,0,10,,41363,8,,,0,12,,41364,8,,,0,12,,41365,8,,,0,12,,41366,8,,,0,52,,41367,8,,,0,12,,41368,8,,,0,12,,41369,8,,,0,12,,41370,8,,,0,12,,41371,8,,,0,52,,41372,8,,,0,12,,41373,8,,,0,12,,41374,8,,,0,12,,41375,8,,,0,12,,41376,8,,,0,52,,41377,8,,,0,12,,41378,8,,,0,12,,41379,8,,,0,12,,41380,8,,,0,12,,41381,8,,,0,52,,41382,8,,,0,12,,41383,8,,,0,11,,41384,8,,,0,10,,41385,8,,,0,10,,41386,8,,,0,10,,41387,8,,,0,50,,41388,8,,,0,10,,41389,8,,,0,10,,41390,8,,,0,10,,41391,8,,,0,10,,41392,8,,,0,10,,41393,8,,,0,50,,41394,8,,,0,10,,41395,8,,,0,10,,41396,8,,,0,10,,41397,8,,,0,10,,41398,8,,,0,10,,41399,8,,,0,50,,41400,8,,,0,10,,41401,8,,,0,10,,41402,8,,,0,10,,41403,8,,,0,10,,41404,8,,,0,10,,41405,8,,,0,50,,41406,8,,,0,10,,41407,8,,,0,10,,41408,8,,,0,10,,41409,8,,,0,10,,41410,8,,,0,11,,41411,8,,,0,50,,41412,8,,,0,10,,41413,8,,,0,10,,41414,8,,,0,10,,41415,8,,,0,10,,41416,8,,,0,11,,41417,8,,,0,52,,41418,8,,,0,12,,41419,8,,,0,12,,41420,8,,,0,12,,41421,8,,,0,12,,41422,8,,,0,52,,41423,8,,,0,12,,41424,8,,,0,12,,41425,8,,,0,12,,41426,8,,,0,12,,41427,8,,,0,62,,41428,8,,,0,30,,41429,8,,,0,70,,41430,8,,,0,30,,41431,8,,,0,70,,41432,8,,,0,30,,41434,8,,,0,65,,41433,8,,,0
582901,'2',828,,41522,8,,,0,10,,41519,8,,,0,10,,41518,8,,,0,10,,41517,8,,,0,50,,41516,8,,,0,10,,41515,8,,,0,10,,41514,8,,,0,10,,41513,8,,,0,10,,41512,8,,,0,10,,41511,8,,,0,50,,41510,8,,,0,10,,41509,8,,,0,10,,41508,8,,,0,10,,41507,8,,,0,10,,41506,8,,,0,10,,41505,8,,,0,50,,41504,8,,,0,9,,41503,8,,,0,10,,41502,8,,,0,10,,41501,8,,,0,10,,41500,8,,,0,10,,41499,8,,,0,50,,41498,8,,,0,10,,41497,8,,,0,10,,41496,8,,,0,10,,41495,8,,,0,10,,41494,8,,,0,10,,41493,8,,,0,50,,41492,8,,,0,10,,41491,8,,,0,10,,41490,8,,,0,10,,41489,8,,,0,10,,41488,8,,,0,10,,41487,8,,,0,50,,41486,8,,,0,10,,41485,8,,,0,10,,41484,8,,,0,10,,41483,8,,,0,10,,41482,8,,,0,10,,41481,8,,,0,50,,41480,8,,,0,10,,41479,8,,,0,10,,41478,8,,,0,10,,41477,8,,,0,10,,41476,8,,,0,10,,41475,8,,,0,50,,41474,8,,,0,10,,41473,8,,,0,10,,41472,8,,,0,10,,41471,8,,,0,10,,41470,8,,,0,10,,41469,8,,,0,50,,41468,8,,,0,10,,41467,8,,,0,10,,41466,8,,,0,10,,41465,8,,,0,10,,41464,8,,,0,10,,41463,8,,,0,50,,41462,8,,,0,10,,41461,8,,,0,10,,41460,8,,,0,10,,41459,8,,,0,10,,41458,8,,,0,10,,41457,8,,,0,50,,41456,8,,,0,11,,41455,8,,,0,10,,41454,8,,,0,12,,41453,8,,,0,12,,41452,8,,,0,52,,41451,8,,,0,12,,41450,8,,,0,12,,41449,8,,,0,12,,41448,8,,,0,12,,41447,8,,,0,52,,41446,8,,,0,12,,41445,8,,,0,12,,41444,8,,,0,12,,41443,8,,,0,12,,41442,8,,,0,60,,41441,8,,,0,30,,41440,8,,,0,70,,41439,8,,,0,30,,41438,8,,,0,70,,41437,8,,,0,30,,41436,8,,,0,78,,41435,8,,,0
582901,'3',825,,41525,8,,,0,15,,41526,8,,,0,15,,41527,8,,,0,55,,41528,8,,,0,15,,41529,8,,,0,15,,41530,8,,,0,14,,41531,8,,,0,55,,41532,8,,,0,15,,41533,8,,,0,15,,41534,8,,,0,15,,41535,8,,,0,55,,41536,8,,,0,15,,41537,8,,,0,15,,41538,8,,,0,15,,41539,8,,,0,55,,41540,8,,,0,15,,41541,8,,,0,15,,41542,8,,,0,15,,41543,8,,,0,55,,41544,8,,,0,15,,41545,8,,,0,15,,41546,8,,,0,15,,41547,8,,,0,55,,41548,8,,,0,15,,41549,8,,,0,15,,41550,8,,,0,15,,41551,8,,,0,55,,41552,8,,,0,15,,41553,8,,,0,15,,41554,8,,,0,15,,41555,8,,,0,55,,41556,8,,,0,15,,41557,8,,,0,15,,41558,8,,,0,15,,41559,8,,,0,55,,41560,8,,,0,15,,41561,8,,,0,15,,41562,8,,,0,15,,41563,8,,,0,55,,41564,8,,,0,15,,41565,8,,,0,15,,41566,8,,,0,16,,41567,8,,,0,55,,41568,8,,,0,20,,41569,8,,,0,20,,41570,8,,,0,60,,41571,8,,,0,20,,41572,8,,,0,20,,41573,8,,,0,60,,41574,8,,,0,20,,41575,8,,,0,24,,41576,8,,,0,70,,41577,8,,,0,30,,41578,8,,,0,70,,41579,8,,,0,30,,41580,8,,,0
582901,'4',753,,41581,8,,,0,70,,41582,8,,,0,30,,41583,8,,,0,70,,41584,8,,,0,30,,41585,8,,,0,72,,41586,8,,,0,20,,41587,8,,,0,60,,41588,8,,,0,20,,41589,8,,,0,20,,41590,8,,,0,60,,41591,8,,,0,20,,41592,8,,,0,20,,41593,8,,,0,60,,41594,8,,,0,20,,41595,8,,,0,20,,41596,8,,,0,60,,41597,8,,,0,20,,41598,8,,,0,20,,41599,8,,,0,60,,41600,8,,,0,20,,41601,8,,,0,20,,41602,8,,,0,60,,41603,8,,,0,20,,41604,8,,,0,20,,41605,8,,,0,60,,41606,8,,,0,20,,41607,8,,,0,20,,41608,8,,,0,60,,41609,8,,,0,20,,41610,8,,,0,27,,41611,8,,,0,70,,41612,8,,,0,30,,41613,8,,,0,70,,41614,8,,,0,30,,41615,8,,,0
582901,'6',825,,41618,8,,,0,15,,41619,8,,,0,15,,41620,8,,,0,55,,41621,8,,,0,15,,41622,8,,,0,15,,41623,8,,,0,14,,41624,8,,,0,55,,41625,8,,,0,15,,41626,8,,,0,15,,41627,8,,,0,15,,41628,8,,,0,55,,41629,8,,,0,15,,41630,8,,,0,15,,41631,8,,,0,15,,41632,8,,,0,55,,41633,8,,,0,15,,41634,8,,,0,15,,41635,8,,,0,15,,41636,8,,,0,55,,41637,8,,,0,15,,41638,8,,,0,15,,41639,8,,,0,15,,41640,8,,,0,55,,41641,8,,,0,15,,41642,8,,,0,15,,41643,8,,,0,15,,41644,8,,,0,55,,41645,8,,,0,15,,41646,8,,,0,15,,41647,8,,,0,15,,41648,8,,,0,55,,41649,8,,,0,15,,41650,8,,,0,15,,41651,8,,,0,15,,41652,8,,,0,55,,41653,8,,,0,15,,41654,8,,,0,15,,41655,8,,,0,15,,41656,8,,,0,55,,41657,8,,,0,15,,41658,8,,,0,15,,41659,8,,,0,16,,41660,8,,,0,55,,41661,8,,,0,20,,41662,8,,,0,20,,41663,8,,,0,60,,41664,8,,,0,20,,41665,8,,,0,20,,41666,8,,,0,60,,41667,8,,,0,20,,41668,8,,,0,24,,41669,8,,,0,70,,41670,8,,,0,30,,41671,8,,,0,70,,41672,8,,,0,30,,41673,8,,,0
