578201,'1',523,,30350,41,,,0,20,,30336,41,,,0,60,,30349,41,,,0,20,,30348,41,,,0,20,,30351,41,,,0,60,,30352,41,,,0,20,,30353,41,,,0,20,,30354,41,,,0,60,,30355,41,,,0,20,,30356,41,,,0,20,,30357,41,,,0,60,,30358,41,,,0,20,,30359,41,,,0,20,,30360,41,,,0,60,,30361,41,,,0,20,,30362,41,,,0,21,,30363,41,,,0,60,,30364,41,,,0,20,,30365,41,,,0,20,,30366,41,,,0,60,,30367,41,,,0,20,,30368,41,,,0,20,,30369,41,,,0,60,,30370,41,,,0,20,,30371,41,,,0,20,,30372,41,,,0,60,,30373,41,,,0,20,,30374,41,,,0,19,,30375,41,,,0,60,,30376,41,,,0,20,,30377,41,,,0,20,,30378,41,,,0,60,,30379,41,,,0,20,,30380,41,,,0,20,,30381,41,,,0,60,,30382,41,,,0,20,,30383,41,,,0,20,,30384,41,,,0,60,,30385,41,,,0,25,,30386,41,,,0,30,,30337,41,,,0,70,,30338,41,,,0,31,,30339,41,,,0,70,,30340,41,,,0,30,,30341,41,,,0,70,,30342,41,,,0,30,,30343,41,,,0,71,,30344,41,,,0,70,,30345,41,,,0,30,,30335,41,,,0,70,,30346,41,,,0,40,,30334,41,,,0,65,,30347,41,,,0
578201,'2',603,,30388,41,,,0,30,,30389,41,,,0,70,,30390,41,,,0,30,,30391,41,,,0,70,,30392,41,,,0,29,,30393,41,,,0,69,,30394,41,,,0,27,,30395,41,,,0,20,,30396,41,,,0,60,,30397,41,,,0,20,,30398,41,,,0,20,,30399,41,,,0,60,,30400,41,,,0,20,,30401,41,,,0,20,,30402,41,,,0,60,,30403,41,,,0,20,,30404,41,,,0,20,,30405,41,,,0,60,,30406,41,,,0,20,,30407,41,,,0,20,,30408,41,,,0,60,,30409,41,,,0,20,,30410,41,,,0,20,,30411,41,,,0,60,,30412,41,,,0,20,,30413,41,,,0,20,,30414,41,,,0,60,,30415,41,,,0,20,,30416,41,,,0,20,,30417,41,,,0,60,,30418,41,,,0,25,,30419,41,,,0,70,,30420,41,,,0,30,,30421,41,,,0,70,,30422,41,,,0,30,,30423,41,,,0,70,,30424,41,,,0,30,,30425,41,,,0,70,,30426,41,,,0,30,,30427,41,,,0,70,,30428,41,,,0,32,,30429,41,,,0,70,,30430,41,,,0,30,,30431,41,,,0,70,,30432,41,,,0,50,,30433,41,,,0
578201,'3',627,,30469,41,,,0,75,,30468,41,,,0,30,,30467,41,,,0,70,,30466,41,,,0,30,,30465,41,,,0,70,,30464,41,,,0,29,,30463,41,,,0,70,,30462,41,,,0,30,,30461,41,,,0,70,,30460,41,,,0,30,,30459,41,,,0,70,,30458,41,,,0,30,,30457,41,,,0,70,,30456,41,,,0,30,,30455,41,,,0,70,,30454,41,,,0,30,,30453,41,,,0,70,,30452,41,,,0,30,,30451,41,,,0,70,,30450,41,,,0,30,,30449,41,,,0,70,,30448,41,,,0,30,,30447,41,,,0,70,,30446,41,,,0,30,,30445,41,,,0,70,,30444,41,,,0,30,,30443,41,,,0,70,,30442,41,,,0,32,,30441,41,,,0,70,,30440,41,,,0,30,,30439,41,,,0,70,,30438,41,,,0,30,,30437,41,,,0,70,,30436,41,,,0,30,,30435,41,,,0,70,,30434,41,,,0
578201,'4',705,,30471,41,,,0,40,,30472,41,,,0,80,,30473,41,,,0,80,,30474,41,,,0,40,,30475,41,,,0,80,,30476,41,,,0,80,,30477,41,,,0,40,,30478,41,,,0,80,,30479,41,,,0,80,,30480,41,,,0,40,,30481,41,,,0,80,,30482,41,,,0,105,,30483,41,,,0,100,,30484,41,,,0,100,,30485,41,,,0,100,,30486,41,,,0,100,,30487,41,,,0,100,,30488,41,,,0,90,,30489,41,,,0
578201,'6',627,,30525,41,,,0,75,,30524,41,,,0,30,,30523,41,,,0,70,,30522,41,,,0,30,,30521,41,,,0,70,,30520,41,,,0,29,,30519,41,,,0,70,,30518,41,,,0,30,,30517,41,,,0,70,,30516,41,,,0,30,,30515,41,,,0,70,,30514,41,,,0,30,,30513,41,,,0,70,,30512,41,,,0,30,,30511,41,,,0,70,,30510,41,,,0,30,,30509,41,,,0,70,,30508,41,,,0,30,,30507,41,,,0,70,,30506,41,,,0,30,,30505,41,,,0,70,,30504,41,,,0,30,,30503,41,,,0,70,,30502,41,,,0,30,,30501,41,,,0,70,,30500,41,,,0,30,,30499,41,,,0,70,,30498,41,,,0,32,,30497,41,,,0,70,,30496,41,,,0,30,,30495,41,,,0,70,,30494,41,,,0,30,,30493,41,,,0,70,,30492,41,,,0,30,,30491,41,,,0,70,,30490,41,,,0
583001,'1601',855,,41956,68,,,0,760,,41951,56,,,0
583001,'1',525,,41985,68,,,0,30,,41984,68,,,0,80,,41991,68,,,0,70,,41988,68,,,0,32,,41989,68,,,0,70,,41978,68,,,0,30,,41977,68,,,0,70,,41976,68,,,0,30,,41975,68,,,0,75,,41993,68,,,0,41,,42012,68,,,0,80,,41996,68,,,0,80,,41998,68,,,0,40,,42000,68,,,0,80,,42002,68,,,0,80,,41987,68,,,0,32,,41974,68,,,0,70,,41973,68,,,0,30,,41972,68,,,0,70,,41971,68,,,0,30,,41970,68,,,0,70,,41969,68,,,0,30,,41968,68,,,0,70,,41967,68,,,0,30,,41957,68,,,0,70,,42005,68,,,0,33,,42007,68,,,0,80,,42009,68,,,0,80,,42026,68,,,0,40,,42024,68,,,0,80,,42022,68,,,0,76,,42020,68,,,0,40,,42018,68,,,0,80,,42016,68,,,0,80,,42014,68,,,0
583001,'2',545,,42082,68,,,0,111,,42080,68,,,0,100,,42078,68,,,0,100,,42075,48,,,0,80,,42074,68,,,0,80,,42072,68,,,0,40,,42070,68,,,0,80,,42068,68,,,0,80,,42066,68,,,0,40,,42064,68,,,0,80,,42062,68,,,0,80,,42060,68,,,0,40,,42058,68,,,0,80,,42056,68,,,0,80,,42054,68,,,0,40,,42052,68,,,0,80,,42050,68,,,0,80,,42048,68,,,0,40,,42046,68,,,0,80,,42044,68,,,0,74,,42042,68,,,0,40,,42040,68,,,0,80,,42038,68,,,0,80,,42036,68,,,0,39,,42034,68,,,0,80,,42032,68,,,0,81,,42030,68,,,0,40,,42028,68,,,0
583001,'3',642,,42111,68,,,0,160,,42112,68,,,0,120,,42103,68,,,0,80,,42099,68,,,0,43,,42100,68,,,0,80,,42098,68,,,0,80,,42095,68,,,0,40,,42106,68,,,0,80,,42090,68,,,0,80,,42108,68,,,0,40,,42107,68,,,0,80,,42092,68,,,0,80,,42109,68,,,0,40,,42091,68,,,0,80,,42104,68,,,0,80,,42102,68,,,0,40,,42101,68,,,0,80,,42105,68,,,0,82,,42110,68,,,0,40,,42094,68,,,0,80,,42093,68,,,0,100,,42085,68,,,0,99,,42084,68,,,0
583001,'4',656,,42130,68,,,0,100,,42132,68,,,0,100,,42134,68,,,0,100,,42136,68,,,0,100,,42138,68,,,0,100,,42140,68,,,0,100,,42142,68,,,0,100,,42144,68,,,0,100,,42146,68,,,0,100,,42148,68,,,0,100,,42150,68,,,0,100,,42152,68,,,0,100,,42154,68,,,0,100,,42156,68,,,0,100,,42158,68,,,0
583001,'6',545,,42217,68,,,0,111,,42215,68,,,0,100,,42213,68,,,0,100,,42210,48,,,0,80,,42209,68,,,0,80,,42207,68,,,0,40,,42205,68,,,0,80,,42203,68,,,0,80,,42201,68,,,0,40,,42199,68,,,0,80,,42197,68,,,0,80,,42195,68,,,0,40,,42193,68,,,0,80,,42191,68,,,0,80,,42189,68,,,0,40,,42187,68,,,0,80,,42185,68,,,0,80,,42183,68,,,0,40,,42181,68,,,0,80,,42179,68,,,0,74,,42177,68,,,0,40,,42175,68,,,0,80,,42173,68,,,0,80,,42171,68,,,0,39,,42169,68,,,0,80,,42167,68,,,0,81,,42165,68,,,0,40,,42163,68,,,0
