582800,'1',447,,40216,17,,,0,63,,40217,17,,,0,14,,40218,17,,,0,14,,40219,17,,,0,14,,40220,17,,,0,50,,40221,17,,,0,10,,40222,17,,,0,10,,40223,17,,,0,10,,40224,17,,,0,10,,40225,17,,,0,10,,40226,17,,,0,50,,40227,17,,,0,10,,40228,17,,,0,9,,40229,48,,,0,7,,40230,17,,,0,8,,40231,48,,,0,7,,40232,17,,,0,8,,40233,48,,,0,7,,40234,17,,,0,48,,40235,48,,,0,7,,40236,17,,,0,8,,40237,48,,,0,7,,40238,17,,,0,8,,40239,48,,,0,7,,40240,17,,,0,8,,40241,48,,,0,7,,40242,17,,,0,48,,40243,48,,,0,7,,40244,17,,,0,7,,40245,48,,,0,6,,40246,17,,,0,6,,40247,48,,,0,6,,40248,17,,,0,6,,40249,48,,,0,6,,40250,17,,,0,6,,40251,48,,,0,46,,40252,17,,,0,6,,40253,48,,,0,6,,40254,17,,,0,6,,40255,48,,,0,6,,40256,17,,,0,6,,40257,48,,,0,6,,40258,17,,,0,6,,40259,48,,,0,6,,40260,17,,,0,6,,40261,48,,,0,46,,40262,17,,,0,6,,40263,48,,,0,6,,40264,17,,,0,6,,40265,48,,,0,6,,40266,17,,,0,6,,40267,48,,,0,6,,40268,17,,,0,6,,40269,48,,,0,6,,40270,17,,,0,6,,40271,48,,,0,46,,40272,17,,,0,6,,40273,48,,,0,6,,40274,17,,,0,6,,40275,48,,,0,6,,40276,17,,,0,6,,40277,48,,,0,6,,40278,17,,,0,6,,40279,48,,,0,6,,40280,17,,,0,6,,40281,48,,,0,46,,40282,17,,,0,6,,40283,48,,,0,6,,40284,17,,,0,6,,40285,48,,,0,6,,40286,17,,,0,6,,40287,48,,,0,6,,40288,17,,,0,6,,40289,48,,,0,6,,40290,17,,,0,6,,40291,48,,,0,46,,40292,17,,,0,6,,40293,48,,,0,6,,40294,17,,,0,6,,40295,48,,,0,6,,40296,17,,,0,6,,40297,48,,,0,5,,40298,17,,,0,7,,40299,48,,,0,6,,40300,17,,,0,6,,40301,48,,,0,46,,40302,17,,,0,6,,40303,48,,,0,6,,40304,17,,,0,6,,40305,48,,,0,6,,40306,17,,,0,6,,40307,48,,,0,6,,40308,17,,,0,6,,40309,48,,,0,6,,40310,17,,,0,6,,40311,48,,,0,46,,40312,17,,,0,6,,40313,48,,,0,7,,40314,17,,,0,6,,40315,48,,,0,6,,40316,17,,,0,6,,40317,48,,,0,6,,40318,17,,,0,6,,40319,48,,,0,6,,40320,17,,,0,6,,40321,48,,,0,46,,40322,17,,,0,6,,40323,48,,,0,6,,40324,17,,,0,6,,40325,48,,,0,6,,40326,17,,,0,6,,40327,48,,,0,6,,40328,17,,,0,6,,40329,48,,,0,6,,40330,17,,,0,6,,40331,48,,,0,46,,40332,17,,,0,6,,40333,48,,,0,6,,40334,17,,,0,6,,40335,48,,,0,6,,40336,17,,,0,6,,40337,48,,,0,6,,40338,17,,,0,6,,40215,48,,,0,5,,40340,17,,,0,7,,40339,48,,,0,45,,40342,17,,,0,7,,40341,48,,,0,9,,40343,17,,,0,10,,40344,17,,,0,15,,40345,17,,,0,15,,40346,17,,,0,55,,40347,17,,,0,15,,40348,17,,,0,15,,40349,17,,,0,15,,40350,17,,,0,55,,40351,17,,,0,15,,40352,17,,,0,15,,40353,17,,,0,15,,40354,17,,,0,55,,40355,17,,,0,20,,40356,17,,,0,20,,40357,17,,,0,60,,40358,17,,,0,20,,40359,17,,,0,20,,40360,17,,,0,60,,40361,17,,,0,20,,40362,17,,,0,20,,40363,17,,,0,60,,40364,17,,,0,18,,40365,17,,,0
582800,'2',514,,40372,17,,,0,20,,40373,17,,,0,20,,40374,17,,,0,60,,40375,17,,,0,20,,40376,17,,,0,20,,40377,17,,,0,60,,40378,17,,,0,15,,40379,17,,,0,15,,40380,17,,,0,15,,40381,17,,,0,56,,40382,17,,,0,15,,40383,17,,,0,15,,40384,17,,,0,55,,40385,17,,,0,15,,40386,17,,,0,15,,40398,17,,,0,15,,40399,17,,,0,55,,40400,17,,,0,15,,40401,17,,,0,15,,40402,17,,,0,15,,40403,17,,,0,55,,40404,17,,,0,15,,40405,17,,,0,15,,40406,17,,,0,15,,40407,17,,,0,55,,40408,17,,,0,15,,40409,17,,,0,15,,40410,17,,,0,15,,40411,17,,,0,55,,40412,17,,,0,15,,40413,17,,,0,15,,40414,17,,,0,15,,40415,17,,,0,55,,40416,17,,,0,15,,40417,17,,,0,15,,40418,17,,,0,15,,40419,17,,,0,55,,40420,17,,,0,15,,40421,17,,,0,15,,40422,17,,,0,15,,40423,17,,,0,55,,40424,17,,,0,15,,40425,17,,,0,15,,40426,17,,,0,15,,40427,17,,,0,55,,40428,17,,,0,15,,40429,17,,,0,15,,40430,17,,,0,15,,40431,17,,,0,55,,40432,17,,,0,15,,40433,17,,,0,15,,40434,17,,,0,15,,40435,17,,,0,55,,40436,17,,,0,15,,40437,17,,,0,15,,40438,17,,,0,15,,40439,17,,,0,55,,40440,17,,,0,15,,40371,17,,,0,20,,40370,17,,,0,20,,40369,17,,,0,60,,40368,17,,,0,20,,40367,17,,,0,20,,40366,17,,,0,60,,40387,17,,,0,20,,40394,17,,,0,20,,40388,17,,,0,60,,40389,17,,,0,20,,40395,17,,,0,20,,40390,17,,,0,60,,40391,17,,,0,20,,40396,17,,,0,20,,40392,17,,,0,60,,40397,17,,,0,20,,40393,17,,,0
582800,'3',515,,40441,17,,,0,30,,40442,17,,,0,70,,40443,17,,,0,30,,40444,17,,,0,70,,40445,17,,,0,25,,40468,17,,,0,60,,40446,17,,,0,20,,40447,17,,,0,20,,40448,17,,,0,60,,40449,17,,,0,20,,40450,17,,,0,20,,40470,17,,,0,60,,40471,17,,,0,21,,40472,17,,,0,20,,40473,17,,,0,60,,40474,17,,,0,15,,40475,17,,,0,15,,40469,17,,,0,15,,40476,17,,,0,55,,40477,17,,,0,15,,40478,17,,,0,15,,40479,17,,,0,15,,40480,17,,,0,55,,40481,17,,,0,15,,40482,17,,,0,15,,40483,17,,,0,15,,40484,17,,,0,55,,40485,17,,,0,15,,40486,17,,,0,15,,40487,17,,,0,15,,40488,17,,,0,55,,40489,17,,,0,15,,40490,17,,,0,15,,40491,17,,,0,15,,40492,17,,,0,55,,40493,17,,,0,15,,40494,17,,,0,15,,40495,17,,,0,15,,40496,17,,,0,55,,40497,17,,,0,15,,40498,17,,,0,15,,40499,17,,,0,15,,40500,17,,,0,55,,40501,17,,,0,15,,40502,17,,,0,20,,40503,17,,,0,20,,40451,17,,,0,60,,40452,17,,,0,20,,40463,17,,,0,20,,40453,17,,,0,60,,40454,17,,,0,20,,40464,17,,,0,20,,40455,17,,,0,60,,40456,17,,,0,20,,40465,17,,,0,20,,40457,17,,,0,58,,40458,17,,,0,20,,40466,17,,,0,20,,40459,17,,,0,60,,40460,17,,,0,20,,40467,17,,,0,20,,40461,17,,,0,60,,40462,17,,,0
582800,'4',544,,40504,17,,,0,70,,40505,17,,,0,30,,40506,17,,,0,70,,40507,17,,,0,30,,40508,17,,,0,70,,40509,17,,,0,30,,40510,17,,,0,70,,40511,17,,,0,30,,40512,17,,,0,70,,40513,17,,,0,30,,40514,17,,,0,70,,40515,17,,,0,30,,40516,17,,,0,70,,40517,17,,,0,30,,40518,17,,,0,70,,40519,17,,,0,30,,40520,17,,,0,70,,40521,17,,,0,30,,40522,17,,,0,70,,40523,17,,,0,30,,40524,17,,,0,70,,40525,17,,,0,30,,40526,17,,,0,70,,40527,17,,,0,30,,40528,17,,,0,70,,40529,17,,,0,30,,40530,17,,,0,70,,40531,17,,,0,30,,40532,17,,,0,70,,40533,17,,,0,30,,40534,17,,,0,70,,40535,17,,,0
582800,'6',514,,40542,17,,,0,20,,40543,17,,,0,20,,40544,17,,,0,60,,40545,17,,,0,20,,40546,17,,,0,20,,40547,17,,,0,60,,40548,17,,,0,15,,40549,17,,,0,15,,40550,17,,,0,15,,40551,17,,,0,56,,40552,17,,,0,15,,40553,17,,,0,15,,40554,17,,,0,55,,40555,17,,,0,15,,40556,17,,,0,15,,40568,17,,,0,15,,40569,17,,,0,55,,40570,17,,,0,15,,40571,17,,,0,15,,40572,17,,,0,15,,40573,17,,,0,55,,40574,17,,,0,15,,40575,17,,,0,15,,40576,17,,,0,15,,40577,17,,,0,55,,40578,17,,,0,15,,40579,17,,,0,15,,40580,17,,,0,15,,40581,17,,,0,55,,40582,17,,,0,15,,40583,17,,,0,15,,40584,17,,,0,15,,40585,17,,,0,55,,40586,17,,,0,15,,40587,17,,,0,15,,40588,17,,,0,15,,40589,17,,,0,55,,40590,17,,,0,15,,40591,17,,,0,15,,40592,17,,,0,15,,40593,17,,,0,55,,40594,17,,,0,15,,40595,17,,,0,15,,40596,17,,,0,15,,40597,17,,,0,55,,40598,17,,,0,15,,40599,17,,,0,15,,40600,17,,,0,15,,40601,17,,,0,55,,40602,17,,,0,15,,40603,17,,,0,15,,40604,17,,,0,15,,40605,17,,,0,55,,40606,17,,,0,15,,40607,17,,,0,15,,40608,17,,,0,15,,40609,17,,,0,55,,40610,17,,,0,15,,40541,17,,,0,20,,40540,17,,,0,20,,40539,17,,,0,60,,40538,17,,,0,20,,40537,17,,,0,20,,40536,17,,,0,60,,40557,17,,,0,20,,40564,17,,,0,20,,40558,17,,,0,60,,40559,17,,,0,20,,40565,17,,,0,20,,40560,17,,,0,60,,40561,17,,,0,20,,40566,17,,,0,20,,40562,17,,,0,60,,40567,17,,,0,20,,40563,17,,,0
583000,'1',549,,41714,21,,,0,75,,41710,21,,,0,80,,41707,21,,,0,30,,41706,21,,,0,70,,41705,21,,,0,30,,41704,21,,,0,70,,41703,21,,,0,30,,41708,21,,,0,70,,41748,21,,,0,40,,41746,21,,,0,80,,41717,21,,,0,80,,41719,21,,,0,40,,41721,21,,,0,79,,41723,21,,,0,80,,41698,21,,,0,45,,41689,21,,,0,70,,41688,21,,,0,30,,41687,21,,,0,70,,41686,21,,,0,30,,41685,21,,,0,70,,41684,21,,,0,30,,41683,21,,,0,70,,41681,21,,,0,84,,41726,21,,,0,20,,41727,21,,,0,80,,41744,21,,,0,20,,41743,21,,,0,80,,41741,21,,,0,40,,41739,21,,,0,84,,41737,21,,,0,100,,41734,21,,,0,80,,41732,21,,,0,40,,41730,21,,,0,80,,41728,21,,,0
583000,'2',613,,41807,21,,,0,110,,41805,21,,,0,108,,41754,21,,,0,100,,41802,21,,,0,80,,41800,21,,,0,40,,41798,21,,,0,80,,41796,21,,,0,80,,41794,21,,,0,40,,41792,21,,,0,80,,41790,21,,,0,80,,41788,21,,,0,40,,41786,21,,,0,80,,41784,21,,,0,80,,41782,21,,,0,40,,41780,21,,,0,80,,41778,21,,,0,80,,41776,21,,,0,35,,41774,21,,,0,83,,41772,21,,,0,80,,41770,21,,,0,40,,41768,21,,,0,80,,41766,21,,,0,107,,41763,21,,,0,80,,41761,21,,,0,40,,41759,21,,,0,80,,41757,21,,,0
583000,'3',710,,41841,21,,,0,120,,41849,21,,,0,119,,41824,21,,,0,85,,41846,21,,,0,80,,41847,21,,,0,40,,41834,21,,,0,80,,41817,21,,,0,80,,41837,21,,,0,40,,41839,21,,,0,80,,41820,21,,,0,80,,41842,21,,,0,40,,41854,21,,,0,80,,41852,21,,,0,80,,41843,21,,,0,40,,41856,21,,,0,77,,41830,21,,,0,80,,41819,21,,,0,40,,41857,21,,,0,80,,41831,21,,,0,80,,41829,21,,,0,44,,41858,21,,,0,95,,41813,21,,,0,150,,41812,21,,,0
583000,'4',720,,41888,21,,,0,100,,41887,21,,,0,100,,41886,21,,,0,100,,41885,21,,,0,100,,41884,21,,,0,100,,41883,21,,,0,100,,41868,21,,,0,100,,41866,21,,,0,100,,41865,21,,,0,100,,41864,21,,,0,100,,41863,21,,,0,100,,41862,21,,,0,100,,41861,21,,,0,100,,41860,21,,,0
583000,'6',613,,41943,21,,,0,110,,41941,21,,,0,108,,41890,21,,,0,100,,41938,21,,,0,80,,41936,21,,,0,40,,41934,21,,,0,80,,41932,21,,,0,80,,41930,21,,,0,40,,41928,21,,,0,80,,41926,21,,,0,80,,41924,21,,,0,40,,41922,21,,,0,80,,41920,21,,,0,80,,41918,21,,,0,40,,41916,21,,,0,80,,41914,21,,,0,80,,41912,21,,,0,35,,41910,21,,,0,83,,41908,21,,,0,80,,41906,21,,,0,40,,41904,21,,,0,80,,41902,21,,,0,107,,41899,21,,,0,80,,41897,21,,,0,40,,41895,21,,,0,80,,41893,21,,,0
