578100,'1',644,,29782,41,4,,0,58,,29783,41,4,,0,15,,29784,41,4,,0,15,,29785,41,4,,0,15,,29786,41,4,,0,55,,29787,41,4,,0,15,,29788,41,4,,0,15,,29789,41,4,,0,15,,29790,41,4,,0,55,,29791,41,4,,0,15,,29792,41,4,,0,14,,29793,41,4,,0,70,,29794,41,4,,0,30,,29795,41,4,,0,70,,29796,41,4,,0,30,,29797,41,4,,0,70,,29798,41,4,,0,30,,29799,41,4,,0,70,,29800,41,4,,0,30,,29801,41,4,,0,70,,29802,41,4,,0,25,,29803,41,4,,0,15,,29804,41,4,,0,15,,29805,41,4,,0,55,,29806,41,4,,0,16,,29807,41,4,,0,15,,29808,41,4,,0,15,,29809,41,4,,0,55,,29810,41,4,,0,15,,29811,41,4,,0,15,,29812,41,4,,0,15,,29813,41,4,,0,55,,29814,41,4,,0,15,,29815,41,4,,0,15,,29816,41,4,,0,15,,29817,41,4,,0,55,,29834,41,4,,0,25,,29818,41,4,,0,22,,29819,41,4,,0,70,,29820,41,4,,0,30,,29821,41,4,,0,70,,29822,41,4,,0,30,,29823,41,4,,0,70,,29824,41,4,,0,28,,29825,41,4,,0,70,,29826,41,4,,0,30,,29827,41,4,,0,70,,29828,41,4,,0,30,,29829,41,4,,0,70,,29830,41,4,,0,30,,29831,41,4,,0,70,,29832,41,4,,0,20,,29833,41,4,,0
578100,'2',656,,29848,41,4,,0,70,,29849,41,4,,0,30,,29839,41,4,,0,70,,29840,41,4,,0,30,,29841,41,4,,0,70,,29842,41,4,,0,78,,29845,41,4,,0,30,,29846,41,4,,0,80,,29847,41,4,,0,30,,29843,41,4,,0,70,,29844,41,4,,0,30,,29838,41,4,,0,70,,29852,41,4,,0,30,,29850,41,4,,0,70,,29851,41,4,,0,30,,29855,41,4,,0,70,,29856,41,4,,0,30,,29853,41,4,,0,70,,29854,41,4,,0,30,,29858,41,4,,0,70,,29857,41,4,,0,30,,29859,41,4,,0,70,,29864,41,4,,0,23,,29860,41,4,,0,70,,29863,41,4,,0,30,,29861,41,4,,0,70,,29865,41,4,,0,30,,29862,41,4,,0,70,,29835,41,4,,0,30,,29836,41,4,,0,69,,29837,41,4,,0,30,,29866,41,4,,0,70,,29867,41,4,,0,30,,29868,41,4,,0,70,,29869,41,4,,0,30,,29870,41,4,,0,70,,29871,41,4,,0,40,,29872,41,4,,0
578100,'3',855,,29892,41,4,,0,70,,29891,41,4,,0,30,,29890,41,4,,0,70,,29889,41,4,,0,30,,29888,41,4,,0,70,,29887,41,4,,0,30,,29886,41,4,,0,74,,29885,41,4,,0,30,,29884,41,4,,0,70,,29883,41,4,,0,30,,29882,41,4,,0,70,,29881,41,4,,0,30,,29880,41,4,,0,70,,29879,41,4,,0,30,,29878,41,4,,0,70,,29877,41,4,,0,30,,29876,41,4,,0,70,,29875,41,4,,0,30,,29874,41,4,,0,70,,29873,41,4,,0,30,,29893,41,4,,0,70,,29894,41,4,,0,30,,29895,41,4,,0,66,,29896,41,4,,0,30,,29897,41,4,,0,70,,29898,41,4,,0,30,,29899,41,4,,0,70,,29900,41,4,,0,30,,29901,41,4,,0,70,,29902,41,4,,0,30,,29903,41,4,,0,70,,29904,41,4,,0
578100,'4',853,,29905,41,4,,0,70,,29906,41,4,,0,30,,29907,41,4,,0,70,,29908,41,4,,0,30,,29909,41,4,,0,70,,29910,41,4,,0,30,,29911,41,4,,0,70,,29912,41,4,,0,30,,29913,41,4,,0,70,,29914,41,4,,0,30,,29915,41,4,,0,70,,29916,41,4,,0,30,,29917,41,4,,0,70,,29918,41,4,,0,30,,29919,41,4,,0,70,,29920,41,4,,0,30,,29921,41,4,,0,70,,29922,41,4,,0,30,,29923,41,4,,0,70,,29924,41,4,,0,30,,29925,41,4,,0,70,,29926,41,4,,0,100,,29927,41,4,,0,100,,29928,41,4,,0
578100,'6',855,,29948,41,4,,0,70,,29947,41,4,,0,30,,29946,41,4,,0,70,,29945,41,4,,0,30,,29944,41,4,,0,70,,29943,41,4,,0,30,,29942,41,4,,0,74,,29941,41,4,,0,30,,29940,41,4,,0,70,,29939,41,4,,0,30,,29938,41,4,,0,70,,29937,41,4,,0,30,,29936,41,4,,0,70,,29935,41,4,,0,30,,29934,41,4,,0,70,,29933,41,4,,0,30,,29932,41,4,,0,70,,29931,41,4,,0,30,,29930,41,4,,0,70,,29929,41,4,,0,30,,29949,41,4,,0,70,,29950,41,4,,0,30,,29951,41,4,,0,66,,29952,41,4,,0,30,,29953,41,4,,0,70,,29954,41,4,,0,30,,29955,41,4,,0,70,,29956,41,4,,0,30,,29957,41,4,,0,70,,29958,41,4,,0,30,,29959,41,4,,0,70,,29960,41,4,,0
578101,'1',541,,29961,1,,,0,70,,29962,1,,,0,30,,29963,1,,,0,65,,29964,1,,,0,15,,29965,1,,,0,15,,29966,1,,,0,15,,29967,1,,,0,55,,29968,1,,,0,15,,29969,1,,,0,15,,29970,1,,,0,15,,29971,1,,,0,55,,29972,1,,,0,15,,29973,1,,,0,15,,29974,1,,,0,15,,29975,1,,,0,70,,29976,1,,,0,30,,29977,1,,,0,70,,29978,1,,,0,30,,29979,1,,,0,70,,29980,1,,,0,30,,29981,1,,,0,70,,29982,1,,,0,30,,29983,1,,,0,60,,29984,1,,,0,15,,29985,1,,,0,15,,29986,1,,,0,15,,29987,1,,,0,55,,29988,1,,,0,15,,29989,1,,,0,15,,29990,1,,,0,15,,29991,1,,,0,55,,29992,1,,,0,15,,29993,1,,,0,15,,29994,1,,,0,15,,29995,1,,,0,55,,29996,1,,,0,15,,29997,1,,,0,15,,29998,1,,,0,18,,29999,1,,,0,70,,30000,1,,,0,30,,30001,1,,,0,70,,30002,1,,,0,30,,30003,1,,,0,70,,30004,1,,,0,30,,30005,1,,,0,70,,30006,1,,,0,30,,30007,1,,,0,70,,30008,1,,,0,30,,30009,1,,,0,70,,30010,1,,,0,30,,30011,1,,,0,70,,30012,1,,,0,20,,30013,1,,,0
578101,'2',600,,30017,1,,,0,30,,30043,1,,,0,70,,30015,1,,,0,30,,30016,1,,,0,70,,30041,1,,,0,30,,30042,1,,,0,70,,30018,1,,,0,30,,30021,1,,,0,70,,30019,1,,,0,30,,30020,1,,,0,70,,30022,1,,,0,30,,30024,1,,,0,70,,30026,1,,,0,30,,30023,1,,,0,70,,30034,1,,,0,30,,30025,1,,,0,70,,30040,1,,,0,30,,30029,1,,,0,70,,30027,1,,,0,30,,30028,1,,,0,70,,30032,1,,,0,30,,30030,1,,,0,70,,30031,1,,,0,30,,30039,1,,,0,70,,30045,1,,,0,30,,30044,1,,,0,70,,30038,1,,,0,30,,30037,1,,,0,70,,30014,1,,,0,30,,30036,1,,,0,70,,30033,1,,,0,30,,30035,1,,,0,70,,30046,1,,,0,30,,30047,1,,,0,70,,30048,1,,,0,30,,30049,1,,,0,70,,30050,1,,,0,30,,30051,1,,,0,70,,30052,1,,,0
578101,'3',900,,30072,1,,,0,30,,30071,1,,,0,70,,30070,1,,,0,30,,30069,1,,,0,70,,30068,1,,,0,30,,30067,1,,,0,70,,30066,1,,,0,30,,30065,1,,,0,25,,30064,1,,,0,70,,30063,1,,,0,30,,30062,1,,,0,70,,30061,1,,,0,30,,30060,1,,,0,70,,30059,1,,,0,30,,30058,1,,,0,70,,30057,1,,,0,30,,30056,1,,,0,70,,30055,1,,,0,30,,30054,1,,,0,70,,30053,1,,,0,30,,30073,1,,,0,70,,30074,1,,,0,30,,30075,1,,,0,75,,30076,1,,,0,70,,30077,1,,,0,30,,30078,1,,,0,70,,30079,1,,,0,30,,30080,1,,,0,70,,30081,1,,,0,30,,30082,1,,,0
578101,'4',855,,30083,1,,,0,70,,30084,1,,,0,30,,30085,1,,,0,70,,30086,1,,,0,30,,30087,1,,,0,70,,30088,1,,,0,30,,30089,1,,,0,70,,30090,1,,,0,30,,30091,1,,,0,70,,30092,1,,,0,30,,30093,1,,,0,70,,30094,1,,,0,30,,30095,1,,,0,70,,30096,1,,,0,30,,30097,1,,,0,70,,30098,1,,,0,30,,30099,1,,,0,70,,30100,1,,,0,30,,30101,1,,,0,70,,30102,1,,,0,30,,30103,1,,,0,70,,30104,1,,,0,100,,30105,1,,,0
578101,'6',900,,30125,1,,,0,30,,30124,1,,,0,70,,30123,1,,,0,30,,30122,1,,,0,70,,30121,1,,,0,30,,30120,1,,,0,70,,30119,1,,,0,30,,30118,1,,,0,25,,30117,1,,,0,70,,30116,1,,,0,30,,30115,1,,,0,70,,30114,1,,,0,30,,30113,1,,,0,70,,30112,1,,,0,30,,30111,1,,,0,70,,30110,1,,,0,30,,30109,1,,,0,70,,30108,1,,,0,30,,30107,1,,,0,70,,30106,1,,,0,30,,30126,1,,,0,70,,30127,1,,,0,30,,30128,1,,,0,75,,30129,1,,,0,70,,30130,1,,,0,30,,30131,1,,,0,70,,30132,1,,,0,30,,30133,1,,,0,70,,30134,1,,,0,30,,30135,1,,,0
