578300,'1',518,,30534,19,0,27 28,0,32,,30537,19,0,27 28,0,70,,30541,19,0,27 28,0,29,,30545,19,0,27 28,0,70,,30549,19,0,27 28,0,30,,30553,19,0,27 28,0,70,,30557,19,0,27 28,0,29,,30561,19,0,27 28,0,68,,30565,19,0,27 28,0,30,,30568,19,0,27 28,0,70,,30571,19,0,27 28,0,30,,30574,19,0,27 28,0,70,,30577,19,0,27 28,0,30,,30580,19,0,27 28,0,70,,30583,19,0,27 28,0,30,,30586,19,0,27 28,0,70,,30589,19,0,27 28,0,31,,30593,19,0,27 28,0,70,,30597,19,0,27 28,0,30,,30601,19,0,27 28,0,70,,30605,19,0,27 28,0,30,,30609,19,0,27 28,0,70,,30613,19,0,27 28,0,30,,30617,19,0,27 28,0,70,,30621,19,0,27 28,0,31,,30625,19,0,27 28,0,68,,30628,19,0,27 28,0,30,,30631,19,0,27 28,0,70,,30634,19,0,27 28,0,30,,30637,19,0,27 28,0,70,,30640,19,0,27 28,0,30,,30643,19,0,27 28,0,70,,30646,19,0,27 28,0,26,,30648,19,0,27 28,0,85,,30651,19,0,27 28,0,85,,30654,19,0,27 28,0,45,,30657,19,0,27 28,0,90,,30661,19,0,27 28,0,63,,30663,19,0,17 25 4 26,0,40,,30664,19,0,17 25 4 26,0
578300,'2',556,,30673,19,0,27 28,0,76,,30676,19,0,27 28,0,76,,30679,19,0,27 28,0,28,,30683,19,0,27 28,0,76,,30686,19,0,27 28,0,36,,30689,19,0,27 28,0,76,,30692,19,0,27 28,0,76,,30695,19,0,27 28,0,36,,30698,19,0,27 28,0,76,,30701,19,0,27 28,0,36,,30704,19,0,27 28,0,76,,30707,19,0,27 28,0,76,,30710,19,0,27 28,0,36,,30713,19,0,27 28,0,76,,30716,19,0,27 28,0,36,,30719,19,0,27 28,0,76,,30722,19,0,27 28,0,76,,30725,19,0,27 28,0,36,,30728,19,0,27 28,0,78,,30731,19,0,27 28,0,34,,30734,19,0,27 28,0,76,,30737,19,0,27 28,0,77,,30740,19,0,27 28,0,36,,30743,19,0,27 28,0,76,,30746,19,0,27 28,0,36,,30749,19,0,27 28,0,81,,30752,19,0,27 28,0,85,,30755,19,0,27 28,0,85,,30758,19,0,27 28,0,45,,30761,19,0,27 28,0,70,,30763,19,0,27 28,0,35,,30765,19,0,17 25 4 26,0,85,,30767,19,0,17 25 4 26,0
578300,'3',603,,30775,19,0,27 28,0,45,,30778,19,0,27 28,0,85,,30781,19,0,27 28,0,85,,30784,19,0,27 28,0,39,,30787,19,0,27 28,0,70,,30790,19,0,27 28,0,76,,30793,19,0,27 28,0,36,,30796,19,0,27 28,0,76,,30799,19,0,27 28,0,36,,30802,19,0,27 28,0,76,,30805,19,0,27 28,0,76,,30808,19,0,27 28,0,36,,30811,19,0,27 28,0,76,,30814,19,0,27 28,0,36,,30817,19,0,27 28,0,76,,30820,19,0,27 28,0,76,,30823,19,0,27 28,0,36,,30826,19,0,27 28,0,76,,30829,19,0,27 28,0,44,,30832,19,0,27 28,0,85,,30835,19,0,27 28,0,85,,30838,19,0,27 28,0,85,,30841,19,0,27 28,0,45,,30844,19,0,27 28,0,89,,30847,19,0,27 28,0,85,,30850,19,0,27 28,0,85,,30853,19,0,27 28,0
578300,'4',633,,30861,19,0,27 28,0,85,,30864,19,0,27 28,0,85,,30867,19,0,27 28,0,45,,30870,19,0,27 28,0,81,,30873,19,0,27 28,0,85,,30876,19,0,27 28,0,45,,30879,19,0,27 28,0,85,,30882,19,0,27 28,0,85,,30885,19,0,27 28,0,85,,30888,19,0,27 28,0,45,,30891,19,0,27 28,0,85,,30894,19,0,27 28,0,85,,30897,19,0,27 28,0,85,,30900,19,0,27 28,0,45,,30903,19,0,27 28,0,89,,30906,19,0,27 28,0,85,,30909,19,0,27 28,0,85,,30912,19,0,27 28,0,85,,30915,19,0,27 28,0,30,,30917,19,0,17 25 4 26,0
578300,'6',603,,30929,19,0,27 28,0,45,,30932,19,0,27 28,0,85,,30935,19,0,27 28,0,85,,30938,19,0,27 28,0,39,,30941,19,0,27 28,0,70,,30944,19,0,27 28,0,76,,30947,19,0,27 28,0,36,,30950,19,0,27 28,0,76,,30953,19,0,27 28,0,36,,30956,19,0,27 28,0,76,,30959,19,0,27 28,0,76,,30962,19,0,27 28,0,36,,30965,19,0,27 28,0,76,,30968,19,0,27 28,0,36,,30971,19,0,27 28,0,76,,30974,19,0,27 28,0,76,,30977,19,0,27 28,0,36,,30980,19,0,27 28,0,76,,30983,19,0,27 28,0,44,,30986,19,0,27 28,0,85,,30989,19,0,27 28,0,85,,30992,19,0,27 28,0,85,,30995,19,0,27 28,0,45,,30998,19,0,27 28,0,89,,31001,19,0,27 28,0,85,,31004,19,0,27 28,0,85,,31007,19,0,27 28,0
578301,'1',553,,31013,89,0,20 4 12 13,0,75,,31016,89,0,20 4 12 13,0,26,,31019,89,0,20 4 12 13,0,70,,31023,89,0,20 4 12 13,0,31,,31027,89,0,20 4 12 13,0,70,,31031,89,0,20 4 12 13,0,30,,31035,89,0,20 4 12 13,0,70,,31039,89,0,20 4 12 13,0,30,,31043,89,0,20 4 12 13,0,70,,31047,89,0,20 4 12 13,0,75,,31051,89,0,20 4 12 13,0,30,,31054,89,0,20 4 12 13,0,70,,31057,89,0,20 4 12 13,0,30,,31060,89,0,20 4 12 13,0,70,,31063,89,0,20 4 12 13,0,30,,31066,89,0,20 4 12 13,0,70,,31069,89,0,20 4 12 13,0,30,,31072,89,0,20 4 12 13,0,72,,31075,89,0,20 4 12 13,0,31,,31079,89,0,20 4 12 13,0,70,,31083,89,0,20 4 12 13,0,30,,31087,89,0,20 4 12 13,0,70,,31091,89,0,20 4 12 13,0,30,,31095,89,0,20 4 12 13,0,70,,31099,89,0,20 4 12 13,0,28,,31103,89,0,20 4 12 13,0,25,,31107,89,0,20 4 12 13,0,73,,31111,89,0,20 4 12 13,0,73,,31115,89,0,20 4 12 13,0,24,,31118,89,0,20 4 12 13,0,78,,31122,89,0,20 4 12 13,0,40,,31126,89,0,20 4 12 13,0,60,,31128,89,0,20 4 12 13,0,27,,31131,89,0,20 4 12 13,0,80,,31134,89,0,20 4 12 13,0,45,,31138,89,0,20 4 12 13,0,85,,31141,89,0,20 4 12 13,0,80,,31143,89,0,20 4 12 13,0
578301,'2',522,,31150,89,0,20 4 12 13,0,22,,31152,89,0,20 4 12 13,0,76,,31155,89,0,20 4 12 13,0,36,,31158,89,0,20 4 12 13,0,76,,31161,89,0,20 4 12 13,0,76,,31164,89,0,20 4 12 13,0,41,,31167,89,0,20 4 12 13,0,76,,31170,89,0,20 4 12 13,0,76,,31173,89,0,20 4 12 13,0,36,,31176,89,0,20 4 12 13,0,76,,31179,89,0,20 4 12 13,0,36,,31182,89,0,20 4 12 13,0,76,,31185,89,0,20 4 12 13,0,76,,31188,89,0,20 4 12 13,0,36,,31191,89,0,20 4 12 13,0,76,,31194,89,0,20 4 12 13,0,36,,31197,89,0,20 4 12 13,0,76,,31200,89,0,20 4 12 13,0,76,,31203,89,0,20 4 12 13,0,36,,31206,89,0,20 4 12 13,0,76,,31209,89,0,20 4 12 13,0,36,,31212,89,0,20 4 12 13,0,76,,31215,89,0,20 4 12 13,0,76,,31218,89,0,20 4 12 13,0,36,,31221,89,0,20 4 12 13,0,75,,31224,89,0,20 4 12 13,0,36,,31227,89,0,20 4 12 13,0,80,,31230,89,0,20 4 12 13,0,85,,31233,89,0,20 4 12 13,0,42,,31236,89,0,20 4 12 13,0,85,,31239,89,0,20 4 12 13,0,85,,31242,89,0,20 4 12 13,0,85,,31245,89,0,20 4 12 13,0
578301,'3',530,,31251,47,0,20 4 12 13,0,85,,31255,47,0,20 4 12 13,0,10,,31256,89,0,20 4 12 13,0,85,,31259,89,0,20 4 12 13,0,45,,31262,89,0,20 4 12 13,0,85,,31265,89,0,20 4 12 13,0,85,,31268,89,0,20 4 12 13,0,83,,31271,89,0,20 4 12 13,0,40,,31274,89,0,20 4 12 13,0,76,,31277,89,0,20 4 12 13,0,76,,31280,89,0,20 4 12 13,0,36,,31283,89,0,20 4 12 13,0,76,,31286,89,0,20 4 12 13,0,36,,31289,89,0,20 4 12 13,0,76,,31292,89,0,20 4 12 13,0,76,,31295,89,0,20 4 12 13,0,36,,31298,89,0,20 4 12 13,0,76,,31301,89,0,20 4 12 13,0,36,,31304,89,0,20 4 12 13,0,76,,31307,89,0,20 4 12 13,0,76,,31310,89,0,20 4 12 13,0,35,,31313,89,0,20 4 12 13,0,76,,31316,89,0,20 4 12 13,0,35,,31319,89,0,20 4 12 13,0,82,,31322,89,0,20 4 12 13,0,85,,31325,89,0,20 4 12 13,0,45,,31328,89,0,20 4 12 13,0,83,,31331,89,0,20 4 12 13,0,85,,31334,89,0,20 4 12 13,0,85,,31337,89,0,20 4 12 13,0
578301,'4',605,,31342,47,0,20 4 12 13,0,35,,31345,89,0,20 4 12 13,0,85,,31348,89,0,20 4 12 13,0,85,,31351,89,0,20 4 12 13,0,45,,31354,89,0,20 4 12 13,0,85,,31357,89,0,20 4 12 13,0,88,,31360,89,0,20 4 12 13,0,85,,31363,89,0,20 4 12 13,0,45,,31366,89,0,20 4 12 13,0,85,,31369,89,0,20 4 12 13,0,85,,31372,89,0,20 4 12 13,0,85,,31375,89,0,20 4 12 13,0,45,,31378,89,0,20 4 12 13,0,85,,31381,89,0,20 4 12 13,0,85,,31384,89,0,20 4 12 13,0,85,,31387,89,0,20 4 12 13,0,45,,31390,89,0,20 4 12 13,0,83,,31393,89,0,20 4 12 13,0,85,,31396,89,0,20 4 12 13,0,85,,31399,89,0,20 4 12 13,0,45,,31402,89,0,20 4 12 13,0
578301,'6',530,,31408,47,0,20 4 12 13,0,85,,31412,47,0,20 4 12 13,0,10,,31413,89,0,20 4 12 13,0,85,,31416,89,0,20 4 12 13,0,45,,31419,89,0,20 4 12 13,0,85,,31422,89,0,20 4 12 13,0,85,,31425,89,0,20 4 12 13,0,83,,31428,89,0,20 4 12 13,0,40,,31431,89,0,20 4 12 13,0,76,,31434,89,0,20 4 12 13,0,76,,31437,89,0,20 4 12 13,0,36,,31440,89,0,20 4 12 13,0,76,,31443,89,0,20 4 12 13,0,36,,31446,89,0,20 4 12 13,0,76,,31449,89,0,20 4 12 13,0,76,,31452,89,0,20 4 12 13,0,36,,31455,89,0,20 4 12 13,0,76,,31458,89,0,20 4 12 13,0,36,,31461,89,0,20 4 12 13,0,76,,31464,89,0,20 4 12 13,0,76,,31467,89,0,20 4 12 13,0,35,,31470,89,0,20 4 12 13,0,76,,31473,89,0,20 4 12 13,0,35,,31476,89,0,20 4 12 13,0,82,,31479,89,0,20 4 12 13,0,85,,31482,89,0,20 4 12 13,0,45,,31485,89,0,20 4 12 13,0,83,,31488,89,0,20 4 12 13,0,85,,31491,89,0,20 4 12 13,0,85,,31494,89,0,20 4 12 13,0
