578300,'1601',1507,,30527,3,0,27 28,0
578300,'1',445,,30528,3,0,27 28,0,61,,30529,3,0,23 24,0,5,,30530,3,0,27 28,0,4,,30531,3,0,31 4 32,0,16,,30532,46,0,23 24,0,10,,30533,61,0,31 4 32,0,10,,30534,68,0,27 28,0,50,,30535,46,0,23 24,0,15,,30536,61,0,31 4 32,0,7,,30537,68,0,27 28,0,8,,30538,46,0,23 24,0,7,,30539,61,0,31 4 32,0,8,,30540,46,0,23 24,0,7,,30541,68,0,27 28,0,48,,30542,46,0,23 24,0,7,,30543,61,0,31 4 32,0,8,,30544,46,0,23 24,0,7,,30545,68,0,27 28,0,8,,30546,46,0,23 24,0,7,,30547,61,0,31 4 32,0,8,,30548,46,0,23 24,0,7,,30549,68,0,27 28,0,48,,30550,46,0,23 24,0,7,,30551,61,0,31 4 32,0,8,,30552,46,0,23 24,0,7,,30553,68,0,27 28,0,8,,30554,46,0,23 24,0,7,,30555,61,0,31 4 32,0,8,,30556,46,0,23 24,0,7,,30557,68,0,27 28,0,49,,30558,46,0,23 24,0,7,,30559,61,0,31 4 32,0,8,,30560,46,0,23 24,0,7,,30561,68,0,27 28,0,8,,30562,46,0,23 24,0,10,,30563,61,0,31 4 32,0,10,,30565,68,0,27 28,0,50,,30566,46,0,23 24,0,10,,30567,61,0,31 4 32,0,10,,30568,68,0,27 28,0,10,,30569,46,0,23 24,0,10,,30570,61,0,31 4 32,0,10,,30571,68,0,27 28,0,50,,30572,46,0,23 24,0,10,,30573,61,0,31 4 32,0,10,,30574,68,0,27 28,0,10,,30575,46,0,23 24,0,10,,30576,61,0,31 4 32,0,10,,30577,68,0,27 28,0,50,,30578,46,0,23 24,0,10,,30579,61,0,31 4 32,0,10,,30580,68,0,27 28,0,10,,30581,46,0,23 24,0,10,,30582,61,0,31 4 32,0,10,,30583,68,0,27 28,0,50,,30584,46,0,23 24,0,10,,30585,61,0,31 4 32,0,10,,30586,68,0,27 28,0,10,,30587,46,0,23 24,0,10,,30588,61,0,31 4 32,0,10,,30589,68,0,27 28,0,50,,30590,46,0,23 24,0,7,,30591,61,0,31 4 32,0,8,,30592,46,0,23 24,0,7,,30593,68,0,27 28,0,8,,30594,46,0,23 24,0,7,,30595,61,0,31 4 32,0,8,,30596,46,0,23 24,0,7,,30597,68,0,27 28,0,48,,30598,46,0,23 24,0,7,,30599,61,0,31 4 32,0,8,,30600,46,0,23 24,0,7,,30601,68,0,27 28,0,8,,30602,46,0,23 24,0,7,,30603,61,0,31 4 32,0,8,,30604,46,0,23 24,0,7,,30605,68,0,27 28,0,48,,30606,46,0,23 24,0,7,,30607,61,0,31 4 32,0,8,,30608,46,0,23 24,0,7,,30609,68,0,27 28,0,8,,30610,46,0,23 24,0,7,,30611,61,0,31 4 32,0,8,,30612,46,0,23 24,0,7,,30613,68,0,27 28,0,48,,30614,46,0,23 24,0,7,,30615,61,0,31 4 32,0,8,,30616,46,0,23 24,0,7,,30617,68,0,27 28,0,8,,30618,46,0,23 24,0,7,,30619,61,0,31 4 32,0,8,,30620,46,0,23 24,0,7,,30621,68,0,27 28,0,48,,30622,46,0,23 24,0,7,,30623,61,0,31 4 32,0,8,,30624,46,0,23 24,0,8,,30625,68,0,27 28,0,6,,30626,46,0,23 24,0,10,,30627,61,0,31 4 32,0,10,,30628,68,0,27 28,0,50,,30629,46,0,23 24,0,10,,30630,61,0,31 4 32,0,10,,30631,68,0,27 28,0,10,,30632,46,0,23 24,0,10,,30633,61,0,31 4 32,0,10,,30634,68,0,27 28,0,50,,30635,46,0,23 24,0,10,,30636,61,0,31 4 32,0,10,,30637,68,0,27 28,0,10,,30638,46,0,23 24,0,10,,30639,61,0,31 4 32,0,10,,30640,68,0,27 28,0,50,,30641,46,0,23 24,0,10,,30642,61,0,31 4 32,0,10,,30643,68,0,27 28,0,10,,30644,46,0,23 24,0,10,,30645,61,0,31 4 32,0,10,,30646,68,0,27 28,0,50,,30647,46,0,23 24,0,15,,30648,68,0,27 28,0,15,,30649,61,0,31 4 32,0,15,,30650,46,0,23 24,0,55,,30651,68,0,27 28,0,15,,30652,61,0,31 4 32,0,15,,30653,46,0,23 24,0,15,,30654,68,0,27 28,0,55,,30655,61,0,31 4 32,0,15,,30656,46,0,23 24,0,15,,30657,68,0,27 28,0,15,,30658,61,0,31 4 32,0,55,,30659,46,0,23 24,0,20,,30661,68,0,27 28,0,1,,30662,46,0,23 24,0
578300,'2',431,,30665,3,0,23 24,0,20,,30666,3,0,27 28,0,50,,30667,3,0,23 24,0,5,,30668,3,0,31 4 32,0,20,,30669,3,0,27 28,0,20,,30670,46,0,23 24,0,55,,30671,61,0,31 4 32,0,12,,30672,46,0,23 24,0,12,,30673,68,0,27 28,0,12,,30674,61,0,31 4 32,0,12,,30675,46,0,23 24,0,52,,30676,68,0,27 28,0,12,,30677,61,0,31 4 32,0,12,,30678,46,0,23 24,0,12,,30679,68,0,27 28,0,12,,30680,61,0,31 4 32,0,6,,30681,3,0,23 24,0,47,,30682,46,0,23 24,0,12,,30683,68,0,27 28,0,12,,30684,61,0,31 4 32,0,12,,30685,46,0,23 24,0,12,,30686,68,0,27 28,0,52,,30687,61,0,31 4 32,0,12,,30688,46,0,23 24,0,12,,30689,68,0,27 28,0,12,,30690,61,0,31 4 32,0,12,,30691,46,0,23 24,0,52,,30692,68,0,27 28,0,12,,30693,61,0,31 4 32,0,12,,30694,46,0,23 24,0,12,,30695,68,0,27 28,0,12,,30696,61,0,31 4 32,0,52,,30697,46,0,23 24,0,12,,30698,68,0,27 28,0,12,,30699,61,0,31 4 32,0,12,,30700,46,0,23 24,0,12,,30701,68,0,27 28,0,52,,30702,61,0,31 4 32,0,12,,30703,46,0,23 24,0,12,,30704,68,0,27 28,0,12,,30705,61,0,31 4 32,0,12,,30706,46,0,23 24,0,52,,30707,68,0,27 28,0,12,,30708,61,0,31 4 32,0,12,,30709,46,0,23 24,0,12,,30710,68,0,27 28,0,12,,30711,61,0,31 4 32,0,52,,30712,46,0,23 24,0,12,,30713,68,0,27 28,0,12,,30714,61,0,31 4 32,0,12,,30715,46,0,23 24,0,12,,30716,68,0,27 28,0,52,,30717,61,0,31 4 32,0,12,,30718,46,0,23 24,0,12,,30719,68,0,27 28,0,12,,30720,61,0,31 4 32,0,12,,30721,46,0,23 24,0,52,,30722,68,0,27 28,0,12,,30723,61,0,31 4 32,0,12,,30724,46,0,23 24,0,12,,30725,68,0,27 28,0,12,,30726,61,0,31 4 32,0,52,,30727,46,0,23 24,0,12,,30728,68,0,27 28,0,12,,30729,61,0,31 4 32,0,12,,30730,46,0,23 24,0,10,,30731,68,0,27 28,0,10,,30732,61,0,31 4 32,0,52,,30733,46,0,23 24,0,12,,30734,68,0,27 28,0,12,,30735,61,0,31 4 32,0,12,,30736,46,0,23 24,0,12,,30737,68,0,27 28,0,52,,30738,61,0,31 4 32,0,11,,30739,46,0,23 24,0,12,,30740,68,0,27 28,0,12,,30741,61,0,31 4 32,0,12,,30742,46,0,23 24,0,52,,30743,68,0,27 28,0,12,,30744,61,0,31 4 32,0,12,,30745,46,0,23 24,0,12,,30746,68,0,27 28,0,12,,30747,61,0,31 4 32,0,52,,30748,46,0,23 24,0,12,,30749,68,0,27 28,0,12,,30750,61,0,31 4 32,0,13,,30751,46,0,23 24,0,55,,30752,68,0,27 28,0,15,,30753,61,0,31 4 32,0,15,,30754,46,0,23 24,0,15,,30755,68,0,27 28,0,55,,30756,46,0,23 24,0,15,,30757,61,0,31 4 32,0,15,,30758,68,0,27 28,0,15,,30759,46,0,23 24,0,55,,30760,61,0,31 4 32,0,15,,30761,68,0,27 28,0,15,,30762,46,0,23 24,0,15,,30763,68,0,27 28,0,55,,30764,61,0,31 4 32,0,20,,30766,46,0,23 24,0
578300,'3',453,,30768,3,0,27 28,0,63,,30770,3,0,31 4 32,0,23,,30771,3,0,27 28,0,62,,30772,46,0,23 24,0,15,,30773,61,0,31 4 32,0,8,,30774,3,0,23 24,0,7,,30775,68,0,27 28,0,15,,30776,46,0,23 24,0,55,,30777,61,0,31 4 32,0,15,,30778,68,0,27 28,0,15,,30779,46,0,23 24,0,15,,30780,61,0,31 4 32,0,55,,30781,68,0,27 28,0,15,,30782,46,0,23 24,0,15,,30783,61,0,31 4 32,0,15,,30784,68,0,27 28,0,55,,30785,46,0,23 24,0,12,,30786,61,0,31 4 32,0,12,,30787,68,0,27 28,0,12,,30788,46,0,23 24,0,12,,30789,61,0,31 4 32,0,53,,30790,68,0,27 28,0,12,,30791,46,0,23 24,0,12,,30792,61,0,31 4 32,0,12,,30793,68,0,27 28,0,12,,30794,46,0,23 24,0,52,,30795,61,0,31 4 32,0,12,,30796,68,0,27 28,0,12,,30797,46,0,23 24,0,12,,30798,61,0,31 4 32,0,12,,30799,68,0,27 28,0,52,,30800,46,0,23 24,0,12,,30801,61,0,31 4 32,0,12,,30802,68,0,27 28,0,12,,30803,46,0,23 24,0,12,,30804,61,0,31 4 32,0,52,,30805,68,0,27 28,0,12,,30806,46,0,23 24,0,12,,30807,61,0,31 4 32,0,12,,30808,68,0,27 28,0,12,,30809,46,0,23 24,0,52,,30810,61,0,31 4 32,0,12,,30811,68,0,27 28,0,12,,30812,46,0,23 24,0,12,,30813,61,0,31 4 32,0,12,,30814,68,0,27 28,0,52,,30815,46,0,23 24,0,12,,30816,61,0,31 4 32,0,12,,30817,68,0,27 28,0,12,,30818,46,0,23 24,0,12,,30819,61,0,31 4 32,0,52,,30820,68,0,27 28,0,12,,30821,46,0,23 24,0,12,,30822,61,0,31 4 32,0,12,,30823,68,0,27 28,0,12,,30824,46,0,23 24,0,52,,30825,61,0,31 4 32,0,12,,30826,68,0,27 28,0,12,,30827,46,0,23 24,0,12,,30828,61,0,31 4 32,0,12,,30829,68,0,27 28,0,51,,30830,46,0,23 24,0,15,,30831,61,0,31 4 32,0,15,,30832,68,0,27 28,0,15,,30833,46,0,23 24,0,55,,30834,61,0,31 4 32,0,15,,30835,68,0,27 28,0,15,,30836,46,0,23 24,0,15,,30837,61,0,31 4 32,0,55,,30838,68,0,27 28,0,15,,30839,46,0,23 24,0,15,,30840,61,0,31 4 32,0,15,,30841,68,0,27 28,0,55,,30842,46,0,23 24,0,15,,30843,61,0,31 4 32,0,15,,30844,68,0,27 28,0,15,,30845,46,0,23 24,0,55,,30846,61,0,31 4 32,0,15,,30847,68,0,27 28,0,15,,30848,46,0,23 24,0,15,,30849,61,0,31 4 32,0,55,,30850,68,0,27 28,0,15,,30851,46,0,23 24,0,15,,30852,61,0,31 4 32,0,15,,30853,68,0,27 28,0,55,,30855,46,0,23 24,0
578300,'4',531,,30919,3,0,31 4 32,0,15,,30920,3,0,27 28,0,55,,30856,3,0,31 4 32,0,10,,30857,3,0,23 24,0,10,,30858,3,0,27 28,0,10,,30859,61,0,31 4 32,0,15,,30860,46,0,23 24,0,55,,30861,68,0,27 28,0,15,,30862,61,0,31 4 32,0,15,,30863,46,0,23 24,0,15,,30864,68,0,27 28,0,55,,30865,61,0,31 4 32,0,15,,30866,46,0,23 24,0,15,,30867,68,0,27 28,0,15,,30868,61,0,31 4 32,0,55,,30869,46,0,23 24,0,15,,30870,68,0,27 28,0,15,,30871,61,0,31 4 32,0,15,,30872,46,0,23 24,0,55,,30873,68,0,27 28,0,16,,30874,61,0,31 4 32,0,14,,30875,46,0,23 24,0,15,,30876,68,0,27 28,0,56,,30877,61,0,31 4 32,0,14,,30878,46,0,23 24,0,15,,30879,68,0,27 28,0,16,,30880,61,0,31 4 32,0,54,,30881,46,0,23 24,0,15,,30882,68,0,27 28,0,16,,30883,61,0,31 4 32,0,14,,30884,46,0,23 24,0,55,,30885,68,0,27 28,0,16,,30886,61,0,31 4 32,0,14,,30887,46,0,23 24,0,15,,30888,68,0,27 28,0,56,,30889,61,0,31 4 32,0,14,,30890,46,0,23 24,0,15,,30891,68,0,27 28,0,16,,30892,61,0,31 4 32,0,54,,30893,46,0,23 24,0,15,,30894,68,0,27 28,0,16,,30895,61,0,31 4 32,0,14,,30896,46,0,23 24,0,55,,30897,68,0,27 28,0,16,,30898,61,0,31 4 32,0,14,,30899,46,0,23 24,0,15,,30900,68,0,27 28,0,56,,30901,61,0,31 4 32,0,14,,30902,46,0,23 24,0,15,,30903,68,0,27 28,0,16,,30904,61,0,31 4 32,0,54,,30905,46,0,23 24,0,15,,30906,68,0,27 28,0,15,,30907,61,0,31 4 32,0,15,,30908,46,0,23 24,0,55,,30909,68,0,27 28,0,15,,30910,61,0,31 4 32,0,15,,30911,46,0,23 24,0,15,,30912,68,0,27 28,0,55,,30913,61,0,31 4 32,0,15,,30914,46,0,23 24,0,15,,30915,68,0,27 28,0,15,,30916,61,0,31 4 32,0,55,,30918,46,0,23 24,0
578300,'6',453,,30922,3,0,27 28,0,63,,30924,3,0,31 4 32,0,23,,30925,3,0,27 28,0,62,,30926,46,0,23 24,0,15,,30927,61,0,31 4 32,0,8,,30928,3,0,23 24,0,7,,30929,68,0,27 28,0,15,,30930,46,0,23 24,0,55,,30931,61,0,31 4 32,0,15,,30932,68,0,27 28,0,15,,30933,46,0,23 24,0,15,,30934,61,0,31 4 32,0,55,,30935,68,0,27 28,0,15,,30936,46,0,23 24,0,15,,30937,61,0,31 4 32,0,15,,30938,68,0,27 28,0,55,,30939,46,0,23 24,0,12,,30940,61,0,31 4 32,0,12,,30941,68,0,27 28,0,12,,30942,46,0,23 24,0,12,,30943,61,0,31 4 32,0,53,,30944,68,0,27 28,0,12,,30945,46,0,23 24,0,12,,30946,61,0,31 4 32,0,12,,30947,68,0,27 28,0,12,,30948,46,0,23 24,0,52,,30949,61,0,31 4 32,0,12,,30950,68,0,27 28,0,12,,30951,46,0,23 24,0,12,,30952,61,0,31 4 32,0,12,,30953,68,0,27 28,0,52,,30954,46,0,23 24,0,12,,30955,61,0,31 4 32,0,12,,30956,68,0,27 28,0,12,,30957,46,0,23 24,0,12,,30958,61,0,31 4 32,0,52,,30959,68,0,27 28,0,12,,30960,46,0,23 24,0,12,,30961,61,0,31 4 32,0,12,,30962,68,0,27 28,0,12,,30963,46,0,23 24,0,52,,30964,61,0,31 4 32,0,12,,30965,68,0,27 28,0,12,,30966,46,0,23 24,0,12,,30967,61,0,31 4 32,0,12,,30968,68,0,27 28,0,52,,30969,46,0,23 24,0,12,,30970,61,0,31 4 32,0,12,,30971,68,0,27 28,0,12,,30972,46,0,23 24,0,12,,30973,61,0,31 4 32,0,52,,30974,68,0,27 28,0,12,,30975,46,0,23 24,0,12,,30976,61,0,31 4 32,0,12,,30977,68,0,27 28,0,12,,30978,46,0,23 24,0,52,,30979,61,0,31 4 32,0,12,,30980,68,0,27 28,0,12,,30981,46,0,23 24,0,12,,30982,61,0,31 4 32,0,12,,30983,68,0,27 28,0,51,,30984,46,0,23 24,0,15,,30985,61,0,31 4 32,0,15,,30986,68,0,27 28,0,15,,30987,46,0,23 24,0,55,,30988,61,0,31 4 32,0,15,,30989,68,0,27 28,0,15,,30990,46,0,23 24,0,15,,30991,61,0,31 4 32,0,55,,30992,68,0,27 28,0,15,,30993,46,0,23 24,0,15,,30994,61,0,31 4 32,0,15,,30995,68,0,27 28,0,55,,30996,46,0,23 24,0,15,,30997,61,0,31 4 32,0,15,,30998,68,0,27 28,0,15,,30999,46,0,23 24,0,55,,31000,61,0,31 4 32,0,15,,31001,68,0,27 28,0,15,,31002,46,0,23 24,0,15,,31003,61,0,31 4 32,0,55,,31004,68,0,27 28,0,15,,31005,46,0,23 24,0,15,,31006,61,0,31 4 32,0,15,,31007,68,0,27 28,0,55,,31009,46,0,23 24,0
580800,'14601',506,,39276,6,,,0,20,,39270,6,,,0,20,,39271,6,,,0,60,,39272,6,,,0,20,,39273,6,,,0,20,,39274,6,,,0,60,,39275,6,,,0,20,,39174,6,,,0,18,,39175,6,,,0,7,,39188,6,,,0,7,,39189,6,,,0,48,,39196,6,,,0,7,,39190,6,,,0,8,,39197,6,,,0,7,,39191,6,,,0,8,,39198,6,,,0,7,,39192,6,,,0,8,,39199,6,,,0,7,,39193,6,,,0,49,,39200,6,,,0,7,,39194,6,,,0,8,,39201,6,,,0,7,,39195,6,,,0,10,,39202,6,,,0,10,,39203,6,,,0,10,,39204,6,,,0,50,,39205,6,,,0,10,,39206,6,,,0,10,,39207,6,,,0,10,,39208,6,,,0,10,,39209,6,,,0,10,,39210,6,,,0,50,,39211,6,,,0,10,,39212,6,,,0,10,,39213,6,,,0,10,,39214,6,,,0,10,,39215,6,,,0,10,,39216,6,,,0,50,,39217,6,,,0,10,,39218,6,,,0,10,,39219,6,,,0,10,,39220,6,,,0,10,,39221,6,,,0,10,,39222,6,,,0,50,,39223,6,,,0,10,,39224,6,,,0,10,,39225,6,,,0,10,,39226,6,,,0,10,,39227,6,,,0,10,,39228,6,,,0,50,,39229,6,,,0,10,,39230,6,,,0,10,,39231,6,,,0,10,,39232,6,,,0,10,,39233,6,,,0,10,,39247,6,,,0,47,,39234,6,,,0,8,,39248,6,,,0,7,,39235,6,,,0,8,,39249,6,,,0,7,,39236,6,,,0,8,,39250,6,,,0,7,,39237,6,,,0,8,,39251,6,,,0,47,,39238,6,,,0,8,,39252,6,,,0,7,,39239,6,,,0,8,,39253,6,,,0,7,,39240,6,,,0,8,,39254,6,,,0,7,,39241,6,,,0,8,,39255,6,,,0,47,,39242,6,,,0,8,,39256,6,,,0,7,,39243,6,,,0,8,,39257,6,,,0,7,,39244,6,,,0,8,,39258,6,,,0,7,,39245,6,,,0,8,,39259,6,,,0,47,,39246,6,,,0,8,,39260,6,,,0,11,,39261,6,,,0,15,,39176,6,,,0,15,,39177,6,,,0,54,,39178,6,,,0,15,,39171,6,,,0,15,,39172,6,,,0,15,,39173,6,,,0,55,,39262,6,,,0,15,,39263,6,,,0,15,,39264,6,,,0,15,,39265,6,,,0,55,,39266,6,,,0,15,,39267,6,,,0,15,,39268,6,,,0,63,,39269,6,,,0,29,,39179,6,,,0,70,,39180,6,,,0,30,,39181,6,,,0,70,,39182,6,,,0,30,,39183,6,,,0,70,,39184,6,,,0,30,,39185,6,,,0,70,,39186,6,,,0,30,,39187,6,,,0
580800,'14602',506,,39308,6,,,0,30,,39309,6,,,0,70,,39310,6,,,0,30,,39311,6,,,0,70,,39312,6,,,0,30,,39313,6,,,0,70,,39314,6,,,0,30,,39315,6,,,0,71,,39316,6,,,0,30,,39317,6,,,0,70,,39318,6,,,0,30,,39319,6,,,0,70,,39320,6,,,0,30,,39291,6,,,0,70,,39292,6,,,0,30,,39293,6,,,0,70,,39294,6,,,0,30,,39295,6,,,0,70,,39296,6,,,0,30,,39297,6,,,0,70,,39298,6,,,0,30,,39299,6,,,0,70,,39300,6,,,0,30,,39301,6,,,0,70,,39302,6,,,0,30,,39303,6,,,0,70,,39304,6,,,0,30,,39305,6,,,0,69,,39306,6,,,0,30,,39307,6,,,0,70,,39290,6,,,0,30,,39289,6,,,0,70,,39288,6,,,0,30,,39287,6,,,0,69,,39286,6,,,0,30,,39285,6,,,0,70,,39284,6,,,0,30,,39283,6,,,0,70,,39282,6,,,0,30,,39281,6,,,0,70,,39280,6,,,0,30,,39279,6,,,0,70,,39278,6,,,0,30,,39277,6,,,0
580800,'14603',606,,39346,6,,,0,30,,39347,6,,,0,70,,39348,6,,,0,30,,39349,6,,,0,70,,39350,6,,,0,30,,39351,6,,,0,71,,39352,6,,,0,30,,39353,6,,,0,70,,39354,6,,,0,30,,39355,6,,,0,70,,39356,6,,,0,30,,39337,6,,,0,70,,39336,6,,,0,30,,39335,6,,,0,70,,39334,6,,,0,30,,39333,6,,,0,70,,39332,6,,,0,30,,39331,6,,,0,70,,39330,6,,,0,30,,39329,6,,,0,70,,39328,6,,,0,30,,39327,6,,,0,70,,39326,6,,,0,30,,39325,6,,,0,70,,39324,6,,,0,30,,39323,6,,,0,69,,39322,6,,,0,30,,39321,6,,,0,70,,39338,6,,,0,30,,39339,6,,,0,70,,39340,6,,,0,30,,39341,6,,,0,69,,39342,6,,,0,30,,39343,6,,,0,70,,39344,6,,,0,30,,39345,6,,,0
580800,'14604',606,,39376,6,,,0,30,,39377,6,,,0,70,,39378,6,,,0,30,,39379,6,,,0,70,,39380,6,,,0,30,,39381,6,,,0,71,,39382,6,,,0,30,,39383,6,,,0,70,,39384,6,,,0,30,,39385,6,,,0,70,,39386,6,,,0,30,,39373,6,,,0,70,,39372,6,,,0,30,,39371,6,,,0,70,,39370,6,,,0,30,,39369,6,,,0,70,,39368,6,,,0,30,,39367,6,,,0,70,,39366,6,,,0,30,,39365,6,,,0,70,,39364,6,,,0,30,,39363,6,,,0,70,,39362,6,,,0,30,,39361,6,,,0,70,,39360,6,,,0,30,,39359,6,,,0,69,,39358,6,,,0,30,,39357,6,,,0,70,,39374,6,,,0,30,,39375,6,,,0
580800,'14606',606,,39412,6,,,0,30,,39413,6,,,0,70,,39414,6,,,0,30,,39415,6,,,0,70,,39416,6,,,0,30,,39417,6,,,0,71,,39418,6,,,0,30,,39419,6,,,0,70,,39420,6,,,0,30,,39421,6,,,0,70,,39422,6,,,0,30,,39403,6,,,0,70,,39402,6,,,0,30,,39401,6,,,0,70,,39400,6,,,0,30,,39399,6,,,0,70,,39398,6,,,0,30,,39397,6,,,0,70,,39396,6,,,0,30,,39395,6,,,0,70,,39394,6,,,0,30,,39393,6,,,0,70,,39392,6,,,0,30,,39391,6,,,0,70,,39390,6,,,0,30,,39389,6,,,0,69,,39388,6,,,0,30,,39387,6,,,0,70,,39404,6,,,0,30,,39405,6,,,0,70,,39406,6,,,0,30,,39407,6,,,0,69,,39408,6,,,0,30,,39409,6,,,0,70,,39410,6,,,0,30,,39411,6,,,0
582801,'1',628,,40617,44,,,0,20,,40619,44,,,0,60,,40621,44,,,0,15,,40623,44,,,0,16,,40625,44,,,0,14,,40627,44,,,0,56,,40629,44,,,0,15,,40631,44,,,0,15,,40633,44,,,0,15,,40635,44,,,0,52,,40637,44,,,0,12,,40639,44,,,0,11,,40641,44,,,0,12,,40643,44,,,0,12,,40645,44,,,0,52,,40647,44,,,0,12,,40649,44,,,0,12,,40651,44,,,0,12,,40653,44,,,0,12,,40655,44,,,0,52,,40657,44,,,0,12,,40659,44,,,0,12,,40661,44,,,0,12,,40663,44,,,0,12,,40665,44,,,0,52,,40667,44,,,0,12,,40669,44,,,0,12,,40671,44,,,0,12,,40673,44,,,0,12,,40675,44,,,0,52,,40677,44,,,0,12,,40679,44,,,0,12,,40681,44,,,0,12,,40683,44,,,0,12,,40685,44,,,0,52,,40687,44,,,0,12,,40689,44,,,0,12,,40691,44,,,0,12,,40693,44,,,0,12,,40695,44,,,0,53,,40697,44,,,0,12,,40699,44,,,0,12,,40701,44,,,0,12,,40703,44,,,0,13,,40705,44,,,0,52,,40707,44,,,0,12,,40709,44,,,0,12,,40711,44,,,0,12,,40713,44,,,0,12,,40715,44,,,0,52,,40717,44,,,0,14,,40719,44,,,0,12,,40721,44,,,0,12,,40723,44,,,0,12,,40725,44,,,0,51,,40727,44,,,0
