578300,'1601',1517,,30527,10,0,27 28,0
578300,'1',453,,30528,10,0,27 28,0,66,,30530,10,0,27 28,0,4,,30531,10,0,31 4 32,0,26,,30533,68,0,31 4 32,0,10,,30534,75,0,27 28,0,65,,30536,68,0,31 4 32,0,7,,30537,75,0,27 28,0,15,,30539,68,0,31 4 32,0,55,,30541,75,0,27 28,0,16,,30543,68,0,31 4 32,0,15,,30545,75,0,27 28,0,15,,30547,68,0,31 4 32,0,55,,30549,75,0,27 28,0,15,,30551,68,0,31 4 32,0,15,,30553,75,0,27 28,0,15,,30555,68,0,31 4 32,0,55,,30557,75,0,27 28,0,17,,30559,68,0,31 4 32,0,15,,30561,75,0,27 28,0,18,,30563,68,0,31 4 32,0,50,,30565,75,0,27 28,0,20,,30567,68,0,31 4 32,0,10,,30568,75,0,27 28,0,20,,30570,68,0,31 4 32,0,50,,30571,75,0,27 28,0,20,,30573,68,0,31 4 32,0,10,,30574,75,0,27 28,0,20,,30576,68,0,31 4 32,0,50,,30577,75,0,27 28,0,20,,30579,68,0,31 4 32,0,10,,30580,75,0,27 28,0,20,,30582,68,0,31 4 32,0,50,,30583,75,0,27 28,0,20,,30585,68,0,31 4 32,0,10,,30586,75,0,27 28,0,20,,30588,68,0,31 4 32,0,50,,30589,75,0,27 28,0,17,,30591,68,0,31 4 32,0,15,,30593,75,0,27 28,0,15,,30595,68,0,31 4 32,0,55,,30597,75,0,27 28,0,15,,30599,68,0,31 4 32,0,15,,30601,75,0,27 28,0,15,,30603,68,0,31 4 32,0,55,,30605,75,0,27 28,0,15,,30607,68,0,31 4 32,0,15,,30609,75,0,27 28,0,15,,30611,68,0,31 4 32,0,55,,30613,75,0,27 28,0,15,,30615,68,0,31 4 32,0,15,,30617,75,0,27 28,0,15,,30619,68,0,31 4 32,0,55,,30621,75,0,27 28,0,15,,30623,68,0,31 4 32,0,16,,30625,75,0,27 28,0,14,,30627,68,0,31 4 32,0,10,,30628,75,0,27 28,0,60,,30630,68,0,31 4 32,0,10,,30631,75,0,27 28,0,20,,30633,68,0,31 4 32,0,10,,30634,75,0,27 28,0,60,,30636,68,0,31 4 32,0,10,,30637,75,0,27 28,0,20,,30639,68,0,31 4 32,0,10,,30640,75,0,27 28,0,60,,30642,68,0,31 4 32,0,10,,30643,75,0,27 28,0,20,,30645,68,0,31 4 32,0,10,,30646,75,0,27 28,0,63,,30648,75,0,27 28,0,15,,30649,68,0,31 4 32,0,70,,30651,75,0,27 28,0,15,,30652,68,0,31 4 32,0,30,,30654,75,0,27 28,0,55,,30655,68,0,31 4 32,0,30,,30657,75,0,27 28,0,15,,30658,68,0,31 4 32,0,75,,30661,75,0,27 28,0
578300,'2',458,,30666,10,0,27 28,0,55,,30668,10,0,31 4 32,0,20,,30669,10,0,27 28,0,75,,30671,68,0,31 4 32,0,24,,30673,75,0,27 28,0,12,,30674,68,0,31 4 32,0,64,,30676,75,0,27 28,0,12,,30677,68,0,31 4 32,0,24,,30679,75,0,27 28,0,12,,30680,68,0,31 4 32,0,68,,30683,75,0,27 28,0,12,,30684,68,0,31 4 32,0,64,,30686,75,0,27 28,0,12,,30687,68,0,31 4 32,0,24,,30689,75,0,27 28,0,12,,30690,68,0,31 4 32,0,64,,30692,75,0,27 28,0,12,,30693,68,0,31 4 32,0,24,,30695,75,0,27 28,0,52,,30696,68,0,31 4 32,0,24,,30698,75,0,27 28,0,12,,30699,68,0,31 4 32,0,64,,30701,75,0,27 28,0,12,,30702,68,0,31 4 32,0,24,,30704,75,0,27 28,0,12,,30705,68,0,31 4 32,0,64,,30707,75,0,27 28,0,12,,30708,68,0,31 4 32,0,24,,30710,75,0,27 28,0,52,,30711,68,0,31 4 32,0,24,,30713,75,0,27 28,0,12,,30714,68,0,31 4 32,0,64,,30716,75,0,27 28,0,12,,30717,68,0,31 4 32,0,24,,30719,75,0,27 28,0,12,,30720,68,0,31 4 32,0,64,,30722,75,0,27 28,0,12,,30723,68,0,31 4 32,0,24,,30725,75,0,27 28,0,52,,30726,68,0,31 4 32,0,24,,30728,75,0,27 28,0,12,,30729,68,0,31 4 32,0,22,,30731,75,0,27 28,0,50,,30732,68,0,31 4 32,0,24,,30734,75,0,27 28,0,12,,30735,68,0,31 4 32,0,64,,30737,75,0,27 28,0,12,,30738,68,0,31 4 32,0,23,,30740,75,0,27 28,0,12,,30741,68,0,31 4 32,0,64,,30743,75,0,27 28,0,12,,30744,68,0,31 4 32,0,24,,30746,75,0,27 28,0,52,,30747,68,0,31 4 32,0,24,,30749,75,0,27 28,0,12,,30750,68,0,31 4 32,0,67,,30752,75,0,27 28,0,15,,30753,68,0,31 4 32,0,30,,30755,75,0,27 28,0,70,,30757,68,0,31 4 32,0,15,,30758,75,0,27 28,0,70,,30760,68,0,31 4 32,0,15,,30761,75,0,27 28,0,30,,30763,75,0,27 28,0,55,,30764,68,0,31 4 32,0
578300,'3',500,,30768,10,0,27 28,0,23,,30770,10,0,31 4 32,0,23,,30771,10,0,27 28,0,77,,30773,68,0,31 4 32,0,15,,30775,75,0,27 28,0,70,,30777,68,0,31 4 32,0,15,,30778,75,0,27 28,0,30,,30780,68,0,31 4 32,0,55,,30781,75,0,27 28,0,30,,30783,68,0,31 4 32,0,15,,30784,75,0,27 28,0,67,,30786,68,0,31 4 32,0,12,,30787,75,0,27 28,0,24,,30789,68,0,31 4 32,0,57,,30790,75,0,27 28,0,24,,30792,68,0,31 4 32,0,12,,30793,75,0,27 28,0,64,,30795,68,0,31 4 32,0,12,,30796,75,0,27 28,0,24,,30798,68,0,31 4 32,0,52,,30799,75,0,27 28,0,24,,30801,68,0,31 4 32,0,12,,30802,75,0,27 28,0,64,,30804,68,0,31 4 32,0,12,,30805,75,0,27 28,0,24,,30807,68,0,31 4 32,0,12,,30808,75,0,27 28,0,64,,30810,68,0,31 4 32,0,12,,30811,75,0,27 28,0,24,,30813,68,0,31 4 32,0,52,,30814,75,0,27 28,0,24,,30816,68,0,31 4 32,0,12,,30817,75,0,27 28,0,64,,30819,68,0,31 4 32,0,12,,30820,75,0,27 28,0,24,,30822,68,0,31 4 32,0,12,,30823,75,0,27 28,0,64,,30825,68,0,31 4 32,0,12,,30826,75,0,27 28,0,24,,30828,68,0,31 4 32,0,52,,30829,75,0,27 28,0,25,,30831,68,0,31 4 32,0,15,,30832,75,0,27 28,0,70,,30834,68,0,31 4 32,0,15,,30835,75,0,27 28,0,30,,30837,68,0,31 4 32,0,55,,30838,75,0,27 28,0,30,,30840,68,0,31 4 32,0,15,,30841,75,0,27 28,0,70,,30843,68,0,31 4 32,0,15,,30844,75,0,27 28,0,68,,30846,68,0,31 4 32,0,15,,30847,75,0,27 28,0,30,,30849,68,0,31 4 32,0,55,,30850,75,0,27 28,0,30,,30852,68,0,31 4 32,0,15,,30853,75,0,27 28,0,55,,30854,68,0,31 4 32,0
578300,'4',538,,30919,10,0,31 4 32,0,15,,30920,10,0,27 28,0,55,,30856,10,0,31 4 32,0,20,,30858,10,0,27 28,0,10,,30859,68,0,31 4 32,0,70,,30861,75,0,27 28,0,15,,30862,68,0,31 4 32,0,30,,30864,75,0,27 28,0,55,,30865,68,0,31 4 32,0,30,,30867,75,0,27 28,0,15,,30868,68,0,31 4 32,0,70,,30870,75,0,27 28,0,15,,30871,68,0,31 4 32,0,72,,30873,75,0,27 28,0,16,,30874,68,0,31 4 32,0,29,,30876,75,0,27 28,0,56,,30877,68,0,31 4 32,0,29,,30879,75,0,27 28,0,16,,30880,68,0,31 4 32,0,69,,30882,75,0,27 28,0,16,,30883,68,0,31 4 32,0,69,,30885,75,0,27 28,0,16,,30886,68,0,31 4 32,0,29,,30888,75,0,27 28,0,56,,30889,68,0,31 4 32,0,29,,30891,75,0,27 28,0,16,,30892,68,0,31 4 32,0,69,,30894,75,0,27 28,0,16,,30895,68,0,31 4 32,0,69,,30897,75,0,27 28,0,16,,30898,68,0,31 4 32,0,29,,30900,75,0,27 28,0,56,,30901,68,0,31 4 32,0,29,,30903,75,0,27 28,0,16,,30904,68,0,31 4 32,0,67,,30906,75,0,27 28,0,15,,30907,68,0,31 4 32,0,70,,30909,75,0,27 28,0,15,,30910,68,0,31 4 32,0,30,,30912,75,0,27 28,0,55,,30913,68,0,31 4 32,0,30,,30915,75,0,27 28,0,15,,30916,68,0,31 4 32,0
578300,'6',500,,30922,10,0,27 28,0,23,,30924,10,0,31 4 32,0,23,,30925,10,0,27 28,0,77,,30927,68,0,31 4 32,0,15,,30929,75,0,27 28,0,70,,30931,68,0,31 4 32,0,15,,30932,75,0,27 28,0,30,,30934,68,0,31 4 32,0,55,,30935,75,0,27 28,0,30,,30937,68,0,31 4 32,0,15,,30938,75,0,27 28,0,67,,30940,68,0,31 4 32,0,12,,30941,75,0,27 28,0,24,,30943,68,0,31 4 32,0,57,,30944,75,0,27 28,0,24,,30946,68,0,31 4 32,0,12,,30947,75,0,27 28,0,64,,30949,68,0,31 4 32,0,12,,30950,75,0,27 28,0,24,,30952,68,0,31 4 32,0,52,,30953,75,0,27 28,0,24,,30955,68,0,31 4 32,0,12,,30956,75,0,27 28,0,64,,30958,68,0,31 4 32,0,12,,30959,75,0,27 28,0,24,,30961,68,0,31 4 32,0,12,,30962,75,0,27 28,0,64,,30964,68,0,31 4 32,0,12,,30965,75,0,27 28,0,24,,30967,68,0,31 4 32,0,52,,30968,75,0,27 28,0,24,,30970,68,0,31 4 32,0,12,,30971,75,0,27 28,0,64,,30973,68,0,31 4 32,0,12,,30974,75,0,27 28,0,24,,30976,68,0,31 4 32,0,12,,30977,75,0,27 28,0,64,,30979,68,0,31 4 32,0,12,,30980,75,0,27 28,0,24,,30982,68,0,31 4 32,0,52,,30983,75,0,27 28,0,25,,30985,68,0,31 4 32,0,15,,30986,75,0,27 28,0,70,,30988,68,0,31 4 32,0,15,,30989,75,0,27 28,0,30,,30991,68,0,31 4 32,0,55,,30992,75,0,27 28,0,30,,30994,68,0,31 4 32,0,15,,30995,75,0,27 28,0,70,,30997,68,0,31 4 32,0,15,,30998,75,0,27 28,0,68,,31000,68,0,31 4 32,0,15,,31001,75,0,27 28,0,30,,31003,68,0,31 4 32,0,55,,31004,75,0,27 28,0,30,,31006,68,0,31 4 32,0,15,,31007,75,0,27 28,0,55,,31008,68,0,31 4 32,0
582901,'1601',836,,41339,15,,,0,12,,41338,15,,,0
582901,'1',606,,41340,15,,,0,18,,41341,15,,,0,15,,41342,15,,,0,15,,41343,15,,,0,55,,41344,15,,,0,18,,41345,15,,,0,15,,41346,15,,,0,10,,41347,15,,,0,50,,41348,15,,,0,10,,41349,15,,,0,10,,41350,15,,,0,10,,41351,15,,,0,10,,41352,15,,,0,10,,41353,15,,,0,50,,41354,15,,,0,10,,41355,15,,,0,10,,41356,15,,,0,10,,41357,15,,,0,10,,41358,15,,,0,10,,41359,15,,,0,50,,41360,15,,,0,10,,41361,15,,,0,10,,41362,15,,,0,10,,41363,15,,,0,12,,41364,15,,,0,12,,41365,15,,,0,52,,41366,15,,,0,12,,41367,15,,,0,12,,41368,15,,,0,12,,41369,15,,,0,12,,41370,15,,,0,52,,41371,15,,,0,12,,41372,15,,,0,12,,41373,15,,,0,12,,41374,15,,,0,12,,41375,15,,,0,52,,41376,15,,,0,12,,41377,15,,,0,12,,41378,15,,,0,12,,41379,15,,,0,12,,41380,15,,,0,52,,41381,15,,,0,12,,41382,15,,,0,12,,41383,15,,,0,11,,41384,15,,,0,10,,41385,15,,,0,50,,41386,15,,,0,10,,41387,15,,,0,10,,41388,15,,,0,10,,41389,15,,,0,10,,41390,15,,,0,10,,41391,15,,,0,50,,41392,15,,,0,10,,41393,15,,,0,10,,41394,15,,,0,10,,41395,15,,,0,10,,41396,15,,,0,10,,41397,15,,,0,50,,41398,15,,,0,10,,41399,15,,,0,10,,41400,15,,,0,10,,41401,15,,,0,10,,41402,15,,,0,10,,41403,15,,,0,50,,41404,15,,,0,10,,41405,15,,,0,10,,41406,15,,,0,10,,41407,15,,,0,10,,41408,15,,,0,10,,41409,15,,,0,50,,41410,15,,,0,8,,41411,15,,,0,10,,41412,15,,,0,10,,41413,15,,,0,10,,41414,15,,,0,10,,41415,15,,,0,50,,41416,15,,,0,11,,41417,15,,,0,12,,41418,15,,,0,12,,41419,15,,,0,12,,41420,15,,,0,52,,41421,15,,,0,12,,41422,15,,,0,12,,41423,15,,,0,12,,41424,15,,,0,12,,41425,15,,,0,52,,41426,15,,,0,12,,41427,15,,,0,22,,41428,15,,,0,70,,41429,15,,,0,30,,41430,15,,,0,70,,41431,15,,,0,30,,41432,15,,,0,70,,41434,15,,,0,25,,41433,15,,,0
582901,'2',824,,41521,5,,,0,10,,41520,5,,,0,10,,41522,15,,,0,10,,41519,15,,,0,50,,41518,15,,,0,10,,41517,15,,,0,10,,41516,15,,,0,10,,41515,15,,,0,10,,41514,15,,,0,10,,41513,15,,,0,50,,41512,15,,,0,10,,41511,15,,,0,10,,41510,15,,,0,10,,41509,15,,,0,10,,41508,15,,,0,10,,41507,15,,,0,50,,41506,15,,,0,10,,41505,15,,,0,10,,41504,15,,,0,11,,41503,15,,,0,10,,41502,15,,,0,10,,41501,15,,,0,50,,41500,15,,,0,10,,41499,15,,,0,10,,41498,15,,,0,10,,41497,15,,,0,10,,41496,15,,,0,10,,41495,15,,,0,50,,41494,15,,,0,10,,41493,15,,,0,10,,41492,15,,,0,10,,41491,15,,,0,10,,41490,15,,,0,10,,41489,15,,,0,50,,41488,15,,,0,10,,41487,15,,,0,10,,41486,15,,,0,10,,41485,15,,,0,10,,41484,15,,,0,10,,41483,15,,,0,50,,41482,15,,,0,10,,41481,15,,,0,10,,41480,15,,,0,10,,41479,15,,,0,10,,41478,15,,,0,10,,41477,15,,,0,50,,41476,15,,,0,10,,41475,15,,,0,10,,41474,15,,,0,10,,41473,15,,,0,10,,41472,15,,,0,10,,41471,15,,,0,50,,41470,15,,,0,10,,41469,15,,,0,10,,41468,15,,,0,10,,41467,15,,,0,10,,41466,15,,,0,10,,41465,15,,,0,50,,41464,15,,,0,10,,41463,15,,,0,10,,41462,15,,,0,10,,41461,15,,,0,10,,41460,15,,,0,10,,41459,15,,,0,50,,41458,15,,,0,10,,41457,15,,,0,10,,41456,15,,,0,9,,41455,15,,,0,10,,41454,15,,,0,12,,41453,15,,,0,52,,41452,15,,,0,12,,41451,15,,,0,12,,41450,15,,,0,12,,41449,15,,,0,12,,41448,15,,,0,52,,41447,15,,,0,12,,41446,15,,,0,12,,41445,15,,,0,12,,41444,15,,,0,12,,41443,15,,,0,52,,41442,15,,,0,20,,41441,15,,,0,30,,41440,15,,,0,70,,41439,15,,,0,30,,41438,15,,,0,70,,41437,15,,,0,30,,41436,15,,,0,78,,41435,15,,,0
582901,'3',809,,41523,5,,,0,15,,41524,5,,,0,17,,41525,15,,,0,15,,41526,15,,,0,55,,41527,15,,,0,15,,41528,15,,,0,15,,41529,15,,,0,15,,41530,15,,,0,56,,41531,15,,,0,15,,41532,15,,,0,15,,41533,15,,,0,15,,41534,15,,,0,55,,41535,15,,,0,15,,41536,15,,,0,15,,41537,15,,,0,15,,41538,15,,,0,55,,41539,15,,,0,15,,41540,15,,,0,15,,41541,15,,,0,15,,41542,15,,,0,55,,41543,15,,,0,15,,41544,15,,,0,15,,41545,15,,,0,15,,41546,15,,,0,55,,41547,15,,,0,15,,41548,15,,,0,15,,41549,15,,,0,15,,41550,15,,,0,55,,41551,15,,,0,15,,41552,15,,,0,15,,41553,15,,,0,15,,41554,15,,,0,55,,41555,15,,,0,15,,41556,15,,,0,15,,41557,15,,,0,15,,41558,15,,,0,55,,41559,15,,,0,15,,41560,15,,,0,15,,41561,15,,,0,15,,41562,15,,,0,55,,41563,15,,,0,15,,41564,15,,,0,15,,41565,15,,,0,15,,41566,15,,,0,54,,41567,15,,,0,15,,41568,15,,,0,20,,41569,15,,,0,60,,41570,15,,,0,20,,41571,15,,,0,20,,41572,15,,,0,60,,41573,15,,,0,20,,41574,15,,,0,20,,41575,15,,,0,64,,41576,15,,,0,30,,41577,15,,,0,70,,41578,15,,,0,30,,41579,15,,,0,70,,41580,15,,,0
582901,'4',809,,41581,15,,,0,30,,41582,15,,,0,70,,41583,15,,,0,30,,41584,15,,,0,70,,41585,15,,,0,32,,41586,15,,,0,60,,41587,15,,,0,20,,41588,15,,,0,20,,41589,15,,,0,60,,41590,15,,,0,20,,41591,15,,,0,20,,41592,15,,,0,60,,41593,15,,,0,20,,41594,15,,,0,20,,41595,15,,,0,60,,41596,15,,,0,20,,41597,15,,,0,20,,41598,15,,,0,60,,41599,15,,,0,20,,41600,15,,,0,20,,41601,15,,,0,60,,41602,15,,,0,20,,41603,15,,,0,20,,41604,15,,,0,60,,41605,15,,,0,20,,41606,15,,,0,20,,41607,15,,,0,60,,41608,15,,,0,20,,41609,15,,,0,20,,41610,15,,,0,67,,41611,15,,,0,30,,41612,15,,,0,70,,41613,15,,,0,30,,41614,15,,,0,70,,41615,15,,,0
582901,'6',809,,41616,5,,,0,15,,41617,5,,,0,17,,41618,15,,,0,15,,41619,15,,,0,55,,41620,15,,,0,15,,41621,15,,,0,15,,41622,15,,,0,15,,41623,15,,,0,56,,41624,15,,,0,15,,41625,15,,,0,15,,41626,15,,,0,15,,41627,15,,,0,55,,41628,15,,,0,15,,41629,15,,,0,15,,41630,15,,,0,15,,41631,15,,,0,55,,41632,15,,,0,15,,41633,15,,,0,15,,41634,15,,,0,15,,41635,15,,,0,55,,41636,15,,,0,15,,41637,15,,,0,15,,41638,15,,,0,15,,41639,15,,,0,55,,41640,15,,,0,15,,41641,15,,,0,15,,41642,15,,,0,15,,41643,15,,,0,55,,41644,15,,,0,15,,41645,15,,,0,15,,41646,15,,,0,15,,41647,15,,,0,55,,41648,15,,,0,15,,41649,15,,,0,15,,41650,15,,,0,15,,41651,15,,,0,55,,41652,15,,,0,15,,41653,15,,,0,15,,41654,15,,,0,15,,41655,15,,,0,55,,41656,15,,,0,15,,41657,15,,,0,15,,41658,15,,,0,15,,41659,15,,,0,54,,41660,15,,,0,15,,41661,15,,,0,20,,41662,15,,,0,60,,41663,15,,,0,20,,41664,15,,,0,20,,41665,15,,,0,60,,41666,15,,,0,20,,41667,15,,,0,20,,41668,15,,,0,64,,41669,15,,,0,30,,41670,15,,,0,70,,41671,15,,,0,30,,41672,15,,,0,70,,41673,15,,,0
