578000,'1',433,,28797,3,,,0,15,,28798,3,,,0,55,,28799,3,,,0,10,,28800,3,,,0,10,,28801,3,,,0,10,,28802,3,,,0,10,,28803,3,,,0,10,,28804,3,,,0,50,,28805,3,,,0,10,,28806,3,,,0,10,,28807,3,,,0,10,,28808,3,,,0,10,,28809,3,,,0,10,,28810,3,,,0,50,,28811,3,,,0,8,,28812,3,,,0,7,,28813,3,,,0,8,,28814,3,,,0,7,,28815,3,,,0,8,,28816,3,,,0,7,,28817,3,,,0,8,,28818,3,,,0,47,,28819,3,,,0,8,,28820,3,,,0,7,,28821,3,,,0,8,,28822,3,,,0,7,,28823,3,,,0,8,,28824,3,,,0,7,,28825,3,,,0,8,,28826,3,,,0,47,,28827,3,,,0,8,,28828,3,,,0,7,,28829,3,,,0,8,,28830,3,,,0,7,,28831,3,,,0,8,,28832,3,,,0,7,,28833,3,,,0,8,,28834,3,,,0,47,,28835,3,,,0,8,,28836,3,,,0,7,,28837,3,,,0,8,,28838,3,,,0,7,,28839,3,,,0,8,,28840,3,,,0,7,,28841,3,,,0,8,,28842,3,,,0,47,,28843,3,,,0,6,,28844,3,,,0,6,,28845,3,,,0,6,,28846,3,,,0,6,,28847,3,,,0,6,,28848,3,,,0,6,,28849,3,,,0,6,,28850,3,,,0,6,,28851,3,,,0,6,,28852,3,,,0,46,,28853,3,,,0,6,,28854,3,,,0,6,,28855,3,,,0,6,,28856,3,,,0,6,,28857,3,,,0,6,,28858,3,,,0,6,,28859,3,,,0,6,,28860,3,,,0,6,,28861,3,,,0,6,,28862,3,,,0,46,,28863,3,,,0,6,,28864,3,,,0,6,,28865,3,,,0,6,,28866,3,,,0,6,,28867,3,,,0,6,,28868,3,,,0,6,,28869,3,,,0,6,,28870,3,,,0,6,,28871,3,,,0,6,,28872,3,,,0,46,,28873,3,,,0,6,,28874,3,,,0,6,,28875,3,,,0,6,,28876,3,,,0,6,,28877,3,,,0,6,,28878,3,,,0,6,,28879,3,,,0,6,,28880,3,,,0,6,,28881,3,,,0,6,,28882,3,,,0,46,,28883,3,,,0,6,,28884,3,,,0,6,,28885,3,,,0,6,,28886,3,,,0,6,,28887,3,,,0,6,,28888,3,,,0,6,,28889,3,,,0,6,,28890,3,,,0,6,,28891,3,,,0,6,,28892,3,,,0,46,,28893,3,,,0,6,,28894,3,,,0,6,,28895,3,,,0,6,,28896,3,,,0,6,,28897,3,,,0,6,,28898,3,,,0,6,,28899,3,,,0,6,,28900,3,,,0,6,,28901,3,,,0,6,,28902,3,,,0,46,,28903,3,,,0,6,,28904,3,,,0,6,,28905,3,,,0,6,,28906,3,,,0,6,,28907,3,,,0,6,,28908,3,,,0,6,,28909,3,,,0,6,,28910,3,,,0,6,,28911,3,,,0,6,,28912,3,,,0,46,,28913,3,,,0,7,,28914,3,,,0,8,,28915,3,,,0,7,,28916,3,,,0,8,,28917,3,,,0,7,,28918,3,,,0,8,,28919,3,,,0,7,,28920,3,,,0,48,,28921,3,,,0,15,,28922,3,,,0,15,,28923,3,,,0,15,,28924,3,,,0,55,,28925,3,,,0,15,,28926,3,,,0,15,,28927,3,,,0,15,,28928,3,,,0,55,,28929,3,,,0,15,,28930,3,,,0,15,,28931,3,,,0,15,,28932,3,,,0,55,,28933,3,,,0,20,,28934,3,,,0,20,,28935,3,,,0,60,,28936,3,,,0,20,,28937,3,,,0,20,,28938,3,,,0,60,,28939,3,,,0,20,,28942,3,,,0,20,,28943,3,,,0,60,,28940,3,,,0,20,,28941,3,,,0
578000,'2',502,,28944,3,,,0,15,,28945,3,,,0,15,,28946,3,,,0,15,,28947,3,,,0,55,,28948,3,,,0,15,,28949,3,,,0,15,,28950,3,,,0,15,,28951,3,,,0,55,,28952,3,,,0,10,,28953,3,,,0,10,,28954,3,,,0,10,,28955,3,,,0,10,,28956,3,,,0,10,,28957,3,,,0,50,,28958,3,,,0,8,,28959,3,,,0,8,,28960,3,,,0,8,,28961,3,,,0,8,,28962,3,,,0,8,,28963,3,,,0,8,,28964,3,,,0,8,,28965,3,,,0,48,,28966,3,,,0,8,,28967,3,,,0,8,,28968,3,,,0,8,,28969,3,,,0,8,,28970,3,,,0,8,,28971,3,,,0,8,,28972,3,,,0,48,,28973,3,,,0,8,,28974,3,,,0,8,,28975,3,,,0,8,,28976,3,,,0,8,,28977,3,,,0,8,,28978,3,,,0,8,,28979,3,,,0,8,,28980,3,,,0,48,,28981,3,,,0,8,,28982,3,,,0,8,,28983,3,,,0,8,,28984,3,,,0,8,,28985,3,,,0,8,,28986,3,,,0,8,,28987,3,,,0,49,,28988,3,,,0,8,,28989,3,,,0,8,,28990,3,,,0,8,,28991,3,,,0,8,,28992,3,,,0,8,,28993,3,,,0,8,,28994,3,,,0,8,,28995,3,,,0,48,,28996,3,,,0,8,,28997,3,,,0,8,,28998,3,,,0,8,,28999,3,,,0,8,,29000,3,,,0,8,,29001,3,,,0,8,,29002,3,,,0,48,,29003,3,,,0,8,,29004,3,,,0,8,,29005,3,,,0,8,,29006,3,,,0,8,,29007,3,,,0,8,,29008,3,,,0,8,,29009,3,,,0,8,,29010,3,,,0,48,,29011,3,,,0,8,,29012,3,,,0,8,,29013,3,,,0,8,,29014,3,,,0,8,,29015,3,,,0,8,,29016,3,,,0,8,,29017,3,,,0,48,,29018,3,,,0,8,,29019,3,,,0,8,,29020,3,,,0,8,,29021,3,,,0,8,,29022,3,,,0,8,,29023,3,,,0,8,,29024,3,,,0,8,,29025,3,,,0,48,,29026,3,,,0,8,,29027,3,,,0,8,,29028,3,,,0,8,,29029,3,,,0,8,,29030,3,,,0,8,,29031,3,,,0,8,,29032,3,,,0,48,,29033,3,,,0,10,,29034,3,,,0,10,,29035,3,,,0,10,,29036,3,,,0,10,,29037,3,,,0,10,,29038,3,,,0,50,,29039,3,,,0,15,,29040,3,,,0,15,,29041,3,,,0,15,,29042,3,,,0,55,,29043,3,,,0,15,,29044,3,,,0,15,,29045,3,,,0,15,,29046,3,,,0,55,,29047,3,,,0,20,,29048,3,,,0,19,,29049,3,,,0,60,,29050,3,,,0,20,,29051,3,,,0,20,,29052,3,,,0,60,,29053,3,,,0,20,,29054,3,,,0,20,,29055,3,,,0,60,,29056,3,,,0,20,,29057,3,,,0,20,,29058,3,,,0,60,,29059,3,,,0,20,,29060,3,,,0
578000,'3',502,,29061,3,,,0,30,,29062,3,,,0,70,,29063,3,,,0,30,,29064,3,,,0,70,,29065,3,,,0,30,,29066,3,,,0,70,,29067,3,,,0,30,,29068,3,,,0,72,,29069,3,,,0,30,,29070,3,,,0,70,,29071,3,,,0,10,,29072,3,,,0,10,,29073,3,,,0,10,,29074,3,,,0,10,,29075,3,,,0,10,,29076,3,,,0,50,,29077,3,,,0,10,,29078,3,,,0,10,,29079,3,,,0,10,,29080,3,,,0,10,,29081,3,,,0,10,,29082,3,,,0,50,,29083,3,,,0,10,,29084,3,,,0,10,,29085,3,,,0,10,,29086,3,,,0,10,,29087,3,,,0,10,,29088,3,,,0,50,,29089,3,,,0,10,,29090,3,,,0,10,,29091,3,,,0,10,,29092,3,,,0,10,,29093,3,,,0,10,,29094,3,,,0,50,,29095,3,,,0,10,,29096,3,,,0,10,,29097,3,,,0,10,,29098,3,,,0,10,,29099,3,,,0,10,,29100,3,,,0,50,,29101,3,,,0,10,,29102,3,,,0,10,,29103,3,,,0,10,,29104,3,,,0,10,,29105,3,,,0,10,,29106,3,,,0,50,,29107,3,,,0,10,,29108,3,,,0,10,,29109,3,,,0,10,,29110,3,,,0,10,,29111,3,,,0,10,,29112,3,,,0,50,,29113,3,,,0,10,,29114,3,,,0,10,,29115,3,,,0,10,,29116,3,,,0,10,,29117,3,,,0,10,,29118,3,,,0,50,,29119,3,,,0,10,,29120,3,,,0,10,,29121,3,,,0,10,,29122,3,,,0,10,,29123,3,,,0,59,,29124,3,,,0,20,,29125,3,,,0,20,,29126,3,,,0,60,,29127,3,,,0,20,,29128,3,,,0,20,,29129,3,,,0,60,,29130,3,,,0,20,,29131,3,,,0,20,,29132,3,,,0,59,,29133,3,,,0,20,,29134,3,,,0,20,,29135,3,,,0,60,,29136,3,,,0,20,,29137,3,,,0,20,,29138,3,,,0,60,,29139,3,,,0
578000,'4',517,,29140,3,,,0,30,,29141,3,,,0,55,,29142,3,,,0,30,,29143,3,,,0,70,,29144,3,,,0,30,,29145,3,,,0,70,,29146,3,,,0,30,,29147,3,,,0,70,,29148,3,,,0,31,,29149,3,,,0,70,,29150,3,,,0,30,,29151,3,,,0,70,,29152,3,,,0,30,,29153,3,,,0,70,,29154,3,,,0,30,,29155,3,,,0,70,,29156,3,,,0,30,,29157,3,,,0,70,,29158,3,,,0,30,,29159,3,,,0,70,,29160,3,,,0,30,,29161,3,,,0,70,,29162,3,,,0,30,,29163,3,,,0,70,,29164,3,,,0,30,,29165,3,,,0,69,,29166,3,,,0,30,,29167,3,,,0,70,,29168,3,,,0,30,,29169,3,,,0,70,,29170,3,,,0,30,,29171,3,,,0,70,,29172,3,,,0
578000,'6',502,,29173,3,,,0,15,,29174,3,,,0,15,,29175,3,,,0,15,,29176,3,,,0,55,,29177,3,,,0,15,,29178,3,,,0,15,,29179,3,,,0,15,,29180,3,,,0,55,,29181,3,,,0,10,,29182,3,,,0,10,,29183,3,,,0,10,,29184,3,,,0,10,,29185,3,,,0,10,,29186,3,,,0,50,,29187,3,,,0,8,,29188,3,,,0,8,,29189,3,,,0,8,,29190,3,,,0,8,,29191,3,,,0,8,,29192,3,,,0,8,,29193,3,,,0,8,,29194,3,,,0,48,,29195,3,,,0,8,,29196,3,,,0,8,,29197,3,,,0,8,,29198,3,,,0,8,,29199,3,,,0,8,,29200,3,,,0,8,,29201,3,,,0,48,,29202,3,,,0,8,,29203,3,,,0,8,,29204,3,,,0,8,,29205,3,,,0,8,,29206,3,,,0,8,,29207,3,,,0,8,,29208,3,,,0,8,,29209,3,,,0,48,,29210,3,,,0,8,,29211,3,,,0,8,,29212,3,,,0,8,,29213,3,,,0,8,,29214,3,,,0,8,,29215,3,,,0,8,,29216,3,,,0,49,,29217,3,,,0,8,,29218,3,,,0,8,,29219,3,,,0,8,,29220,3,,,0,8,,29221,3,,,0,8,,29222,3,,,0,8,,29223,3,,,0,8,,29224,3,,,0,48,,29225,3,,,0,8,,29226,3,,,0,8,,29227,3,,,0,8,,29228,3,,,0,8,,29229,3,,,0,8,,29230,3,,,0,8,,29231,3,,,0,48,,29232,3,,,0,8,,29233,3,,,0,8,,29234,3,,,0,8,,29235,3,,,0,8,,29236,3,,,0,8,,29237,3,,,0,8,,29238,3,,,0,8,,29239,3,,,0,48,,29240,3,,,0,8,,29241,3,,,0,8,,29242,3,,,0,8,,29243,3,,,0,8,,29244,3,,,0,8,,29245,3,,,0,8,,29246,3,,,0,48,,29247,3,,,0,8,,29248,3,,,0,8,,29249,3,,,0,8,,29250,3,,,0,8,,29251,3,,,0,8,,29252,3,,,0,8,,29253,3,,,0,8,,29254,3,,,0,48,,29255,3,,,0,8,,29256,3,,,0,8,,29257,3,,,0,8,,29258,3,,,0,8,,29259,3,,,0,8,,29260,3,,,0,8,,29261,3,,,0,48,,29262,3,,,0,10,,29263,3,,,0,10,,29264,3,,,0,10,,29265,3,,,0,10,,29266,3,,,0,10,,29267,3,,,0,50,,29268,3,,,0,15,,29269,3,,,0,15,,29270,3,,,0,15,,29271,3,,,0,55,,29272,3,,,0,15,,29273,3,,,0,15,,29274,3,,,0,15,,29275,3,,,0,55,,29276,3,,,0,20,,29277,3,,,0,19,,29278,3,,,0,60,,29279,3,,,0,20,,29280,3,,,0,20,,29281,3,,,0,60,,29282,3,,,0,20,,29283,3,,,0,20,,29284,3,,,0,60,,29285,3,,,0,20,,29286,3,,,0,20,,29287,3,,,0,60,,29288,3,,,0,20,,29289,3,,,0
578100,'1',617,,29782,3,,,0,15,,29783,3,,,0,15,,29784,3,,,0,55,,29785,3,,,0,15,,29786,3,,,0,15,,29787,3,,,0,15,,29788,3,,,0,55,,29789,3,,,0,15,,29790,3,,,0,15,,29791,3,,,0,15,,29792,3,,,0,55,,29793,3,,,0,30,,29794,3,,,0,70,,29795,3,,,0,30,,29796,3,,,0,70,,29797,3,,,0,30,,29798,3,,,0,70,,29799,3,,,0,30,,29800,3,,,0,70,,29801,3,,,0,30,,29802,3,,,0,25,,29803,3,,,0,55,,29804,3,,,0,15,,29805,3,,,0,15,,29806,3,,,0,14,,29807,3,,,0,55,,29808,3,,,0,15,,29809,3,,,0,15,,29810,3,,,0,15,,29811,3,,,0,55,,29812,3,,,0,15,,29813,3,,,0,15,,29814,3,,,0,15,,29815,3,,,0,55,,29816,3,,,0,15,,29817,3,,,0,15,,29834,3,,,0,65,,29818,3,,,0,26,,29819,3,,,0,70,,29820,3,,,0,30,,29821,3,,,0,70,,29822,3,,,0,30,,29823,3,,,0,70,,29824,3,,,0,30,,29825,3,,,0,70,,29826,3,,,0,30,,29827,3,,,0,70,,29828,3,,,0,30,,29829,3,,,0,70,,29830,3,,,0,30,,29831,3,,,0,70,,29832,3,,,0,20,,29833,3,,,0
578100,'2',632,,29848,3,,,0,70,,29849,3,,,0,30,,29839,3,,,0,70,,29840,3,,,0,30,,29841,3,,,0,70,,29842,3,,,0,31,,29845,3,,,0,70,,29846,3,,,0,40,,29847,3,,,0,70,,29843,3,,,0,30,,29844,3,,,0,70,,29838,3,,,0,30,,29852,3,,,0,70,,29850,3,,,0,30,,29851,3,,,0,70,,29855,3,,,0,30,,29856,3,,,0,70,,29853,3,,,0,30,,29854,3,,,0,70,,29858,3,,,0,30,,29857,3,,,0,70,,29859,3,,,0,30,,29864,3,,,0,69,,29860,3,,,0,30,,29863,3,,,0,70,,29861,3,,,0,30,,29865,3,,,0,70,,29862,3,,,0,30,,29835,3,,,0,70,,29836,3,,,0,30,,29837,3,,,0,70,,29866,3,,,0,30,,29867,3,,,0,70,,29868,3,,,0,30,,29869,3,,,0,70,,29870,3,,,0,30,,29871,3,,,0,80,,29872,3,,,0
578100,'3',832,,29892,3,,,0,70,,29891,3,,,0,30,,29890,3,,,0,70,,29889,3,,,0,30,,29888,3,,,0,70,,29887,3,,,0,30,,29886,3,,,0,71,,29885,3,,,0,30,,29884,3,,,0,70,,29883,3,,,0,30,,29882,3,,,0,70,,29881,3,,,0,30,,29880,3,,,0,70,,29879,3,,,0,30,,29878,3,,,0,70,,29877,3,,,0,30,,29876,3,,,0,70,,29875,3,,,0,30,,29874,3,,,0,70,,29873,3,,,0,30,,29893,3,,,0,70,,29894,3,,,0,30,,29895,3,,,0,69,,29896,3,,,0,30,,29897,3,,,0,70,,29898,3,,,0,30,,29899,3,,,0,70,,29900,3,,,0,30,,29901,3,,,0,70,,29902,3,,,0,30,,29903,3,,,0,70,,29904,3,,,0
578100,'4',832,,29905,3,,,0,70,,29906,3,,,0,30,,29907,3,,,0,70,,29908,3,,,0,30,,29909,3,,,0,70,,29910,3,,,0,30,,29911,3,,,0,70,,29912,3,,,0,30,,29913,3,,,0,70,,29914,3,,,0,30,,29915,3,,,0,70,,29916,3,,,0,30,,29917,3,,,0,70,,29918,3,,,0,30,,29919,3,,,0,70,,29920,3,,,0,30,,29921,3,,,0,70,,29922,3,,,0,30,,29923,3,,,0,70,,29924,3,,,0,30,,29925,3,,,0,70,,29926,3,,,0,100,,29927,3,,,0,100,,29928,3,,,0
578100,'6',832,,29948,3,,,0,70,,29947,3,,,0,30,,29946,3,,,0,70,,29945,3,,,0,30,,29944,3,,,0,70,,29943,3,,,0,30,,29942,3,,,0,71,,29941,3,,,0,30,,29940,3,,,0,70,,29939,3,,,0,30,,29938,3,,,0,70,,29937,3,,,0,30,,29936,3,,,0,70,,29935,3,,,0,30,,29934,3,,,0,70,,29933,3,,,0,30,,29932,3,,,0,70,,29931,3,,,0,30,,29930,3,,,0,70,,29929,3,,,0,30,,29949,3,,,0,70,,29950,3,,,0,30,,29951,3,,,0,69,,29952,3,,,0,30,,29953,3,,,0,70,,29954,3,,,0,30,,29955,3,,,0,70,,29956,3,,,0,30,,29957,3,,,0,70,,29958,3,,,0,30,,29959,3,,,0,70,,29960,3,,,0
578401,'1',554,,31649,29,,,0,70,,31650,29,,,0,30,,31651,29,,,0,65,,31652,29,,,0,19,,31653,29,,,0,20,,31654,29,,,0,60,,31655,29,,,0,20,,31656,29,,,0,20,,31657,29,,,0,60,,31658,29,,,0,20,,31659,29,,,0,20,,31660,29,,,0,60,,31661,29,,,0,20,,31662,29,,,0,70,,31663,29,,,0,30,,31664,29,,,0,70,,31665,29,,,0,30,,31666,29,,,0,70,,31667,29,,,0,30,,31668,29,,,0,70,,31669,29,,,0,30,,31670,29,,,0,20,,31671,29,,,0,60,,31672,29,,,0,20,,31673,29,,,0,20,,31674,29,,,0,60,,31675,29,,,0,20,,31676,29,,,0,20,,31677,29,,,0,60,,31678,29,,,0,20,,31679,29,,,0,70,,31680,29,,,0,30,,31681,29,,,0,70,,31682,29,,,0,36,,31683,29,,,0,100,,31684,29,,,0,100,,31685,29,,,0,100,,31686,29,,,0,100,,31687,29,,,0,100,,31688,29,,,0,104,,31689,29,,,0
578401,'2',510,,31724,29,,,0,30,,31690,29,,,0,70,,31721,29,,,0,30,,31691,29,,,0,70,,31723,29,,,0,30,,31692,29,,,0,75,,31722,29,,,0,30,,31693,29,,,0,70,,31694,29,,,0,30,,31695,29,,,0,70,,31696,29,,,0,30,,31697,29,,,0,70,,31698,29,,,0,30,,31699,29,,,0,70,,31700,29,,,0,30,,31701,29,,,0,70,,31702,29,,,0,30,,31703,29,,,0,70,,31704,29,,,0,30,,31705,29,,,0,70,,31706,29,,,0,30,,31707,29,,,0,70,,31708,29,,,0,30,,31709,29,,,0,70,,31710,29,,,0,30,,31711,29,,,0,70,,31712,29,,,0,35,,31713,29,,,0,100,,31714,29,,,0,100,,31715,29,,,0,100,,31716,29,,,0,100,,31717,29,,,0,100,,31718,29,,,0,100,,31719,29,,,0,100,,31720,29,,,0
578401,'3',620,,31755,29,,,0,30,,31733,29,,,0,70,,31749,29,,,0,30,,31732,29,,,0,70,,31751,29,,,0,30,,31731,29,,,0,70,,31750,29,,,0,30,,31730,29,,,0,70,,31752,29,,,0,30,,31729,29,,,0,70,,31728,29,,,0,30,,31727,29,,,0,70,,31726,29,,,0,30,,31725,29,,,0,70,,31748,29,,,0,30,,31747,29,,,0,70,,31746,29,,,0,30,,31745,29,,,0,70,,31744,29,,,0,30,,31743,29,,,0,70,,31742,29,,,0,30,,31741,29,,,0,70,,31740,29,,,0,30,,31739,29,,,0,100,,31738,29,,,0,100,,31737,29,,,0,100,,31736,29,,,0,100,,31735,29,,,0,100,,31734,29,,,0,100,,31753,29,,,0,100,,31754,29,,,0
578401,'4',631,,31756,29,,,0,102,,31757,29,,,0,100,,31758,29,,,0,103,,31759,29,,,0,100,,31760,29,,,0,100,,31761,29,,,0,100,,31762,29,,,0,100,,31763,29,,,0,100,,31764,29,,,0,100,,31765,29,,,0,100,,31766,29,,,0,100,,31767,29,,,0,100,,31768,29,,,0,100,,31769,29,,,0,100,,31770,29,,,0
578401,'6',620,,31801,29,,,0,30,,31779,29,,,0,70,,31795,29,,,0,30,,31778,29,,,0,70,,31797,29,,,0,30,,31777,29,,,0,70,,31796,29,,,0,30,,31776,29,,,0,70,,31798,29,,,0,30,,31775,29,,,0,70,,31774,29,,,0,30,,31773,29,,,0,70,,31772,29,,,0,30,,31771,29,,,0,70,,31794,29,,,0,30,,31793,29,,,0,70,,31792,29,,,0,30,,31791,29,,,0,70,,31790,29,,,0,30,,31789,29,,,0,70,,31788,29,,,0,30,,31787,29,,,0,70,,31786,29,,,0,30,,31785,29,,,0,100,,31784,29,,,0,100,,31783,29,,,0,100,,31782,29,,,0,100,,31781,29,,,0,100,,31780,29,,,0,100,,31799,29,,,0,100,,31800,29,,,0
