580800,'14601',532,,39276,37,4,,0,20,,39270,37,4,,0,60,,39271,37,4,,0,20,,39272,37,4,,0,20,,39273,37,4,,0,60,,39274,37,4,,0,20,,39275,37,4,,0,20,,39174,37,4,,0,58,,39175,37,4,,0,7,,39188,37,4,,0,7,,39189,37,4,,0,8,,39196,37,4,,0,7,,39190,37,4,,0,8,,39197,37,4,,0,7,,39191,37,4,,0,48,,39198,37,4,,0,7,,39192,37,4,,0,8,,39199,37,4,,0,7,,39193,37,4,,0,10,,39200,37,4,,0,7,,39194,37,4,,0,8,,39201,37,4,,0,7,,39195,37,4,,0,50,,39202,37,4,,0,10,,39203,37,4,,0,10,,39204,37,4,,0,10,,39205,37,4,,0,10,,39206,37,4,,0,10,,39207,37,4,,0,50,,39208,37,4,,0,10,,39209,37,4,,0,10,,39210,37,4,,0,10,,39211,37,4,,0,10,,39212,37,4,,0,10,,39213,37,4,,0,50,,39214,37,4,,0,10,,39215,37,4,,0,10,,39216,37,4,,0,10,,39217,37,4,,0,10,,39218,37,4,,0,10,,39219,37,4,,0,50,,39220,37,4,,0,10,,39221,37,4,,0,10,,39222,37,4,,0,10,,39223,37,4,,0,10,,39224,37,4,,0,10,,39225,37,4,,0,50,,39226,37,4,,0,10,,39227,37,4,,0,10,,39228,37,4,,0,10,,39229,37,4,,0,10,,39230,37,4,,0,10,,39231,37,4,,0,50,,39232,37,4,,0,10,,39233,37,4,,0,10,,39247,37,4,,0,7,,39234,37,4,,0,8,,39248,37,4,,0,7,,39235,37,4,,0,8,,39249,37,4,,0,47,,39236,37,4,,0,8,,39250,37,4,,0,7,,39237,37,4,,0,8,,39251,37,4,,0,7,,39238,37,4,,0,8,,39252,37,4,,0,7,,39239,37,4,,0,8,,39253,37,4,,0,47,,39240,37,4,,0,8,,39254,37,4,,0,7,,39241,37,4,,0,8,,39255,37,4,,0,7,,39242,37,4,,0,8,,39256,37,4,,0,7,,39243,37,4,,0,8,,39257,37,4,,0,47,,39244,37,4,,0,8,,39258,37,4,,0,7,,39245,37,4,,0,8,,39259,37,4,,0,7,,39246,37,4,,0,8,,39260,37,4,,0,11,,39261,37,4,,0,55,,39176,37,4,,0,15,,39177,37,4,,0,11,,39178,37,4,,0,15,,39171,37,4,,0,55,,39172,37,4,,0,15,,39173,37,4,,0,15,,39262,37,4,,0,15,,39263,37,4,,0,55,,39264,37,4,,0,15,,39265,37,4,,0,15,,39266,37,4,,0,15,,39267,37,4,,0,55,,39268,37,4,,0,23,,39269,37,4,,0,27,,39179,37,4,,0,70,,39180,37,4,,0,30,,39181,37,4,,0,70,,39182,37,4,,0,30,,39183,37,4,,0,70,,39184,37,4,,0,30,,39185,37,4,,0,70,,39186,37,4,,0,30,,39187,37,4,,0
580800,'14602',532,,39308,37,4,,0,70,,39309,37,4,,0,30,,39310,37,4,,0,70,,39311,37,4,,0,30,,39312,37,4,,0,70,,39313,37,4,,0,30,,39314,37,4,,0,70,,39315,37,4,,0,32,,39316,37,4,,0,70,,39317,37,4,,0,30,,39318,37,4,,0,70,,39319,37,4,,0,30,,39320,37,4,,0,70,,39291,37,4,,0,30,,39292,37,4,,0,70,,39293,37,4,,0,30,,39294,37,4,,0,70,,39295,37,4,,0,30,,39296,37,4,,0,70,,39297,37,4,,0,30,,39298,37,4,,0,70,,39299,37,4,,0,30,,39300,37,4,,0,70,,39301,37,4,,0,30,,39302,37,4,,0,70,,39303,37,4,,0,30,,39304,37,4,,0,70,,39305,37,4,,0,26,,39306,37,4,,0,70,,39307,37,4,,0,30,,39290,37,4,,0,70,,39289,37,4,,0,30,,39288,37,4,,0,70,,39287,37,4,,0,27,,39286,37,4,,0,30,,39285,37,4,,0,70,,39284,37,4,,0,30,,39283,37,4,,0,70,,39282,37,4,,0,30,,39281,37,4,,0,70,,39280,37,4,,0,30,,39279,37,4,,0,70,,39278,37,4,,0,30,,39277,37,4,,0
580800,'14603',632,,39346,37,4,,0,70,,39347,37,4,,0,30,,39348,37,4,,0,70,,39349,37,4,,0,30,,39350,37,4,,0,70,,39351,37,4,,0,32,,39352,37,4,,0,70,,39353,37,4,,0,30,,39354,37,4,,0,70,,39355,37,4,,0,30,,39356,37,4,,0,70,,39337,37,4,,0,30,,39336,37,4,,0,70,,39335,37,4,,0,30,,39334,37,4,,0,70,,39333,37,4,,0,30,,39332,37,4,,0,70,,39331,37,4,,0,30,,39330,37,4,,0,70,,39329,37,4,,0,30,,39328,37,4,,0,70,,39327,37,4,,0,30,,39326,37,4,,0,70,,39325,37,4,,0,30,,39324,37,4,,0,70,,39323,37,4,,0,26,,39322,37,4,,0,70,,39321,37,4,,0,30,,39338,37,4,,0,70,,39339,37,4,,0,30,,39340,37,4,,0,70,,39341,37,4,,0,27,,39342,37,4,,0,30,,39343,37,4,,0,70,,39344,37,4,,0,30,,39345,37,4,,0
580800,'14604',632,,39376,37,4,,0,70,,39377,37,4,,0,30,,39378,37,4,,0,70,,39379,37,4,,0,30,,39380,37,4,,0,70,,39381,37,4,,0,32,,39382,37,4,,0,70,,39383,37,4,,0,30,,39384,37,4,,0,70,,39385,37,4,,0,30,,39386,37,4,,0,70,,39373,37,4,,0,30,,39372,37,4,,0,70,,39371,37,4,,0,30,,39370,37,4,,0,70,,39369,37,4,,0,30,,39368,37,4,,0,70,,39367,37,4,,0,30,,39366,37,4,,0,70,,39365,37,4,,0,30,,39364,37,4,,0,70,,39363,37,4,,0,30,,39362,37,4,,0,70,,39361,37,4,,0,30,,39360,37,4,,0,70,,39359,37,4,,0,26,,39358,37,4,,0,70,,39357,37,4,,0,30,,39374,37,4,,0,70,,39375,37,4,,0
580800,'14606',632,,39412,37,4,,0,70,,39413,37,4,,0,30,,39414,37,4,,0,70,,39415,37,4,,0,30,,39416,37,4,,0,70,,39417,37,4,,0,32,,39418,37,4,,0,70,,39419,37,4,,0,30,,39420,37,4,,0,70,,39421,37,4,,0,30,,39422,37,4,,0,70,,39403,37,4,,0,30,,39402,37,4,,0,70,,39401,37,4,,0,30,,39400,37,4,,0,70,,39399,37,4,,0,30,,39398,37,4,,0,70,,39397,37,4,,0,30,,39396,37,4,,0,70,,39395,37,4,,0,30,,39394,37,4,,0,70,,39393,37,4,,0,30,,39392,37,4,,0,70,,39391,37,4,,0,30,,39390,37,4,,0,70,,39389,37,4,,0,26,,39388,37,4,,0,70,,39387,37,4,,0,30,,39404,37,4,,0,70,,39405,37,4,,0,30,,39406,37,4,,0,70,,39407,37,4,,0,27,,39408,37,4,,0,30,,39409,37,4,,0,70,,39410,37,4,,0,30,,39411,37,4,,0
580801,'14601',504,,39528,1,,,0,20,,39522,1,,,0,20,,39523,1,,,0,60,,39524,1,,,0,20,,39525,1,,,0,20,,39526,1,,,0,60,,39527,1,,,0,20,,39520,1,,,0,19,,39521,1,,,0,10,,39423,1,,,0,50,,39454,1,,,0,10,,39424,1,,,0,8,,39455,1,,,0,7,,39425,1,,,0,8,,39456,1,,,0,9,,39426,1,,,0,8,,39457,1,,,0,47,,39427,1,,,0,8,,39458,1,,,0,5,,39428,1,,,0,8,,39459,1,,,0,7,,39460,1,,,0,8,,39461,1,,,0,13,,39462,1,,,0,52,,39429,1,,,0,10,,39430,1,,,0,10,,39431,1,,,0,10,,39432,1,,,0,10,,39433,1,,,0,10,,39434,1,,,0,50,,39435,1,,,0,10,,39436,1,,,0,10,,39437,1,,,0,10,,39438,1,,,0,10,,39439,1,,,0,10,,39440,1,,,0,50,,39441,1,,,0,10,,39442,1,,,0,10,,39443,1,,,0,10,,39444,1,,,0,10,,39445,1,,,0,10,,39446,1,,,0,50,,39447,1,,,0,10,,39448,1,,,0,10,,39449,1,,,0,10,,39450,1,,,0,10,,39451,1,,,0,10,,39452,1,,,0,50,,39453,1,,,0,10,,39488,1,,,0,9,,39489,1,,,0,8,,39492,1,,,0,7,,39490,1,,,0,8,,39493,1,,,0,7,,39491,1,,,0,8,,39463,1,,,0,47,,39476,1,,,0,8,,39464,1,,,0,7,,39477,1,,,0,8,,39465,1,,,0,7,,39478,1,,,0,8,,39466,1,,,0,7,,39479,1,,,0,8,,39467,1,,,0,47,,39480,1,,,0,8,,39468,1,,,0,7,,39481,1,,,0,8,,39469,1,,,0,7,,39482,1,,,0,8,,39470,1,,,0,7,,39483,1,,,0,8,,39471,1,,,0,47,,39484,1,,,0,8,,39472,1,,,0,7,,39485,1,,,0,8,,39473,1,,,0,8,,39486,1,,,0,8,,39474,1,,,0,7,,39487,1,,,0,8,,39475,1,,,0,48,,39503,1,,,0,10,,39504,1,,,0,10,,39505,1,,,0,10,,39506,1,,,0,10,,39507,1,,,0,10,,39494,1,,,0,56,,39495,1,,,0,15,,39496,1,,,0,15,,39498,1,,,0,15,,39499,1,,,0,55,,39500,1,,,0,15,,39501,1,,,0,15,,39502,1,,,0,15,,39497,1,,,0,55,,39515,1,,,0,15,,39516,1,,,0,15,,39519,1,,,0,58,,39517,1,,,0,22,,39518,1,,,0,30,,39508,1,,,0,70,,39509,1,,,0,30,,39510,1,,,0,70,,39511,1,,,0,30,,39512,1,,,0,70,,39513,1,,,0,30,,39514,1,,,0
580801,'14602',520,,39559,1,,,0,30,,39560,1,,,0,70,,39561,1,,,0,30,,39562,1,,,0,70,,39563,1,,,0,30,,39564,1,,,0,70,,39565,1,,,0,30,,39566,1,,,0,68,,39567,1,,,0,30,,39568,1,,,0,70,,39569,1,,,0,30,,39570,1,,,0,70,,39558,1,,,0,30,,39541,1,,,0,70,,39542,1,,,0,30,,39543,1,,,0,70,,39544,1,,,0,30,,39545,1,,,0,70,,39546,1,,,0,30,,39547,1,,,0,70,,39548,1,,,0,30,,39549,1,,,0,70,,39550,1,,,0,30,,39551,1,,,0,70,,39552,1,,,0,30,,39553,1,,,0,70,,39554,1,,,0,33,,39555,1,,,0,70,,39556,1,,,0,30,,39557,1,,,0,70,,39540,1,,,0,30,,39539,1,,,0,70,,39538,1,,,0,30,,39537,1,,,0,72,,39536,1,,,0,30,,39535,1,,,0,70,,39534,1,,,0,30,,39533,1,,,0,70,,39532,1,,,0,30,,39531,1,,,0,70,,39530,1,,,0,30,,39529,1,,,0
580801,'14603',620,,39596,1,,,0,30,,39597,1,,,0,70,,39598,1,,,0,30,,39599,1,,,0,70,,39600,1,,,0,30,,39601,1,,,0,68,,39602,1,,,0,30,,39603,1,,,0,70,,39604,1,,,0,30,,39605,1,,,0,70,,39571,1,,,0,30,,39588,1,,,0,70,,39587,1,,,0,30,,39586,1,,,0,70,,39585,1,,,0,30,,39584,1,,,0,70,,39583,1,,,0,30,,39582,1,,,0,70,,39581,1,,,0,30,,39580,1,,,0,70,,39579,1,,,0,30,,39578,1,,,0,70,,39577,1,,,0,30,,39576,1,,,0,70,,39575,1,,,0,33,,39574,1,,,0,70,,39573,1,,,0,30,,39572,1,,,0,70,,39589,1,,,0,30,,39590,1,,,0,70,,39591,1,,,0,30,,39592,1,,,0,72,,39593,1,,,0,30,,39594,1,,,0,70,,39595,1,,,0,30,,39606,1,,,0
580801,'14604',620,,39627,1,,,0,30,,39628,1,,,0,70,,39629,1,,,0,30,,39630,1,,,0,70,,39631,1,,,0,30,,39632,1,,,0,68,,39633,1,,,0,30,,39634,1,,,0,70,,39635,1,,,0,30,,39636,1,,,0,70,,39607,1,,,0,30,,39624,1,,,0,70,,39623,1,,,0,30,,39622,1,,,0,70,,39621,1,,,0,30,,39620,1,,,0,70,,39619,1,,,0,30,,39618,1,,,0,70,,39617,1,,,0,30,,39616,1,,,0,70,,39615,1,,,0,30,,39614,1,,,0,70,,39613,1,,,0,30,,39612,1,,,0,70,,39611,1,,,0,33,,39610,1,,,0,70,,39609,1,,,0,30,,39608,1,,,0,70,,39625,1,,,0,30,,39626,1,,,0
580801,'14606',620,,39662,1,,,0,30,,39663,1,,,0,70,,39664,1,,,0,30,,39665,1,,,0,70,,39666,1,,,0,30,,39667,1,,,0,68,,39668,1,,,0,30,,39669,1,,,0,70,,39670,1,,,0,30,,39671,1,,,0,70,,39637,1,,,0,30,,39654,1,,,0,70,,39653,1,,,0,30,,39652,1,,,0,70,,39651,1,,,0,30,,39650,1,,,0,70,,39649,1,,,0,30,,39648,1,,,0,70,,39647,1,,,0,30,,39646,1,,,0,70,,39645,1,,,0,30,,39644,1,,,0,70,,39643,1,,,0,30,,39642,1,,,0,70,,39641,1,,,0,33,,39640,1,,,0,70,,39639,1,,,0,30,,39638,1,,,0,70,,39655,1,,,0,30,,39656,1,,,0,70,,39657,1,,,0,30,,39658,1,,,0,72,,39659,1,,,0,30,,39660,1,,,0,70,,39661,1,,,0,30,,39672,1,,,0
582800,'1',641,,40229,1,,,0,15,,40231,1,,,0,55,,40233,1,,,0,15,,40235,1,,,0,15,,40237,1,,,0,15,,40239,1,,,0,55,,40241,1,,,0,15,,40243,1,,,0,14,,40245,1,,,0,11,,40247,1,,,0,52,,40249,1,,,0,12,,40251,1,,,0,12,,40253,1,,,0,12,,40255,1,,,0,12,,40257,1,,,0,52,,40259,1,,,0,12,,40261,1,,,0,12,,40263,1,,,0,12,,40265,1,,,0,12,,40267,1,,,0,52,,40269,1,,,0,12,,40271,1,,,0,12,,40273,1,,,0,12,,40275,1,,,0,12,,40277,1,,,0,52,,40279,1,,,0,12,,40281,1,,,0,12,,40283,1,,,0,12,,40285,1,,,0,12,,40287,1,,,0,52,,40289,1,,,0,12,,40291,1,,,0,12,,40293,1,,,0,12,,40295,1,,,0,8,,40297,1,,,0,12,,40299,1,,,0,52,,40301,1,,,0,12,,40303,1,,,0,12,,40305,1,,,0,12,,40307,1,,,0,12,,40309,1,,,0,52,,40311,1,,,0,12,,40313,1,,,0,13,,40315,1,,,0,12,,40317,1,,,0,52,,40319,1,,,0,12,,40321,1,,,0,12,,40323,1,,,0,12,,40325,1,,,0,12,,40327,1,,,0,52,,40329,1,,,0,16,,40331,1,,,0,12,,40333,1,,,0,12,,40335,1,,,0,12,,40337,1,,,0,52,,40215,1,,,0,12,,40339,1,,,0,12,,40341,1,,,0
582801,'1',650,,40617,73,4,,0,60,,40619,73,4,,0,20,,40621,73,4,,0,15,,40623,73,4,,0,57,,40625,73,4,,0,14,,40627,73,4,,0,16,,40629,73,4,,0,15,,40631,73,4,,0,55,,40633,73,4,,0,15,,40635,73,4,,0,12,,40637,73,4,,0,12,,40639,73,4,,0,12,,40641,73,4,,0,52,,40643,73,4,,0,12,,40645,73,4,,0,12,,40647,73,4,,0,12,,40649,73,4,,0,12,,40651,73,4,,0,52,,40653,73,4,,0,12,,40655,73,4,,0,13,,40657,73,4,,0,12,,40659,73,4,,0,12,,40661,73,4,,0,52,,40663,73,4,,0,12,,40665,73,4,,0,12,,40667,73,4,,0,12,,40669,73,4,,0,12,,40671,73,4,,0,52,,40673,73,4,,0,12,,40675,73,4,,0,12,,40677,73,4,,0,12,,40679,73,4,,0,12,,40681,73,4,,0,52,,40683,73,4,,0,12,,40685,73,4,,0,12,,40687,73,4,,0,12,,40689,73,4,,0,12,,40691,73,4,,0,52,,40693,73,4,,0,12,,40695,73,4,,0,15,,40697,73,4,,0,12,,40699,73,4,,0,12,,40701,73,4,,0,52,,40703,73,4,,0,13,,40705,73,4,,0,12,,40707,73,4,,0,12,,40709,73,4,,0,12,,40711,73,4,,0,52,,40713,73,4,,0,12,,40715,73,4,,0,12,,40717,73,4,,0,14,,40719,73,4,,0,52,,40721,73,4,,0,12,,40723,73,4,,0,12,,40725,73,4,,0,8,,40727,73,4,,0
