578201,'1',500,,30350,9,,,0,20,,30336,9,,,0,20,,30349,9,,,0,60,,30348,9,,,0,20,,30351,9,,,0,20,,30352,9,,,0,17,,30353,9,,,0,60,,30354,9,,,0,20,,30355,9,,,0,20,,30356,9,,,0,60,,30357,9,,,0,20,,30358,9,,,0,20,,30359,9,,,0,60,,30360,9,,,0,20,,30361,9,,,0,20,,30362,9,,,0,64,,30363,9,,,0,20,,30364,9,,,0,60,,30365,9,,,0,20,,30366,9,,,0,20,,30367,9,,,0,60,,30368,9,,,0,20,,30369,9,,,0,20,,30370,9,,,0,60,,30371,9,,,0,20,,30372,9,,,0,20,,30373,9,,,0,60,,30374,9,,,0,16,,30375,9,,,0,20,,30376,9,,,0,20,,30377,9,,,0,60,,30378,9,,,0,20,,30379,9,,,0,20,,30380,9,,,0,60,,30381,9,,,0,20,,30382,9,,,0,20,,30383,9,,,0,60,,30384,9,,,0,20,,30385,9,,,0,65,,30386,9,,,0,30,,30337,9,,,0,70,,30338,9,,,0,34,,30339,9,,,0,70,,30340,9,,,0,30,,30341,9,,,0,70,,30342,9,,,0,30,,30343,9,,,0,74,,30344,9,,,0,30,,30345,9,,,0,70,,30335,9,,,0,30,,30346,9,,,0,80,,30334,9,,,0,25,,30347,9,,,0
578201,'2',544,,30388,9,,,0,70,,30389,9,,,0,30,,30390,9,,,0,70,,30391,9,,,0,30,,30392,9,,,0,69,,30393,9,,,0,29,,30394,9,,,0,64,,30395,9,,,0,20,,30396,9,,,0,20,,30397,9,,,0,60,,30398,9,,,0,20,,30399,9,,,0,20,,30400,9,,,0,60,,30401,9,,,0,20,,30402,9,,,0,20,,30403,9,,,0,60,,30404,9,,,0,20,,30405,9,,,0,20,,30406,9,,,0,60,,30407,9,,,0,20,,30408,9,,,0,20,,30409,9,,,0,60,,30410,9,,,0,20,,30411,9,,,0,20,,30412,9,,,0,60,,30413,9,,,0,20,,30414,9,,,0,20,,30415,9,,,0,60,,30416,9,,,0,20,,30417,9,,,0,20,,30418,9,,,0,68,,30419,9,,,0,30,,30420,9,,,0,70,,30421,9,,,0,30,,30422,9,,,0,70,,30423,9,,,0,30,,30424,9,,,0,70,,30425,9,,,0,30,,30426,9,,,0,70,,30427,9,,,0,30,,30428,9,,,0,72,,30429,9,,,0,30,,30430,9,,,0,70,,30431,9,,,0,30,,30432,9,,,0,90,,30433,9,,,0
578201,'3',607,,30469,9,,,0,35,,30468,9,,,0,70,,30467,9,,,0,30,,30466,9,,,0,70,,30465,9,,,0,30,,30464,9,,,0,69,,30463,9,,,0,30,,30462,9,,,0,70,,30461,9,,,0,30,,30460,9,,,0,70,,30459,9,,,0,30,,30458,9,,,0,70,,30457,9,,,0,30,,30456,9,,,0,70,,30455,9,,,0,30,,30454,9,,,0,70,,30453,9,,,0,30,,30452,9,,,0,70,,30451,9,,,0,30,,30450,9,,,0,70,,30449,9,,,0,30,,30448,9,,,0,70,,30447,9,,,0,30,,30446,9,,,0,70,,30445,9,,,0,30,,30444,9,,,0,70,,30443,9,,,0,30,,30442,9,,,0,73,,30441,9,,,0,30,,30440,9,,,0,70,,30439,9,,,0,30,,30438,9,,,0,70,,30437,9,,,0,30,,30436,9,,,0,70,,30435,9,,,0,30,,30434,9,,,0
578201,'4',646,,30471,9,,,0,80,,30472,9,,,0,80,,30473,9,,,0,40,,30474,9,,,0,80,,30475,9,,,0,80,,30476,9,,,0,40,,30477,9,,,0,80,,30478,9,,,0,80,,30479,9,,,0,40,,30480,9,,,0,80,,30481,9,,,0,80,,30482,9,,,0,105,,30483,9,,,0,100,,30484,9,,,0,100,,30485,9,,,0,100,,30486,9,,,0,100,,30487,9,,,0,100,,30488,9,,,0,90,,30489,9,,,0
578201,'6',607,,30525,9,,,0,35,,30524,9,,,0,70,,30523,9,,,0,30,,30522,9,,,0,70,,30521,9,,,0,30,,30520,9,,,0,69,,30519,9,,,0,30,,30518,9,,,0,70,,30517,9,,,0,30,,30516,9,,,0,70,,30515,9,,,0,30,,30514,9,,,0,70,,30513,9,,,0,30,,30512,9,,,0,70,,30511,9,,,0,30,,30510,9,,,0,70,,30509,9,,,0,30,,30508,9,,,0,70,,30507,9,,,0,30,,30506,9,,,0,70,,30505,9,,,0,30,,30504,9,,,0,70,,30503,9,,,0,30,,30502,9,,,0,70,,30501,9,,,0,30,,30500,9,,,0,70,,30499,9,,,0,30,,30498,9,,,0,73,,30497,9,,,0,30,,30496,9,,,0,70,,30495,9,,,0,30,,30494,9,,,0,70,,30493,9,,,0,30,,30492,9,,,0,70,,30491,9,,,0,30,,30490,9,,,0
578300,'1',505,,30533,9,0,31 4 32,0,35,,30536,9,0,31 4 32,0,62,,30539,9,0,31 4 32,0,30,,30543,9,0,31 4 32,0,70,,30547,9,0,31 4 32,0,30,,30551,9,0,31 4 32,0,70,,30555,9,0,31 4 32,0,29,,30559,9,0,31 4 32,0,73,,30563,9,0,31 4 32,0,30,,30567,9,0,31 4 32,0,70,,30570,9,0,31 4 32,0,30,,30573,9,0,31 4 32,0,70,,30576,9,0,31 4 32,0,30,,30579,9,0,31 4 32,0,70,,30582,9,0,31 4 32,0,30,,30585,9,0,31 4 32,0,70,,30588,9,0,31 4 32,0,27,,30591,9,0,31 4 32,0,69,,30595,9,0,31 4 32,0,30,,30599,9,0,31 4 32,0,70,,30603,9,0,31 4 32,0,30,,30607,9,0,31 4 32,0,70,,30611,9,0,31 4 32,0,30,,30615,9,0,31 4 32,0,70,,30619,9,0,31 4 32,0,30,,30623,9,0,31 4 32,0,73,,30627,9,0,31 4 32,0,30,,30630,9,0,31 4 32,0,70,,30633,9,0,31 4 32,0,30,,30636,9,0,31 4 32,0,70,,30639,9,0,31 4 32,0,30,,30642,9,0,31 4 32,0,70,,30645,9,0,31 4 32,0,51,,30649,9,0,31 4 32,0,85,,30652,9,0,31 4 32,0,85,,30655,9,0,31 4 32,0,85,,30658,9,0,31 4 32,0,35,,30660,9,0,17 25 4 26,0
578300,'2',531,,30671,9,0,31 4 32,0,76,,30674,9,0,31 4 32,0,36,,30677,9,0,31 4 32,0,76,,30680,9,0,31 4 32,0,29,,30684,9,0,31 4 32,0,76,,30687,9,0,31 4 32,0,76,,30690,9,0,31 4 32,0,36,,30693,9,0,31 4 32,0,76,,30696,9,0,31 4 32,0,36,,30699,9,0,31 4 32,0,76,,30702,9,0,31 4 32,0,76,,30705,9,0,31 4 32,0,36,,30708,9,0,31 4 32,0,76,,30711,9,0,31 4 32,0,36,,30714,9,0,31 4 32,0,76,,30717,9,0,31 4 32,0,76,,30720,9,0,31 4 32,0,36,,30723,9,0,31 4 32,0,76,,30726,9,0,31 4 32,0,36,,30729,9,0,31 4 32,0,76,,30732,9,0,31 4 32,0,76,,30735,9,0,31 4 32,0,36,,30738,9,0,31 4 32,0,77,,30741,9,0,31 4 32,0,36,,30744,9,0,31 4 32,0,76,,30747,9,0,31 4 32,0,76,,30750,9,0,31 4 32,0,43,,30753,9,0,31 4 32,0,100,,30757,9,0,31 4 32,0,85,,30760,9,0,31 4 32,0,100,,30764,9,0,31 4 32,0
578300,'3',545,,30773,9,0,31 4 32,0,85,,30777,9,0,31 4 32,0,85,,30780,9,0,31 4 32,0,85,,30783,9,0,31 4 32,0,42,,30786,9,0,31 4 32,0,76,,30789,9,0,31 4 32,0,31,,30792,9,0,31 4 32,0,76,,30795,9,0,31 4 32,0,76,,30798,9,0,31 4 32,0,36,,30801,9,0,31 4 32,0,76,,30804,9,0,31 4 32,0,36,,30807,9,0,31 4 32,0,76,,30810,9,0,31 4 32,0,76,,30813,9,0,31 4 32,0,36,,30816,9,0,31 4 32,0,76,,30819,9,0,31 4 32,0,36,,30822,9,0,31 4 32,0,76,,30825,9,0,31 4 32,0,76,,30828,9,0,31 4 32,0,39,,30831,9,0,31 4 32,0,85,,30834,9,0,31 4 32,0,85,,30837,9,0,31 4 32,0,45,,30840,9,0,31 4 32,0,85,,30843,9,0,31 4 32,0,90,,30846,9,0,31 4 32,0,85,,30849,9,0,31 4 32,0,85,,30852,9,0,31 4 32,0,30,,30854,9,0,31 4 32,0
578300,'4',559,,30859,9,0,31 4 32,0,85,,30862,9,0,31 4 32,0,85,,30865,9,0,31 4 32,0,85,,30868,9,0,31 4 32,0,45,,30871,9,0,31 4 32,0,80,,30874,9,0,31 4 32,0,85,,30877,9,0,31 4 32,0,85,,30880,9,0,31 4 32,0,45,,30883,9,0,31 4 32,0,85,,30886,9,0,31 4 32,0,85,,30889,9,0,31 4 32,0,85,,30892,9,0,31 4 32,0,45,,30895,9,0,31 4 32,0,85,,30898,9,0,31 4 32,0,85,,30901,9,0,31 4 32,0,85,,30904,9,0,31 4 32,0,50,,30907,9,0,31 4 32,0,85,,30910,9,0,31 4 32,0,85,,30913,9,0,31 4 32,0,85,,30916,9,0,31 4 32,0
578300,'6',545,,30927,9,0,31 4 32,0,85,,30931,9,0,31 4 32,0,85,,30934,9,0,31 4 32,0,85,,30937,9,0,31 4 32,0,42,,30940,9,0,31 4 32,0,76,,30943,9,0,31 4 32,0,31,,30946,9,0,31 4 32,0,76,,30949,9,0,31 4 32,0,76,,30952,9,0,31 4 32,0,36,,30955,9,0,31 4 32,0,76,,30958,9,0,31 4 32,0,36,,30961,9,0,31 4 32,0,76,,30964,9,0,31 4 32,0,76,,30967,9,0,31 4 32,0,36,,30970,9,0,31 4 32,0,76,,30973,9,0,31 4 32,0,36,,30976,9,0,31 4 32,0,76,,30979,9,0,31 4 32,0,76,,30982,9,0,31 4 32,0,39,,30985,9,0,31 4 32,0,85,,30988,9,0,31 4 32,0,85,,30991,9,0,31 4 32,0,45,,30994,9,0,31 4 32,0,85,,30997,9,0,31 4 32,0,90,,31000,9,0,31 4 32,0,85,,31003,9,0,31 4 32,0,85,,31006,9,0,31 4 32,0,30,,31008,9,0,31 4 32,0
