578200,'1',447,,30152,4,,,0,55,,30182,4,,,0,20,,30189,4,,,0,20,,30188,4,,,0,60,,30187,4,,,0,20,,30186,4,,,0,20,,30185,4,,,0,60,,30184,4,,,0,20,,30183,4,,,0,20,,30190,4,,,0,60,,30153,4,,,0,20,,30154,4,,,0,20,,30155,4,,,0,60,,30156,4,,,0,20,,30157,4,,,0,20,,30158,4,,,0,60,,30159,4,,,0,20,,30162,4,,,0,20,,30163,4,,,0,60,,30164,4,,,0,20,,30165,4,,,0,20,,30166,4,,,0,60,,30167,4,,,0,20,,30160,4,,,0,20,,30161,4,,,0,60,,30136,4,,,0,20,,30168,4,,,0,21,,30169,4,,,0,60,,30170,4,,,0,20,,30171,4,,,0,20,,30172,4,,,0,60,,30173,4,,,0,20,,30174,4,,,0,20,,30175,4,,,0,60,,30176,4,,,0,20,,30177,4,,,0,20,,30178,4,,,0,60,,30179,4,,,0,20,,30180,4,,,0,20,,30181,4,,,0,63,,30151,4,,,0,30,,30150,4,,,0,74,,30149,4,,,0,30,,30148,4,,,0,70,,30147,4,,,0,30,,30146,4,,,0,70,,30145,4,,,0,30,,30137,4,,,0,70,,30138,4,,,0,30,,30139,4,,,0,70,,30140,4,,,0,30,,30141,4,,,0,70,,30142,4,,,0,32,,30143,4,,,0,80,,30144,4,,,0
578200,'2',502,,30191,4,,,0,30,,30192,4,,,0,70,,30193,4,,,0,30,,30194,4,,,0,70,,30195,4,,,0,30,,30196,4,,,0,70,,30197,4,,,0,20,,30239,4,,,0,20,,30198,4,,,0,60,,30199,4,,,0,20,,30200,4,,,0,20,,30201,4,,,0,60,,30202,4,,,0,20,,30203,4,,,0,20,,30204,4,,,0,60,,30205,4,,,0,20,,30206,4,,,0,20,,30207,4,,,0,60,,30208,4,,,0,20,,30209,4,,,0,20,,30210,4,,,0,60,,30211,4,,,0,20,,30212,4,,,0,20,,30213,4,,,0,60,,30214,4,,,0,20,,30215,4,,,0,20,,30216,4,,,0,60,,30217,4,,,0,20,,30218,4,,,0,20,,30219,4,,,0,60,,30220,4,,,0,20,,30221,4,,,0,20,,30222,4,,,0,60,,30223,4,,,0,30,,30224,4,,,0,70,,30225,4,,,0,30,,30226,4,,,0,70,,30227,4,,,0,30,,30228,4,,,0,70,,30229,4,,,0,30,,30230,4,,,0,70,,30231,4,,,0,30,,30232,4,,,0,70,,30233,4,,,0,30,,30234,4,,,0,70,,30235,4,,,0,30,,30236,4,,,0,70,,30237,4,,,0,30,,30240,4,,,0,90,,30238,4,,,0
578200,'3',602,,30276,4,,,0,100,,30275,4,,,0,30,,30274,4,,,0,70,,30273,4,,,0,30,,30272,4,,,0,70,,30271,4,,,0,30,,30270,4,,,0,70,,30269,4,,,0,30,,30268,4,,,0,70,,30267,4,,,0,30,,30266,4,,,0,70,,30265,4,,,0,30,,30264,4,,,0,70,,30263,4,,,0,30,,30262,4,,,0,70,,30261,4,,,0,30,,30260,4,,,0,70,,30259,4,,,0,30,,30258,4,,,0,70,,30257,4,,,0,30,,30256,4,,,0,70,,30255,4,,,0,30,,30254,4,,,0,70,,30253,4,,,0,30,,30252,4,,,0,70,,30251,4,,,0,30,,30250,4,,,0,70,,30249,4,,,0,30,,30248,4,,,0,70,,30247,4,,,0,30,,30246,4,,,0,70,,30245,4,,,0,30,,30244,4,,,0,70,,30243,4,,,0,30,,30242,4,,,0,70,,30241,4,,,0
578200,'4',531,,30277,4,,,0,80,,30278,4,,,0,40,,30279,4,,,0,80,,30280,4,,,0,80,,30281,4,,,0,40,,30282,4,,,0,80,,30283,4,,,0,80,,30284,4,,,0,40,,30285,4,,,0,80,,30286,4,,,0,80,,30287,4,,,0,40,,30288,4,,,0,80,,30289,4,,,0,80,,30290,4,,,0,90,,30291,4,,,0,100,,30292,4,,,0,100,,30293,4,,,0,100,,30294,4,,,0,100,,30295,4,,,0,100,,30296,4,,,0,100,,30297,4,,,0
578200,'6',602,,30333,4,,,0,100,,30332,4,,,0,30,,30331,4,,,0,70,,30330,4,,,0,30,,30329,4,,,0,70,,30328,4,,,0,30,,30327,4,,,0,70,,30326,4,,,0,30,,30325,4,,,0,70,,30324,4,,,0,30,,30323,4,,,0,70,,30322,4,,,0,30,,30321,4,,,0,70,,30320,4,,,0,30,,30319,4,,,0,70,,30318,4,,,0,30,,30317,4,,,0,70,,30316,4,,,0,30,,30315,4,,,0,70,,30314,4,,,0,30,,30313,4,,,0,70,,30312,4,,,0,30,,30311,4,,,0,70,,30310,4,,,0,30,,30309,4,,,0,70,,30308,4,,,0,30,,30307,4,,,0,70,,30306,4,,,0,30,,30305,4,,,0,70,,30304,4,,,0,30,,30303,4,,,0,70,,30302,4,,,0,30,,30301,4,,,0,70,,30300,4,,,0,30,,30299,4,,,0,70,,30298,4,,,0
578500,'1',503,,31802,4,,,0,30,,31803,4,,,0,70,,31804,4,,,0,30,,31805,4,,,0,70,,31806,4,,,0,25,,31807,4,,,0,20,,31808,4,,,0,60,,31809,4,,,0,20,,31810,4,,,0,20,,31811,4,,,0,60,,31812,4,,,0,20,,31813,4,,,0,20,,31814,4,,,0,60,,31843,4,,,0,20,,31815,4,,,0,20,,31816,4,,,0,70,,31817,4,,,0,30,,31818,4,,,0,70,,31819,4,,,0,30,,31820,4,,,0,70,,31821,4,,,0,30,,31822,4,,,0,70,,31823,4,,,0,15,,31824,4,,,0,15,,31825,4,,,0,60,,31826,4,,,0,20,,31827,4,,,0,20,,31828,4,,,0,60,,31829,4,,,0,20,,31830,4,,,0,20,,31831,4,,,0,60,,31832,4,,,0,20,,31833,4,,,0,20,,31834,4,,,0,70,,31835,4,,,0,30,,31836,4,,,0,105,,31837,4,,,0,100,,31838,4,,,0,100,,31839,4,,,0,105,,31840,4,,,0,145,,31841,4,,,0,100,,31842,4,,,0
578500,'2',518,,31878,4,,,0,30,,31860,4,,,0,70,,31870,4,,,0,30,,31859,4,,,0,70,,31871,4,,,0,30,,31858,4,,,0,75,,31872,4,,,0,30,,31857,4,,,0,70,,31856,4,,,0,30,,31855,4,,,0,70,,31854,4,,,0,30,,31853,4,,,0,70,,31852,4,,,0,30,,31851,4,,,0,70,,31850,4,,,0,30,,31849,4,,,0,70,,31848,4,,,0,30,,31847,4,,,0,70,,31846,4,,,0,30,,31845,4,,,0,70,,31844,4,,,0,30,,31869,4,,,0,70,,31868,4,,,0,30,,31867,4,,,0,70,,31866,4,,,0,30,,31865,4,,,0,70,,31876,4,,,0,35,,31864,4,,,0,100,,31863,4,,,0,100,,31862,4,,,0,100,,31861,4,,,0,99,,31873,4,,,0,100,,31874,4,,,0,100,,31875,4,,,0,100,,31877,4,,,0
578500,'3',607,,31909,4,,,0,20,,31907,4,,,0,30,,31885,4,,,0,70,,31902,4,,,0,30,,31886,4,,,0,70,,31903,4,,,0,30,,31887,4,,,0,70,,31904,4,,,0,30,,31888,4,,,0,71,,31889,4,,,0,30,,31890,4,,,0,70,,31891,4,,,0,30,,31892,4,,,0,70,,31893,4,,,0,30,,31894,4,,,0,70,,31895,4,,,0,30,,31896,4,,,0,70,,31897,4,,,0,30,,31898,4,,,0,70,,31899,4,,,0,30,,31900,4,,,0,70,,31901,4,,,0,30,,31879,4,,,0,70,,31908,4,,,0,30,,31880,4,,,0,100,,31881,4,,,0,99,,31882,4,,,0,100,,31883,4,,,0,100,,31884,4,,,0,100,,31906,4,,,0,100,,31905,4,,,0
578500,'4',642,,31910,4,,,0,100,,31911,4,,,0,100,,31912,4,,,0,101,,31913,4,,,0,100,,31914,4,,,0,100,,31915,4,,,0,100,,31916,4,,,0,100,,31917,4,,,0,100,,31918,4,,,0,100,,31919,4,,,0,100,,31920,4,,,0,100,,31921,4,,,0,100,,31922,4,,,0,100,,31923,4,,,0,100,,31924,4,,,0
578500,'6',607,,31955,4,,,0,20,,31953,4,,,0,30,,31931,4,,,0,70,,31948,4,,,0,30,,31932,4,,,0,70,,31949,4,,,0,30,,31933,4,,,0,70,,31950,4,,,0,30,,31934,4,,,0,71,,31935,4,,,0,30,,31936,4,,,0,70,,31937,4,,,0,30,,31938,4,,,0,70,,31939,4,,,0,30,,31940,4,,,0,70,,31941,4,,,0,30,,31942,4,,,0,70,,31943,4,,,0,30,,31944,4,,,0,70,,31945,4,,,0,30,,31946,4,,,0,70,,31947,4,,,0,30,,31925,4,,,0,70,,31954,4,,,0,30,,31926,4,,,0,100,,31927,4,,,0,99,,31928,4,,,0,100,,31929,4,,,0,100,,31930,4,,,0,100,,31952,4,,,0,100,,31951,4,,,0
578600,'1',512,,32106,4,,,0,30,,32107,4,,,0,70,,32108,4,,,0,30,,32109,4,,,0,70,,32110,4,,,0,30,,32111,4,,,0,65,,32112,4,,,0,20,,32113,4,,,0,20,,32114,4,,,0,60,,32115,4,,,0,20,,32116,4,,,0,20,,32117,4,,,0,65,,32118,4,,,0,25,,32119,4,,,0,70,,32120,4,,,0,30,,32121,4,,,0,70,,32122,4,,,0,30,,32123,4,,,0,70,,32124,4,,,0,30,,32125,4,,,0,70,,32126,4,,,0,30,,32127,4,,,0,20,,32128,4,,,0,60,,32129,4,,,0,20,,32130,4,,,0,20,,32131,4,,,0,60,,32132,4,,,0,20,,32133,4,,,0,20,,32134,4,,,0,60,,32135,4,,,0,20,,32136,4,,,0,20,,32137,4,,,0,70,,32138,4,,,0,75,,32139,4,,,0,30,,32145,4,,,0,100,,32140,4,,,0,100,,32141,4,,,0,100,,32142,4,,,0,105,,32143,4,,,0,100,,32144,4,,,0,100,,32146,4,,,0
578600,'2',502,,32181,4,,,0,30,,32174,4,,,0,70,,32175,4,,,0,30,,32173,4,,,0,70,,32176,4,,,0,30,,32172,4,,,0,70,,32147,4,,,0,30,,32171,4,,,0,70,,32170,4,,,0,30,,32169,4,,,0,70,,32168,4,,,0,30,,32167,4,,,0,70,,32166,4,,,0,30,,32165,4,,,0,70,,32164,4,,,0,30,,32163,4,,,0,70,,32162,4,,,0,30,,32161,4,,,0,70,,32160,4,,,0,30,,32159,4,,,0,70,,32158,4,,,0,30,,32157,4,,,0,70,,32156,4,,,0,30,,32155,4,,,0,70,,32154,4,,,0,30,,32153,4,,,0,70,,32152,4,,,0,30,,32151,4,,,0,105,,32150,4,,,0,100,,32149,4,,,0,100,,32148,4,,,0,100,,32177,4,,,0,100,,32178,4,,,0,100,,32179,4,,,0,100,,32180,4,,,0
578600,'3',601,,32210,4,,,0,30,,32211,4,,,0,70,,32209,4,,,0,30,,32203,4,,,0,70,,32205,4,,,0,30,,32202,4,,,0,70,,32206,4,,,0,30,,32201,4,,,0,71,,32200,4,,,0,30,,32199,4,,,0,70,,32198,4,,,0,30,,32197,4,,,0,70,,32196,4,,,0,30,,32195,4,,,0,70,,32194,4,,,0,30,,32193,4,,,0,70,,32192,4,,,0,30,,32191,4,,,0,70,,32190,4,,,0,30,,32189,4,,,0,70,,32188,4,,,0,30,,32187,4,,,0,70,,32186,4,,,0,30,,32185,4,,,0,70,,32212,4,,,0,30,,32184,4,,,0,99,,32183,4,,,0,100,,32182,4,,,0,100,,32204,4,,,0,100,,32207,4,,,0,100,,32208,4,,,0
578600,'4',721,,32213,4,,,0,100,,32214,4,,,0,100,,32215,4,,,0,100,,32216,4,,,0,100,,32217,4,,,0,100,,32218,4,,,0,100,,32219,4,,,0,100,,32220,4,,,0,100,,32221,4,,,0,100,,32222,4,,,0,100,,32223,4,,,0,100,,32224,4,,,0,100,,32225,4,,,0,100,,32226,4,,,0
578600,'6',601,,32255,4,,,0,30,,32256,4,,,0,70,,32254,4,,,0,30,,32248,4,,,0,70,,32250,4,,,0,30,,32247,4,,,0,70,,32251,4,,,0,30,,32246,4,,,0,71,,32245,4,,,0,30,,32244,4,,,0,70,,32243,4,,,0,30,,32242,4,,,0,70,,32241,4,,,0,30,,32240,4,,,0,70,,32239,4,,,0,30,,32238,4,,,0,70,,32237,4,,,0,30,,32236,4,,,0,70,,32235,4,,,0,30,,32234,4,,,0,70,,32233,4,,,0,30,,32232,4,,,0,70,,32231,4,,,0,30,,32230,4,,,0,70,,32257,4,,,0,30,,32229,4,,,0,99,,32228,4,,,0,100,,32227,4,,,0,100,,32249,4,,,0,100,,32252,4,,,0,100,,32253,4,,,0
578700,'703',1006,,32410,4,,,0,100,,32411,4,,,0,100,,32412,4,,,0,100,,32413,4,,,0,100,,32414,4,,,0,100,,32415,4,,,0,100,,32416,4,,,0
580200,'1601',725,,37504,4,0,5 6,0,8,,37505,4,0,5 6,0
580200,'1',512,,37506,4,0,8 35 6,0,30,,37507,4,0,5 6,0,70,,37508,4,0,8 35 6,0,30,,37509,4,0,5 6,0,65,,37510,4,0,5 6,0,15,,37511,4,0,8 35 6,0,15,,37512,4,0,5 6,0,15,,37513,4,0,8 35 6,0,55,,37514,4,0,5 6,0,15,,37515,4,0,8 35 6,0,15,,37516,4,0,5 6,0,15,,37517,4,0,8 35 6,0,55,,37518,4,0,5 6,0,15,,37519,4,0,8 35 6,0,30,,37520,4,0,5 6,0,70,,37521,4,0,8 35 6,0,30,,37522,4,0,5 6,0,70,,37523,4,0,8 35 6,0,30,,37524,4,0,5 6,0,70,,37525,4,0,8 35 6,0,30,,37526,4,0,5 6,0,70,,37527,4,0,8 35 6,0,30,,37528,4,0,5 6,0,70,,37529,4,0,8 35 6,0,20,,37530,4,0,5 6,0,15,,37531,4,0,8 35 6,0,55,,37532,4,0,5 6,0,15,,37533,4,0,8 35 6,0,15,,37534,4,0,5 6,0,15,,37535,4,0,8 35 6,0,55,,37536,4,0,5 6,0,15,,37537,4,0,8 35 6,0,15,,37538,4,0,5 6,0,15,,37539,4,0,8 35 6,0,55,,37540,4,0,5 6,0,15,,37541,4,0,8 35 6,0,15,,37542,4,0,5 6,0,16,,37543,4,0,8 35 6,0,58,,37544,4,0,5 6,0,30,,37545,4,0,8 35 6,0,70,,37546,4,0,5 6,0,30,,37547,4,0,8 35 6,0,70,,37548,4,0,5 6,0,30,,37549,4,0,8 35 6,0,70,,37550,4,0,5 6,0,101,,37551,4,0,8 35 6,0,100,,37552,4,0,5 3 8 35 36,0,115,,37553,4,0,5 3 8 35 36,0
580200,'2',650,,37577,4,0,5 6,0,66,,37576,4,0,8 35 6,0,30,,37559,4,0,5 6,0,70,,37558,4,0,8 35 6,0,30,,37585,4,0,5 6,0,71,,37570,4,0,8 35 6,0,30,,37574,4,0,5 6,0,70,,37573,4,0,8 35 6,0,30,,37572,4,0,5 6,0,70,,37571,4,0,8 35 6,0,30,,37557,4,0,5 6,0,70,,37569,4,0,8 35 6,0,30,,37561,4,0,5 6,0,70,,37560,4,0,8 35 6,0,30,,37568,4,0,5 6,0,70,,37567,4,0,8 35 6,0,30,,37566,4,0,5 6,0,70,,37565,4,0,8 35 6,0,30,,37575,4,0,5 6,0,70,,37586,4,0,8 35 6,0,30,,37584,4,0,5 6,0,70,,37556,4,0,8 35 6,0,30,,37555,4,0,5 6,0,75,,37554,4,0,8 35 6,0,30,,37588,4,0,5 6,0,70,,37587,4,0,8 35 6,0,30,,37582,4,0,5 6,0,70,,37581,4,0,8 35 6,0,30,,37580,4,0,5 6,0,70,,37583,4,0,8 35 6,0,30,,37564,4,0,5 6,0,70,,37563,4,0,8 35 6,0,30,,37562,4,0,5 6,0,70,,37579,4,0,8 35 6,0,79,,37578,4,0,5 3 8 35 36,0
580200,'3',702,,37600,4,0,5 6,0,30,,37596,4,0,8 35 6,0,70,,37601,4,0,5 6,0,30,,37595,4,0,8 35 6,0,70,,37602,4,0,5 6,0,30,,37599,4,0,8 35 6,0,70,,37603,4,0,5 6,0,30,,37593,4,0,8 35 6,0,70,,37604,4,0,5 6,0,30,,37592,4,0,8 35 6,0,70,,37605,4,0,5 6,0,30,,37591,4,0,8 35 6,0,70,,37606,4,0,5 6,0,30,,37594,4,0,8 35 6,0,70,,37607,4,0,5 6,0,30,,37598,4,0,8 35 6,0,70,,37608,4,0,5 6,0,30,,37597,4,0,8 35 6,0,70,,37609,4,0,5 6,0,30,,37590,4,0,8 35 6,0,70,,37610,4,0,5 6,0,30,,37589,4,0,8 35 6,0,70,,37611,4,0,5 6,0,30,,37612,4,0,8 35 6,0,70,,37617,4,0,5 6,0,30,,37613,4,0,8 35 6,0,70,,37618,4,0,5 6,0,30,,37614,4,0,8 35 6,0,70,,37619,4,0,5 6,0,30,,37615,4,0,8 35 6,0,70,,37620,4,0,5 6,0,30,,37616,4,0,8 35 6,0,70,,37621,4,0,5 6,0,30,,37622,4,0,8 35 6,0,70,,37623,4,0,5 6,0
580200,'4',602,,37624,4,0,8 35 6,0,100,,37625,4,0,5 6,0,100,,37626,4,0,8 35 6,0,100,,37627,4,0,5 6,0,100,,37628,4,0,8 35 6,0,100,,37629,4,0,5 6,0,100,,37630,4,0,8 35 6,0,100,,37631,4,0,5 6,0,100,,37632,4,0,8 35 6,0,100,,37633,4,0,5 6,0,100,,37634,4,0,8 35 6,0,100,,37635,4,0,5 6,0,100,,37636,4,0,8 35 6,0,100,,37637,4,0,5 6,0,100,,37638,4,0,8 35 6,0,100,,37639,4,0,5 6,0
580200,'6',702,,37651,4,0,5 6,0,30,,37647,4,0,8 35 6,0,70,,37652,4,0,5 6,0,30,,37646,4,0,8 35 6,0,70,,37653,4,0,5 6,0,30,,37650,4,0,8 35 6,0,70,,37654,4,0,5 6,0,30,,37644,4,0,8 35 6,0,70,,37655,4,0,5 6,0,30,,37643,4,0,8 35 6,0,70,,37656,4,0,5 6,0,30,,37642,4,0,8 35 6,0,70,,37657,4,0,5 6,0,30,,37645,4,0,8 35 6,0,70,,37658,4,0,5 6,0,30,,37649,4,0,8 35 6,0,70,,37659,4,0,5 6,0,30,,37648,4,0,8 35 6,0,70,,37660,4,0,5 6,0,30,,37641,4,0,8 35 6,0,70,,37661,4,0,5 6,0,30,,37640,4,0,8 35 6,0,70,,37662,4,0,5 6,0,30,,37663,4,0,8 35 6,0,70,,37668,4,0,5 6,0,30,,37664,4,0,8 35 6,0,70,,37669,4,0,5 6,0,30,,37665,4,0,8 35 6,0,70,,37670,4,0,5 6,0,30,,37666,4,0,8 35 6,0,70,,37671,4,0,5 6,0,30,,37667,4,0,8 35 6,0,70,,37672,4,0,5 6,0,30,,37673,4,0,8 35 6,0,70,,37674,4,0,5 6,0
