580701,'1601',900,,38961,59,4,,0
580701,'1',450,,39023,49,,,0,68,,39022,49,,,0,36,,39021,49,,,0,55,,39020,49,,,0,10,,39018,49,,,0,2,,39019,84,,,0,28,,39016,49,,,0,2,,39017,84,,,0,64,,39015,84,,,0,4,,39014,49,,,0,18,,39013,84,,,0,19,,39012,84,,,0,55,,39011,84,,,0,15,,39010,84,,,0,15,,39009,84,,,0,15,,39008,84,,,0,55,,39007,84,,,0,15,,39006,84,,,0,15,,39005,84,,,0,15,,39004,84,,,0,55,,39003,84,,,0,25,,39002,84,,,0,67,,39001,84,,,0,30,,39000,84,,,0,70,,38999,84,,,0,30,,38998,84,,,0,70,,38997,84,,,0,30,,38996,84,,,0,20,,38995,49,,,0,50,,38994,84,,,0,20,,38993,49,,,0,10,,38992,84,,,0,68,,38991,84,,,0,15,,38990,84,,,0,15,,38989,84,,,0,15,,38988,84,,,0,55,,38987,84,,,0,15,,38986,84,,,0,15,,38985,84,,,0,15,,38984,84,,,0,55,,38983,84,,,0,15,,38982,84,,,0,15,,38981,84,,,0,15,,38980,84,,,0,55,,38979,84,,,0,15,,38978,84,,,0,15,,38977,84,,,0,15,,38976,84,,,0,60,,38975,84,,,0,30,,38974,84,,,0,68,,38973,84,,,0,30,,38972,84,,,0,70,,38971,84,,,0,30,,38970,84,,,0,70,,38969,84,,,0,30,,38968,84,,,0,70,,38967,84,,,0,30,,38966,84,,,0,70,,38963,84,,,0,30,,38965,84,,,0,70,,38962,84,,,0,30,,38964,84,,,0
580701,'2',608,,39063,84,,,0,30,,39024,84,,,0,70,,39025,84,,,0,30,,39026,84,,,0,65,,39038,84,,,0,30,,39027,84,,,0,70,,39039,84,,,0,30,,39028,84,,,0,70,,39040,84,,,0,30,,39029,84,,,0,75,,39041,84,,,0,30,,39030,84,,,0,70,,39042,84,,,0,30,,39043,84,,,0,70,,39044,84,,,0,30,,39045,84,,,0,70,,39046,84,,,0,30,,39047,84,,,0,70,,39048,84,,,0,30,,39031,84,,,0,70,,39049,84,,,0,30,,39032,84,,,0,70,,39050,84,,,0,30,,39033,84,,,0,70,,39051,84,,,0,30,,39052,84,,,0,70,,39053,84,,,0,30,,39034,84,,,0,65,,39054,84,,,0,30,,39055,84,,,0,70,,39056,84,,,0,30,,39057,84,,,0,70,,39058,84,,,0,30,,39059,84,,,0,70,,39060,84,,,0,30,,39035,84,,,0,70,,39036,84,,,0,30,,39061,84,,,0,70,,39037,84,,,0,45,,39062,84,,,0
580701,'3',629,,39065,49,,,0,30,,39066,49,,,0,70,,39101,84,,,0,30,,39067,84,,,0,76,,39084,84,,,0,24,,39068,84,,,0,76,,39085,84,,,0,70,,39069,84,,,0,30,,39086,84,,,0,71,,39070,84,,,0,30,,39087,84,,,0,70,,39071,84,,,0,30,,39088,84,,,0,70,,39072,84,,,0,30,,39089,84,,,0,70,,39073,84,,,0,30,,39090,84,,,0,70,,39074,84,,,0,30,,39091,84,,,0,70,,39075,84,,,0,30,,39092,84,,,0,70,,39076,84,,,0,30,,39093,84,,,0,70,,39077,84,,,0,30,,39094,84,,,0,69,,39078,84,,,0,30,,39095,84,,,0,70,,39079,84,,,0,30,,39096,84,,,0,70,,39080,84,,,0,30,,39097,84,,,0,70,,39081,84,,,0,30,,39098,84,,,0,70,,39082,84,,,0,30,,39099,84,,,0,70,,39083,84,,,0,30,,39100,84,,,0
580701,'4',715,,39131,84,,,0,30,,39132,84,,,0,70,,39115,84,,,0,30,,39117,84,,,0,70,,39114,84,,,0,30,,39118,84,,,0,70,,39113,84,,,0,30,,39119,84,,,0,70,,39112,84,,,0,30,,39120,84,,,0,70,,39111,84,,,0,30,,39121,84,,,0,70,,39110,84,,,0,30,,39122,84,,,0,70,,39109,84,,,0,30,,39123,84,,,0,70,,39108,84,,,0,30,,39124,84,,,0,70,,39107,84,,,0,30,,39125,84,,,0,70,,39106,84,,,0,30,,39126,84,,,0,70,,39105,84,,,0,30,,39127,84,,,0,70,,39104,84,,,0,30,,39128,84,,,0,70,,39103,84,,,0,30,,39129,84,,,0,70,,39102,84,,,0,30,,39130,84,,,0
580701,'6',629,,39134,49,,,0,30,,39135,49,,,0,70,,39170,84,,,0,30,,39136,84,,,0,76,,39153,84,,,0,24,,39137,84,,,0,76,,39154,84,,,0,70,,39138,84,,,0,30,,39155,84,,,0,71,,39139,84,,,0,30,,39156,84,,,0,70,,39140,84,,,0,30,,39157,84,,,0,70,,39141,84,,,0,30,,39158,84,,,0,70,,39142,84,,,0,30,,39159,84,,,0,70,,39143,84,,,0,30,,39160,84,,,0,70,,39144,84,,,0,30,,39161,84,,,0,70,,39145,84,,,0,30,,39162,84,,,0,70,,39146,84,,,0,30,,39163,84,,,0,69,,39147,84,,,0,30,,39164,84,,,0,70,,39148,84,,,0,30,,39165,84,,,0,70,,39149,84,,,0,30,,39166,84,,,0,70,,39150,84,,,0,30,,39167,84,,,0,70,,39151,84,,,0,30,,39168,84,,,0,70,,39152,84,,,0,30,,39169,84,,,0
581100,'14701',1000,,39947,1,,,0,100,,39948,1,,,0,100,,39949,1,,,0,100,,39950,1,,,0,100,,39951,1,,,0,100,,39952,1,,,0,100,,39953,1,,,0,100,,39954,1,,,0,100,,39955,1,,,0,100,,39956,1,,,0,100,,39957,1,,,0
581100,'14702',1000,,39958,1,,,0,45,,39959,1,,,0,85,,39960,1,,,0,85,,39961,1,,,0,85,,39962,1,,,0,45,,39963,1,,,0,85,,39964,1,,,0,85,,39965,1,,,0,85,,39966,1,,,0,45,,39967,1,,,0,85,,39968,1,,,0
581100,'14703',1000,,39969,1,,,0,45,,39970,1,,,0,85,,39971,1,,,0,85,,39972,1,,,0,85,,39973,1,,,0,45,,39974,1,,,0,85,,39975,1,,,0,85,,39976,1,,,0,85,,39977,1,,,0,45,,39978,1,,,0,85,,39979,1,,,0
581100,'14704',1000,,39980,1,,,0,45,,39981,1,,,0,85,,39982,1,,,0,85,,39983,1,,,0,85,,39984,1,,,0,45,,39985,1,,,0,85,,39986,1,,,0,85,,39987,1,,,0,85,,39988,1,,,0,45,,39989,1,,,0
581100,'14706',1000,,39990,1,,,0,45,,39991,1,,,0,85,,39992,1,,,0,85,,39993,1,,,0,85,,39994,1,,,0,45,,39995,1,,,0,85,,39996,1,,,0,85,,39997,1,,,0,85,,39998,1,,,0,45,,39999,1,,,0,85,,40000,1,,,0
581101,'14701',1055,,40001,15,4,,0,100,,40002,15,4,,0,100,,40003,15,4,,0,100,,40004,15,4,,0,100,,40005,15,4,,0,100,,40006,15,4,,0,100,,40007,15,4,,0,100,,40008,15,4,,0,100,,40009,15,4,,0,100,,40010,15,4,,0,100,,40011,15,4,,0
581101,'14702',1039,,40012,14,4,,0,85,,40013,14,4,,0,85,,40014,14,4,,0,45,,40015,14,4,,0,85,,40016,14,4,,0,85,,40017,14,4,,0,85,,40018,14,4,,0,45,,40019,14,4,,0,85,,40020,14,4,,0,85,,40021,14,4,,0,85,,40022,14,4,,0
581101,'14703',1039,,40023,14,4,,0,85,,40024,14,4,,0,85,,40025,14,4,,0,45,,40026,14,4,,0,85,,40027,14,4,,0,85,,40028,14,4,,0,85,,40029,14,4,,0,45,,40030,14,4,,0,85,,40031,14,4,,0,85,,40032,14,4,,0,85,,40033,14,4,,0
581101,'14704',1039,,40034,14,4,,0,85,,40035,14,4,,0,85,,40036,14,4,,0,45,,40037,14,4,,0,85,,40038,14,4,,0,85,,40039,14,4,,0,85,,40040,14,4,,0,45,,40041,14,4,,0,85,,40042,14,4,,0,85,,40043,14,4,,0
581101,'14706',1039,,40044,14,4,,0,85,,40045,14,4,,0,85,,40046,14,4,,0,45,,40047,14,4,,0,85,,40048,14,4,,0,85,,40049,14,4,,0,85,,40050,14,4,,0,45,,40051,14,4,,0,85,,40052,14,4,,0,85,,40053,14,4,,0,85,,40054,14,4,,0
