583100,'1601',725,,42218,37,0,11 4 12 13,0,778,,42220,37,0,11 4 12 13,0
583100,'1',542,,42222,37,0,11 4 12 13,0,70,,42224,37,0,11 4 12 13,0,30,,42226,37,0,11 4 12 13,0,70,,42228,37,0,11 4 12 13,0,31,,42230,37,0,11 4 12 13,0,70,,42232,37,0,11 4 12 13,0,30,,42234,37,0,11 4 12 13,0,70,,42236,37,0,11 4 12 13,0,30,,42238,37,0,11 4 12 13,0,70,,42240,37,0,11 4 12 13,0,29,,42242,37,0,11 4 12 13,0,70,,42244,37,0,11 4 12 13,0,30,,42246,37,0,11 4 12 13,0,70,,42248,37,0,11 4 12 13,0,30,,42250,37,0,11 4 12 13,0,70,,42252,37,0,11 4 12 13,0,30,,42254,37,0,11 4 12 13,0,70,,42256,37,0,11 4 12 13,0,31,,42258,37,0,11 4 12 13,0,70,,42260,37,0,11 4 12 13,0,30,,42262,37,0,11 4 12 13,0,70,,42264,37,0,11 4 12 13,0,30,,42266,37,0,11 4 12 13,0,70,,42268,37,0,11 4 12 13,0,30,,42270,37,0,11 4 12 13,0,70,,42272,37,0,11 4 12 13,0,30,,42274,37,0,11 4 12 13,0,70,,42276,37,0,11 4 12 13,0,27,,42278,37,0,11 4 12 13,0,70,,42280,37,0,11 4 12 13,0,32,,42282,37,0,11 4 12 13,0,70,,42284,37,0,11 4 12 13,0,30,,42286,37,0,11 4 12 13,0,97,,42288,37,0,11 4 12 13,0,100,,42290,37,0,11 4 12 13,0,100,,42292,37,0,11 4 12 13,0
583100,'2',538,,42295,37,0,11 4 12 13,0,70,,42297,37,0,11 4 12 13,0,30,,42299,37,0,11 4 12 13,0,70,,42301,37,0,11 4 12 13,0,30,,42303,37,0,11 4 12 13,0,70,,42305,37,0,11 4 12 13,0,30,,42307,37,0,11 4 12 13,0,70,,42309,37,0,11 4 12 13,0,30,,42311,37,0,11 4 12 13,0,70,,42313,37,0,11 4 12 13,0,30,,42315,37,0,11 4 12 13,0,70,,42317,37,0,11 4 12 13,0,30,,42319,37,0,11 4 12 13,0,70,,42321,37,0,11 4 12 13,0,30,,42323,37,0,11 4 12 13,0,70,,42325,37,0,11 4 12 13,0,30,,42327,37,0,11 4 12 13,0,70,,42329,37,0,11 4 12 13,0,30,,42331,37,0,11 4 12 13,0,70,,42333,37,0,11 4 12 13,0,30,,42335,37,0,11 4 12 13,0,70,,42337,37,0,11 4 12 13,0,30,,42339,37,0,11 4 12 13,0,70,,42341,37,0,11 4 12 13,0,30,,42343,37,0,11 4 12 13,0,70,,42345,37,0,11 4 12 13,0,30,,42347,37,0,11 4 12 13,0,70,,42349,37,0,11 4 12 13,0,30,,42351,37,0,11 4 12 13,0,70,,42353,37,0,11 4 12 13,0,30,,42355,37,0,11 4 12 13,0,70,,42357,37,0,11 4 12 13,0,30,,42359,37,0,11 4 12 13,0,100,,42361,37,0,11 4 12 13,0,100,,42363,37,0,11 4 12 13,0,115,,42365,37,0,11 4 12 13,0
583100,'3',608,,42366,37,0,11 4 12 13,0,30,,42368,37,0,11 4 12 13,0,70,,42370,37,0,11 4 12 13,0,30,,42372,37,0,11 4 12 13,0,70,,42374,37,0,11 4 12 13,0,30,,42376,37,0,11 4 12 13,0,70,,42378,37,0,11 4 12 13,0,30,,42380,37,0,11 4 12 13,0,70,,42382,37,0,11 4 12 13,0,30,,42384,37,0,11 4 12 13,0,70,,42386,37,0,11 4 12 13,0,30,,42388,37,0,11 4 12 13,0,70,,42390,37,0,11 4 12 13,0,30,,42392,37,0,11 4 12 13,0,70,,42394,37,0,11 4 12 13,0,30,,42396,37,0,11 4 12 13,0,70,,42398,37,0,11 4 12 13,0,30,,42400,37,0,11 4 12 13,0,70,,42402,37,0,11 4 12 13,0,30,,42404,37,0,11 4 12 13,0,70,,42406,37,0,11 4 12 13,0,30,,42408,37,0,11 4 12 13,0,70,,42410,37,0,11 4 12 13,0,30,,42412,37,0,11 4 12 13,0,70,,42414,37,0,11 4 12 13,0,30,,42416,37,0,11 4 12 13,0,70,,42418,37,0,11 4 12 13,0,29,,42420,37,0,11 4 12 13,0,70,,42422,37,0,11 4 12 13,0,30,,42424,37,0,11 4 12 13,0,70,,42426,37,0,11 4 12 13,0,30,,42428,37,0,11 4 12 13,0,100,,42430,37,0,11 4 12 13,0,100,,42432,37,0,11 4 12 13,0
583100,'4',638,,42433,37,0,11 4 12 13,0,100,,42435,37,0,11 4 12 13,0,100,,42437,37,0,11 4 12 13,0,100,,42439,37,0,11 4 12 13,0,100,,42441,37,0,11 4 12 13,0,100,,42443,37,0,11 4 12 13,0,100,,42445,37,0,11 4 12 13,0,100,,42447,37,0,11 4 12 13,0,100,,42449,37,0,11 4 12 13,0,100,,42451,37,0,11 4 12 13,0,100,,42453,37,0,11 4 12 13,0,100,,42455,37,0,11 4 12 13,0,100,,42457,37,0,11 4 12 13,0,100,,42459,37,0,11 4 12 13,0,100,,42461,37,0,11 4 12 13,0
583100,'6',608,,42463,37,0,11 4 12 13,0,30,,42465,37,0,11 4 12 13,0,70,,42467,37,0,11 4 12 13,0,30,,42469,37,0,11 4 12 13,0,70,,42471,37,0,11 4 12 13,0,30,,42473,37,0,11 4 12 13,0,70,,42475,37,0,11 4 12 13,0,30,,42477,37,0,11 4 12 13,0,70,,42479,37,0,11 4 12 13,0,30,,42481,37,0,11 4 12 13,0,70,,42483,37,0,11 4 12 13,0,30,,42485,37,0,11 4 12 13,0,70,,42487,37,0,11 4 12 13,0,30,,42489,37,0,11 4 12 13,0,70,,42491,37,0,11 4 12 13,0,30,,42493,37,0,11 4 12 13,0,70,,42495,37,0,11 4 12 13,0,30,,42497,37,0,11 4 12 13,0,70,,42499,37,0,11 4 12 13,0,30,,42501,37,0,11 4 12 13,0,70,,42503,37,0,11 4 12 13,0,30,,42505,37,0,11 4 12 13,0,70,,42507,37,0,11 4 12 13,0,30,,42509,37,0,11 4 12 13,0,70,,42511,37,0,11 4 12 13,0,30,,42513,37,0,11 4 12 13,0,70,,42515,37,0,11 4 12 13,0,29,,42517,37,0,11 4 12 13,0,70,,42519,37,0,11 4 12 13,0,30,,42521,37,0,11 4 12 13,0,70,,42523,37,0,11 4 12 13,0,30,,42525,37,0,11 4 12 13,0,100,,42527,37,0,11 4 12 13,0,100,,42529,37,0,11 4 12 13,0
583101,'1',553,,42534,12,,,0,70,,42536,12,,,0,30,,42538,12,,,0,68,,42540,12,,,0,30,,42542,12,,,0,70,,42544,12,,,0,30,,42546,12,,,0,70,,42548,12,,,0,30,,42550,12,,,0,70,,42552,12,,,0,30,,42554,12,,,0,70,,42556,12,,,0,30,,42558,12,,,0,70,,42560,12,,,0,30,,42562,12,,,0,70,,42564,12,,,0,30,,42566,12,,,0,70,,42568,12,,,0,30,,42570,12,,,0,70,,42572,12,,,0,30,,42574,12,,,0,70,,42576,12,,,0,30,,42578,12,,,0,70,,42580,12,,,0,30,,42582,12,,,0,70,,42584,12,,,0,30,,42586,12,,,0,73,,42588,12,,,0,30,,42590,12,,,0,69,,42592,12,,,0,30,,42594,12,,,0,71,,42596,12,,,0,25,,42598,12,,,0,99,,42600,12,,,0,100,,42602,12,,,0,101,,42604,12,,,0,83,,42606,12,,,0
583101,'2',548,,42608,12,,,0,69,,42610,12,,,0,30,,42612,12,,,0,70,,42614,12,,,0,30,,42616,12,,,0,70,,42618,12,,,0,30,,42620,12,,,0,70,,42622,12,,,0,30,,42624,12,,,0,70,,42626,12,,,0,30,,42628,12,,,0,70,,42630,12,,,0,30,,42632,12,,,0,70,,42634,12,,,0,30,,42636,12,,,0,70,,42638,12,,,0,30,,42640,12,,,0,70,,42642,12,,,0,30,,42644,12,,,0,70,,42646,12,,,0,30,,42648,12,,,0,70,,42650,12,,,0,30,,42652,12,,,0,70,,42654,12,,,0,30,,42656,12,,,0,70,,42658,12,,,0,30,,42660,12,,,0,71,,42662,12,,,0,30,,42664,12,,,0,70,,42666,12,,,0,30,,42668,12,,,0,70,,42670,12,,,0,30,,42672,12,,,0,100,,42674,12,,,0,100,,42676,12,,,0,100,,42678,12,,,0
583101,'3',647,,42681,12,,,0,70,,42683,12,,,0,30,,42685,12,,,0,70,,42687,12,,,0,30,,42689,12,,,0,70,,42691,12,,,0,30,,42693,12,,,0,70,,42695,12,,,0,30,,42697,12,,,0,70,,42699,12,,,0,30,,42701,12,,,0,70,,42703,12,,,0,30,,42705,12,,,0,70,,42707,12,,,0,30,,42709,12,,,0,70,,42711,12,,,0,30,,42713,12,,,0,70,,42715,12,,,0,30,,42717,12,,,0,70,,42719,12,,,0,30,,42721,12,,,0,70,,42723,12,,,0,30,,42725,12,,,0,70,,42727,12,,,0,30,,42729,12,,,0,70,,42731,12,,,0,30,,42733,12,,,0,70,,42735,12,,,0,30,,42737,12,,,0,70,,42739,12,,,0,30,,42741,12,,,0,100,,42743,12,,,0,100,,42745,12,,,0
583101,'4',741,,42748,12,,,0,100,,42750,12,,,0,100,,42752,12,,,0,100,,42754,12,,,0,100,,42756,12,,,0,100,,42758,12,,,0,100,,42760,12,,,0,100,,42762,12,,,0,100,,42764,12,,,0,100,,42766,12,,,0,100,,42768,12,,,0,100,,42770,12,,,0,100,,42772,12,,,0,100,,42774,12,,,0,100,,42776,12,,,0
583101,'6',647,,42778,12,,,0,70,,42780,12,,,0,30,,42782,12,,,0,70,,42784,12,,,0,30,,42786,12,,,0,70,,42788,12,,,0,30,,42790,12,,,0,70,,42792,12,,,0,30,,42794,12,,,0,70,,42796,12,,,0,30,,42798,12,,,0,70,,42800,12,,,0,30,,42802,12,,,0,70,,42804,12,,,0,30,,42806,12,,,0,70,,42808,12,,,0,30,,42810,12,,,0,70,,42812,12,,,0,30,,42814,12,,,0,70,,42816,12,,,0,30,,42818,12,,,0,70,,42820,12,,,0,30,,42822,12,,,0,70,,42824,12,,,0,30,,42826,12,,,0,70,,42828,12,,,0,30,,42830,12,,,0,70,,42832,12,,,0,30,,42834,12,,,0,70,,42836,12,,,0,30,,42838,12,,,0,100,,42840,12,,,0,100,,42842,12,,,0
