578200,'1',535,,30152,79,,,0,15,,30182,79,,,0,60,,30189,79,,,0,20,,30188,79,,,0,20,,30187,79,,,0,60,,30186,79,,,0,20,,30185,79,,,0,24,,30184,79,,,0,60,,30183,79,,,0,20,,30190,79,,,0,24,,30153,82,,,0,60,,30154,82,,,0,20,,30155,82,,,0,20,,30156,82,,,0,60,,30157,82,,,0,20,,30158,82,,,0,20,,30159,82,,,0,60,,30162,82,,,0,20,,30163,82,,,0,20,,30164,82,,,0,60,,30165,82,,,0,20,,30166,82,,,0,20,,30167,82,,,0,60,,30160,82,,,0,20,,30161,82,,,0,20,,30136,82,,,0,60,,30168,82,,,0,24,,30169,82,,,0,60,,30170,82,,,0,20,,30171,82,,,0,20,,30172,82,,,0,60,,30173,82,,,0,20,,30174,82,,,0,20,,30175,82,,,0,60,,30176,82,,,0,20,,30177,82,,,0,20,,30178,82,,,0,60,,30179,82,,,0,20,,30180,82,,,0,20,,30181,82,,,0,63,,30151,82,,,0,30,,30150,82,,,0,24,,30149,82,,,0,70,,30148,82,,,0,30,,30147,82,,,0,70,,30146,82,,,0,30,,30145,82,,,0,70,,30137,82,,,0,24,,30138,79,,,0,70,,30139,79,,,0,30,,30140,79,,,0,70,,30141,79,,,0,30,,30142,79,,,0,72,,30143,79,,,0,80,,30144,79,,,0
578200,'2',544,,30191,79,,,0,70,,30192,79,,,0,33,,30193,79,,,0,70,,30194,79,,,0,30,,30195,79,,,0,70,,30196,79,,,0,30,,30197,79,,,0,61,,30239,82,,,0,20,,30198,82,,,0,27,,30199,82,,,0,60,,30200,82,,,0,20,,30201,82,,,0,20,,30202,82,,,0,60,,30203,82,,,0,20,,30204,82,,,0,20,,30205,82,,,0,60,,30206,82,,,0,20,,30207,82,,,0,20,,30208,82,,,0,60,,30209,82,,,0,19,,30210,79,,,0,20,,30211,79,,,0,60,,30212,79,,,0,20,,30213,79,,,0,20,,30214,79,,,0,60,,30215,79,,,0,20,,30216,79,,,0,20,,30217,79,,,0,60,,30218,79,,,0,20,,30219,79,,,0,20,,30220,79,,,0,60,,30221,79,,,0,20,,30222,79,,,0,20,,30223,79,,,0,70,,30224,79,,,0,23,,30225,79,,,0,70,,30226,79,,,0,30,,30227,79,,,0,70,,30228,79,,,0,30,,30229,79,,,0,70,,30230,79,,,0,30,,30231,79,,,0,70,,30232,79,,,0,26,,30233,79,,,0,70,,30234,79,,,0,30,,30235,79,,,0,70,,30236,79,,,0,30,,30237,79,,,0,70,,30240,79,,,0,90,,30238,79,,,0
578200,'3',646,,30276,79,,,0,100,,30275,79,,,0,70,,30274,79,,,0,30,,30273,79,,,0,70,,30272,79,,,0,35,,30271,79,,,0,70,,30270,79,,,0,30,,30269,79,,,0,70,,30268,79,,,0,30,,30267,79,,,0,70,,30266,79,,,0,30,,30265,79,,,0,70,,30264,79,,,0,30,,30263,79,,,0,70,,30262,79,,,0,30,,30261,79,,,0,70,,30260,79,,,0,30,,30259,79,,,0,70,,30258,79,,,0,30,,30257,79,,,0,70,,30256,79,,,0,30,,30255,79,,,0,70,,30254,79,,,0,30,,30253,79,,,0,70,,30252,79,,,0,30,,30251,79,,,0,70,,30250,79,,,0,23,,30249,79,,,0,70,,30248,79,,,0,30,,30247,79,,,0,70,,30246,79,,,0,30,,30245,79,,,0,70,,30244,79,,,0,30,,30243,79,,,0,70,,30242,79,,,0,30,,30241,79,,,0
578200,'4',612,,30277,79,,,0,40,,30278,79,,,0,80,,30279,79,,,0,80,,30280,79,,,0,40,,30281,79,,,0,80,,30282,79,,,0,80,,30283,79,,,0,40,,30284,79,,,0,80,,30285,79,,,0,80,,30286,79,,,0,40,,30287,79,,,0,80,,30288,79,,,0,80,,30289,79,,,0,40,,30290,79,,,0,90,,30291,79,,,0,100,,30292,79,,,0,100,,30293,79,,,0,100,,30294,79,,,0,100,,30295,79,,,0,100,,30296,79,,,0,100,,30297,79,,,0
578200,'6',646,,30333,79,,,0,100,,30332,79,,,0,70,,30331,79,,,0,30,,30330,79,,,0,70,,30329,79,,,0,35,,30328,79,,,0,70,,30327,79,,,0,30,,30326,79,,,0,70,,30325,79,,,0,30,,30324,79,,,0,70,,30323,79,,,0,30,,30322,79,,,0,70,,30321,79,,,0,30,,30320,79,,,0,70,,30319,79,,,0,30,,30318,79,,,0,70,,30317,79,,,0,30,,30316,79,,,0,70,,30315,79,,,0,30,,30314,79,,,0,70,,30313,79,,,0,30,,30312,79,,,0,70,,30311,79,,,0,30,,30310,79,,,0,70,,30309,79,,,0,30,,30308,79,,,0,70,,30307,79,,,0,23,,30306,79,,,0,70,,30305,79,,,0,30,,30304,79,,,0,70,,30303,79,,,0,30,,30302,79,,,0,70,,30301,79,,,0,30,,30300,79,,,0,70,,30299,79,,,0,30,,30298,79,,,0
578301,'1',529,,31011,56,0,29 30 6,0,90,,31015,92,0,29 30 6,0,29,,31018,92,0,29 30 6,0,67,,31021,92,0,29 30 6,0,30,,31025,92,0,29 30 6,0,70,,31029,92,0,29 30 6,0,30,,31033,92,0,29 30 6,0,70,,31037,92,0,29 30 6,0,30,,31041,92,0,29 30 6,0,70,,31045,92,0,29 30 6,0,31,,31049,92,0,29 30 6,0,68,,31052,92,0,29 30 6,0,30,,31055,92,0,29 30 6,0,70,,31058,92,0,29 30 6,0,30,,31061,92,0,29 30 6,0,70,,31064,92,0,29 30 6,0,30,,31067,92,0,29 30 6,0,70,,31070,92,0,29 30 6,0,33,,31073,92,0,29 30 6,0,76,,31077,92,0,29 30 6,0,30,,31081,92,0,29 30 6,0,70,,31085,92,0,29 30 6,0,30,,31089,92,0,29 30 6,0,70,,31093,92,0,29 30 6,0,30,,31097,92,0,29 30 6,0,69,,31101,92,0,29 30 6,0,27,,31105,92,0,29 30 6,0,67,,31109,92,0,29 30 6,0,34,,31113,92,0,29 30 6,0,64,,31116,92,0,29 30 6,0,34,,31120,92,0,29 30 6,0,70,,31123,92,0,29 30 6,0,20,,31125,92,0,29 30 6,0,80,,31129,92,0,29 30 6,0,41,,31133,92,0,29 30 6,0,85,,31137,92,0,29 30 6,0,85,,31140,92,0,29 30 6,0,120,,31145,92,0,29 30 6,0
578301,'2',521,,31149,56,0,29 30 6,0,80,,31153,92,0,29 30 6,0,36,,31156,92,0,29 30 6,0,76,,31159,92,0,29 30 6,0,36,,31162,92,0,29 30 6,0,76,,31165,92,0,29 30 6,0,81,,31168,92,0,29 30 6,0,36,,31171,92,0,29 30 6,0,76,,31174,92,0,29 30 6,0,36,,31177,92,0,29 30 6,0,76,,31180,92,0,29 30 6,0,76,,31183,92,0,29 30 6,0,36,,31186,92,0,29 30 6,0,76,,31189,92,0,29 30 6,0,36,,31192,92,0,29 30 6,0,76,,31195,92,0,29 30 6,0,76,,31198,92,0,29 30 6,0,36,,31201,92,0,29 30 6,0,76,,31204,92,0,29 30 6,0,36,,31207,92,0,29 30 6,0,76,,31210,92,0,29 30 6,0,72,,31213,92,0,29 30 6,0,36,,31216,92,0,29 30 6,0,76,,31219,92,0,29 30 6,0,36,,31222,92,0,29 30 6,0,75,,31225,92,0,29 30 6,0,76,,31228,92,0,29 30 6,0,43,,31231,92,0,29 30 6,0,98,,31235,92,0,29 30 6,0,85,,31238,92,0,29 30 6,0,85,,31241,92,0,29 30 6,0,45,,31244,92,0,29 30 6,0,90,,31247,92,0,29 30 6,0
578301,'3',555,,31253,56,0,29 30 6,0,90,,31257,92,0,29 30 6,0,85,,31260,92,0,29 30 6,0,85,,31263,92,0,29 30 6,0,85,,31266,92,0,29 30 6,0,45,,31269,92,0,29 30 6,0,80,,31272,92,0,29 30 6,0,81,,31275,92,0,29 30 6,0,36,,31278,92,0,29 30 6,0,76,,31281,92,0,29 30 6,0,36,,31284,92,0,29 30 6,0,76,,31287,92,0,29 30 6,0,76,,31290,92,0,29 30 6,0,36,,31293,92,0,29 30 6,0,76,,31296,92,0,29 30 6,0,36,,31299,92,0,29 30 6,0,76,,31302,92,0,29 30 6,0,76,,31305,92,0,29 30 6,0,36,,31308,92,0,29 30 6,0,76,,31311,92,0,29 30 6,0,36,,31314,92,0,29 30 6,0,76,,31317,92,0,29 30 6,0,75,,31320,92,0,29 30 6,0,45,,31323,92,0,29 30 6,0,85,,31326,92,0,29 30 6,0,85,,31329,92,0,29 30 6,0,81,,31332,92,0,29 30 6,0,45,,31335,92,0,29 30 6,0,85,,31339,92,0,29 30 6,0
578301,'4',548,,31406,56,0,29 30 6,0,71,,31343,56,0,29 30 6,0,40,,31346,92,0,29 30 6,0,85,,31349,92,0,29 30 6,0,85,,31352,92,0,29 30 6,0,85,,31355,92,0,29 30 6,0,45,,31358,92,0,29 30 6,0,90,,31361,92,0,29 30 6,0,85,,31364,92,0,29 30 6,0,85,,31367,92,0,29 30 6,0,85,,31370,92,0,29 30 6,0,45,,31373,92,0,29 30 6,0,85,,31376,92,0,29 30 6,0,85,,31379,92,0,29 30 6,0,85,,31382,92,0,29 30 6,0,45,,31385,92,0,29 30 6,0,85,,31388,92,0,29 30 6,0,85,,31391,92,0,29 30 6,0,81,,31394,92,0,29 30 6,0,45,,31397,92,0,29 30 6,0,85,,31400,92,0,29 30 6,0,85,,31403,92,0,29 30 6,0
578301,'6',555,,31410,56,0,29 30 6,0,90,,31414,92,0,29 30 6,0,85,,31417,92,0,29 30 6,0,85,,31420,92,0,29 30 6,0,85,,31423,92,0,29 30 6,0,45,,31426,92,0,29 30 6,0,80,,31429,92,0,29 30 6,0,81,,31432,92,0,29 30 6,0,36,,31435,92,0,29 30 6,0,76,,31438,92,0,29 30 6,0,36,,31441,92,0,29 30 6,0,76,,31444,92,0,29 30 6,0,76,,31447,92,0,29 30 6,0,36,,31450,92,0,29 30 6,0,76,,31453,92,0,29 30 6,0,36,,31456,92,0,29 30 6,0,76,,31459,92,0,29 30 6,0,76,,31462,92,0,29 30 6,0,36,,31465,92,0,29 30 6,0,76,,31468,92,0,29 30 6,0,36,,31471,92,0,29 30 6,0,76,,31474,92,0,29 30 6,0,75,,31477,92,0,29 30 6,0,45,,31480,92,0,29 30 6,0,85,,31483,92,0,29 30 6,0,85,,31486,92,0,29 30 6,0,81,,31489,92,0,29 30 6,0,45,,31492,92,0,29 30 6,0,85,,31496,92,0,29 30 6,0
