579901,'1',525,,36452,4,,,0,20,,36453,4,,,0,60,,36454,4,,,0,22,,36455,4,,,0,24,,36456,4,,,0,52,,36457,4,,,0,12,,36458,4,,,0,11,,36459,4,,,0,12,,36460,4,,,0,12,,36461,4,,,0,52,,36462,4,,,0,12,,36463,4,,,0,12,,36464,4,,,0,12,,36465,4,,,0,12,,36466,4,,,0,52,,36467,4,,,0,12,,36468,4,,,0,15,,36469,4,,,0,15,,36470,4,,,0,15,,36471,4,,,0,55,,36472,4,,,0,15,,36473,4,,,0,15,,36474,4,,,0,15,,36475,4,,,0,55,,36476,4,,,0,15,,36477,4,,,0,15,,36478,4,,,0,15,,36479,4,,,0,55,,36480,4,,,0,15,,36481,4,,,0,15,,36482,4,,,0,15,,36483,4,,,0,55,,36484,4,,,0,15,,36485,4,,,0,15,,36486,4,,,0,15,,36487,4,,,0,54,,36488,4,,,0,15,,36489,4,,,0,14,,36490,4,,,0,13,,36491,4,,,0,52,,36492,4,,,0,12,,36493,4,,,0,12,,36494,4,,,0,12,,36495,4,,,0,12,,36496,4,,,0,52,,36497,4,,,0,12,,36498,4,,,0,12,,36499,4,,,0,12,,36500,4,,,0,12,,36501,4,,,0,52,,36502,4,,,0,12,,36503,4,,,0,12,,36504,4,,,0,12,,36505,4,,,0,14,,36506,4,,,0,52,,36507,4,,,0,15,,36508,4,,,0,13,,36509,4,0,7 4 8 45 10,0,3,,36510,4,,,0,16,,36511,4,,,0,57,,36512,4,,,0,17,,36513,4,,,0,19,,36514,4,,,0,54,,36515,4,,,0,3,,36516,4,0,7 4 8 45 10,0,17,,36517,4,,,0,20,,36518,4,,,0,60,,36519,4,,,0,20,,36520,4,,,0,33,,36521,4,,,0,71,,36522,4,,,0,23,,36523,4,,,0,81,,36524,4,,,0,70,,36525,4,,,0,19,,36526,4,0,7 4 8 45 10,0,32,,36527,4,,,0,88,,36528,4,0,7 4 8 45 10,0
579901,'2',539,,36540,4,,,0,67,,36541,4,,,0,26,,36542,4,,,0,70,,36543,4,,,0,30,,36544,4,,,0,70,,36545,4,,,0,30,,36546,4,,,0,71,,36547,4,,,0,20,,36548,4,,,0,20,,36549,4,,,0,60,,36550,4,,,0,20,,36551,4,,,0,20,,36552,4,,,0,60,,36553,4,,,0,20,,36554,4,,,0,22,,36555,4,,,0,60,,36556,4,,,0,18,,36557,4,,,0,20,,36558,4,,,0,60,,36559,4,,,0,20,,36560,4,,,0,20,,36561,4,,,0,60,,36562,4,,,0,20,,36563,4,,,0,20,,36564,4,,,0,60,,36565,4,,,0,20,,36566,4,,,0,20,,36567,4,,,0,60,,36568,4,,,0,20,,36569,4,,,0,20,,36570,4,,,0,60,,36571,4,,,0,20,,36572,4,,,0,20,,36573,4,,,0,15,,36574,4,,,0,70,,36575,4,,,0,30,,36576,4,,,0,70,,36577,4,,,0,30,,36531,4,,,0,70,,36532,4,,,0,30,,36533,4,,,0,70,,36534,4,,,0,30,,36535,4,,,0,69,,36536,4,,,0,30,,36537,4,,,0,70,,36538,4,,,0,75,,36539,4,,,0,17,,36529,4,0,7 4 8 45 10,0,30,,36530,4,0,7 4 8 45 10,0
579901,'3',558,,36580,4,,,0,70,,36612,4,,,0,30,,36581,4,,,0,70,,36582,4,,,0,30,,36583,4,,,0,70,,36584,4,,,0,30,,36585,4,,,0,70,,36586,4,,,0,30,,36587,4,,,0,70,,36588,4,,,0,30,,36589,4,,,0,70,,36590,4,,,0,30,,36591,4,,,0,70,,36592,4,,,0,30,,36593,4,,,0,70,,36594,4,,,0,30,,36595,4,,,0,70,,36596,4,,,0,30,,36597,4,,,0,70,,36598,4,,,0,30,,36599,4,,,0,70,,36600,4,,,0,30,,36601,4,,,0,70,,36605,4,,,0,30,,36606,4,,,0,70,,36607,4,,,0,30,,36608,4,,,0,70,,36609,4,,,0,30,,36610,4,,,0,70,,36611,4,,,0,30,,36613,4,,,0,75,,36602,4,,,0,70,,36614,4,,,0,30,,36603,4,,,0,70,,36615,4,,,0,30,,36604,4,,,0,16,,36579,4,0,7 4 8 45 10,0,70,,36578,4,0,7 4 8 45 10,0
579901,'4',553,,36616,4,,,0,70,,36617,4,,,0,30,,36618,4,,,0,70,,36619,4,,,0,30,,36620,4,,,0,70,,36621,4,,,0,34,,36622,4,,,0,74,,36623,4,,,0,70,,36624,4,,,0,30,,36625,4,,,0,70,,36626,4,,,0,30,,36627,4,,,0,70,,36628,4,,,0,30,,36629,4,,,0,70,,36630,4,,,0,30,,36631,4,,,0,100,,36632,4,,,0,100,,36633,4,,,0,100,,36634,4,,,0,100,,36635,4,,,0,100,,36636,4,,,0,100,,36637,4,,,0,100,,36638,4,,,0
579901,'6',539,,36650,4,,,0,67,,36651,4,,,0,26,,36652,4,,,0,70,,36653,4,,,0,30,,36654,4,,,0,70,,36655,4,,,0,30,,36656,4,,,0,71,,36657,4,,,0,20,,36658,4,,,0,20,,36659,4,,,0,60,,36660,4,,,0,20,,36661,4,,,0,20,,36662,4,,,0,60,,36663,4,,,0,20,,36664,4,,,0,22,,36665,4,,,0,60,,36666,4,,,0,18,,36667,4,,,0,20,,36668,4,,,0,60,,36669,4,,,0,20,,36670,4,,,0,20,,36671,4,,,0,60,,36672,4,,,0,20,,36673,4,,,0,20,,36674,4,,,0,60,,36675,4,,,0,20,,36676,4,,,0,20,,36677,4,,,0,60,,36678,4,,,0,20,,36679,4,,,0,20,,36680,4,,,0,60,,36681,4,,,0,20,,36682,4,,,0,20,,36683,4,,,0,15,,36684,4,,,0,70,,36685,4,,,0,30,,36686,4,,,0,70,,36687,4,,,0,30,,36641,4,,,0,70,,36642,4,,,0,30,,36643,4,,,0,70,,36644,4,,,0,30,,36645,4,,,0,69,,36646,4,,,0,30,,36647,4,,,0,70,,36648,4,,,0,75,,36649,4,,,0,17,,36639,4,0,7 4 8 45 10,0,30,,36640,4,0,7 4 8 45 10,0
580601,'1601',731,,38545,32,0,8 40 10,0
580601,'1',536,,38600,32,,,0,69,,38599,32,,,0,18,,38547,4,,,0,12,,38598,32,,,0,70,,38597,32,,,0,30,,38596,32,,,0,70,,38595,32,,,0,20,,38594,32,,,0,20,,38593,32,,,0,60,,38592,32,,,0,15,,38591,32,,,0,15,,38590,32,,,0,15,,38589,32,,,0,56,,38588,32,,,0,30,,38587,32,,,0,70,,38586,32,,,0,30,,38585,32,,,0,70,,38584,32,,,0,30,,38583,32,,,0,70,,38582,32,,,0,30,,38581,32,,,0,70,,38580,32,,,0,30,,38579,32,,,0,70,,38578,32,,,0,15,,38577,32,,,0,15,,38576,32,,,0,15,,38575,32,,,0,55,,38574,32,,,0,15,,38573,32,,,0,15,,38548,32,,,0,15,,38572,32,,,0,55,,38571,32,,,0,15,,38570,32,,,0,15,,38569,32,,,0,15,,38568,32,,,0,55,,38567,32,,,0,15,,38566,32,,,0,15,,38565,32,,,0,15,,38564,32,,,0,54,,38563,32,,,0,15,,38562,32,,,0,20,,38561,32,,,0,65,,38560,32,,,0,30,,38559,32,,,0,70,,38558,32,,,0,30,,38557,32,,,0,70,,38556,32,,,0,30,,38551,32,,,0,70,,38555,32,,,0,30,,38554,32,,,0,70,,38550,32,,,0,30,,38553,32,,,0,70,,38549,32,,,0,37,,38552,32,,,0
580601,'2',527,,38638,32,,,0,30,,38639,32,,,0,70,,38640,32,,,0,26,,38619,32,,,0,70,,38621,32,,,0,30,,38620,32,,,0,70,,38622,32,,,0,30,,38618,32,,,0,70,,38623,32,,,0,30,,38615,32,,,0,70,,38624,32,,,0,30,,38607,32,,,0,70,,38625,32,,,0,30,,38608,32,,,0,70,,38626,32,,,0,30,,38609,32,,,0,70,,38627,32,,,0,30,,38610,32,,,0,70,,38628,32,,,0,30,,38611,32,,,0,70,,38629,32,,,0,30,,38612,32,,,0,70,,38630,32,,,0,30,,38613,32,,,0,70,,38631,32,,,0,30,,38614,32,,,0,70,,38632,32,,,0,30,,38616,32,,,0,70,,38617,32,,,0,30,,38633,32,,,0,70,,38606,32,,,0,30,,38605,32,,,0,70,,38604,32,,,0,30,,38603,32,,,0,70,,38602,32,,,0,30,,38634,32,,,0,70,,38635,32,,,0,30,,38636,32,,,0,70,,38601,32,,,0,30,,38637,32,,,0,70,,38641,32,,,0
580601,'3',653,,38660,32,,,0,70,,38662,32,,,0,30,,38661,32,,,0,70,,38663,32,,,0,30,,38659,32,,,0,70,,38664,32,,,0,30,,38656,32,,,0,70,,38665,32,,,0,30,,38648,32,,,0,70,,38666,32,,,0,30,,38649,32,,,0,70,,38667,32,,,0,30,,38650,32,,,0,70,,38668,32,,,0,30,,38651,32,,,0,70,,38669,32,,,0,30,,38652,32,,,0,70,,38670,32,,,0,30,,38653,32,,,0,70,,38671,32,,,0,30,,38654,32,,,0,70,,38672,32,,,0,30,,38655,32,,,0,70,,38673,32,,,0,30,,38657,32,,,0,70,,38658,32,,,0,30,,38674,32,,,0,70,,38647,32,,,0,30,,38646,32,,,0,70,,38645,32,,,0,30,,38644,32,,,0,70,,38643,32,,,0,30,,38675,32,,,0,70,,38676,32,,,0,30,,38677,32,,,0,79,,38642,32,,,0
580601,'4',653,,38693,32,,,0,70,,38695,32,,,0,30,,38694,32,,,0,70,,38696,32,,,0,30,,38692,32,,,0,70,,38697,32,,,0,30,,38689,32,,,0,70,,38698,32,,,0,30,,38681,32,,,0,70,,38699,32,,,0,30,,38682,32,,,0,70,,38700,32,,,0,30,,38683,32,,,0,70,,38701,32,,,0,30,,38684,32,,,0,70,,38702,32,,,0,30,,38685,32,,,0,70,,38703,32,,,0,30,,38686,32,,,0,70,,38704,32,,,0,30,,38687,32,,,0,70,,38705,32,,,0,30,,38688,32,,,0,70,,38706,32,,,0,30,,38690,32,,,0,70,,38691,32,,,0,30,,38707,32,,,0,70,,38680,32,,,0,30,,38679,32,,,0,70,,38678,32,,,0
580601,'6',527,,38745,32,,,0,30,,38746,32,,,0,70,,38747,32,,,0,26,,38726,32,,,0,70,,38728,32,,,0,30,,38727,32,,,0,70,,38729,32,,,0,30,,38725,32,,,0,70,,38730,32,,,0,30,,38722,32,,,0,70,,38731,32,,,0,30,,38714,32,,,0,70,,38732,32,,,0,30,,38715,32,,,0,70,,38733,32,,,0,30,,38716,32,,,0,70,,38734,32,,,0,30,,38717,32,,,0,70,,38735,32,,,0,30,,38718,32,,,0,70,,38736,32,,,0,30,,38719,32,,,0,70,,38737,32,,,0,30,,38720,32,,,0,70,,38738,32,,,0,30,,38721,32,,,0,70,,38739,32,,,0,30,,38723,32,,,0,70,,38724,32,,,0,30,,38740,32,,,0,70,,38713,32,,,0,30,,38712,32,,,0,70,,38711,32,,,0,30,,38710,32,,,0,70,,38709,32,,,0,30,,38741,32,,,0,70,,38742,32,,,0,30,,38743,32,,,0,70,,38708,32,,,0,30,,38744,32,,,0,70,,38748,32,,,0
