580300,'1',553,,37842,30,,,0,75,,37844,30,,,0,72,,37846,30,,,0,30,,37848,30,,,0,70,,37850,30,,,0,30,,37852,30,,,0,70,,37854,30,,,0,30,,37856,30,,,0,75,,37858,30,,,0,40,,37860,30,,,0,80,,37862,30,,,0,80,,37864,30,,,0,40,,37866,30,,,0,80,,37868,30,,,0,80,,37870,30,,,0,38,,37872,30,,,0,85,,37874,30,,,0,30,,37876,30,,,0,70,,37878,30,,,0,30,,37880,30,,,0,70,,37882,30,,,0,30,,37884,30,,,0,70,,37886,30,,,0,80,,37888,30,,,0,37,,37890,30,,,0,80,,37892,30,,,0,80,,37894,30,,,0,50,,37896,30,,,0,97,,37898,30,,,0,100,,37900,30,,,0,100,,37902,30,,,0
580300,'2',638,,37906,30,,,0,100,,37952,30,,,0,100,,37946,30,,,0,94,,37927,30,,,0,80,,37908,30,,,0,40,,37915,30,,,0,80,,37917,30,,,0,80,,37913,30,,,0,40,,37929,30,,,0,80,,37920,30,,,0,80,,37939,30,,,0,40,,37928,30,,,0,80,,37909,30,,,0,80,,37923,30,,,0,40,,37911,30,,,0,78,,37921,30,,,0,86,,37950,30,,,0,98,,37949,30,,,0,100,,37931,30,,,0,100,,37933,30,,,0,100,,37943,30,,,0,97,,37937,30,,,0,100,,37941,30,,,0,100,,37944,30,,,0
580300,'3',623,,37956,30,,,0,100,,37958,30,,,0,100,,37955,30,,,0,100,,37953,30,,,0,102,,37971,30,,,0,80,,37986,30,,,0,40,,37987,30,,,0,80,,37988,30,,,0,80,,37989,30,,,0,40,,37990,30,,,0,80,,37991,30,,,0,80,,37992,30,,,0,40,,37993,30,,,0,80,,37994,30,,,0,80,,37995,30,,,0,40,,37996,30,,,0,80,,37997,30,,,0,97,,37964,30,,,0,100,,37966,30,,,0,100,,37962,30,,,0,99,,37960,30,,,0,100,,37970,30,,,0
580300,'4',623,,37999,30,,,0,100,,38000,30,,,0,100,,38001,30,,,0,100,,38002,30,,,0,100,,38003,30,,,0,100,,38004,30,,,0,100,,38005,30,,,0,100,,38006,30,,,0,100,,38007,30,,,0,100,,38008,30,,,0,100,,38009,30,,,0,100,,38010,30,,,0,100,,38011,30,,,0,100,,38012,30,,,0,100,,38013,30,,,0,100,,38014,30,,,0
580300,'6',623,,38033,30,,,0,100,,38035,30,,,0,100,,38032,30,,,0,100,,38030,30,,,0,102,,38048,30,,,0,80,,38063,30,,,0,40,,38064,30,,,0,80,,38065,30,,,0,80,,38066,30,,,0,40,,38067,30,,,0,80,,38068,30,,,0,80,,38069,30,,,0,40,,38070,30,,,0,80,,38071,30,,,0,80,,38072,30,,,0,40,,38073,30,,,0,80,,38074,30,,,0,97,,38041,30,,,0,100,,38043,30,,,0,100,,38039,30,,,0,99,,38037,30,,,0,100,,38047,30,,,0
580700,'1601',1511,,38749,16,0,5 6,0
580700,'1',449,,38815,6,,,0,70,,38814,6,,,0,24,,38813,6,,,0,62,,38812,6,,,0,7,,38811,6,,,0,4,,38810,61,,,0,27,,38809,6,,,0,3,,38808,61,,,0,56,,38807,6,,,0,5,,38806,61,,,0,15,,38805,61,,,0,15,,38804,61,,,0,15,,38803,61,,,0,55,,38802,61,,,0,15,,38801,61,,,0,15,,38800,61,,,0,15,,38799,61,,,0,55,,38798,61,,,0,15,,38797,61,,,0,15,,38796,61,,,0,15,,38795,61,,,0,60,,38794,61,,,0,20,,38793,61,,,0,70,,38792,61,,,0,30,,38791,61,,,0,70,,38790,61,,,0,30,,38789,61,,,0,70,,38788,61,,,0,30,,38787,61,,,0,24,,38786,6,,,0,46,,38785,61,,,0,7,,38784,6,,,0,23,,38783,61,,,0,7,,38782,6,,,0,18,,38781,61,,,0,55,,38780,61,,,0,15,,38779,61,,,0,15,,38778,61,,,0,15,,38777,61,,,0,55,,38776,61,,,0,15,,38775,61,,,0,15,,38774,61,,,0,15,,38773,61,,,0,55,,38772,61,,,0,15,,38771,61,,,0,15,,38770,61,,,0,15,,38769,61,,,0,55,,38768,61,,,0,15,,38767,61,,,0,15,,38766,61,,,0,15,,38765,61,,,0,64,,38764,61,,,0,30,,38763,61,,,0,70,,38762,61,,,0,30,,38761,61,,,0,70,,38760,61,,,0,30,,38759,61,,,0,70,,38758,61,,,0,30,,38757,61,,,0,70,,38756,61,,,0,30,,38755,61,,,0,70,,38754,61,,,0,30,,38750,61,,,0,70,,38753,61,,,0,25,,38752,61,0,5 6,0
580700,'2',558,,38854,61,,,0,70,,38816,61,,,0,30,,38817,61,,,0,75,,38818,61,,,0,70,,38819,61,,,0,30,,38820,61,,,0,70,,38821,61,,,0,30,,38822,61,,,0,70,,38823,61,,,0,30,,38824,61,,,0,70,,38825,61,,,0,30,,38826,61,,,0,70,,38827,61,,,0,30,,38828,61,,,0,70,,38829,61,,,0,30,,38830,61,,,0,70,,38831,61,,,0,30,,38832,61,,,0,70,,38833,61,,,0,30,,38834,61,,,0,70,,38835,61,,,0,30,,38836,61,,,0,70,,38837,61,,,0,30,,38838,61,,,0,70,,38839,61,,,0,30,,38840,61,,,0,70,,38841,61,,,0,30,,38842,61,,,0,70,,38843,61,,,0,30,,38844,61,,,0,70,,38845,61,,,0,30,,38846,61,,,0,70,,38847,61,,,0,30,,38848,61,,,0,70,,38849,61,,,0,30,,38850,61,,,0,70,,38851,61,,,0,30,,38852,61,,,0,83,,38853,61,,,0
580700,'3',649,,38855,61,,,0,70,,38868,61,,,0,40,,38856,61,,,0,70,,38869,61,,,0,30,,38857,61,,,0,70,,38870,61,,,0,30,,38858,61,,,0,70,,38871,61,,,0,74,,38859,61,,,0,30,,38872,61,,,0,70,,38860,61,,,0,30,,38873,61,,,0,70,,38861,61,,,0,30,,38874,61,,,0,70,,38862,61,,,0,30,,38875,61,,,0,70,,38863,61,,,0,30,,38876,61,,,0,70,,38864,61,,,0,30,,38877,61,,,0,70,,38865,61,,,0,30,,38878,61,,,0,70,,38866,61,,,0,30,,38879,61,,,0,70,,38867,61,,,0,30,,38889,61,,,0,70,,38880,61,,,0,30,,38886,61,,,0,70,,38881,61,,,0,30,,38887,61,,,0,70,,38882,61,,,0,30,,38888,61,,,0,70,,38883,61,,,0,30,,38890,61,,,0,70,,38884,61,,,0,30,,38891,61,,,0
580700,'4',617,,38922,6,,,0,30,,38923,6,,,0,61,,38907,61,,,0,30,,38892,61,,,0,70,,38908,61,,,0,30,,38893,61,,,0,70,,38909,61,,,0,30,,38894,61,,,0,70,,38910,61,,,0,30,,38895,61,,,0,70,,38911,61,,,0,30,,38896,61,,,0,70,,38912,61,,,0,30,,38897,61,,,0,70,,38913,61,,,0,30,,38898,61,,,0,70,,38914,61,,,0,30,,38899,61,,,0,70,,38915,61,,,0,30,,38900,61,,,0,70,,38916,61,,,0,30,,38901,61,,,0,70,,38917,61,,,0,30,,38902,61,,,0,70,,38918,61,,,0,30,,38903,61,,,0,70,,38919,61,,,0,30,,38904,61,,,0,70,,38920,61,,,0,30,,38905,61,,,0,70,,38921,61,,,0
580700,'6',649,,38924,61,,,0,70,,38937,61,,,0,40,,38925,61,,,0,70,,38938,61,,,0,30,,38926,61,,,0,70,,38939,61,,,0,30,,38927,61,,,0,70,,38940,61,,,0,74,,38928,61,,,0,30,,38941,61,,,0,70,,38929,61,,,0,30,,38942,61,,,0,70,,38930,61,,,0,30,,38943,61,,,0,70,,38931,61,,,0,30,,38944,61,,,0,70,,38932,61,,,0,30,,38945,61,,,0,70,,38933,61,,,0,30,,38946,61,,,0,70,,38934,61,,,0,30,,38947,61,,,0,70,,38935,61,,,0,30,,38948,61,,,0,70,,38936,61,,,0,30,,38958,61,,,0,70,,38949,61,,,0,30,,38955,61,,,0,70,,38950,61,,,0,30,,38956,61,,,0,70,,38951,61,,,0,30,,38957,61,,,0,70,,38952,61,,,0,30,,38959,61,,,0,70,,38953,61,,,0,30,,38960,61,,,0
