578901,'1',502,,32625,5,,,0,30,,32627,5,,,0,70,,32620,5,,,0,30,,32621,5,,,0,70,,32597,5,,,0,30,,32626,5,,,0,70,,32624,5,,,0,30,,32623,5,,,0,70,,32622,5,,,0,36,,32619,5,,,0,70,,32611,5,,,0,30,,32610,5,,,0,70,,32609,5,,,0,30,,32614,5,,,0,70,,32613,5,,,0,30,,32612,5,,,0,70,,32618,5,,,0,30,,32617,5,,,0,70,,32616,5,,,0,30,,32596,5,,,0,70,,32603,5,,,0,30,,32602,5,,,0,70,,32606,5,,,0,30,,32605,5,,,0,70,,32604,5,,,0,30,,32608,5,,,0,70,,32600,5,,,0,30,,32599,5,,,0,70,,32601,5,,,0,30,,32593,5,,,0,70,,32615,5,,,0,30,,32592,5,,,0,70,,32598,5,,,0,30,,32591,5,,,0,74,,32607,5,,,0,100,,32595,5,,,0,100,,32594,5,,,0
578901,'2',502,,32664,5,,,0,30,,32642,5,,,0,70,,32635,5,,,0,30,,32641,5,,,0,70,,32640,5,,,0,30,,32656,5,,,0,70,,32655,5,,,0,30,,32654,5,,,0,70,,32658,5,,,0,30,,32657,5,,,0,70,,32659,5,,,0,30,,32650,5,,,0,70,,32649,5,,,0,30,,32648,5,,,0,70,,32653,5,,,0,30,,32652,5,,,0,70,,32651,5,,,0,30,,32662,5,,,0,70,,32661,5,,,0,30,,32645,5,,,0,70,,32644,5,,,0,30,,32660,5,,,0,70,,32643,5,,,0,30,,32647,5,,,0,70,,32646,5,,,0,30,,32637,5,,,0,70,,32636,5,,,0,30,,32639,5,,,0,69,,32638,5,,,0,30,,32630,5,,,0,70,,32629,5,,,0,30,,32634,5,,,0,70,,32628,5,,,0,100,,32633,5,,,0,100,,32632,5,,,0,100,,32631,5,,,0,100,,32663,5,,,0
578901,'3',502,,32700,5,,,0,30,,32679,5,,,0,70,,32672,5,,,0,30,,32678,5,,,0,70,,32677,5,,,0,30,,32693,5,,,0,70,,32692,5,,,0,30,,32691,5,,,0,70,,32695,5,,,0,30,,32694,5,,,0,70,,32696,5,,,0,30,,32687,5,,,0,70,,32686,5,,,0,30,,32685,5,,,0,70,,32690,5,,,0,30,,32689,5,,,0,70,,32688,5,,,0,30,,32699,5,,,0,70,,32698,5,,,0,30,,32682,5,,,0,70,,32681,5,,,0,30,,32697,5,,,0,70,,32680,5,,,0,30,,32684,5,,,0,70,,32683,5,,,0,30,,32674,5,,,0,70,,32673,5,,,0,30,,32676,5,,,0,69,,32675,5,,,0,30,,32667,5,,,0,70,,32666,5,,,0,30,,32671,5,,,0,70,,32665,5,,,0,100,,32670,5,,,0,100,,32669,5,,,0,100,,32668,5,,,0
578901,'4',522,,32701,5,,,0,100,,32702,5,,,0,100,,32703,5,,,0,100,,32704,5,,,0,100,,32705,5,,,0,100,,32706,5,,,0,100,,32707,5,,,0,100,,32708,5,,,0,100,,32709,5,,,0,100,,32710,5,,,0,100,,32711,5,,,0,100,,32712,5,,,0,100,,32713,5,,,0,99,,32714,5,,,0,100,,32715,5,,,0,100,,32716,5,,,0
578901,'6',502,,32752,5,,,0,30,,32731,5,,,0,70,,32724,5,,,0,30,,32730,5,,,0,70,,32729,5,,,0,30,,32745,5,,,0,70,,32744,5,,,0,30,,32743,5,,,0,70,,32747,5,,,0,30,,32746,5,,,0,70,,32748,5,,,0,30,,32739,5,,,0,70,,32738,5,,,0,30,,32737,5,,,0,70,,32742,5,,,0,30,,32741,5,,,0,70,,32740,5,,,0,30,,32751,5,,,0,70,,32750,5,,,0,30,,32734,5,,,0,70,,32733,5,,,0,30,,32749,5,,,0,70,,32732,5,,,0,30,,32736,5,,,0,70,,32735,5,,,0,30,,32726,5,,,0,70,,32725,5,,,0,30,,32728,5,,,0,69,,32727,5,,,0,30,,32719,5,,,0,70,,32718,5,,,0,30,,32723,5,,,0,70,,32717,5,,,0,100,,32722,5,,,0,100,,32721,5,,,0,100,,32720,5,,,0
580601,'1601',705,,38545,5,0,8 40 10,0,803,,38546,5,0,8 29 30 10,0
580601,'1',512,,38600,5,,,0,29,,38599,5,,,0,70,,38598,5,,,0,28,,38597,5,,,0,70,,38596,5,,,0,30,,38595,5,,,0,20,,38594,5,,,0,60,,38593,5,,,0,20,,38592,5,,,0,15,,38591,5,,,0,55,,38590,5,,,0,15,,38589,5,,,0,15,,38588,5,,,0,70,,38587,5,,,0,30,,38586,5,,,0,70,,38585,5,,,0,30,,38584,5,,,0,70,,38583,5,,,0,30,,38582,5,,,0,70,,38581,5,,,0,27,,38580,5,,,0,70,,38579,5,,,0,30,,38578,5,,,0,15,,38577,5,,,0,55,,38576,5,,,0,15,,38575,5,,,0,15,,38574,5,,,0,15,,38573,5,,,0,55,,38548,5,,,0,15,,38572,5,,,0,15,,38571,5,,,0,15,,38570,5,,,0,55,,38569,5,,,0,15,,38568,5,,,0,15,,38567,5,,,0,15,,38566,5,,,0,55,,38565,5,,,0,15,,38564,5,,,0,20,,38563,5,,,0,15,,38562,5,,,0,60,,38561,5,,,0,25,,38560,5,,,0,70,,38559,5,,,0,30,,38558,5,,,0,70,,38557,5,,,0,30,,38556,5,,,0,70,,38551,5,,,0,33,,38555,5,,,0,70,,38554,5,,,0,30,,38550,5,,,0,70,,38553,5,,,0,30,,38549,5,,,0,77,,38552,5,,,0
580601,'2',502,,38638,5,,,0,30,,38639,5,,,0,70,,38640,5,,,0,26,,38619,5,,,0,30,,38621,5,,,0,70,,38620,5,,,0,30,,38622,5,,,0,70,,38618,5,,,0,30,,38623,5,,,0,70,,38615,5,,,0,30,,38624,5,,,0,70,,38607,5,,,0,30,,38625,5,,,0,70,,38608,5,,,0,30,,38626,5,,,0,70,,38609,5,,,0,30,,38627,5,,,0,70,,38610,5,,,0,30,,38628,5,,,0,70,,38611,5,,,0,30,,38629,5,,,0,70,,38612,5,,,0,30,,38630,5,,,0,70,,38613,5,,,0,30,,38631,5,,,0,70,,38614,5,,,0,30,,38632,5,,,0,70,,38616,5,,,0,30,,38617,5,,,0,70,,38633,5,,,0,30,,38606,5,,,0,70,,38605,5,,,0,30,,38604,5,,,0,70,,38603,5,,,0,30,,38602,5,,,0,70,,38634,5,,,0,30,,38635,5,,,0,70,,38636,5,,,0,30,,38601,5,,,0,70,,38637,5,,,0,30,,38641,5,,,0
580601,'3',628,,38660,5,,,0,30,,38662,5,,,0,70,,38661,5,,,0,30,,38663,5,,,0,70,,38659,5,,,0,30,,38664,5,,,0,70,,38656,5,,,0,30,,38665,5,,,0,70,,38648,5,,,0,30,,38666,5,,,0,70,,38649,5,,,0,30,,38667,5,,,0,70,,38650,5,,,0,30,,38668,5,,,0,70,,38651,5,,,0,30,,38669,5,,,0,70,,38652,5,,,0,30,,38670,5,,,0,70,,38653,5,,,0,30,,38671,5,,,0,70,,38654,5,,,0,30,,38672,5,,,0,70,,38655,5,,,0,30,,38673,5,,,0,70,,38657,5,,,0,30,,38658,5,,,0,70,,38674,5,,,0,30,,38647,5,,,0,70,,38646,5,,,0,30,,38645,5,,,0,70,,38644,5,,,0,30,,38643,5,,,0,70,,38675,5,,,0,30,,38676,5,,,0,70,,38677,5,,,0,79,,38642,5,,,0
580601,'4',630,,38693,5,,,0,70,,38695,5,,,0,30,,38694,5,,,0,70,,38696,5,,,0,30,,38692,5,,,0,70,,38697,5,,,0,30,,38689,5,,,0,70,,38698,5,,,0,30,,38681,5,,,0,70,,38699,5,,,0,30,,38682,5,,,0,70,,38700,5,,,0,30,,38683,5,,,0,70,,38701,5,,,0,30,,38684,5,,,0,70,,38702,5,,,0,30,,38685,5,,,0,70,,38703,5,,,0,30,,38686,5,,,0,70,,38704,5,,,0,30,,38687,5,,,0,70,,38705,5,,,0,30,,38688,5,,,0,70,,38706,5,,,0,30,,38690,5,,,0,70,,38691,5,,,0,30,,38707,5,,,0,70,,38680,5,,,0,30,,38679,5,,,0,70,,38678,5,,,0
580601,'6',502,,38745,5,,,0,30,,38746,5,,,0,70,,38747,5,,,0,26,,38726,5,,,0,30,,38728,5,,,0,70,,38727,5,,,0,30,,38729,5,,,0,70,,38725,5,,,0,30,,38730,5,,,0,70,,38722,5,,,0,30,,38731,5,,,0,70,,38714,5,,,0,30,,38732,5,,,0,70,,38715,5,,,0,30,,38733,5,,,0,70,,38716,5,,,0,30,,38734,5,,,0,70,,38717,5,,,0,30,,38735,5,,,0,70,,38718,5,,,0,30,,38736,5,,,0,70,,38719,5,,,0,30,,38737,5,,,0,70,,38720,5,,,0,30,,38738,5,,,0,70,,38721,5,,,0,30,,38739,5,,,0,70,,38723,5,,,0,30,,38724,5,,,0,70,,38740,5,,,0,30,,38713,5,,,0,70,,38712,5,,,0,30,,38711,5,,,0,70,,38710,5,,,0,30,,38709,5,,,0,70,,38741,5,,,0,30,,38742,5,,,0,70,,38743,5,,,0,30,,38708,5,,,0,70,,38744,5,,,0,30,,38748,5,,,0
