579301,'1',521,,33902,11,,,0,15,,33903,11,,,0,15,,33833,11,,,0,55,,33904,11,,,0,15,,33832,11,,,0,15,,33905,11,,,0,15,,33835,11,,,0,55,,33836,11,,,0,15,,33837,11,,,0,10,,33847,11,,,0,10,,33875,11,,,0,10,,33846,11,,,0,50,,33845,11,,,0,10,,33876,11,,,0,10,,33844,11,,,0,10,,33843,11,,,0,10,,33877,11,,,0,10,,33842,11,,,0,50,,33841,11,,,0,10,,33878,11,,,0,10,,33840,11,,,0,10,,33839,11,,,0,10,,33879,11,,,0,10,,33838,11,,,0,50,,33913,11,,,0,10,,33892,11,,,0,21,,33893,11,,,0,20,,33894,11,,,0,60,,33895,11,,,0,20,,33896,11,,,0,20,,33897,11,,,0,60,,33898,11,,,0,20,,33899,11,,,0,20,,33900,11,,,0,60,,33901,11,,,0,20,,33834,11,,,0,20,,33880,11,,,0,60,,33867,11,,,0,20,,33866,11,,,0,20,,33881,11,,,0,60,,33865,11,,,0,11,,33882,11,,,0,10,,33864,11,,,0,10,,33863,11,,,0,10,,33883,11,,,0,50,,33862,11,,,0,10,,33861,11,,,0,10,,33884,11,,,0,10,,33860,11,,,0,10,,33859,11,,,0,10,,33885,11,,,0,50,,33858,11,,,0,10,,33857,11,,,0,10,,33886,11,,,0,10,,33856,11,,,0,10,,33855,11,,,0,10,,33887,11,,,0,50,,33854,11,,,0,10,,33888,11,,,0,10,,33853,11,,,0,10,,33852,11,,,0,10,,33889,11,,,0,15,,33851,11,,,0,59,,33850,11,,,0,20,,33910,11,,,0,20,,33911,11,,,0,60,,33849,11,,,0,20,,33848,11,,,0,20,,33906,11,,,0,60,,33868,11,,,0,20,,33869,11,,,0,20,,33907,11,,,0,59,,33870,11,,,0,20,,33871,11,,,0,20,,33908,11,,,0,60,,33872,11,,,0,20,,33873,11,,,0,20,,33909,11,,,0,60,,33874,11,,,0,20,,33891,11,,,0,20,,33890,11,,,0,60,,33912,11,,,0
579301,'2',520,,33984,11,,,0,20,,33914,11,,,0,60,,33974,11,,,0,20,,33915,11,,,0,20,,33916,11,,,0,60,,33975,11,,,0,20,,33917,11,,,0,20,,33918,11,,,0,60,,33919,11,,,0,21,,33920,11,,,0,15,,33921,11,,,0,15,,33922,11,,,0,55,,33923,11,,,0,15,,33924,11,,,0,15,,33925,11,,,0,15,,33926,11,,,0,55,,33927,11,,,0,15,,33928,11,,,0,15,,33929,11,,,0,15,,33930,11,,,0,55,,33931,11,,,0,13,,33932,11,,,0,18,,33933,11,,,0,15,,33934,11,,,0,55,,33935,11,,,0,15,,33936,11,,,0,15,,33937,11,,,0,15,,33938,11,,,0,55,,33939,11,,,0,15,,33940,11,,,0,15,,33941,11,,,0,15,,33942,11,,,0,55,,33943,11,,,0,15,,33944,11,,,0,15,,33945,11,,,0,15,,33946,11,,,0,55,,33947,11,,,0,15,,33948,11,,,0,15,,33949,11,,,0,15,,33950,11,,,0,55,,33951,11,,,0,15,,33952,11,,,0,15,,33953,11,,,0,15,,33954,11,,,0,55,,33955,11,,,0,15,,33956,11,,,0,15,,33957,11,,,0,15,,33958,11,,,0,55,,33959,11,,,0,15,,33960,11,,,0,20,,33961,11,,,0,60,,33976,11,,,0,19,,33962,11,,,0,20,,33977,11,,,0,60,,33963,11,,,0,20,,33964,11,,,0,20,,33978,11,,,0,60,,33965,11,,,0,20,,33966,11,,,0,20,,33979,11,,,0,60,,33967,11,,,0,19,,33968,11,,,0,20,,33980,11,,,0,60,,33969,11,,,0,20,,33970,11,,,0,20,,33981,11,,,0,60,,33971,11,,,0,20,,33972,11,,,0,20,,33973,11,,,0,60,,33982,11,,,0,20,,33983,11,,,0
579301,'3',520,,34030,11,,,0,30,,33985,11,,,0,70,,33986,11,,,0,30,,33987,11,,,0,70,,33988,11,,,0,30,,33989,11,,,0,70,,33990,11,,,0,30,,33991,11,,,0,70,,33992,11,,,0,20,,33993,11,,,0,60,,33994,11,,,0,21,,33995,11,,,0,20,,33996,11,,,0,60,,33997,11,,,0,20,,33998,11,,,0,25,,33999,11,,,0,60,,34000,11,,,0,20,,34001,11,,,0,20,,34002,11,,,0,60,,34003,11,,,0,20,,34004,11,,,0,20,,34005,11,,,0,60,,34006,11,,,0,20,,34007,11,,,0,20,,34008,11,,,0,60,,34009,11,,,0,20,,34010,11,,,0,20,,34011,11,,,0,60,,34012,11,,,0,20,,34013,11,,,0,20,,34014,11,,,0,60,,34015,11,,,0,20,,34016,11,,,0,20,,34017,11,,,0,60,,34018,11,,,0,30,,34019,11,,,0,70,,34020,11,,,0,30,,34021,11,,,0,70,,34022,11,,,0,30,,34023,11,,,0,70,,34024,11,,,0,30,,34025,11,,,0,70,,34026,11,,,0,29,,34027,11,,,0,70,,34028,11,,,0,30,,34029,11,,,0,70,,34031,11,,,0
579301,'4',615,,34069,11,,,0,30,,34068,11,,,0,70,,34067,11,,,0,30,,34066,11,,,0,70,,34065,11,,,0,30,,34064,11,,,0,70,,34063,11,,,0,30,,34062,11,,,0,60,,34061,11,,,0,20,,34060,11,,,0,20,,34059,11,,,0,60,,34058,11,,,0,20,,34057,11,,,0,20,,34056,11,,,0,60,,34055,11,,,0,20,,34054,11,,,0,20,,34053,11,,,0,60,,34052,11,,,0,20,,34051,11,,,0,20,,34050,11,,,0,60,,34049,11,,,0,20,,34048,11,,,0,20,,34047,11,,,0,60,,34046,11,,,0,20,,34045,11,,,0,20,,34044,11,,,0,60,,34043,11,,,0,20,,34042,11,,,0,20,,34041,11,,,0,60,,34040,11,,,0,20,,34039,11,,,0,20,,34038,11,,,0,60,,34037,11,,,0,20,,34036,11,,,0,30,,34035,11,,,0,70,,34034,11,,,0,30,,34033,11,,,0,70,,34032,11,,,0
579301,'6',520,,34115,11,,,0,30,,34070,11,,,0,70,,34071,11,,,0,30,,34072,11,,,0,70,,34073,11,,,0,30,,34074,11,,,0,70,,34075,11,,,0,30,,34076,11,,,0,70,,34077,11,,,0,20,,34078,11,,,0,60,,34079,11,,,0,21,,34080,11,,,0,20,,34081,11,,,0,60,,34082,11,,,0,20,,34083,11,,,0,25,,34084,11,,,0,60,,34085,11,,,0,20,,34086,11,,,0,20,,34087,11,,,0,60,,34088,11,,,0,20,,34089,11,,,0,20,,34090,11,,,0,60,,34091,11,,,0,20,,34092,11,,,0,20,,34093,11,,,0,60,,34094,11,,,0,20,,34095,11,,,0,20,,34096,11,,,0,60,,34097,11,,,0,20,,34098,11,,,0,20,,34099,11,,,0,60,,34100,11,,,0,20,,34101,11,,,0,20,,34102,11,,,0,60,,34103,11,,,0,30,,34104,11,,,0,70,,34105,11,,,0,30,,34106,11,,,0,70,,34107,11,,,0,30,,34108,11,,,0,70,,34109,11,,,0,30,,34110,11,,,0,70,,34111,11,,,0,29,,34112,11,,,0,70,,34113,11,,,0,30,,34114,11,,,0,70,,34116,11,,,0
580001,'1',433,,36910,13,,,0,16,,36911,13,,,0,6,,36912,13,,,0,49,,36913,13,,,0,20,,36914,13,,,0,10,,36915,13,,,0,2,,36916,13,,,0,8,,36917,13,,,0,1,,36918,13,,,0,13,,36919,13,,,0,51,,36920,13,,,0,15,,36921,13,,,0,15,,36922,13,,,0,15,,36923,13,,,0,55,,36924,13,,,0,15,,36925,13,,,0,15,,36926,13,,,0,15,,36927,13,,,0,55,,36928,13,,,0,15,,36929,13,,,0,14,,36930,13,,,0,16,,36931,13,,,0,55,,36932,13,,,0,25,,36933,13,,,0,70,,36934,13,,,0,30,,36935,13,,,0,70,,36936,13,,,0,30,,36937,13,,,0,70,,36938,13,,,0,30,,36939,13,,,0,70,,36940,13,,,0,30,,36941,13,,,0,70,,36942,13,,,0,30,,36943,13,,,0,69,,36944,13,,,0,15,,36945,13,,,0,15,,36946,13,,,0,15,,36947,13,,,0,55,,36948,13,,,0,15,,36949,13,,,0,15,,36950,13,,,0,15,,36951,13,,,0,55,,36952,13,,,0,15,,36953,13,,,0,15,,36954,13,,,0,15,,36955,13,,,0,70,,36956,13,,,0,28,,36957,13,,,0,70,,36958,13,,,0,32,,36959,13,,,0,70,,36960,13,,,0,30,,36961,13,,,0,70,,36962,13,,,0,30,,36963,13,,,0,70,,36964,13,,,0,30,,36965,13,,,0,77,,36966,13,,,0,30,,36967,13,,,0,70,,36968,13,,,0,76,,36969,13,,,0
580001,'2',451,,37020,13,,,0,4,,37014,13,,,0,70,,37013,13,,,0,30,,37012,13,,,0,70,,37011,13,,,0,30,,37010,13,,,0,70,,37009,13,,,0,30,,37008,13,,,0,70,,37007,13,,,0,30,,37006,13,,,0,58,,37005,13,,,0,20,,37004,13,,,0,20,,37003,13,,,0,60,,37002,13,,,0,20,,36996,13,,,0,20,,36997,13,,,0,59,,36985,13,,,0,20,,36988,13,,,0,20,,36989,13,,,0,60,,36987,13,,,0,20,,36993,13,,,0,20,,36995,13,,,0,60,,36994,13,,,0,20,,36992,13,,,0,20,,36980,13,,,0,60,,36981,13,,,0,20,,36982,13,,,0,20,,36983,13,,,0,60,,36984,13,,,0,20,,36986,13,,,0,20,,37001,13,,,0,60,,36998,13,,,0,20,,36999,13,,,0,20,,37000,13,,,0,60,,36978,13,,,0,20,,36977,13,,,0,20,,36979,13,,,0,60,,36970,13,,,0,20,,36990,13,,,0,70,,36991,13,,,0,30,,36976,13,,,0,70,,36975,13,,,0,30,,36974,13,,,0,70,,36973,13,,,0,30,,36972,13,,,0,70,,36971,13,,,0,30,,37019,13,,,0,76,,37018,13,,,0,30,,37017,13,,,0,70,,37016,13,,,0,30,,37015,13,,,0
580001,'3',450,,37053,13,,,0,58,,37026,13,,,0,23,,37021,13,,,0,7,,37035,13,,,0,16,,37054,13,,,0,53,,37025,13,,,0,29,,37044,13,,,0,70,,37024,13,,,0,30,,37045,13,,,0,70,,37023,13,,,0,30,,37046,13,,,0,70,,37022,13,,,0,27,,37027,13,,,0,70,,37049,13,,,0,30,,37029,13,,,0,70,,37043,13,,,0,30,,37032,13,,,0,70,,37042,13,,,0,30,,37041,13,,,0,70,,37047,13,,,0,30,,37048,13,,,0,70,,37028,13,,,0,30,,37033,13,,,0,70,,37030,13,,,0,30,,37034,13,,,0,70,,37031,13,,,0,30,,37036,13,,,0,70,,37039,13,,,0,30,,37037,13,,,0,70,,37050,13,,,0,30,,37038,13,,,0,73,,37051,13,,,0,30,,37040,13,,,0,70,,37052,13,,,0,30,,37055,13,,,0,70,,37056,13,,,0,30,,37057,13,,,0,72,,37058,13,,,0,30,,37059,13,,,0,70,,37060,13,,,0,30,,37061,13,,,0
580001,'4',534,,37062,13,,,0,85,,37063,13,,,0,85,,37064,13,,,0,45,,37065,13,,,0,85,,37066,13,,,0,85,,37067,13,,,0,85,,37068,13,,,0,45,,37069,13,,,0,85,,37070,13,,,0,85,,37071,13,,,0,85,,37072,13,,,0,45,,37073,13,,,0,85,,37074,13,,,0,85,,37075,13,,,0,85,,37076,13,,,0,45,,37077,13,,,0,85,,37078,13,,,0,85,,37079,13,,,0,85,,37080,13,,,0,45,,37081,13,,,0,85,,37082,13,,,0
580001,'6',450,,37115,13,,,0,58,,37088,13,,,0,23,,37083,13,,,0,7,,37097,13,,,0,16,,37116,13,,,0,53,,37087,13,,,0,29,,37106,13,,,0,70,,37086,13,,,0,30,,37107,13,,,0,70,,37085,13,,,0,30,,37108,13,,,0,70,,37084,13,,,0,27,,37089,13,,,0,70,,37111,13,,,0,30,,37091,13,,,0,70,,37105,13,,,0,30,,37094,13,,,0,70,,37104,13,,,0,30,,37103,13,,,0,70,,37109,13,,,0,30,,37110,13,,,0,70,,37090,13,,,0,30,,37095,13,,,0,70,,37092,13,,,0,30,,37096,13,,,0,70,,37093,13,,,0,30,,37098,13,,,0,70,,37101,13,,,0,30,,37099,13,,,0,70,,37112,13,,,0,30,,37100,13,,,0,73,,37113,13,,,0,30,,37102,13,,,0,70,,37114,13,,,0,30,,37117,13,,,0,70,,37118,13,,,0,30,,37119,13,,,0,72,,37120,13,,,0,30,,37121,13,,,0,70,,37122,13,,,0,30,,37123,13,,,0
