579301,'1',529,,33902,16,,,0,15,,33903,16,,,0,15,,33833,16,,,0,55,,33904,16,,,0,15,,33832,16,,,0,15,,33905,16,,,0,15,,33835,16,,,0,55,,33836,16,,,0,16,,33837,16,,,0,10,,33847,16,,,0,10,,33875,16,,,0,50,,33846,16,,,0,10,,33845,16,,,0,10,,33876,16,,,0,10,,33844,16,,,0,10,,33843,16,,,0,10,,33877,16,,,0,50,,33842,16,,,0,10,,33841,16,,,0,10,,33878,16,,,0,10,,33840,16,,,0,10,,33839,16,,,0,10,,33879,16,,,0,50,,33838,16,,,0,10,,33913,16,,,0,10,,33892,16,,,0,21,,33893,16,,,0,60,,33894,16,,,0,20,,33895,16,,,0,20,,33896,16,,,0,60,,33897,16,,,0,20,,33898,16,,,0,20,,33899,16,,,0,60,,33900,16,,,0,20,,33901,16,,,0,20,,33834,16,,,0,60,,33880,16,,,0,20,,33867,16,,,0,20,,33866,16,,,0,60,,33881,16,,,0,20,,33865,16,,,0,11,,33882,16,,,0,10,,33864,16,,,0,10,,33863,16,,,0,50,,33883,16,,,0,10,,33862,16,,,0,10,,33861,16,,,0,10,,33884,16,,,0,10,,33860,16,,,0,10,,33859,16,,,0,50,,33885,16,,,0,10,,33858,16,,,0,10,,33857,16,,,0,10,,33886,16,,,0,10,,33856,16,,,0,10,,33855,16,,,0,50,,33887,16,,,0,10,,33854,16,,,0,10,,33888,16,,,0,10,,33853,16,,,0,10,,33852,16,,,0,10,,33889,16,,,0,55,,33851,16,,,0,19,,33850,16,,,0,20,,33910,16,,,0,60,,33911,16,,,0,20,,33849,16,,,0,20,,33848,16,,,0,60,,33906,16,,,0,20,,33868,16,,,0,20,,33869,16,,,0,60,,33907,16,,,0,18,,33870,16,,,0,20,,33871,16,,,0,60,,33908,16,,,0,20,,33872,16,,,0,20,,33873,16,,,0,60,,33909,16,,,0,20,,33874,16,,,0,20,,33891,16,,,0,60,,33890,16,,,0,20,,33912,16,,,0
579301,'2',528,,33984,16,,,0,20,,33914,16,,,0,60,,33974,16,,,0,20,,33915,16,,,0,20,,33916,16,,,0,60,,33975,16,,,0,20,,33917,16,,,0,20,,33918,16,,,0,60,,33919,16,,,0,21,,33920,16,,,0,15,,33921,16,,,0,15,,33922,16,,,0,55,,33923,16,,,0,15,,33924,16,,,0,15,,33925,16,,,0,15,,33926,16,,,0,55,,33927,16,,,0,15,,33928,16,,,0,15,,33929,16,,,0,15,,33930,16,,,0,55,,33931,16,,,0,13,,33932,16,,,0,18,,33933,16,,,0,55,,33934,16,,,0,15,,33935,16,,,0,15,,33936,16,,,0,15,,33937,16,,,0,55,,33938,16,,,0,15,,33939,16,,,0,15,,33940,16,,,0,15,,33941,16,,,0,55,,33942,16,,,0,15,,33943,16,,,0,15,,33944,16,,,0,15,,33945,16,,,0,55,,33946,16,,,0,15,,33947,16,,,0,15,,33948,16,,,0,15,,33949,16,,,0,55,,33950,16,,,0,15,,33951,16,,,0,15,,33952,16,,,0,15,,33953,16,,,0,55,,33954,16,,,0,15,,33955,16,,,0,15,,33956,16,,,0,15,,33957,16,,,0,55,,33958,16,,,0,15,,33959,16,,,0,15,,33960,16,,,0,20,,33961,16,,,0,60,,33976,16,,,0,19,,33962,16,,,0,20,,33977,16,,,0,60,,33963,16,,,0,20,,33964,16,,,0,20,,33978,16,,,0,60,,33965,16,,,0,20,,33966,16,,,0,20,,33979,16,,,0,60,,33967,16,,,0,19,,33968,16,,,0,20,,33980,16,,,0,60,,33969,16,,,0,20,,33970,16,,,0,20,,33981,16,,,0,60,,33971,16,,,0,20,,33972,16,,,0,20,,33973,16,,,0,60,,33982,16,,,0,20,,33983,16,,,0
579301,'3',527,,34030,16,,,0,30,,33985,16,,,0,70,,33986,16,,,0,30,,33987,16,,,0,70,,33988,16,,,0,30,,33989,16,,,0,70,,33990,16,,,0,30,,33991,16,,,0,70,,33992,16,,,0,20,,33993,16,,,0,60,,33994,16,,,0,22,,33995,16,,,0,20,,33996,16,,,0,60,,33997,16,,,0,20,,33998,16,,,0,25,,33999,16,,,0,60,,34000,16,,,0,20,,34001,16,,,0,20,,34002,16,,,0,60,,34003,16,,,0,20,,34004,16,,,0,20,,34005,16,,,0,60,,34006,16,,,0,20,,34007,16,,,0,20,,34008,16,,,0,60,,34009,16,,,0,20,,34010,16,,,0,20,,34011,16,,,0,60,,34012,16,,,0,20,,34013,16,,,0,20,,34014,16,,,0,60,,34015,16,,,0,20,,34016,16,,,0,20,,34017,16,,,0,60,,34018,16,,,0,30,,34019,16,,,0,70,,34020,16,,,0,30,,34021,16,,,0,70,,34022,16,,,0,30,,34023,16,,,0,70,,34024,16,,,0,30,,34025,16,,,0,70,,34026,16,,,0,28,,34027,16,,,0,70,,34028,16,,,0,30,,34029,16,,,0,70,,34031,16,,,0
579301,'4',622,,34069,16,,,0,30,,34068,16,,,0,70,,34067,16,,,0,30,,34066,16,,,0,70,,34065,16,,,0,30,,34064,16,,,0,70,,34063,16,,,0,30,,34062,16,,,0,60,,34061,16,,,0,20,,34060,16,,,0,20,,34059,16,,,0,60,,34058,16,,,0,20,,34057,16,,,0,20,,34056,16,,,0,60,,34055,16,,,0,20,,34054,16,,,0,20,,34053,16,,,0,60,,34052,16,,,0,20,,34051,16,,,0,20,,34050,16,,,0,60,,34049,16,,,0,20,,34048,16,,,0,20,,34047,16,,,0,60,,34046,16,,,0,20,,34045,16,,,0,20,,34044,16,,,0,60,,34043,16,,,0,20,,34042,16,,,0,20,,34041,16,,,0,60,,34040,16,,,0,20,,34039,16,,,0,20,,34038,16,,,0,60,,34037,16,,,0,20,,34036,16,,,0,70,,34035,16,,,0,30,,34034,16,,,0,70,,34033,16,,,0,30,,34032,16,,,0
579301,'6',527,,34115,16,,,0,30,,34070,16,,,0,70,,34071,16,,,0,30,,34072,16,,,0,70,,34073,16,,,0,30,,34074,16,,,0,70,,34075,16,,,0,30,,34076,16,,,0,70,,34077,16,,,0,20,,34078,16,,,0,60,,34079,16,,,0,22,,34080,16,,,0,20,,34081,16,,,0,60,,34082,16,,,0,20,,34083,16,,,0,25,,34084,16,,,0,60,,34085,16,,,0,20,,34086,16,,,0,20,,34087,16,,,0,60,,34088,16,,,0,20,,34089,16,,,0,20,,34090,16,,,0,60,,34091,16,,,0,20,,34092,16,,,0,20,,34093,16,,,0,60,,34094,16,,,0,20,,34095,16,,,0,20,,34096,16,,,0,60,,34097,16,,,0,20,,34098,16,,,0,20,,34099,16,,,0,60,,34100,16,,,0,20,,34101,16,,,0,20,,34102,16,,,0,60,,34103,16,,,0,30,,34104,16,,,0,70,,34105,16,,,0,30,,34106,16,,,0,70,,34107,16,,,0,30,,34108,16,,,0,70,,34109,16,,,0,30,,34110,16,,,0,70,,34111,16,,,0,28,,34112,16,,,0,70,,34113,16,,,0,30,,34114,16,,,0,70,,34116,16,,,0
579401,'1601',854,,34328,25,,,0,98,,34329,25,,,0
579401,'1',534,,34330,46,,,0,20,,34331,46,,,0,60,,34332,46,,,0,20,,34333,46,,,0,20,,34334,46,,,0,56,,34335,46,,,0,16,,34336,46,,,0,17,,34337,46,,,0,15,,34338,46,,,0,55,,34339,46,,,0,15,,34340,46,,,0,15,,34341,46,,,0,15,,34342,46,,,0,55,,34343,46,,,0,16,,34344,46,,,0,16,,34345,46,,,0,13,,34346,46,,,0,55,,34347,46,,,0,15,,34348,46,,,0,15,,34349,46,,,0,15,,34350,46,,,0,55,,34351,46,,,0,15,,34352,46,,,0,15,,34353,46,,,0,15,,34354,46,,,0,55,,34355,46,,,0,15,,34356,46,,,0,15,,34357,46,,,0,15,,34358,46,,,0,55,,34359,46,,,0,15,,34360,46,,,0,15,,34361,46,,,0,14,,34362,46,,,0,57,,34363,46,,,0,15,,34364,46,,,0,15,,34365,46,,,0,15,,34366,46,,,0,55,,34367,46,,,0,15,,34368,46,,,0,15,,34369,46,,,0,15,,34370,46,,,0,55,,34371,46,,,0,15,,34372,46,,,0,15,,34373,46,,,0,15,,34374,46,,,0,55,,34375,46,,,0,15,,34376,46,,,0,15,,34377,46,,,0,15,,34378,46,,,0,55,,34379,46,,,0,15,,34380,46,,,0,15,,34381,46,,,0,70,,34382,46,,,0,34,,34383,46,,,0,70,,34384,46,,,0,30,,34385,46,,,0,70,,34386,46,,,0,30,,34387,46,,,0,70,,34388,46,,,0,28,,34389,46,,,0,70,,34390,46,,,0,30,,34391,46,,,0,70,,34392,46,,,0,30,,34393,46,,,0,61,,34394,46,,,0
579401,'2',543,,34433,46,,,0,70,,34432,46,,,0,30,,34431,46,,,0,70,,34430,46,,,0,30,,34429,46,,,0,70,,34428,46,,,0,30,,34427,46,,,0,70,,34426,46,,,0,32,,34425,46,,,0,70,,34424,46,,,0,30,,34423,46,,,0,70,,34422,46,,,0,30,,34421,46,,,0,70,,34420,46,,,0,30,,34419,46,,,0,70,,34418,46,,,0,30,,34417,46,,,0,70,,34416,46,,,0,30,,34415,46,,,0,70,,34414,46,,,0,30,,34413,46,,,0,70,,34412,46,,,0,30,,34411,46,,,0,70,,34410,46,,,0,30,,34409,46,,,0,70,,34408,46,,,0,30,,34407,46,,,0,73,,34406,46,,,0,30,,34405,46,,,0,70,,34404,46,,,0,30,,34403,46,,,0,70,,34402,46,,,0,30,,34401,46,,,0,70,,34400,46,,,0,30,,34399,46,,,0,70,,34398,46,,,0,30,,34397,46,,,0,70,,34396,46,,,0,30,,34395,46,,,0
579401,'3',602,,34470,46,,,0,30,,34469,46,,,0,70,,34468,46,,,0,30,,34467,46,,,0,70,,34466,46,,,0,30,,34465,46,,,0,70,,34464,46,,,0,30,,34463,46,,,0,70,,34462,46,,,0,30,,34461,46,,,0,70,,34460,46,,,0,30,,34459,46,,,0,70,,34458,46,,,0,30,,34457,46,,,0,70,,34456,46,,,0,30,,34455,46,,,0,70,,34454,46,,,0,30,,34453,46,,,0,70,,34452,46,,,0,30,,34451,46,,,0,70,,34450,46,,,0,30,,34449,46,,,0,70,,34448,46,,,0,30,,34447,46,,,0,70,,34446,46,,,0,30,,34445,46,,,0,70,,34444,46,,,0,28,,34443,46,,,0,70,,34442,46,,,0,30,,34441,46,,,0,70,,34440,46,,,0,30,,34439,46,,,0,70,,34438,46,,,0,30,,34437,46,,,0,70,,34436,46,,,0,25,,34435,46,,,0,22,,34434,46,,,0
579401,'4',622,,34471,46,,,0,25,,34472,46,,,0,70,,34473,46,,,0,30,,34474,46,,,0,70,,34475,46,,,0,30,,34476,46,,,0,69,,34477,46,,,0,30,,34478,46,,,0,70,,34479,46,,,0,30,,34480,46,,,0,70,,34481,46,,,0,30,,34482,46,,,0,70,,34483,46,,,0,30,,34484,46,,,0,70,,34485,46,,,0,30,,34486,46,,,0,70,,34487,46,,,0,30,,34488,46,,,0,70,,34489,46,,,0,30,,34490,46,,,0,70,,34491,46,,,0,30,,34492,46,,,0,70,,34493,46,,,0,30,,34494,46,,,0,70,,34500,46,,,0,31,,34495,46,,,0,70,,34496,46,,,0,30,,34497,46,,,0,70,,34498,46,,,0,30,,34499,46,,,0,63,,34501,46,,,0
579401,'6',543,,34540,46,,,0,70,,34539,46,,,0,30,,34538,46,,,0,70,,34537,46,,,0,30,,34536,46,,,0,70,,34535,46,,,0,30,,34534,46,,,0,70,,34533,46,,,0,32,,34532,46,,,0,70,,34531,46,,,0,30,,34530,46,,,0,70,,34529,46,,,0,30,,34528,46,,,0,70,,34527,46,,,0,30,,34526,46,,,0,70,,34525,46,,,0,30,,34524,46,,,0,70,,34523,46,,,0,30,,34522,46,,,0,70,,34521,46,,,0,30,,34520,46,,,0,70,,34519,46,,,0,30,,34518,46,,,0,70,,34517,46,,,0,30,,34516,46,,,0,70,,34515,46,,,0,30,,34514,46,,,0,73,,34513,46,,,0,30,,34512,46,,,0,70,,34511,46,,,0,30,,34510,46,,,0,70,,34509,46,,,0,30,,34508,46,,,0,70,,34507,46,,,0,30,,34506,46,,,0,70,,34505,46,,,0,30,,34504,46,,,0,70,,34503,46,,,0,30,,34502,46,,,0
580101,'1',525,,37315,37,,,0,20,,37316,37,,,0,60,,37317,37,,,0,20,,37318,37,,,0,20,,37319,37,,,0,60,,37320,37,,,0,15,,37321,37,,,0,18,,37322,37,,,0,15,,37323,37,,,0,55,,37324,37,,,0,18,,37325,37,,,0,20,,37326,37,,,0,60,,37327,37,,,0,19,,37328,37,,,0,20,,37329,37,,,0,60,,37330,37,,,0,20,,37331,37,,,0,20,,37332,37,,,0,60,,37333,37,,,0,20,,37334,37,,,0,20,,37335,37,,,0,60,,37336,37,,,0,20,,37337,37,,,0,20,,37338,37,,,0,60,,37339,37,,,0,20,,37340,37,,,0,20,,37341,37,,,0,60,,37342,37,,,0,15,,37343,37,,,0,15,,37344,37,,,0,15,,37345,37,,,0,55,,37346,37,,,0,15,,37347,37,,,0,15,,37348,37,,,0,15,,37349,37,,,0,55,,37350,37,,,0,15,,37351,37,,,0,15,,37352,37,,,0,15,,37353,37,,,0,55,,37354,37,,,0,15,,37355,37,,,0,15,,37356,37,,,0,15,,37357,37,,,0,55,,37358,37,,,0,30,,37359,37,,,0,70,,37360,37,,,0,30,,37361,37,,,0,70,,37362,37,,,0,27,,37363,37,,,0,70,,37364,37,,,0,45,,37365,37,,,0,80,,37366,37,,,0,80,,37367,37,,,0,40,,37368,37,,,0,80,,37369,37,,,0,80,,37370,37,,,0
580101,'2',525,,37406,37,,,0,30,,37407,37,,,0,70,,37371,37,,,0,30,,37372,37,,,0,70,,37373,37,,,0,30,,37374,37,,,0,70,,37375,37,,,0,30,,37376,37,,,0,74,,37377,37,,,0,30,,37378,37,,,0,70,,37379,37,,,0,30,,37380,37,,,0,70,,37381,37,,,0,30,,37382,37,,,0,70,,37383,37,,,0,30,,37384,37,,,0,70,,37385,37,,,0,30,,37386,37,,,0,70,,37387,37,,,0,30,,37388,37,,,0,70,,37389,37,,,0,30,,37390,37,,,0,70,,37391,37,,,0,30,,37392,37,,,0,70,,37393,37,,,0,30,,37394,37,,,0,70,,37395,37,,,0,30,,37396,37,,,0,70,,37397,37,,,0,30,,37398,37,,,0,67,,37399,37,,,0,30,,37400,37,,,0,70,,37401,37,,,0,30,,37402,37,,,0,70,,37403,37,,,0,80,,37404,37,,,0,40,,37405,37,,,0,80,,37408,37,,,0,80,,37409,37,,,0
580101,'3',612,,37410,37,,,0,30,,37411,37,,,0,70,,37412,37,,,0,30,,37413,37,,,0,70,,37414,37,,,0,30,,37415,37,,,0,70,,37416,37,,,0,33,,37417,37,,,0,70,,37418,37,,,0,30,,37419,37,,,0,70,,37420,37,,,0,30,,37421,37,,,0,70,,37422,37,,,0,30,,37423,37,,,0,70,,37424,37,,,0,30,,37425,37,,,0,70,,37426,37,,,0,30,,37427,37,,,0,70,,37428,37,,,0,30,,37429,37,,,0,70,,37430,37,,,0,30,,37431,37,,,0,70,,37432,37,,,0,30,,37433,37,,,0,70,,37434,37,,,0,30,,37435,37,,,0,70,,37436,37,,,0,30,,37437,37,,,0,70,,37438,37,,,0,26,,37439,37,,,0,70,,37440,37,,,0,35,,37441,37,,,0,80,,37442,37,,,0,80,,37443,37,,,0,40,,37444,37,,,0,75,,37445,37,,,0
580101,'4',649,,37467,37,,,0,80,,37466,37,,,0,80,,37446,37,,,0,40,,37447,37,,,0,80,,37448,37,,,0,80,,37449,37,,,0,40,,37450,37,,,0,80,,37451,37,,,0,80,,37452,37,,,0,40,,37453,37,,,0,80,,37454,37,,,0,80,,37455,37,,,0,40,,37456,37,,,0,80,,37457,37,,,0,80,,37458,37,,,0,40,,37459,37,,,0,80,,37460,37,,,0,80,,37461,37,,,0,40,,37462,37,,,0,80,,37463,37,,,0,80,,37464,37,,,0,40,,37465,37,,,0
580101,'6',612,,37468,37,,,0,30,,37469,37,,,0,70,,37470,37,,,0,30,,37471,37,,,0,70,,37472,37,,,0,30,,37473,37,,,0,70,,37474,37,,,0,33,,37475,37,,,0,70,,37476,37,,,0,30,,37477,37,,,0,70,,37478,37,,,0,30,,37479,37,,,0,70,,37480,37,,,0,30,,37481,37,,,0,70,,37482,37,,,0,30,,37483,37,,,0,70,,37484,37,,,0,30,,37485,37,,,0,70,,37486,37,,,0,30,,37487,37,,,0,70,,37488,37,,,0,30,,37489,37,,,0,70,,37490,37,,,0,30,,37491,37,,,0,70,,37492,37,,,0,30,,37493,37,,,0,70,,37494,37,,,0,30,,37495,37,,,0,70,,37496,37,,,0,26,,37497,37,,,0,70,,37498,37,,,0,35,,37499,37,,,0,80,,37500,37,,,0,80,,37501,37,,,0,40,,37502,37,,,0,75,,37503,37,,,0
580301,'1',457,,38076,27,,,0,75,,38077,27,,,0,23,,38078,30,,,0,62,,38079,27,,,0,18,,38080,30,,,0,20,,38081,27,,,0,60,,38082,30,,,0,17,,38083,27,,,0,15,,38084,30,,,0,55,,38085,27,,,0,15,,38086,30,,,0,15,,38087,27,,,0,15,,38088,30,,,0,55,,38089,27,,,0,15,,38090,30,,,0,15,,38091,27,,,0,15,,38092,30,,,0,55,,38093,27,,,0,17,,38094,30,,,0,20,,38095,27,,,0,20,,38096,30,,,0,60,,38097,27,,,0,20,,38098,30,,,0,20,,38099,27,,,0,60,,38100,30,,,0,20,,38101,27,,,0,20,,38102,30,,,0,60,,38103,27,,,0,20,,38104,30,,,0,20,,38105,27,,,0,56,,38106,30,,,0,12,,38107,27,,,0,15,,38108,30,,,0,15,,38109,27,,,0,55,,38110,30,,,0,15,,38111,27,,,0,15,,38112,30,,,0,15,,38113,27,,,0,55,,38114,30,,,0,15,,38115,27,,,0,15,,38116,30,,,0,15,,38117,27,,,0,55,,38118,30,,,0,19,,38119,27,,,0,15,,38120,30,,,0,55,,38121,27,,,0,15,,38122,30,,,0,15,,38123,27,,,0,15,,38124,30,,,0,55,,38125,27,,,0,15,,38126,30,,,0,15,,38127,27,,,0,20,,38128,30,,,0,60,,38129,27,,,0,20,,38130,30,,,0,20,,38131,27,,,0,60,,38132,30,,,0,20,,38133,27,,,0,16,,38134,30,,,0,70,,38135,27,,,0,30,,38136,30,,,0,70,,38137,27,,,0,30,,38138,30,,,0,68,,38139,27,,,0,28,,38140,30,,,0,68,,38141,27,,,0
580301,'2',534,,38165,30,,,0,70,,38158,27,,,0,30,,38178,30,,,0,70,,38179,27,,,0,30,,38180,30,,,0,70,,38181,27,,,0,30,,38163,30,,,0,70,,38164,27,,,0,28,,38147,30,,,0,70,,38175,27,,,0,24,,38176,30,,,0,20,,38177,27,,,0,60,,38172,30,,,0,20,,38173,27,,,0,20,,38174,30,,,0,60,,38166,27,,,0,20,,38167,30,,,0,20,,38168,27,,,0,60,,38169,30,,,0,20,,38170,27,,,0,20,,38171,30,,,0,60,,38182,27,,,0,20,,38185,30,,,0,20,,38156,27,,,0,60,,38157,30,,,0,20,,38155,27,,,0,20,,38152,30,,,0,60,,38153,27,,,0,20,,38150,30,,,0,20,,38151,27,,,0,60,,38154,30,,,0,22,,38145,27,,,0,20,,38159,30,,,0,60,,38161,27,,,0,20,,38162,30,,,0,20,,38160,27,,,0,60,,38186,30,,,0,30,,38187,27,,,0,70,,38183,30,,,0,30,,38184,27,,,0,70,,38149,30,,,0,30,,38146,27,,,0,70,,38190,30,,,0,30,,38142,27,,,0,70,,38143,30,,,0,30,,38144,27,,,0,70,,38188,30,,,0,30,,38189,27,,,0,70,,38148,30,,,0
580301,'3',616,,38208,30,,,0,30,,38207,27,,,0,70,,38206,30,,,0,30,,38205,27,,,0,70,,38204,30,,,0,30,,38203,27,,,0,70,,38202,30,,,0,30,,38201,27,,,0,72,,38209,30,,,0,20,,38222,27,,,0,20,,38210,27,,,0,60,,38223,30,,,0,20,,38211,27,,,0,20,,38224,30,,,0,60,,38212,27,,,0,20,,38225,30,,,0,20,,38213,27,,,0,60,,38226,30,,,0,20,,38214,27,,,0,20,,38227,30,,,0,60,,38215,27,,,0,20,,38228,30,,,0,20,,38216,27,,,0,60,,38229,30,,,0,20,,38217,27,,,0,20,,38230,30,,,0,60,,38218,27,,,0,20,,38231,30,,,0,20,,38219,27,,,0,60,,38232,30,,,0,20,,38220,27,,,0,20,,38233,30,,,0,60,,38221,27,,,0,20,,38234,30,,,0,19,,38235,27,,,0,59,,38200,30,,,0,31,,38199,27,,,0,69,,38198,30,,,0,31,,38197,27,,,0,69,,38196,30,,,0,31,,38195,27,,,0,66,,38194,30,,,0,31,,38193,27,,,0,69,,38192,30,,,0,31,,38191,27,,,0
580301,'4',616,,38236,30,,,0,30,,38251,27,,,0,70,,38237,30,,,0,30,,38252,27,,,0,70,,38238,30,,,0,30,,38253,27,,,0,70,,38239,30,,,0,30,,38254,27,,,0,70,,38240,30,,,0,30,,38255,27,,,0,70,,38241,30,,,0,30,,38256,27,,,0,70,,38242,30,,,0,30,,38257,27,,,0,70,,38243,30,,,0,30,,38258,27,,,0,70,,38244,30,,,0,30,,38259,27,,,0,70,,38245,30,,,0,30,,38260,27,,,0,70,,38246,30,,,0,30,,38261,27,,,0,70,,38247,30,,,0,30,,38262,27,,,0,70,,38248,30,,,0,30,,38263,27,,,0,70,,38249,30,,,0,30,,38264,27,,,0,70,,38250,30,,,0,30,,38265,27,,,0
580301,'6',616,,38283,30,,,0,30,,38282,27,,,0,70,,38281,30,,,0,30,,38280,27,,,0,70,,38279,30,,,0,30,,38278,27,,,0,70,,38277,30,,,0,30,,38276,27,,,0,72,,38284,30,,,0,20,,38297,27,,,0,20,,38285,27,,,0,60,,38298,30,,,0,20,,38286,27,,,0,20,,38299,30,,,0,60,,38287,27,,,0,20,,38300,30,,,0,20,,38288,27,,,0,60,,38301,30,,,0,20,,38289,27,,,0,20,,38302,30,,,0,60,,38290,27,,,0,20,,38303,30,,,0,20,,38291,27,,,0,60,,38304,30,,,0,20,,38292,27,,,0,20,,38305,30,,,0,60,,38293,27,,,0,20,,38306,30,,,0,20,,38294,27,,,0,60,,38307,30,,,0,20,,38295,27,,,0,20,,38308,30,,,0,60,,38296,27,,,0,20,,38309,30,,,0,19,,38310,27,,,0,59,,38275,30,,,0,31,,38274,27,,,0,69,,38273,30,,,0,31,,38272,27,,,0,69,,38271,30,,,0,31,,38270,27,,,0,66,,38269,30,,,0,31,,38268,27,,,0,69,,38267,30,,,0,31,,38266,27,,,0
