578301,'1',602,,31013,106,0,20 4 12 13,0,35,,31016,106,0,20 4 12 13,0,66,,31019,106,0,20 4 12 13,0,30,,31023,106,0,20 4 12 13,0,72,,31027,106,0,20 4 12 13,0,30,,31031,106,0,20 4 12 13,0,70,,31035,106,0,20 4 12 13,0,30,,31039,106,0,20 4 12 13,0,70,,31043,106,0,20 4 12 13,0,30,,31047,106,0,20 4 12 13,0,75,,31051,106,0,20 4 12 13,0,30,,31054,106,0,20 4 12 13,0,70,,31057,106,0,20 4 12 13,0,30,,31060,106,0,20 4 12 13,0,70,,31063,106,0,20 4 12 13,0,30,,31066,106,0,20 4 12 13,0,70,,31069,106,0,20 4 12 13,0,30,,31072,106,0,20 4 12 13,0,72,,31075,106,0,20 4 12 13,0,31,,31079,106,0,20 4 12 13,0,70,,31083,106,0,20 4 12 13,0,30,,31087,106,0,20 4 12 13,0,70,,31091,106,0,20 4 12 13,0,30,,31095,106,0,20 4 12 13,0,70,,31099,106,0,20 4 12 13,0,28,,31103,106,0,20 4 12 13,0,64,,31107,106,0,20 4 12 13,0,33,,31111,106,0,20 4 12 13,0,73,,31115,106,0,20 4 12 13,0,24,,31118,106,0,20 4 12 13,0,78,,31122,106,0,20 4 12 13,0,40,,31126,106,0,20 4 12 13,0,60,,31128,106,0,20 4 12 13,0,27,,31131,106,0,20 4 12 13,0,80,,31134,106,0,20 4 12 13,0,85,,31138,106,0,20 4 12 13,0,45,,31141,106,0,20 4 12 13,0,80,,31143,106,0,20 4 12 13,0
578301,'2',531,,31150,106,0,20 4 12 13,0,22,,31152,106,0,20 4 12 13,0,76,,31155,106,0,20 4 12 13,0,76,,31158,106,0,20 4 12 13,0,36,,31161,106,0,20 4 12 13,0,76,,31164,106,0,20 4 12 13,0,42,,31167,106,0,20 4 12 13,0,76,,31170,106,0,20 4 12 13,0,76,,31173,106,0,20 4 12 13,0,36,,31176,106,0,20 4 12 13,0,76,,31179,106,0,20 4 12 13,0,36,,31182,106,0,20 4 12 13,0,76,,31185,106,0,20 4 12 13,0,76,,31188,106,0,20 4 12 13,0,36,,31191,106,0,20 4 12 13,0,76,,31194,106,0,20 4 12 13,0,36,,31197,106,0,20 4 12 13,0,76,,31200,106,0,20 4 12 13,0,76,,31203,106,0,20 4 12 13,0,36,,31206,106,0,20 4 12 13,0,76,,31209,106,0,20 4 12 13,0,36,,31212,106,0,20 4 12 13,0,75,,31215,106,0,20 4 12 13,0,76,,31218,106,0,20 4 12 13,0,36,,31221,106,0,20 4 12 13,0,75,,31224,106,0,20 4 12 13,0,36,,31227,106,0,20 4 12 13,0,80,,31230,106,0,20 4 12 13,0,85,,31233,106,0,20 4 12 13,0,82,,31236,106,0,20 4 12 13,0,45,,31239,106,0,20 4 12 13,0,85,,31242,106,0,20 4 12 13,0,85,,31245,106,0,20 4 12 13,0
578301,'3',539,,31251,64,0,20 4 12 13,0,85,,31255,64,0,20 4 12 13,0,10,,31256,106,0,20 4 12 13,0,85,,31259,106,0,20 4 12 13,0,85,,31262,106,0,20 4 12 13,0,45,,31265,106,0,20 4 12 13,0,85,,31268,106,0,20 4 12 13,0,83,,31271,106,0,20 4 12 13,0,40,,31274,106,0,20 4 12 13,0,76,,31277,106,0,20 4 12 13,0,76,,31280,106,0,20 4 12 13,0,36,,31283,106,0,20 4 12 13,0,76,,31286,106,0,20 4 12 13,0,36,,31289,106,0,20 4 12 13,0,76,,31292,106,0,20 4 12 13,0,76,,31295,106,0,20 4 12 13,0,36,,31298,106,0,20 4 12 13,0,76,,31301,106,0,20 4 12 13,0,36,,31304,106,0,20 4 12 13,0,76,,31307,106,0,20 4 12 13,0,76,,31310,106,0,20 4 12 13,0,35,,31313,106,0,20 4 12 13,0,76,,31316,106,0,20 4 12 13,0,35,,31319,106,0,20 4 12 13,0,82,,31322,106,0,20 4 12 13,0,85,,31325,106,0,20 4 12 13,0,85,,31328,106,0,20 4 12 13,0,43,,31331,106,0,20 4 12 13,0,85,,31334,106,0,20 4 12 13,0,85,,31337,106,0,20 4 12 13,0
578301,'4',614,,31342,64,0,20 4 12 13,0,35,,31345,106,0,20 4 12 13,0,85,,31348,106,0,20 4 12 13,0,85,,31351,106,0,20 4 12 13,0,85,,31354,106,0,20 4 12 13,0,45,,31357,106,0,20 4 12 13,0,88,,31360,106,0,20 4 12 13,0,85,,31363,106,0,20 4 12 13,0,85,,31366,106,0,20 4 12 13,0,45,,31369,106,0,20 4 12 13,0,85,,31372,106,0,20 4 12 13,0,85,,31375,106,0,20 4 12 13,0,85,,31378,106,0,20 4 12 13,0,45,,31381,106,0,20 4 12 13,0,85,,31384,106,0,20 4 12 13,0,85,,31387,106,0,20 4 12 13,0,85,,31390,106,0,20 4 12 13,0,43,,31393,106,0,20 4 12 13,0,85,,31396,106,0,20 4 12 13,0,85,,31399,106,0,20 4 12 13,0,85,,31402,106,0,20 4 12 13,0
578301,'6',539,,31408,64,0,20 4 12 13,0,85,,31412,64,0,20 4 12 13,0,10,,31413,106,0,20 4 12 13,0,85,,31416,106,0,20 4 12 13,0,85,,31419,106,0,20 4 12 13,0,45,,31422,106,0,20 4 12 13,0,85,,31425,106,0,20 4 12 13,0,83,,31428,106,0,20 4 12 13,0,40,,31431,106,0,20 4 12 13,0,76,,31434,106,0,20 4 12 13,0,76,,31437,106,0,20 4 12 13,0,36,,31440,106,0,20 4 12 13,0,76,,31443,106,0,20 4 12 13,0,36,,31446,106,0,20 4 12 13,0,76,,31449,106,0,20 4 12 13,0,76,,31452,106,0,20 4 12 13,0,36,,31455,106,0,20 4 12 13,0,76,,31458,106,0,20 4 12 13,0,36,,31461,106,0,20 4 12 13,0,76,,31464,106,0,20 4 12 13,0,76,,31467,106,0,20 4 12 13,0,35,,31470,106,0,20 4 12 13,0,76,,31473,106,0,20 4 12 13,0,35,,31476,106,0,20 4 12 13,0,82,,31479,106,0,20 4 12 13,0,85,,31482,106,0,20 4 12 13,0,85,,31485,106,0,20 4 12 13,0,43,,31488,106,0,20 4 12 13,0,85,,31491,106,0,20 4 12 13,0,85,,31494,106,0,20 4 12 13,0
583100,'1601',719,,42219,12,0,12 13 4 11 10,0
583100,'1',511,,42221,12,,,0,28,,42223,12,,,0,70,,42225,12,,,0,30,,42227,12,,,0,70,,42229,12,,,0,30,,42231,12,,,0,70,,42233,12,,,0,30,,42235,12,,,0,70,,42237,12,,,0,30,,42239,12,,,0,70,,42241,12,,,0,30,,42243,12,,,0,70,,42245,12,,,0,30,,42247,12,,,0,70,,42249,12,,,0,30,,42251,12,,,0,70,,42253,12,,,0,30,,42255,12,,,0,70,,42257,12,,,0,30,,42259,12,,,0,70,,42261,12,,,0,30,,42263,12,,,0,70,,42265,12,,,0,30,,42267,12,,,0,70,,42269,12,,,0,30,,42271,12,,,0,70,,42273,12,,,0,30,,42275,12,,,0,70,,42277,12,,,0,30,,42279,12,,,0,70,,42281,12,,,0,32,,42283,12,,,0,70,,42285,12,,,0,45,,42287,12,,,0,98,,42289,12,,,0,100,,42291,12,,,0,100,,42293,12,,,0
583100,'2',509,,42294,12,,,0,30,,42296,12,,,0,70,,42298,12,,,0,30,,42300,12,,,0,70,,42302,12,,,0,30,,42304,12,,,0,70,,42306,12,,,0,30,,42308,12,,,0,70,,42310,12,,,0,30,,42312,12,,,0,70,,42314,12,,,0,30,,42316,12,,,0,70,,42318,12,,,0,30,,42320,12,,,0,70,,42322,12,,,0,30,,42324,12,,,0,70,,42326,12,,,0,30,,42328,12,,,0,70,,42330,12,,,0,30,,42332,12,,,0,70,,42334,12,,,0,30,,42336,12,,,0,70,,42338,12,,,0,30,,42340,12,,,0,70,,42342,12,,,0,30,,42344,12,,,0,70,,42346,12,,,0,30,,42348,12,,,0,70,,42350,12,,,0,30,,42352,12,,,0,70,,42354,12,,,0,30,,42356,12,,,0,70,,42358,12,,,0,95,,42360,12,,,0,100,,42362,12,,,0,100,,42364,12,,,0
583100,'3',609,,42367,12,,,0,30,,42369,12,,,0,70,,42371,12,,,0,30,,42373,12,,,0,70,,42375,12,,,0,30,,42377,12,,,0,70,,42379,12,,,0,30,,42381,12,,,0,71,,42383,12,,,0,30,,42385,12,,,0,70,,42387,12,,,0,30,,42389,12,,,0,70,,42391,12,,,0,30,,42393,12,,,0,70,,42395,12,,,0,30,,42397,12,,,0,70,,42399,12,,,0,30,,42401,12,,,0,70,,42403,12,,,0,30,,42405,12,,,0,70,,42407,12,,,0,30,,42409,12,,,0,70,,42411,12,,,0,30,,42413,12,,,0,70,,42415,12,,,0,30,,42417,12,,,0,68,,42419,12,,,0,30,,42421,12,,,0,70,,42423,12,,,0,30,,42425,12,,,0,70,,42427,12,,,0,95,,42429,12,,,0,100,,42431,12,,,0
583100,'4',654,,42434,12,,,0,100,,42436,12,,,0,100,,42438,12,,,0,100,,42440,12,,,0,100,,42442,12,,,0,100,,42444,12,,,0,100,,42446,12,,,0,100,,42448,12,,,0,100,,42450,12,,,0,100,,42452,12,,,0,100,,42454,12,,,0,100,,42456,12,,,0,100,,42458,12,,,0,100,,42460,12,,,0,100,,42462,12,,,0
583100,'6',609,,42464,12,,,0,30,,42466,12,,,0,70,,42468,12,,,0,30,,42470,12,,,0,70,,42472,12,,,0,30,,42474,12,,,0,70,,42476,12,,,0,30,,42478,12,,,0,71,,42480,12,,,0,30,,42482,12,,,0,70,,42484,12,,,0,30,,42486,12,,,0,70,,42488,12,,,0,30,,42490,12,,,0,70,,42492,12,,,0,30,,42494,12,,,0,70,,42496,12,,,0,30,,42498,12,,,0,70,,42500,12,,,0,30,,42502,12,,,0,70,,42504,12,,,0,30,,42506,12,,,0,70,,42508,12,,,0,30,,42510,12,,,0,70,,42512,12,,,0,30,,42514,12,,,0,68,,42516,12,,,0,30,,42518,12,,,0,70,,42520,12,,,0,30,,42522,12,,,0,70,,42524,12,,,0,95,,42526,12,,,0,100,,42528,12,,,0
