578301,'1601',1633,,31010,37,0,17 18 4 19,0
578301,'1',518,,31013,37,0,20 4 12 13,0,10,,31014,43,0,33 4 34,0,10,,31015,31,0,29 30 6,0,15,,31016,37,0,20 4 12 13,0,50,,31017,43,0,33 4 34,0,4,,31018,31,0,29 30 6,0,12,,31019,37,0,20 4 12 13,0,7,,31020,43,0,33 4 34,0,8,,31021,31,0,29 30 6,0,7,,31022,43,0,33 4 34,0,8,,31023,37,0,20 4 12 13,0,7,,31024,43,0,33 4 34,0,48,,31025,31,0,29 30 6,0,7,,31026,43,0,33 4 34,0,8,,31027,37,0,20 4 12 13,0,7,,31028,43,0,33 4 34,0,8,,31029,31,0,29 30 6,0,7,,31030,43,0,33 4 34,0,8,,31031,37,0,20 4 12 13,0,7,,31032,43,0,33 4 34,0,48,,31033,31,0,29 30 6,0,7,,31034,43,0,33 4 34,0,8,,31035,37,0,20 4 12 13,0,7,,31036,43,0,33 4 34,0,8,,31037,31,0,29 30 6,0,7,,31038,43,0,33 4 34,0,8,,31039,37,0,20 4 12 13,0,7,,31040,43,0,33 4 34,0,48,,31041,31,0,29 30 6,0,7,,31042,43,0,33 4 34,0,8,,31043,37,0,20 4 12 13,0,7,,31044,43,0,33 4 34,0,8,,31045,31,0,29 30 6,0,7,,31046,43,0,33 4 34,0,8,,31047,37,0,20 4 12 13,0,7,,31048,43,0,17 18 4 19,0,48,,31049,31,0,29 30 6,0,8,,31050,43,0,33 4 34,0,10,,31051,37,0,20 4 12 13,0,10,,31052,31,0,29 30 6,0,10,,31053,43,0,33 4 34,0,10,,31054,37,0,20 4 12 13,0,50,,31055,31,0,29 30 6,0,10,,31056,43,0,33 4 34,0,10,,31057,37,0,20 4 12 13,0,10,,31058,31,0,29 30 6,0,10,,31059,43,0,33 4 34,0,10,,31060,37,0,20 4 12 13,0,50,,31061,31,0,29 30 6,0,10,,31062,43,0,33 4 34,0,10,,31063,37,0,20 4 12 13,0,10,,31064,31,0,29 30 6,0,10,,31065,43,0,33 4 34,0,10,,31066,37,0,20 4 12 13,0,50,,31067,31,0,29 30 6,0,10,,31068,43,0,33 4 34,0,10,,31069,37,0,20 4 12 13,0,10,,31070,31,0,29 30 6,0,10,,31071,43,0,33 4 34,0,10,,31072,37,0,20 4 12 13,0,49,,31073,31,0,29 30 6,0,10,,31074,43,0,33 4 34,0,10,,31075,37,0,20 4 12 13,0,8,,31076,43,0,33 4 34,0,8,,31077,31,0,29 30 6,0,7,,31078,43,0,33 4 34,0,8,,31079,37,0,20 4 12 13,0,7,,31080,43,0,33 4 34,0,48,,31081,31,0,29 30 6,0,7,,31082,43,0,33 4 34,0,8,,31083,37,0,20 4 12 13,0,7,,31084,43,0,33 4 34,0,8,,31085,31,0,29 30 6,0,7,,31086,43,0,33 4 34,0,8,,31087,37,0,20 4 12 13,0,7,,31088,43,0,33 4 34,0,48,,31089,31,0,29 30 6,0,7,,31090,43,0,33 4 34,0,8,,31091,37,0,20 4 12 13,0,7,,31092,43,0,33 4 34,0,8,,31093,31,0,29 30 6,0,7,,31094,43,0,33 4 34,0,8,,31095,37,0,20 4 12 13,0,7,,31096,43,0,33 4 34,0,48,,31097,31,0,29 30 6,0,7,,31098,43,0,33 4 34,0,8,,31099,37,0,20 4 12 13,0,7,,31100,43,0,33 4 34,0,7,,31101,31,0,29 30 6,0,7,,31102,43,0,33 4 34,0,7,,31103,37,0,20 4 12 13,0,8,,31104,43,0,33 4 34,0,45,,31105,31,0,29 30 6,0,10,,31106,43,0,33 4 34,0,7,,31107,37,0,20 4 12 13,0,6,,31108,43,0,17 18 4 19,0,10,,31109,31,0,29 30 6,0,8,,31110,43,0,33 4 34,0,9,,31111,37,0,20 4 12 13,0,6,,31112,43,0,17 18 4 19,0,51,,31113,31,0,29 30 6,0,8,,31114,43,0,33 4 34,0,8,,31115,37,0,20 4 12 13,0,8,,31116,31,0,29 30 6,0,8,,31117,43,0,33 4 34,0,8,,31118,37,0,20 4 12 13,0,8,,31119,37,0,17 18 4 19,0,50,,31120,31,0,29 30 6,0,10,,31121,43,0,33 4 34,0,10,,31122,37,0,20 4 12 13,0,10,,31123,31,0,29 30 6,0,10,,31124,43,0,33 4 34,0,10,,31125,31,0,29 30 6,0,50,,31126,37,0,20 4 12 13,0,10,,31127,43,0,33 4 34,0,10,,31128,37,0,20 4 12 13,0,10,,31129,31,0,29 30 6,0,10,,31130,43,0,33 4 34,0,9,,31131,37,0,20 4 12 13,0,50,,31132,43,0,33 4 34,0,15,,31133,31,0,29 30 6,0,15,,31134,37,0,20 4 12 13,0,15,,31135,43,0,33 4 34,0,5,,31136,37,0,17 18 4 19,0,50,,31137,31,0,29 30 6,0,15,,31138,37,0,20 4 12 13,0,15,,31139,43,0,33 4 34,0,15,,31140,31,0,29 30 6,0,55,,31141,37,0,20 4 12 13,0,10,,31142,43,0,33 4 34,0,30,,31143,37,0,20 4 12 13,0,55,,31144,43,0,33 4 34,0,10,,31145,31,0,29 30 6,0,22,,31146,37,0,17 18 4 19,0,11,,31147,31,0,17 18 4 19,0,77,,31148,37,0,17 18 4 19,0
578301,'2',451,,31150,37,0,20 4 12 13,0,50,,31151,43,0,33 4 34,0,12,,31152,37,0,20 4 12 13,0,12,,31153,31,0,29 30 6,0,12,,31154,43,0,33 4 34,0,12,,31155,37,0,20 4 12 13,0,52,,31156,31,0,29 30 6,0,12,,31157,43,0,33 4 34,0,12,,31158,37,0,20 4 12 13,0,12,,31159,31,0,29 30 6,0,12,,31160,43,0,33 4 34,0,52,,31161,37,0,20 4 12 13,0,12,,31162,31,0,29 30 6,0,12,,31163,43,0,33 4 34,0,12,,31164,37,0,20 4 12 13,0,12,,31165,31,0,29 30 6,0,10,,31166,43,0,33 4 34,0,52,,31167,37,0,20 4 12 13,0,12,,31168,31,0,29 30 6,0,12,,31169,43,0,33 4 34,0,12,,31170,37,0,20 4 12 13,0,12,,31171,31,0,29 30 6,0,52,,31172,43,0,33 4 34,0,12,,31173,37,0,20 4 12 13,0,12,,31174,31,0,29 30 6,0,12,,31175,43,0,33 4 34,0,12,,31176,37,0,20 4 12 13,0,52,,31177,31,0,29 30 6,0,12,,31178,43,0,33 4 34,0,12,,31179,37,0,20 4 12 13,0,12,,31180,31,0,29 30 6,0,12,,31181,43,0,33 4 34,0,52,,31182,37,0,20 4 12 13,0,12,,31183,31,0,29 30 6,0,12,,31184,43,0,33 4 34,0,12,,31185,37,0,20 4 12 13,0,12,,31186,31,0,29 30 6,0,52,,31187,43,0,33 4 34,0,12,,31188,37,0,20 4 12 13,0,12,,31189,31,0,29 30 6,0,12,,31190,43,0,33 4 34,0,12,,31191,37,0,20 4 12 13,0,52,,31192,31,0,29 30 6,0,12,,31193,43,0,33 4 34,0,12,,31194,37,0,20 4 12 13,0,12,,31195,31,0,29 30 6,0,12,,31196,43,0,33 4 34,0,52,,31197,37,0,20 4 12 13,0,12,,31198,31,0,29 30 6,0,12,,31199,43,0,33 4 34,0,12,,31200,37,0,20 4 12 13,0,12,,31201,31,0,29 30 6,0,52,,31202,43,0,33 4 34,0,12,,31203,37,0,20 4 12 13,0,12,,31204,31,0,29 30 6,0,12,,31205,43,0,33 4 34,0,12,,31206,37,0,20 4 12 13,0,52,,31207,31,0,29 30 6,0,12,,31208,43,0,33 4 34,0,12,,31209,37,0,20 4 12 13,0,12,,31210,31,0,29 30 6,0,12,,31211,43,0,33 4 34,0,52,,31212,37,0,20 4 12 13,0,12,,31213,31,0,29 30 6,0,12,,31214,43,0,33 4 34,0,12,,31215,37,0,20 4 12 13,0,12,,31216,31,0,29 30 6,0,52,,31217,43,0,33 4 34,0,12,,31218,37,0,20 4 12 13,0,12,,31219,31,0,29 30 6,0,12,,31220,43,0,33 4 34,0,12,,31221,37,0,20 4 12 13,0,52,,31222,31,0,29 30 6,0,14,,31223,43,0,33 4 34,0,12,,31224,37,0,20 4 12 13,0,12,,31225,31,0,29 30 6,0,52,,31226,43,0,33 4 34,0,12,,31227,37,0,20 4 12 13,0,12,,31228,31,0,29 30 6,0,12,,31229,43,0,33 4 34,0,16,,31230,37,0,20 4 12 13,0,55,,31231,31,0,29 30 6,0,15,,31232,43,0,33 4 34,0,15,,31233,37,0,20 4 12 13,0,15,,31234,43,0,33 4 34,0,55,,31235,31,0,29 30 6,0,15,,31236,37,0,20 4 12 13,0,15,,31237,43,0,33 4 34,0,15,,31238,31,0,29 30 6,0,55,,31239,37,0,20 4 12 13,0,15,,31240,43,0,33 4 34,0,15,,31241,31,0,29 30 6,0,15,,31242,37,0,20 4 12 13,0,55,,31243,43,0,33 4 34,0,15,,31244,31,0,29 30 6,0,15,,31245,37,0,20 4 12 13,0,20,,31246,43,0,33 4 34,0,55,,31247,31,0,29 30 6,0,3,,31248,37,0,17 18 4 19,0,28,,31249,37,0,17 18 4 19,0,11,,31250,31,0,17 18 4 19,0
578301,'3',538,,31254,43,0,33 4 34,0,15,,31256,37,0,20 4 12 13,0,55,,31257,31,0,29 30 6,0,15,,31258,43,0,33 4 34,0,15,,31259,37,0,20 4 12 13,0,15,,31260,31,0,29 30 6,0,55,,31261,43,0,33 4 34,0,15,,31262,37,0,20 4 12 13,0,15,,31263,31,0,29 30 6,0,15,,31264,43,0,33 4 34,0,55,,31265,37,0,20 4 12 13,0,15,,31266,31,0,29 30 6,0,15,,31267,43,0,33 4 34,0,15,,31268,37,0,20 4 12 13,0,55,,31269,31,0,29 30 6,0,15,,31270,43,0,33 4 34,0,13,,31271,37,0,20 4 12 13,0,12,,31272,31,0,29 30 6,0,11,,31273,43,0,33 4 34,0,52,,31274,37,0,20 4 12 13,0,12,,31275,31,0,29 30 6,0,12,,31276,43,0,33 4 34,0,12,,31277,37,0,20 4 12 13,0,12,,31278,31,0,29 30 6,0,52,,31279,43,0,33 4 34,0,12,,31280,37,0,20 4 12 13,0,12,,31281,31,0,29 30 6,0,12,,31282,43,0,33 4 34,0,12,,31283,37,0,20 4 12 13,0,52,,31284,31,0,29 30 6,0,12,,31285,43,0,33 4 34,0,12,,31286,37,0,20 4 12 13,0,12,,31287,31,0,29 30 6,0,12,,31288,43,0,33 4 34,0,52,,31289,37,0,20 4 12 13,0,12,,31290,31,0,29 30 6,0,12,,31291,43,0,33 4 34,0,12,,31292,37,0,20 4 12 13,0,12,,31293,31,0,29 30 6,0,52,,31294,43,0,33 4 34,0,12,,31295,37,0,20 4 12 13,0,12,,31296,31,0,29 30 6,0,12,,31297,43,0,33 4 34,0,12,,31298,37,0,20 4 12 13,0,52,,31299,31,0,29 30 6,0,12,,31300,43,0,33 4 34,0,12,,31301,37,0,20 4 12 13,0,12,,31302,31,0,29 30 6,0,12,,31303,43,0,33 4 34,0,52,,31304,37,0,20 4 12 13,0,12,,31305,31,0,29 30 6,0,12,,31306,43,0,33 4 34,0,12,,31307,37,0,20 4 12 13,0,12,,31308,31,0,29 30 6,0,52,,31309,43,0,33 4 34,0,12,,31310,37,0,20 4 12 13,0,12,,31311,31,0,29 30 6,0,12,,31312,43,0,33 4 34,0,12,,31313,37,0,20 4 12 13,0,52,,31314,31,0,29 30 6,0,12,,31315,43,0,33 4 34,0,12,,31316,37,0,20 4 12 13,0,12,,31317,31,0,29 30 6,0,12,,31318,43,0,33 4 34,0,51,,31319,37,0,20 4 12 13,0,12,,31320,31,0,29 30 6,0,15,,31321,43,0,33 4 34,0,15,,31322,37,0,20 4 12 13,0,55,,31323,31,0,29 30 6,0,15,,31324,43,0,33 4 34,0,15,,31325,37,0,20 4 12 13,0,15,,31326,31,0,29 30 6,0,55,,31327,43,0,33 4 34,0,15,,31328,37,0,20 4 12 13,0,15,,31329,31,0,29 30 6,0,16,,31330,43,0,33 4 34,0,55,,31331,37,0,20 4 12 13,0,14,,31332,31,0,29 30 6,0,16,,31333,43,0,33 4 34,0,15,,31334,37,0,20 4 12 13,0,54,,31335,31,0,29 30 6,0,16,,31336,43,0,33 4 34,0,15,,31337,37,0,20 4 12 13,0,14,,31339,31,0,29 30 6,0,1,,31338,43,0,33 4 34,0,72,,31340,31,0,17 18 4 19,0,21,,31341,37,0,17 18 4 19,0
578301,'4',546,,31407,43,0,33 4 34,0,62,,31345,37,0,20 4 12 13,0,4,,31344,43,0,33 4 34,0,11,,31346,31,0,29 30 6,0,15,,31347,43,0,33 4 34,0,15,,31348,37,0,20 4 12 13,0,55,,31349,31,0,29 30 6,0,15,,31350,43,0,33 4 34,0,15,,31351,37,0,20 4 12 13,0,15,,31352,31,0,29 30 6,0,55,,31353,43,0,33 4 34,0,15,,31354,37,0,20 4 12 13,0,15,,31355,31,0,29 30 6,0,15,,31356,43,0,33 4 34,0,55,,31357,37,0,20 4 12 13,0,15,,31358,31,0,29 30 6,0,15,,31359,43,0,33 4 34,0,14,,31360,37,0,20 4 12 13,0,55,,31361,31,0,29 30 6,0,15,,31362,43,0,33 4 34,0,15,,31363,37,0,20 4 12 13,0,15,,31364,31,0,29 30 6,0,55,,31365,43,0,33 4 34,0,15,,31366,37,0,20 4 12 13,0,15,,31367,31,0,29 30 6,0,15,,31368,43,0,33 4 34,0,55,,31369,37,0,20 4 12 13,0,15,,31370,31,0,29 30 6,0,15,,31371,43,0,33 4 34,0,15,,31372,37,0,20 4 12 13,0,55,,31373,31,0,29 30 6,0,15,,31374,43,0,33 4 34,0,15,,31375,37,0,20 4 12 13,0,15,,31376,31,0,29 30 6,0,55,,31377,43,0,33 4 34,0,15,,31378,37,0,20 4 12 13,0,15,,31379,31,0,29 30 6,0,15,,31380,43,0,33 4 34,0,55,,31381,37,0,20 4 12 13,0,15,,31382,31,0,29 30 6,0,15,,31383,43,0,33 4 34,0,15,,31384,37,0,20 4 12 13,0,55,,31385,31,0,29 30 6,0,15,,31386,43,0,33 4 34,0,15,,31387,37,0,20 4 12 13,0,15,,31388,31,0,29 30 6,0,55,,31389,43,0,33 4 34,0,15,,31390,37,0,20 4 12 13,0,15,,31391,31,0,29 30 6,0,17,,31392,43,0,33 4 34,0,54,,31393,37,0,20 4 12 13,0,15,,31394,31,0,29 30 6,0,16,,31395,43,0,33 4 34,0,14,,31396,37,0,20 4 12 13,0,55,,31397,31,0,29 30 6,0,16,,31398,43,0,33 4 34,0,14,,31399,37,0,20 4 12 13,0,15,,31400,31,0,29 30 6,0,56,,31401,43,0,33 4 34,0,14,,31402,37,0,20 4 12 13,0,15,,31403,31,0,29 30 6,0,15,,31404,37,0,17 18 4 19,0,1,,31405,43,0,33 4 34,0
578301,'6',538,,31411,43,0,33 4 34,0,15,,31413,37,0,20 4 12 13,0,55,,31414,31,0,29 30 6,0,15,,31415,43,0,33 4 34,0,15,,31416,37,0,20 4 12 13,0,15,,31417,31,0,29 30 6,0,55,,31418,43,0,33 4 34,0,15,,31419,37,0,20 4 12 13,0,15,,31420,31,0,29 30 6,0,15,,31421,43,0,33 4 34,0,55,,31422,37,0,20 4 12 13,0,15,,31423,31,0,29 30 6,0,15,,31424,43,0,33 4 34,0,15,,31425,37,0,20 4 12 13,0,55,,31426,31,0,29 30 6,0,15,,31427,43,0,33 4 34,0,13,,31428,37,0,20 4 12 13,0,12,,31429,31,0,29 30 6,0,11,,31430,43,0,33 4 34,0,52,,31431,37,0,20 4 12 13,0,12,,31432,31,0,29 30 6,0,12,,31433,43,0,33 4 34,0,12,,31434,37,0,20 4 12 13,0,12,,31435,31,0,29 30 6,0,52,,31436,43,0,33 4 34,0,12,,31437,37,0,20 4 12 13,0,12,,31438,31,0,29 30 6,0,12,,31439,43,0,33 4 34,0,12,,31440,37,0,20 4 12 13,0,52,,31441,31,0,29 30 6,0,12,,31442,43,0,33 4 34,0,12,,31443,37,0,20 4 12 13,0,12,,31444,31,0,29 30 6,0,12,,31445,43,0,33 4 34,0,52,,31446,37,0,20 4 12 13,0,12,,31447,31,0,29 30 6,0,12,,31448,43,0,33 4 34,0,12,,31449,37,0,20 4 12 13,0,12,,31450,31,0,29 30 6,0,52,,31451,43,0,33 4 34,0,12,,31452,37,0,20 4 12 13,0,12,,31453,31,0,29 30 6,0,12,,31454,43,0,33 4 34,0,12,,31455,37,0,20 4 12 13,0,52,,31456,31,0,29 30 6,0,12,,31457,43,0,33 4 34,0,12,,31458,37,0,20 4 12 13,0,12,,31459,31,0,29 30 6,0,12,,31460,43,0,33 4 34,0,52,,31461,37,0,20 4 12 13,0,12,,31462,31,0,29 30 6,0,12,,31463,43,0,33 4 34,0,12,,31464,37,0,20 4 12 13,0,12,,31465,31,0,29 30 6,0,52,,31466,43,0,33 4 34,0,12,,31467,37,0,20 4 12 13,0,12,,31468,31,0,29 30 6,0,12,,31469,43,0,33 4 34,0,12,,31470,37,0,20 4 12 13,0,52,,31471,31,0,29 30 6,0,12,,31472,43,0,33 4 34,0,12,,31473,37,0,20 4 12 13,0,12,,31474,31,0,29 30 6,0,12,,31475,43,0,33 4 34,0,51,,31476,37,0,20 4 12 13,0,12,,31477,31,0,29 30 6,0,15,,31478,43,0,33 4 34,0,15,,31479,37,0,20 4 12 13,0,55,,31480,31,0,29 30 6,0,15,,31481,43,0,33 4 34,0,15,,31482,37,0,20 4 12 13,0,15,,31483,31,0,29 30 6,0,55,,31484,43,0,33 4 34,0,15,,31485,37,0,20 4 12 13,0,15,,31486,31,0,29 30 6,0,16,,31487,43,0,33 4 34,0,55,,31488,37,0,20 4 12 13,0,14,,31489,31,0,29 30 6,0,16,,31490,43,0,33 4 34,0,15,,31491,37,0,20 4 12 13,0,54,,31492,31,0,29 30 6,0,16,,31493,43,0,33 4 34,0,15,,31494,37,0,20 4 12 13,0,14,,31496,31,0,29 30 6,0,1,,31495,43,0,33 4 34,0,72,,31497,31,0,17 18 4 19,0,21,,31498,37,0,17 18 4 19,0
580801,'14601',528,,39528,32,,,0,20,,39522,32,,,0,60,,39523,32,,,0,20,,39524,32,,,0,20,,39525,32,,,0,60,,39526,32,,,0,20,,39527,32,,,0,20,,39520,32,,,0,59,,39521,32,,,0,10,,39423,32,,,0,10,,39454,32,,,0,10,,39424,32,,,0,8,,39455,32,,,0,7,,39425,32,,,0,48,,39456,32,,,0,9,,39426,32,,,0,8,,39457,32,,,0,9,,39427,32,,,0,8,,39458,32,,,0,5,,39428,32,,,0,8,,39459,32,,,0,7,,39460,32,,,0,48,,39461,32,,,0,13,,39462,32,,,0,12,,39429,32,,,0,10,,39430,32,,,0,10,,39431,32,,,0,10,,39432,32,,,0,50,,39433,32,,,0,10,,39434,32,,,0,10,,39435,32,,,0,10,,39436,32,,,0,10,,39437,32,,,0,10,,39438,32,,,0,50,,39439,32,,,0,10,,39440,32,,,0,10,,39441,32,,,0,10,,39442,32,,,0,10,,39443,32,,,0,10,,39444,32,,,0,50,,39445,32,,,0,10,,39446,32,,,0,10,,39447,32,,,0,10,,39448,32,,,0,10,,39449,32,,,0,10,,39450,32,,,0,50,,39451,32,,,0,10,,39452,32,,,0,10,,39453,32,,,0,10,,39488,32,,,0,9,,39489,32,,,0,8,,39492,32,,,0,47,,39490,32,,,0,8,,39493,32,,,0,7,,39491,32,,,0,8,,39463,32,,,0,7,,39476,32,,,0,8,,39464,32,,,0,7,,39477,32,,,0,8,,39465,32,,,0,47,,39478,32,,,0,8,,39466,32,,,0,7,,39479,32,,,0,8,,39467,32,,,0,7,,39480,32,,,0,8,,39468,32,,,0,7,,39481,32,,,0,8,,39469,32,,,0,47,,39482,32,,,0,8,,39470,32,,,0,7,,39483,32,,,0,8,,39471,32,,,0,7,,39484,32,,,0,8,,39472,32,,,0,7,,39485,32,,,0,8,,39473,32,,,0,48,,39486,32,,,0,8,,39474,32,,,0,7,,39487,32,,,0,8,,39475,32,,,0,8,,39503,32,,,0,10,,39504,32,,,0,10,,39505,32,,,0,50,,39506,32,,,0,10,,39507,32,,,0,10,,39494,32,,,0,13,,39495,32,,,0,15,,39496,32,,,0,55,,39498,32,,,0,15,,39499,32,,,0,15,,39500,32,,,0,15,,39501,32,,,0,55,,39502,32,,,0,15,,39497,32,,,0,15,,39515,32,,,0,15,,39516,32,,,0,55,,39519,32,,,0,17,,39517,32,,,0,22,,39518,32,,,0,70,,39508,32,,,0,30,,39509,32,,,0,70,,39510,32,,,0,30,,39511,32,,,0,70,,39512,32,,,0,30,,39513,32,,,0,70,,39514,32,,,0
580801,'14602',544,,39559,32,,,0,70,,39560,32,,,0,30,,39561,32,,,0,70,,39562,32,,,0,30,,39563,32,,,0,70,,39564,32,,,0,30,,39565,32,,,0,70,,39566,32,,,0,30,,39567,32,,,0,70,,39568,32,,,0,30,,39569,32,,,0,70,,39570,32,,,0,30,,39558,32,,,0,70,,39541,32,,,0,30,,39542,32,,,0,70,,39543,32,,,0,30,,39544,32,,,0,70,,39545,32,,,0,30,,39546,32,,,0,70,,39547,32,,,0,30,,39548,32,,,0,70,,39549,32,,,0,30,,39550,32,,,0,70,,39551,32,,,0,30,,39552,32,,,0,70,,39553,32,,,0,30,,39554,32,,,0,70,,39555,32,,,0,30,,39556,32,,,0,70,,39557,32,,,0,30,,39540,32,,,0,70,,39539,32,,,0,30,,39538,32,,,0,70,,39537,32,,,0,31,,39536,32,,,0,70,,39535,32,,,0,30,,39534,32,,,0,70,,39533,32,,,0,30,,39532,32,,,0,70,,39531,32,,,0,30,,39530,32,,,0,70,,39529,32,,,0
580801,'14603',644,,39596,32,,,0,70,,39597,32,,,0,30,,39598,32,,,0,70,,39599,32,,,0,30,,39600,32,,,0,70,,39601,32,,,0,30,,39602,32,,,0,70,,39603,32,,,0,30,,39604,32,,,0,70,,39605,32,,,0,30,,39571,32,,,0,70,,39588,32,,,0,30,,39587,32,,,0,70,,39586,32,,,0,30,,39585,32,,,0,70,,39584,32,,,0,30,,39583,32,,,0,70,,39582,32,,,0,30,,39581,32,,,0,70,,39580,32,,,0,30,,39579,32,,,0,70,,39578,32,,,0,30,,39577,32,,,0,70,,39576,32,,,0,30,,39575,32,,,0,70,,39574,32,,,0,30,,39573,32,,,0,70,,39572,32,,,0,30,,39589,32,,,0,70,,39590,32,,,0,30,,39591,32,,,0,70,,39592,32,,,0,31,,39593,32,,,0,70,,39594,32,,,0,30,,39595,32,,,0,70,,39606,32,,,0
580801,'14604',644,,39627,32,,,0,70,,39628,32,,,0,30,,39629,32,,,0,70,,39630,32,,,0,30,,39631,32,,,0,70,,39632,32,,,0,30,,39633,32,,,0,70,,39634,32,,,0,30,,39635,32,,,0,70,,39636,32,,,0,30,,39607,32,,,0,70,,39624,32,,,0,30,,39623,32,,,0,70,,39622,32,,,0,30,,39621,32,,,0,70,,39620,32,,,0,30,,39619,32,,,0,70,,39618,32,,,0,30,,39617,32,,,0,70,,39616,32,,,0,30,,39615,32,,,0,70,,39614,32,,,0,30,,39613,32,,,0,70,,39612,32,,,0,30,,39611,32,,,0,70,,39610,32,,,0,30,,39609,32,,,0,70,,39608,32,,,0,30,,39625,32,,,0,70,,39626,32,,,0
580801,'14606',644,,39662,32,,,0,70,,39663,32,,,0,30,,39664,32,,,0,70,,39665,32,,,0,30,,39666,32,,,0,70,,39667,32,,,0,30,,39668,32,,,0,70,,39669,32,,,0,30,,39670,32,,,0,70,,39671,32,,,0,30,,39637,32,,,0,70,,39654,32,,,0,30,,39653,32,,,0,70,,39652,32,,,0,30,,39651,32,,,0,70,,39650,32,,,0,30,,39649,32,,,0,70,,39648,32,,,0,30,,39647,32,,,0,70,,39646,32,,,0,30,,39645,32,,,0,70,,39644,32,,,0,30,,39643,32,,,0,70,,39642,32,,,0,30,,39641,32,,,0,70,,39640,32,,,0,30,,39639,32,,,0,70,,39638,32,,,0,30,,39655,32,,,0,70,,39656,32,,,0,30,,39657,32,,,0,70,,39658,32,,,0,31,,39659,32,,,0,70,,39660,32,,,0,30,,39661,32,,,0,70,,39672,32,,,0
582800,'1',702,,40229,26,,,0,15,,40231,26,,,0,15,,40233,26,,,0,15,,40235,26,,,0,55,,40237,26,,,0,15,,40239,26,,,0,15,,40241,26,,,0,15,,40243,26,,,0,54,,40245,26,,,0,13,,40247,26,,,0,12,,40249,26,,,0,12,,40251,26,,,0,12,,40253,26,,,0,52,,40255,26,,,0,12,,40257,26,,,0,12,,40259,26,,,0,12,,40261,26,,,0,12,,40263,26,,,0,52,,40265,26,,,0,12,,40267,26,,,0,12,,40269,26,,,0,12,,40271,26,,,0,12,,40273,26,,,0,52,,40275,26,,,0,12,,40277,26,,,0,12,,40279,26,,,0,12,,40281,26,,,0,12,,40283,26,,,0,52,,40285,26,,,0,12,,40287,26,,,0,12,,40289,26,,,0,12,,40291,26,,,0,12,,40293,26,,,0,52,,40295,26,,,0,10,,40297,26,,,0,12,,40299,26,,,0,12,,40301,26,,,0,12,,40303,26,,,0,52,,40305,26,,,0,12,,40307,26,,,0,12,,40309,26,,,0,12,,40311,26,,,0,12,,40313,26,,,0,53,,40315,26,,,0,12,,40317,26,,,0,12,,40319,26,,,0,12,,40321,26,,,0,12,,40323,26,,,0,52,,40325,26,,,0,12,,40327,26,,,0,12,,40329,26,,,0,13,,40331,26,,,0,12,,40333,26,,,0,52,,40335,26,,,0,12,,40337,26,,,0,12,,40215,26,,,0,12,,40339,26,,,0,12,,40341,26,,,0
582900,'1',613,,41003,5,,,0,10,,41004,5,,,0,10,,41005,5,,,0,10,,41006,5,,,0,10,,41007,5,,,0,49,,41008,5,,,0,10,,41009,5,,,0,10,,41010,5,,,0,10,,41011,5,,,0,10,,41012,5,,,0,10,,41013,5,,,0,50,,41014,5,,,0,10,,41015,5,,,0,10,,41016,5,,,0,10,,41017,5,,,0,10,,41018,5,,,0,10,,41019,5,,,0,50,,41020,5,,,0,10,,41021,5,,,0,10,,41022,5,,,0,10,,41023,5,,,0,10,,41024,5,,,0,10,,41025,5,,,0,50,,41026,5,,,0,10,,41027,5,,,0,11,,41028,5,,,0,12,,41029,5,,,0,12,,41030,5,,,0,12,,41031,5,,,0,52,,41032,5,,,0,12,,41033,5,,,0,12,,41034,5,,,0,12,,41035,5,,,0,12,,41036,5,,,0,52,,41037,5,,,0,12,,41038,5,,,0,12,,41039,5,,,0,12,,41040,5,,,0,12,,41041,5,,,0,52,,41042,5,,,0,12,,41043,5,,,0,12,,41044,5,,,0,12,,41045,5,,,0,11,,41046,5,,,0,52,,41047,5,,,0,12,,41048,5,,,0,10,,41049,5,,,0,10,,41050,5,,,0,10,,41051,5,,,0,50,,41052,5,,,0,10,,41053,5,,,0,10,,41054,5,,,0,10,,41055,5,,,0,10,,41056,5,,,0,10,,41057,5,,,0,50,,41058,5,,,0,10,,41059,5,,,0,10,,41060,5,,,0,10,,41061,5,,,0,10,,41062,5,,,0,10,,41063,5,,,0,50,,41064,5,,,0,10,,41065,5,,,0,10,,41066,5,,,0,10,,41067,5,,,0,10,,41068,5,,,0,10,,41069,5,,,0,50,,41070,5,,,0,10,,41071,5,,,0,10,,41072,5,,,0,10,,41073,5,,,0,10,,41074,5,,,0,10,,41075,5,,,0,53,,41076,5,,,0,10,,41077,5,,,0,12,,41078,5,,,0,12,,41079,5,,,0,12,,41080,5,,,0,52,,41081,5,,,0,12,,41082,5,,,0,12,,41083,5,,,0,12,,41084,5,,,0,12,,41085,5,,,0,52,,41086,5,,,0,12,,41087,5,,,0,12,,41088,5,,,0,12,,41089,5,,,0,12,,41090,5,,,0,56,,41091,5,,,0,30,,41092,5,,,0,70,,41093,5,,,0,30,,41094,5,,,0,70,,41095,5,,,0,30,,41096,5,,,0,79,,41097,5,,,0
582900,'2',822,,41186,5,,,0,10,,41183,5,,,0,10,,41182,5,,,0,10,,41181,5,,,0,50,,41180,5,,,0,10,,41179,5,,,0,10,,41178,5,,,0,10,,41177,5,,,0,10,,41176,5,,,0,10,,41175,5,,,0,50,,41174,5,,,0,10,,41173,5,,,0,10,,41172,5,,,0,10,,41171,5,,,0,10,,41170,5,,,0,10,,41169,5,,,0,50,,41168,5,,,0,10,,41167,5,,,0,10,,41166,5,,,0,10,,41165,5,,,0,10,,41164,5,,,0,10,,41163,5,,,0,50,,41162,5,,,0,10,,41161,5,,,0,10,,41160,5,,,0,10,,41159,5,,,0,10,,41158,5,,,0,10,,41157,5,,,0,50,,41156,5,,,0,10,,41155,5,,,0,10,,41154,5,,,0,10,,41153,5,,,0,10,,41152,5,,,0,10,,41151,5,,,0,50,,41150,5,,,0,10,,41149,5,,,0,10,,41148,5,,,0,10,,41147,5,,,0,10,,41146,5,,,0,10,,41145,5,,,0,50,,41144,5,,,0,10,,41143,5,,,0,10,,41142,5,,,0,10,,41141,5,,,0,10,,41140,5,,,0,10,,41139,5,,,0,50,,41138,5,,,0,10,,41137,5,,,0,10,,41136,5,,,0,10,,41135,5,,,0,10,,41134,5,,,0,10,,41133,5,,,0,50,,41132,5,,,0,10,,41131,5,,,0,10,,41130,5,,,0,10,,41129,5,,,0,10,,41128,5,,,0,10,,41127,5,,,0,50,,41126,5,,,0,10,,41125,5,,,0,10,,41124,5,,,0,10,,41123,5,,,0,10,,41122,5,,,0,10,,41121,5,,,0,50,,41120,5,,,0,10,,41119,5,,,0,10,,41118,5,,,0,10,,41117,5,,,0,10,,41116,5,,,0,12,,41115,5,,,0,52,,41114,5,,,0,12,,41113,5,,,0,12,,41112,5,,,0,12,,41111,5,,,0,12,,41110,5,,,0,52,,41109,5,,,0,12,,41108,5,,,0,12,,41107,5,,,0,12,,41106,5,,,0,12,,41105,5,,,0,52,,41104,5,,,0,30,,41103,5,,,0,70,,41102,5,,,0,30,,41101,5,,,0,70,,41100,5,,,0,30,,41099,5,,,0,65,,41098,5,,,0
582900,'3',820,,41189,5,,,0,15,,41190,5,,,0,15,,41191,5,,,0,55,,41192,5,,,0,15,,41193,5,,,0,15,,41194,5,,,0,15,,41195,5,,,0,55,,41196,5,,,0,15,,41197,5,,,0,15,,41198,5,,,0,15,,41199,5,,,0,55,,41200,5,,,0,15,,41201,5,,,0,15,,41202,5,,,0,15,,41203,5,,,0,55,,41204,5,,,0,15,,41205,5,,,0,15,,41206,5,,,0,15,,41207,5,,,0,55,,41208,5,,,0,15,,41209,5,,,0,15,,41210,5,,,0,15,,41211,5,,,0,55,,41212,5,,,0,15,,41213,5,,,0,15,,41214,5,,,0,15,,41215,5,,,0,55,,41216,5,,,0,15,,41217,5,,,0,15,,41218,5,,,0,15,,41219,5,,,0,55,,41220,5,,,0,15,,41221,5,,,0,15,,41222,5,,,0,15,,41223,5,,,0,55,,41224,5,,,0,15,,41225,5,,,0,15,,41226,5,,,0,15,,41227,5,,,0,55,,41228,5,,,0,15,,41229,5,,,0,15,,41230,5,,,0,18,,41231,5,,,0,60,,41232,5,,,0,20,,41233,5,,,0,20,,41234,5,,,0,60,,41235,5,,,0,20,,41236,5,,,0,20,,41237,5,,,0,60,,41238,5,,,0,20,,41239,5,,,0,22,,41240,5,,,0,70,,41241,5,,,0,30,,41242,5,,,0,70,,41243,5,,,0,30,,41244,5,0,17 18 4 46,0
582900,'4',802,,41245,5,,,0,30,,41246,5,,,0,70,,41247,5,,,0,30,,41248,5,,,0,70,,41249,5,,,0,30,,41250,5,,,0,20,,41251,5,,,0,60,,41252,5,,,0,20,,41253,5,,,0,20,,41254,5,,,0,60,,41255,5,,,0,20,,41256,5,,,0,20,,41257,5,,,0,60,,41258,5,,,0,20,,41259,5,,,0,20,,41260,5,,,0,60,,41261,5,,,0,20,,41262,5,,,0,20,,41263,5,,,0,60,,41264,5,,,0,20,,41265,5,,,0,20,,41266,5,,,0,60,,41267,5,,,0,20,,41268,5,,,0,20,,41269,5,,,0,60,,41270,5,,,0,20,,41271,5,,,0,20,,41272,5,,,0,60,,41273,5,,,0,20,,41274,5,,,0,70,,41275,5,,,0,30,,41276,5,,,0,70,,41277,5,,,0,30,,41278,5,,,0,70,,41279,5,,,0
582900,'6',820,,41282,5,,,0,15,,41283,5,,,0,15,,41284,5,,,0,55,,41285,5,,,0,15,,41286,5,,,0,15,,41287,5,,,0,15,,41288,5,,,0,55,,41289,5,,,0,15,,41290,5,,,0,15,,41291,5,,,0,15,,41292,5,,,0,55,,41293,5,,,0,15,,41294,5,,,0,15,,41295,5,,,0,15,,41296,5,,,0,55,,41297,5,,,0,15,,41298,5,,,0,15,,41299,5,,,0,15,,41300,5,,,0,55,,41301,5,,,0,15,,41302,5,,,0,15,,41303,5,,,0,15,,41304,5,,,0,55,,41305,5,,,0,15,,41306,5,,,0,15,,41307,5,,,0,15,,41308,5,,,0,55,,41309,5,,,0,15,,41310,5,,,0,15,,41311,5,,,0,15,,41312,5,,,0,55,,41313,5,,,0,15,,41314,5,,,0,15,,41315,5,,,0,15,,41316,5,,,0,55,,41317,5,,,0,15,,41318,5,,,0,15,,41319,5,,,0,15,,41320,5,,,0,55,,41321,5,,,0,15,,41322,5,,,0,15,,41323,5,,,0,18,,41324,5,,,0,60,,41325,5,,,0,20,,41326,5,,,0,20,,41327,5,,,0,60,,41328,5,,,0,20,,41329,5,,,0,20,,41330,5,,,0,60,,41331,5,,,0,20,,41332,5,,,0,22,,41333,5,,,0,70,,41334,5,,,0,30,,41335,5,,,0,70,,41336,5,,,0,30,,41337,5,0,17 18 4 46,0
583500,'8501',1742,,42921,3,0,17,0,110,,42920,3,0,17,0,150,,42919,3,0,17,0,110,,42918,3,0,17,0,105,,42917,3,0,17,0,100,,42916,3,0,17,0
583500,'8502',1152,,42942,3,0,17,0,150,,42941,3,0,17,0,110,,42940,3,0,17,0,110,,42939,3,0,17,0,110,,42938,3,0,17,0,110,,42937,3,0,17,0,110,,42936,3,0,17,0,150,,42935,3,0,17,0,110,,42934,3,0,17,0,105,,42933,3,0,17,0,100,,42932,3,0,17,0
583500,'8503',1152,,42949,3,0,17,0,150,,42948,3,0,17,0,110,,42947,3,0,17,0,110,,42946,3,0,17,0,110,,42945,3,0,17,0,100,,42944,3,0,17,0,100,,42943,3,0,17,0
583600,'8202',1020,,42980,5,,,0,600,,42976,5,,,0,130,,42977,5,,,0,455,,42978,5,,,0,130,,42979,5,,,0
583600,'8203',1020,,42985,5,,,0,600,,42981,5,,,0,130,,42982,5,,,0,355,,42983,5,,,0,130,,42984,5,,,0
583600,'8303',1020,,42986,5,,,0,615,,42987,5,,,0,170,,42988,5,,,0
