578200,'1',451,,30152,9,,,0,55,,30182,9,,,0,20,,30189,9,,,0,20,,30188,9,,,0,60,,30187,9,,,0,20,,30186,9,,,0,20,,30185,9,,,0,61,,30184,9,,,0,20,,30183,9,,,0,20,,30190,9,,,0,60,,30153,9,,,0,20,,30154,9,,,0,20,,30155,9,,,0,60,,30156,9,,,0,20,,30157,9,,,0,20,,30158,9,,,0,60,,30159,9,,,0,20,,30162,9,,,0,20,,30163,9,,,0,60,,30164,9,,,0,20,,30165,9,,,0,20,,30166,9,,,0,60,,30167,9,,,0,20,,30160,9,,,0,20,,30161,9,,,0,60,,30136,9,,,0,20,,30168,9,,,0,21,,30169,9,,,0,60,,30170,9,,,0,20,,30171,9,,,0,20,,30172,9,,,0,60,,30173,9,,,0,20,,30174,9,,,0,20,,30175,9,,,0,60,,30176,9,,,0,20,,30177,9,,,0,20,,30178,9,,,0,60,,30179,9,,,0,20,,30180,9,,,0,20,,30181,9,,,0,63,,30151,9,,,0,30,,30150,9,,,0,74,,30149,9,,,0,30,,30148,9,,,0,70,,30147,9,,,0,30,,30146,9,,,0,70,,30145,9,,,0,30,,30137,9,,,0,68,,30138,9,,,0,30,,30139,9,,,0,70,,30140,9,,,0,30,,30141,9,,,0,70,,30142,9,,,0,32,,30143,9,,,0,80,,30144,9,,,0
578200,'2',505,,30191,9,,,0,30,,30192,9,,,0,71,,30193,9,,,0,30,,30194,9,,,0,70,,30195,9,,,0,30,,30196,9,,,0,70,,30197,9,,,0,20,,30239,9,,,0,20,,30198,9,,,0,60,,30199,9,,,0,20,,30200,9,,,0,20,,30201,9,,,0,60,,30202,9,,,0,20,,30203,9,,,0,20,,30204,9,,,0,60,,30205,9,,,0,20,,30206,9,,,0,20,,30207,9,,,0,60,,30208,9,,,0,20,,30209,9,,,0,20,,30210,9,,,0,60,,30211,9,,,0,20,,30212,9,,,0,20,,30213,9,,,0,60,,30214,9,,,0,20,,30215,9,,,0,20,,30216,9,,,0,60,,30217,9,,,0,20,,30218,9,,,0,20,,30219,9,,,0,60,,30220,9,,,0,20,,30221,9,,,0,20,,30222,9,,,0,60,,30223,9,,,0,30,,30224,9,,,0,71,,30225,9,,,0,30,,30226,9,,,0,70,,30227,9,,,0,30,,30228,9,,,0,70,,30229,9,,,0,30,,30230,9,,,0,70,,30231,9,,,0,30,,30232,9,,,0,68,,30233,9,,,0,30,,30234,9,,,0,70,,30235,9,,,0,30,,30236,9,,,0,70,,30237,9,,,0,30,,30240,9,,,0,90,,30238,9,,,0
578200,'3',605,,30276,9,,,0,100,,30275,9,,,0,30,,30274,9,,,0,70,,30273,9,,,0,30,,30272,9,,,0,72,,30271,9,,,0,30,,30270,9,,,0,70,,30269,9,,,0,30,,30268,9,,,0,70,,30267,9,,,0,30,,30266,9,,,0,70,,30265,9,,,0,30,,30264,9,,,0,70,,30263,9,,,0,30,,30262,9,,,0,70,,30261,9,,,0,30,,30260,9,,,0,70,,30259,9,,,0,30,,30258,9,,,0,70,,30257,9,,,0,30,,30256,9,,,0,70,,30255,9,,,0,30,,30254,9,,,0,70,,30253,9,,,0,30,,30252,9,,,0,70,,30251,9,,,0,30,,30250,9,,,0,69,,30249,9,,,0,30,,30248,9,,,0,70,,30247,9,,,0,30,,30246,9,,,0,70,,30245,9,,,0,30,,30244,9,,,0,70,,30243,9,,,0,30,,30242,9,,,0,70,,30241,9,,,0
578200,'4',533,,30277,9,,,0,80,,30278,9,,,0,40,,30279,9,,,0,80,,30280,9,,,0,80,,30281,9,,,0,40,,30282,9,,,0,80,,30283,9,,,0,80,,30284,9,,,0,40,,30285,9,,,0,80,,30286,9,,,0,80,,30287,9,,,0,40,,30288,9,,,0,80,,30289,9,,,0,80,,30290,9,,,0,90,,30291,9,,,0,100,,30292,9,,,0,100,,30293,9,,,0,100,,30294,9,,,0,100,,30295,9,,,0,100,,30296,9,,,0,100,,30297,9,,,0
578200,'6',605,,30333,9,,,0,100,,30332,9,,,0,30,,30331,9,,,0,70,,30330,9,,,0,30,,30329,9,,,0,72,,30328,9,,,0,30,,30327,9,,,0,70,,30326,9,,,0,30,,30325,9,,,0,70,,30324,9,,,0,30,,30323,9,,,0,70,,30322,9,,,0,30,,30321,9,,,0,70,,30320,9,,,0,30,,30319,9,,,0,70,,30318,9,,,0,30,,30317,9,,,0,70,,30316,9,,,0,30,,30315,9,,,0,70,,30314,9,,,0,30,,30313,9,,,0,70,,30312,9,,,0,30,,30311,9,,,0,70,,30310,9,,,0,30,,30309,9,,,0,70,,30308,9,,,0,30,,30307,9,,,0,69,,30306,9,,,0,30,,30305,9,,,0,70,,30304,9,,,0,30,,30303,9,,,0,70,,30302,9,,,0,30,,30301,9,,,0,70,,30300,9,,,0,30,,30299,9,,,0,70,,30298,9,,,0
578501,'1',534,,31956,17,,,0,70,,31957,17,,,0,30,,31958,17,,,0,70,,31959,17,,,0,29,,31960,17,,,0,25,,31961,17,,,0,60,,31962,17,,,0,20,,31963,17,,,0,20,,31964,17,,,0,60,,31965,17,,,0,20,,31966,17,,,0,66,,31967,17,,,0,25,,31968,17,,,0,30,,31969,17,,,0,70,,31970,17,,,0,30,,31971,17,,,0,70,,31972,17,,,0,30,,31973,17,,,0,70,,31974,17,,,0,30,,31975,17,,,0,70,,31976,17,,,0,20,,31977,17,,,0,60,,31978,17,,,0,20,,31979,17,,,0,20,,31980,17,,,0,60,,31981,17,,,0,20,,31982,17,,,0,20,,31983,17,,,0,60,,31984,17,,,0,20,,31985,17,,,0,20,,31986,17,,,0,70,,31987,17,,,0,35,,31988,17,,,0,71,,31989,17,,,0,100,,31990,17,,,0,100,,31991,17,,,0,99,,31992,17,,,0,105,,31993,17,,,0,100,,31994,17,,,0,100,,31995,17,,,0
578501,'2',523,,32029,17,,,0,30,,32028,17,,,0,70,,31996,17,,,0,30,,32022,17,,,0,70,,31997,17,,,0,30,,32024,17,,,0,71,,31998,17,,,0,30,,32023,17,,,0,70,,31999,17,,,0,30,,32000,17,,,0,70,,32001,17,,,0,30,,32002,17,,,0,70,,32003,17,,,0,30,,32004,17,,,0,70,,32005,17,,,0,30,,32006,17,,,0,70,,32007,17,,,0,30,,32008,17,,,0,70,,32009,17,,,0,30,,32010,17,,,0,70,,32011,17,,,0,30,,32012,17,,,0,70,,32013,17,,,0,30,,32014,17,,,0,70,,32015,17,,,0,30,,32016,17,,,0,70,,32017,17,,,0,104,,32018,17,,,0,102,,32019,17,,,0,100,,32020,17,,,0,99,,32021,17,,,0,100,,32025,17,,,0,100,,32026,17,,,0,100,,32027,17,,,0
578501,'3',626,,32059,17,,,0,30,,32032,17,,,0,70,,32053,17,,,0,30,,32054,17,,,0,70,,32033,17,,,0,30,,32055,17,,,0,70,,32034,17,,,0,30,,32056,17,,,0,69,,32035,17,,,0,30,,32036,17,,,0,70,,32037,17,,,0,30,,32038,17,,,0,70,,32039,17,,,0,30,,32040,17,,,0,70,,32041,17,,,0,30,,32042,17,,,0,70,,32043,17,,,0,30,,32044,17,,,0,70,,32045,17,,,0,30,,32046,17,,,0,70,,32047,17,,,0,30,,32048,17,,,0,70,,32049,17,,,0,30,,32060,17,,,0,70,,32050,17,,,0,100,,32051,17,,,0,100,,32052,17,,,0,100,,32030,17,,,0,100,,32031,17,,,0,100,,32057,17,,,0,100,,32058,17,,,0
578501,'4',711,,32061,17,,,0,100,,32062,17,,,0,97,,32063,17,,,0,103,,32064,17,,,0,100,,32065,17,,,0,100,,32066,17,,,0,100,,32067,17,,,0,100,,32068,17,,,0,100,,32069,17,,,0,100,,32070,17,,,0,100,,32071,17,,,0,100,,32072,17,,,0,100,,32073,17,,,0,100,,32074,17,,,0
578501,'6',626,,32104,17,,,0,30,,32077,17,,,0,70,,32098,17,,,0,30,,32099,17,,,0,70,,32078,17,,,0,30,,32100,17,,,0,70,,32079,17,,,0,30,,32101,17,,,0,69,,32080,17,,,0,30,,32081,17,,,0,70,,32082,17,,,0,30,,32083,17,,,0,70,,32084,17,,,0,30,,32085,17,,,0,70,,32086,17,,,0,30,,32087,17,,,0,70,,32088,17,,,0,30,,32089,17,,,0,70,,32090,17,,,0,30,,32091,17,,,0,70,,32092,17,,,0,30,,32093,17,,,0,70,,32094,17,,,0,30,,32105,17,,,0,70,,32095,17,,,0,100,,32096,17,,,0,100,,32097,17,,,0,100,,32075,17,,,0,100,,32076,17,,,0,100,,32102,17,,,0,100,,32103,17,,,0
578601,'1',546,,32258,10,,,0,70,,32259,10,,,0,30,,32260,10,,,0,70,,32261,10,,,0,30,,32262,10,,,0,65,,32263,10,,,0,20,,32264,10,,,0,20,,32265,10,,,0,60,,32266,10,,,0,20,,32267,10,,,0,20,,32268,10,,,0,60,,32269,10,,,0,25,,32270,10,,,0,70,,32271,10,,,0,30,,32272,10,,,0,70,,32273,10,,,0,30,,32274,10,,,0,70,,32275,10,,,0,30,,32276,10,,,0,65,,32277,10,,,0,30,,32278,10,,,0,70,,32279,10,,,0,20,,32280,10,,,0,20,,32281,10,,,0,60,,32282,10,,,0,20,,32283,10,,,0,20,,32284,10,,,0,60,,32285,10,,,0,20,,32286,10,,,0,20,,32287,10,,,0,60,,32288,10,,,0,20,,32289,10,,,0,35,,32290,10,,,0,77,,32297,10,,,0,23,,32291,10,,,0,100,,32292,10,,,0,100,,32293,10,,,0,100,,32294,10,,,0,100,,32295,10,,,0,100,,32296,10,,,0,101,,32298,10,,,0
578601,'2',526,,32333,10,,,0,30,,32326,10,,,0,70,,32327,10,,,0,30,,32325,10,,,0,70,,32328,10,,,0,30,,32324,10,,,0,71,,32299,10,,,0,30,,32323,10,,,0,70,,32322,10,,,0,30,,32321,10,,,0,70,,32320,10,,,0,30,,32319,10,,,0,70,,32318,10,,,0,30,,32317,10,,,0,70,,32316,10,,,0,30,,32315,10,,,0,70,,32314,10,,,0,30,,32313,10,,,0,70,,32312,10,,,0,30,,32311,10,,,0,70,,32310,10,,,0,30,,32309,10,,,0,70,,32308,10,,,0,30,,32307,10,,,0,70,,32306,10,,,0,30,,32305,10,,,0,70,,32304,10,,,0,30,,32303,10,,,0,100,,32302,10,,,0,100,,32301,10,,,0,100,,32300,10,,,0,100,,32329,10,,,0,100,,32330,10,,,0,100,,32331,10,,,0,100,,32332,10,,,0
578601,'3',627,,32361,10,,,0,30,,32360,10,,,0,70,,32359,10,,,0,30,,32355,10,,,0,70,,32357,10,,,0,30,,32354,10,,,0,70,,32358,10,,,0,30,,32353,10,,,0,69,,32352,10,,,0,30,,32351,10,,,0,70,,32350,10,,,0,30,,32349,10,,,0,70,,32348,10,,,0,30,,32347,10,,,0,70,,32346,10,,,0,30,,32345,10,,,0,70,,32344,10,,,0,30,,32343,10,,,0,70,,32342,10,,,0,30,,32341,10,,,0,70,,32340,10,,,0,30,,32339,10,,,0,70,,32338,10,,,0,30,,32337,10,,,0,70,,32364,10,,,0,30,,32336,10,,,0,101,,32335,10,,,0,100,,32334,10,,,0,100,,32356,10,,,0,100,,32362,10,,,0,100,,32363,10,,,0
578601,'4',753,,32365,10,,,0,100,,32366,10,,,0,100,,32367,10,,,0,100,,32368,10,,,0,100,,32369,10,,,0,100,,32370,10,,,0,100,,32371,10,,,0,100,,32372,10,,,0,100,,32373,10,,,0,100,,32374,10,,,0,100,,32375,10,,,0,100,,32376,10,,,0,100,,32377,10,,,0,100,,32378,10,,,0
578601,'6',627,,32406,10,,,0,30,,32405,10,,,0,70,,32404,10,,,0,30,,32400,10,,,0,70,,32402,10,,,0,30,,32399,10,,,0,70,,32403,10,,,0,30,,32398,10,,,0,69,,32397,10,,,0,30,,32396,10,,,0,70,,32395,10,,,0,30,,32394,10,,,0,70,,32393,10,,,0,30,,32392,10,,,0,70,,32391,10,,,0,30,,32390,10,,,0,70,,32389,10,,,0,30,,32388,10,,,0,70,,32387,10,,,0,30,,32386,10,,,0,70,,32385,10,,,0,30,,32384,10,,,0,70,,32383,10,,,0,30,,32382,10,,,0,70,,32409,10,,,0,30,,32381,10,,,0,101,,32380,10,,,0,100,,32379,10,,,0,100,,32401,10,,,0,100,,32407,10,,,0,100,,32408,10,,,0
578701,'703',1053,,32417,18,,,0,100,,32422,18,,,0,100,,32423,18,,,0,100,,32418,18,,,0,100,,32419,18,,,0,100,,32420,18,,,0,100,,32421,18,,,0
