578301,'1601',1636,,31010,40,0,17 18 4 19,0
578301,'1',521,,31013,40,0,20 4 12 13,0,10,,31014,46,0,33 4 34,0,10,,31015,34,0,29 30 6,0,15,,31016,40,0,20 4 12 13,0,50,,31017,46,0,33 4 34,0,4,,31018,34,0,29 30 6,0,12,,31019,40,0,20 4 12 13,0,7,,31020,46,0,33 4 34,0,8,,31021,34,0,29 30 6,0,7,,31022,46,0,33 4 34,0,8,,31023,40,0,20 4 12 13,0,7,,31024,46,0,33 4 34,0,48,,31025,34,0,29 30 6,0,7,,31026,46,0,33 4 34,0,8,,31027,40,0,20 4 12 13,0,7,,31028,46,0,33 4 34,0,8,,31029,34,0,29 30 6,0,7,,31030,46,0,33 4 34,0,8,,31031,40,0,20 4 12 13,0,7,,31032,46,0,33 4 34,0,48,,31033,34,0,29 30 6,0,7,,31034,46,0,33 4 34,0,8,,31035,40,0,20 4 12 13,0,7,,31036,46,0,33 4 34,0,8,,31037,34,0,29 30 6,0,7,,31038,46,0,33 4 34,0,8,,31039,40,0,20 4 12 13,0,7,,31040,46,0,33 4 34,0,48,,31041,34,0,29 30 6,0,7,,31042,46,0,33 4 34,0,8,,31043,40,0,20 4 12 13,0,7,,31044,46,0,33 4 34,0,8,,31045,34,0,29 30 6,0,7,,31046,46,0,33 4 34,0,8,,31047,40,0,20 4 12 13,0,7,,31048,46,0,17 18 4 19,0,48,,31049,34,0,29 30 6,0,8,,31050,46,0,33 4 34,0,10,,31051,40,0,20 4 12 13,0,10,,31052,34,0,29 30 6,0,10,,31053,46,0,33 4 34,0,10,,31054,40,0,20 4 12 13,0,50,,31055,34,0,29 30 6,0,10,,31056,46,0,33 4 34,0,10,,31057,40,0,20 4 12 13,0,10,,31058,34,0,29 30 6,0,10,,31059,46,0,33 4 34,0,10,,31060,40,0,20 4 12 13,0,50,,31061,34,0,29 30 6,0,10,,31062,46,0,33 4 34,0,10,,31063,40,0,20 4 12 13,0,10,,31064,34,0,29 30 6,0,10,,31065,46,0,33 4 34,0,10,,31066,40,0,20 4 12 13,0,50,,31067,34,0,29 30 6,0,10,,31068,46,0,33 4 34,0,10,,31069,40,0,20 4 12 13,0,10,,31070,34,0,29 30 6,0,10,,31071,46,0,33 4 34,0,10,,31072,40,0,20 4 12 13,0,49,,31073,34,0,29 30 6,0,10,,31074,46,0,33 4 34,0,10,,31075,40,0,20 4 12 13,0,8,,31076,46,0,33 4 34,0,8,,31077,34,0,29 30 6,0,7,,31078,46,0,33 4 34,0,8,,31079,40,0,20 4 12 13,0,47,,31080,46,0,33 4 34,0,8,,31081,34,0,29 30 6,0,7,,31082,46,0,33 4 34,0,8,,31083,40,0,20 4 12 13,0,7,,31084,46,0,33 4 34,0,8,,31085,34,0,29 30 6,0,7,,31086,46,0,33 4 34,0,8,,31087,40,0,20 4 12 13,0,47,,31088,46,0,33 4 34,0,8,,31089,34,0,29 30 6,0,7,,31090,46,0,33 4 34,0,8,,31091,40,0,20 4 12 13,0,7,,31092,46,0,33 4 34,0,8,,31093,34,0,29 30 6,0,7,,31094,46,0,33 4 34,0,8,,31095,40,0,20 4 12 13,0,47,,31096,46,0,33 4 34,0,8,,31097,34,0,29 30 6,0,7,,31098,46,0,33 4 34,0,8,,31099,40,0,20 4 12 13,0,7,,31100,46,0,33 4 34,0,7,,31101,34,0,29 30 6,0,7,,31102,46,0,33 4 34,0,7,,31103,40,0,20 4 12 13,0,47,,31104,46,0,33 4 34,0,6,,31105,34,0,29 30 6,0,9,,31106,46,0,33 4 34,0,7,,31107,40,0,20 4 12 13,0,7,,31108,46,0,17 18 4 19,0,9,,31109,34,0,29 30 6,0,8,,31110,46,0,33 4 34,0,9,,31111,40,0,20 4 12 13,0,47,,31112,46,0,17 18 4 19,0,10,,31113,34,0,29 30 6,0,8,,31114,46,0,33 4 34,0,8,,31115,40,0,20 4 12 13,0,8,,31116,34,0,29 30 6,0,8,,31117,46,0,33 4 34,0,8,,31118,40,0,20 4 12 13,0,48,,31119,40,0,17 18 4 19,0,10,,31120,34,0,29 30 6,0,10,,31121,46,0,33 4 34,0,10,,31122,40,0,20 4 12 13,0,10,,31123,34,0,29 30 6,0,10,,31124,46,0,33 4 34,0,50,,31125,34,0,29 30 6,0,10,,31126,40,0,20 4 12 13,0,10,,31127,46,0,33 4 34,0,10,,31128,40,0,20 4 12 13,0,10,,31129,34,0,29 30 6,0,10,,31130,46,0,33 4 34,0,9,,31131,40,0,20 4 12 13,0,50,,31132,46,0,33 4 34,0,15,,31133,34,0,29 30 6,0,15,,31134,40,0,20 4 12 13,0,15,,31135,46,0,33 4 34,0,5,,31136,40,0,17 18 4 19,0,50,,31137,34,0,29 30 6,0,15,,31138,40,0,20 4 12 13,0,15,,31139,46,0,33 4 34,0,15,,31140,34,0,29 30 6,0,55,,31141,40,0,20 4 12 13,0,10,,31142,46,0,33 4 34,0,30,,31143,40,0,20 4 12 13,0,55,,31144,46,0,33 4 34,0,10,,31145,34,0,29 30 6,0,22,,31146,40,0,17 18 4 19,0,11,,31147,34,0,17 18 4 19,0,77,,31148,40,0,17 18 4 19,0
578301,'2',453,,31150,40,0,20 4 12 13,0,50,,31151,46,0,33 4 34,0,12,,31152,40,0,20 4 12 13,0,12,,31153,34,0,29 30 6,0,12,,31154,46,0,33 4 34,0,12,,31155,40,0,20 4 12 13,0,52,,31156,34,0,29 30 6,0,12,,31157,46,0,33 4 34,0,12,,31158,40,0,20 4 12 13,0,12,,31159,34,0,29 30 6,0,12,,31160,46,0,33 4 34,0,52,,31161,40,0,20 4 12 13,0,12,,31162,34,0,29 30 6,0,12,,31163,46,0,33 4 34,0,12,,31164,40,0,20 4 12 13,0,12,,31165,34,0,29 30 6,0,51,,31166,46,0,33 4 34,0,12,,31167,40,0,20 4 12 13,0,12,,31168,34,0,29 30 6,0,12,,31169,46,0,33 4 34,0,12,,31170,40,0,20 4 12 13,0,52,,31171,34,0,29 30 6,0,12,,31172,46,0,33 4 34,0,12,,31173,40,0,20 4 12 13,0,12,,31174,34,0,29 30 6,0,12,,31175,46,0,33 4 34,0,52,,31176,40,0,20 4 12 13,0,12,,31177,34,0,29 30 6,0,12,,31178,46,0,33 4 34,0,12,,31179,40,0,20 4 12 13,0,12,,31180,34,0,29 30 6,0,52,,31181,46,0,33 4 34,0,12,,31182,40,0,20 4 12 13,0,12,,31183,34,0,29 30 6,0,12,,31184,46,0,33 4 34,0,12,,31185,40,0,20 4 12 13,0,52,,31186,34,0,29 30 6,0,12,,31187,46,0,33 4 34,0,12,,31188,40,0,20 4 12 13,0,12,,31189,34,0,29 30 6,0,12,,31190,46,0,33 4 34,0,52,,31191,40,0,20 4 12 13,0,12,,31192,34,0,29 30 6,0,12,,31193,46,0,33 4 34,0,12,,31194,40,0,20 4 12 13,0,12,,31195,34,0,29 30 6,0,52,,31196,46,0,33 4 34,0,12,,31197,40,0,20 4 12 13,0,12,,31198,34,0,29 30 6,0,12,,31199,46,0,33 4 34,0,12,,31200,40,0,20 4 12 13,0,52,,31201,34,0,29 30 6,0,12,,31202,46,0,33 4 34,0,12,,31203,40,0,20 4 12 13,0,12,,31204,34,0,29 30 6,0,12,,31205,46,0,33 4 34,0,52,,31206,40,0,20 4 12 13,0,12,,31207,34,0,29 30 6,0,12,,31208,46,0,33 4 34,0,12,,31209,40,0,20 4 12 13,0,12,,31210,34,0,29 30 6,0,52,,31211,46,0,33 4 34,0,12,,31212,40,0,20 4 12 13,0,12,,31213,34,0,29 30 6,0,12,,31214,46,0,33 4 34,0,12,,31215,40,0,20 4 12 13,0,52,,31216,34,0,29 30 6,0,12,,31217,46,0,33 4 34,0,12,,31218,40,0,20 4 12 13,0,12,,31219,34,0,29 30 6,0,12,,31220,46,0,33 4 34,0,52,,31221,40,0,20 4 12 13,0,12,,31222,34,0,29 30 6,0,13,,31223,46,0,33 4 34,0,12,,31224,40,0,20 4 12 13,0,12,,31225,34,0,29 30 6,0,52,,31226,46,0,33 4 34,0,12,,31227,40,0,20 4 12 13,0,12,,31228,34,0,29 30 6,0,12,,31229,46,0,33 4 34,0,16,,31230,40,0,20 4 12 13,0,55,,31231,34,0,29 30 6,0,15,,31232,46,0,33 4 34,0,15,,31233,40,0,20 4 12 13,0,15,,31234,46,0,33 4 34,0,55,,31235,34,0,29 30 6,0,15,,31236,40,0,20 4 12 13,0,15,,31237,46,0,33 4 34,0,15,,31238,34,0,29 30 6,0,55,,31239,40,0,20 4 12 13,0,15,,31240,46,0,33 4 34,0,15,,31241,34,0,29 30 6,0,15,,31242,40,0,20 4 12 13,0,55,,31243,46,0,33 4 34,0,15,,31244,34,0,29 30 6,0,15,,31245,40,0,20 4 12 13,0,60,,31246,46,0,33 4 34,0,15,,31247,34,0,29 30 6,0,3,,31248,40,0,17 18 4 19,0,28,,31249,40,0,17 18 4 19,0,11,,31250,34,0,17 18 4 19,0
578301,'3',540,,31254,46,0,33 4 34,0,15,,31256,40,0,20 4 12 13,0,55,,31257,34,0,29 30 6,0,15,,31258,46,0,33 4 34,0,15,,31259,40,0,20 4 12 13,0,15,,31260,34,0,29 30 6,0,55,,31261,46,0,33 4 34,0,15,,31262,40,0,20 4 12 13,0,15,,31263,34,0,29 30 6,0,15,,31264,46,0,33 4 34,0,55,,31265,40,0,20 4 12 13,0,15,,31266,34,0,29 30 6,0,15,,31267,46,0,33 4 34,0,15,,31268,40,0,20 4 12 13,0,55,,31269,34,0,29 30 6,0,15,,31270,46,0,33 4 34,0,13,,31271,40,0,20 4 12 13,0,12,,31272,34,0,29 30 6,0,51,,31273,46,0,33 4 34,0,12,,31274,40,0,20 4 12 13,0,12,,31275,34,0,29 30 6,0,12,,31276,46,0,33 4 34,0,12,,31277,40,0,20 4 12 13,0,52,,31278,34,0,29 30 6,0,12,,31279,46,0,33 4 34,0,12,,31280,40,0,20 4 12 13,0,12,,31281,34,0,29 30 6,0,12,,31282,46,0,33 4 34,0,52,,31283,40,0,20 4 12 13,0,12,,31284,34,0,29 30 6,0,12,,31285,46,0,33 4 34,0,12,,31286,40,0,20 4 12 13,0,12,,31287,34,0,29 30 6,0,52,,31288,46,0,33 4 34,0,12,,31289,40,0,20 4 12 13,0,12,,31290,34,0,29 30 6,0,12,,31291,46,0,33 4 34,0,12,,31292,40,0,20 4 12 13,0,52,,31293,34,0,29 30 6,0,12,,31294,46,0,33 4 34,0,12,,31295,40,0,20 4 12 13,0,12,,31296,34,0,29 30 6,0,12,,31297,46,0,33 4 34,0,52,,31298,40,0,20 4 12 13,0,12,,31299,34,0,29 30 6,0,12,,31300,46,0,33 4 34,0,12,,31301,40,0,20 4 12 13,0,12,,31302,34,0,29 30 6,0,52,,31303,46,0,33 4 34,0,12,,31304,40,0,20 4 12 13,0,12,,31305,34,0,29 30 6,0,12,,31306,46,0,33 4 34,0,12,,31307,40,0,20 4 12 13,0,52,,31308,34,0,29 30 6,0,12,,31309,46,0,33 4 34,0,12,,31310,40,0,20 4 12 13,0,12,,31311,34,0,29 30 6,0,12,,31312,46,0,33 4 34,0,52,,31313,40,0,20 4 12 13,0,12,,31314,34,0,29 30 6,0,12,,31315,46,0,33 4 34,0,12,,31316,40,0,20 4 12 13,0,12,,31317,34,0,29 30 6,0,52,,31318,46,0,33 4 34,0,11,,31319,40,0,20 4 12 13,0,12,,31320,34,0,29 30 6,0,15,,31321,46,0,33 4 34,0,15,,31322,40,0,20 4 12 13,0,55,,31323,34,0,29 30 6,0,15,,31324,46,0,33 4 34,0,15,,31325,40,0,20 4 12 13,0,15,,31326,34,0,29 30 6,0,55,,31327,46,0,33 4 34,0,15,,31328,40,0,20 4 12 13,0,15,,31329,34,0,29 30 6,0,16,,31330,46,0,33 4 34,0,55,,31331,40,0,20 4 12 13,0,14,,31332,34,0,29 30 6,0,16,,31333,46,0,33 4 34,0,15,,31334,40,0,20 4 12 13,0,54,,31335,34,0,29 30 6,0,16,,31336,46,0,33 4 34,0,15,,31337,40,0,20 4 12 13,0,14,,31339,34,0,29 30 6,0,1,,31338,46,0,33 4 34,0,72,,31340,34,0,17 18 4 19,0,20,,31341,40,0,17 18 4 19,0
578301,'4',548,,31407,46,0,33 4 34,0,62,,31345,40,0,20 4 12 13,0,4,,31344,46,0,33 4 34,0,11,,31346,34,0,29 30 6,0,15,,31347,46,0,33 4 34,0,15,,31348,40,0,20 4 12 13,0,55,,31349,34,0,29 30 6,0,15,,31350,46,0,33 4 34,0,15,,31351,40,0,20 4 12 13,0,15,,31352,34,0,29 30 6,0,55,,31353,46,0,33 4 34,0,15,,31354,40,0,20 4 12 13,0,15,,31355,34,0,29 30 6,0,15,,31356,46,0,33 4 34,0,55,,31357,40,0,20 4 12 13,0,15,,31358,34,0,29 30 6,0,15,,31359,46,0,33 4 34,0,14,,31360,40,0,20 4 12 13,0,55,,31361,34,0,29 30 6,0,15,,31362,46,0,33 4 34,0,15,,31363,40,0,20 4 12 13,0,15,,31364,34,0,29 30 6,0,55,,31365,46,0,33 4 34,0,15,,31366,40,0,20 4 12 13,0,15,,31367,34,0,29 30 6,0,15,,31368,46,0,33 4 34,0,55,,31369,40,0,20 4 12 13,0,15,,31370,34,0,29 30 6,0,15,,31371,46,0,33 4 34,0,15,,31372,40,0,20 4 12 13,0,55,,31373,34,0,29 30 6,0,15,,31374,46,0,33 4 34,0,15,,31375,40,0,20 4 12 13,0,15,,31376,34,0,29 30 6,0,55,,31377,46,0,33 4 34,0,15,,31378,40,0,20 4 12 13,0,15,,31379,34,0,29 30 6,0,15,,31380,46,0,33 4 34,0,55,,31381,40,0,20 4 12 13,0,15,,31382,34,0,29 30 6,0,15,,31383,46,0,33 4 34,0,15,,31384,40,0,20 4 12 13,0,55,,31385,34,0,29 30 6,0,15,,31386,46,0,33 4 34,0,15,,31387,40,0,20 4 12 13,0,15,,31388,34,0,29 30 6,0,55,,31389,46,0,33 4 34,0,15,,31390,40,0,20 4 12 13,0,15,,31391,34,0,29 30 6,0,16,,31392,46,0,33 4 34,0,55,,31393,40,0,20 4 12 13,0,15,,31394,34,0,29 30 6,0,15,,31395,46,0,33 4 34,0,15,,31396,40,0,20 4 12 13,0,55,,31397,34,0,29 30 6,0,15,,31398,46,0,33 4 34,0,15,,31399,40,0,20 4 12 13,0,15,,31400,34,0,29 30 6,0,55,,31401,46,0,33 4 34,0,15,,31402,40,0,20 4 12 13,0,15,,31403,34,0,29 30 6,0,15,,31404,40,0,17 18 4 19,0,0,,31405,46,0,33 4 34,0
578301,'6',540,,31411,46,0,33 4 34,0,15,,31413,40,0,20 4 12 13,0,55,,31414,34,0,29 30 6,0,15,,31415,46,0,33 4 34,0,15,,31416,40,0,20 4 12 13,0,15,,31417,34,0,29 30 6,0,55,,31418,46,0,33 4 34,0,15,,31419,40,0,20 4 12 13,0,15,,31420,34,0,29 30 6,0,15,,31421,46,0,33 4 34,0,55,,31422,40,0,20 4 12 13,0,15,,31423,34,0,29 30 6,0,15,,31424,46,0,33 4 34,0,15,,31425,40,0,20 4 12 13,0,55,,31426,34,0,29 30 6,0,15,,31427,46,0,33 4 34,0,13,,31428,40,0,20 4 12 13,0,12,,31429,34,0,29 30 6,0,51,,31430,46,0,33 4 34,0,12,,31431,40,0,20 4 12 13,0,12,,31432,34,0,29 30 6,0,12,,31433,46,0,33 4 34,0,12,,31434,40,0,20 4 12 13,0,52,,31435,34,0,29 30 6,0,12,,31436,46,0,33 4 34,0,12,,31437,40,0,20 4 12 13,0,12,,31438,34,0,29 30 6,0,12,,31439,46,0,33 4 34,0,52,,31440,40,0,20 4 12 13,0,12,,31441,34,0,29 30 6,0,12,,31442,46,0,33 4 34,0,12,,31443,40,0,20 4 12 13,0,12,,31444,34,0,29 30 6,0,52,,31445,46,0,33 4 34,0,12,,31446,40,0,20 4 12 13,0,12,,31447,34,0,29 30 6,0,12,,31448,46,0,33 4 34,0,12,,31449,40,0,20 4 12 13,0,52,,31450,34,0,29 30 6,0,12,,31451,46,0,33 4 34,0,12,,31452,40,0,20 4 12 13,0,12,,31453,34,0,29 30 6,0,12,,31454,46,0,33 4 34,0,52,,31455,40,0,20 4 12 13,0,12,,31456,34,0,29 30 6,0,12,,31457,46,0,33 4 34,0,12,,31458,40,0,20 4 12 13,0,12,,31459,34,0,29 30 6,0,52,,31460,46,0,33 4 34,0,12,,31461,40,0,20 4 12 13,0,12,,31462,34,0,29 30 6,0,12,,31463,46,0,33 4 34,0,12,,31464,40,0,20 4 12 13,0,52,,31465,34,0,29 30 6,0,12,,31466,46,0,33 4 34,0,12,,31467,40,0,20 4 12 13,0,12,,31468,34,0,29 30 6,0,12,,31469,46,0,33 4 34,0,52,,31470,40,0,20 4 12 13,0,12,,31471,34,0,29 30 6,0,12,,31472,46,0,33 4 34,0,12,,31473,40,0,20 4 12 13,0,12,,31474,34,0,29 30 6,0,52,,31475,46,0,33 4 34,0,11,,31476,40,0,20 4 12 13,0,12,,31477,34,0,29 30 6,0,15,,31478,46,0,33 4 34,0,15,,31479,40,0,20 4 12 13,0,55,,31480,34,0,29 30 6,0,15,,31481,46,0,33 4 34,0,15,,31482,40,0,20 4 12 13,0,15,,31483,34,0,29 30 6,0,55,,31484,46,0,33 4 34,0,15,,31485,40,0,20 4 12 13,0,15,,31486,34,0,29 30 6,0,16,,31487,46,0,33 4 34,0,55,,31488,40,0,20 4 12 13,0,14,,31489,34,0,29 30 6,0,16,,31490,46,0,33 4 34,0,15,,31491,40,0,20 4 12 13,0,54,,31492,34,0,29 30 6,0,16,,31493,46,0,33 4 34,0,15,,31494,40,0,20 4 12 13,0,14,,31496,34,0,29 30 6,0,1,,31495,46,0,33 4 34,0,72,,31497,34,0,17 18 4 19,0,20,,31498,40,0,17 18 4 19,0
578501,'1',531,,31956,12,,,0,70,,31957,12,,,0,30,,31958,12,,,0,70,,31959,12,,,0,28,,31960,12,,,0,25,,31961,12,,,0,60,,31962,12,,,0,20,,31963,12,,,0,20,,31964,12,,,0,60,,31965,12,,,0,20,,31966,12,,,0,66,,31967,12,,,0,25,,31968,12,,,0,30,,31969,12,,,0,70,,31970,12,,,0,30,,31971,12,,,0,70,,31972,12,,,0,30,,31973,12,,,0,70,,31974,12,,,0,30,,31975,12,,,0,70,,31976,12,,,0,20,,31977,12,,,0,60,,31978,12,,,0,20,,31979,12,,,0,20,,31980,12,,,0,60,,31981,12,,,0,20,,31982,12,,,0,20,,31983,12,,,0,60,,31984,12,,,0,20,,31985,12,,,0,20,,31986,12,,,0,70,,31987,12,,,0,35,,31988,12,,,0,71,,31989,12,,,0,100,,31990,12,,,0,100,,31991,12,,,0,100,,31992,12,,,0,105,,31993,12,,,0,100,,31994,12,,,0,100,,31995,12,,,0
578501,'2',520,,32029,12,,,0,30,,32028,12,,,0,70,,31996,12,,,0,30,,32022,12,,,0,70,,31997,12,,,0,30,,32024,12,,,0,70,,31998,12,,,0,30,,32023,12,,,0,70,,31999,12,,,0,30,,32000,12,,,0,70,,32001,12,,,0,30,,32002,12,,,0,70,,32003,12,,,0,30,,32004,12,,,0,70,,32005,12,,,0,30,,32006,12,,,0,70,,32007,12,,,0,30,,32008,12,,,0,70,,32009,12,,,0,30,,32010,12,,,0,70,,32011,12,,,0,30,,32012,12,,,0,70,,32013,12,,,0,30,,32014,12,,,0,70,,32015,12,,,0,30,,32016,12,,,0,70,,32017,12,,,0,105,,32018,12,,,0,102,,32019,12,,,0,100,,32020,12,,,0,99,,32021,12,,,0,100,,32025,12,,,0,100,,32026,12,,,0,100,,32027,12,,,0
578501,'3',624,,32059,12,,,0,30,,32032,12,,,0,70,,32053,12,,,0,30,,32054,12,,,0,70,,32033,12,,,0,30,,32055,12,,,0,70,,32034,12,,,0,30,,32056,12,,,0,67,,32035,12,,,0,30,,32036,12,,,0,70,,32037,12,,,0,30,,32038,12,,,0,70,,32039,12,,,0,30,,32040,12,,,0,70,,32041,12,,,0,30,,32042,12,,,0,70,,32043,12,,,0,30,,32044,12,,,0,70,,32045,12,,,0,30,,32046,12,,,0,70,,32047,12,,,0,30,,32048,12,,,0,70,,32049,12,,,0,30,,32060,12,,,0,70,,32050,12,,,0,100,,32051,12,,,0,100,,32052,12,,,0,100,,32030,12,,,0,102,,32031,12,,,0,100,,32057,12,,,0,100,,32058,12,,,0
578501,'4',708,,32061,12,,,0,100,,32062,12,,,0,97,,32063,12,,,0,101,,32064,12,,,0,100,,32065,12,,,0,100,,32066,12,,,0,100,,32067,12,,,0,100,,32068,12,,,0,100,,32069,12,,,0,100,,32070,12,,,0,100,,32071,12,,,0,100,,32072,12,,,0,100,,32073,12,,,0,100,,32074,12,,,0
578501,'6',624,,32104,12,,,0,30,,32077,12,,,0,70,,32098,12,,,0,30,,32099,12,,,0,70,,32078,12,,,0,30,,32100,12,,,0,70,,32079,12,,,0,30,,32101,12,,,0,67,,32080,12,,,0,30,,32081,12,,,0,70,,32082,12,,,0,30,,32083,12,,,0,70,,32084,12,,,0,30,,32085,12,,,0,70,,32086,12,,,0,30,,32087,12,,,0,70,,32088,12,,,0,30,,32089,12,,,0,70,,32090,12,,,0,30,,32091,12,,,0,70,,32092,12,,,0,30,,32093,12,,,0,70,,32094,12,,,0,30,,32105,12,,,0,70,,32095,12,,,0,100,,32096,12,,,0,100,,32097,12,,,0,100,,32075,12,,,0,102,,32076,12,,,0,100,,32102,12,,,0,100,,32103,12,,,0
580801,'14601',530,,39528,35,,,0,20,,39522,35,,,0,60,,39523,35,,,0,20,,39524,35,,,0,20,,39525,35,,,0,60,,39526,35,,,0,20,,39527,35,,,0,20,,39520,35,,,0,59,,39521,35,,,0,10,,39423,35,,,0,10,,39454,35,,,0,10,,39424,35,,,0,8,,39455,35,,,0,7,,39425,35,,,0,48,,39456,35,,,0,9,,39426,35,,,0,8,,39457,35,,,0,9,,39427,35,,,0,8,,39458,35,,,0,5,,39428,35,,,0,8,,39459,35,,,0,7,,39460,35,,,0,48,,39461,35,,,0,13,,39462,35,,,0,12,,39429,35,,,0,10,,39430,35,,,0,10,,39431,35,,,0,10,,39432,35,,,0,50,,39433,35,,,0,10,,39434,35,,,0,10,,39435,35,,,0,10,,39436,35,,,0,10,,39437,35,,,0,10,,39438,35,,,0,50,,39439,35,,,0,10,,39440,35,,,0,10,,39441,35,,,0,10,,39442,35,,,0,10,,39443,35,,,0,10,,39444,35,,,0,50,,39445,35,,,0,10,,39446,35,,,0,10,,39447,35,,,0,10,,39448,35,,,0,10,,39449,35,,,0,10,,39450,35,,,0,50,,39451,35,,,0,10,,39452,35,,,0,10,,39453,35,,,0,10,,39488,35,,,0,9,,39489,35,,,0,8,,39492,35,,,0,47,,39490,35,,,0,8,,39493,35,,,0,7,,39491,35,,,0,8,,39463,35,,,0,7,,39476,35,,,0,8,,39464,35,,,0,7,,39477,35,,,0,8,,39465,35,,,0,47,,39478,35,,,0,8,,39466,35,,,0,7,,39479,35,,,0,8,,39467,35,,,0,7,,39480,35,,,0,8,,39468,35,,,0,7,,39481,35,,,0,8,,39469,35,,,0,47,,39482,35,,,0,8,,39470,35,,,0,7,,39483,35,,,0,8,,39471,35,,,0,7,,39484,35,,,0,8,,39472,35,,,0,7,,39485,35,,,0,8,,39473,35,,,0,48,,39486,35,,,0,8,,39474,35,,,0,7,,39487,35,,,0,8,,39475,35,,,0,8,,39503,35,,,0,10,,39504,35,,,0,10,,39505,35,,,0,50,,39506,35,,,0,10,,39507,35,,,0,10,,39494,35,,,0,13,,39495,35,,,0,15,,39496,35,,,0,55,,39498,35,,,0,15,,39499,35,,,0,15,,39500,35,,,0,15,,39501,35,,,0,55,,39502,35,,,0,15,,39497,35,,,0,15,,39515,35,,,0,15,,39516,35,,,0,55,,39519,35,,,0,17,,39517,35,,,0,22,,39518,35,,,0,70,,39508,35,,,0,30,,39509,35,,,0,70,,39510,35,,,0,30,,39511,35,,,0,70,,39512,35,,,0,30,,39513,35,,,0,70,,39514,35,,,0
580801,'14602',546,,39559,35,,,0,70,,39560,35,,,0,30,,39561,35,,,0,70,,39562,35,,,0,30,,39563,35,,,0,70,,39564,35,,,0,30,,39565,35,,,0,70,,39566,35,,,0,30,,39567,35,,,0,70,,39568,35,,,0,30,,39569,35,,,0,70,,39570,35,,,0,30,,39558,35,,,0,70,,39541,35,,,0,30,,39542,35,,,0,70,,39543,35,,,0,30,,39544,35,,,0,70,,39545,35,,,0,30,,39546,35,,,0,70,,39547,35,,,0,30,,39548,35,,,0,70,,39549,35,,,0,30,,39550,35,,,0,70,,39551,35,,,0,30,,39552,35,,,0,70,,39553,35,,,0,30,,39554,35,,,0,70,,39555,35,,,0,30,,39556,35,,,0,70,,39557,35,,,0,30,,39540,35,,,0,70,,39539,35,,,0,30,,39538,35,,,0,70,,39537,35,,,0,31,,39536,35,,,0,70,,39535,35,,,0,30,,39534,35,,,0,70,,39533,35,,,0,30,,39532,35,,,0,70,,39531,35,,,0,30,,39530,35,,,0,70,,39529,35,,,0
580801,'14603',646,,39596,35,,,0,70,,39597,35,,,0,30,,39598,35,,,0,70,,39599,35,,,0,30,,39600,35,,,0,70,,39601,35,,,0,30,,39602,35,,,0,70,,39603,35,,,0,30,,39604,35,,,0,70,,39605,35,,,0,30,,39571,35,,,0,70,,39588,35,,,0,30,,39587,35,,,0,70,,39586,35,,,0,30,,39585,35,,,0,70,,39584,35,,,0,30,,39583,35,,,0,70,,39582,35,,,0,30,,39581,35,,,0,70,,39580,35,,,0,30,,39579,35,,,0,70,,39578,35,,,0,30,,39577,35,,,0,70,,39576,35,,,0,30,,39575,35,,,0,70,,39574,35,,,0,30,,39573,35,,,0,70,,39572,35,,,0,30,,39589,35,,,0,70,,39590,35,,,0,30,,39591,35,,,0,70,,39592,35,,,0,31,,39593,35,,,0,70,,39594,35,,,0,30,,39595,35,,,0,70,,39606,35,,,0
580801,'14604',646,,39627,35,,,0,70,,39628,35,,,0,30,,39629,35,,,0,70,,39630,35,,,0,30,,39631,35,,,0,70,,39632,35,,,0,30,,39633,35,,,0,70,,39634,35,,,0,30,,39635,35,,,0,70,,39636,35,,,0,30,,39607,35,,,0,70,,39624,35,,,0,30,,39623,35,,,0,70,,39622,35,,,0,30,,39621,35,,,0,70,,39620,35,,,0,30,,39619,35,,,0,70,,39618,35,,,0,30,,39617,35,,,0,70,,39616,35,,,0,30,,39615,35,,,0,70,,39614,35,,,0,30,,39613,35,,,0,70,,39612,35,,,0,30,,39611,35,,,0,70,,39610,35,,,0,30,,39609,35,,,0,70,,39608,35,,,0,30,,39625,35,,,0,70,,39626,35,,,0
580801,'14606',646,,39662,35,,,0,70,,39663,35,,,0,30,,39664,35,,,0,70,,39665,35,,,0,30,,39666,35,,,0,70,,39667,35,,,0,30,,39668,35,,,0,70,,39669,35,,,0,30,,39670,35,,,0,70,,39671,35,,,0,30,,39637,35,,,0,70,,39654,35,,,0,30,,39653,35,,,0,70,,39652,35,,,0,30,,39651,35,,,0,70,,39650,35,,,0,30,,39649,35,,,0,70,,39648,35,,,0,30,,39647,35,,,0,70,,39646,35,,,0,30,,39645,35,,,0,70,,39644,35,,,0,30,,39643,35,,,0,70,,39642,35,,,0,30,,39641,35,,,0,70,,39640,35,,,0,30,,39639,35,,,0,70,,39638,35,,,0,30,,39655,35,,,0,70,,39656,35,,,0,30,,39657,35,,,0,70,,39658,35,,,0,31,,39659,35,,,0,70,,39660,35,,,0,30,,39661,35,,,0,70,,39672,35,,,0
582800,'1',704,,40229,29,,,0,15,,40231,29,,,0,15,,40233,29,,,0,15,,40235,29,,,0,55,,40237,29,,,0,15,,40239,29,,,0,15,,40241,29,,,0,15,,40243,29,,,0,54,,40245,29,,,0,13,,40247,29,,,0,12,,40249,29,,,0,12,,40251,29,,,0,12,,40253,29,,,0,52,,40255,29,,,0,12,,40257,29,,,0,12,,40259,29,,,0,12,,40261,29,,,0,12,,40263,29,,,0,52,,40265,29,,,0,12,,40267,29,,,0,12,,40269,29,,,0,12,,40271,29,,,0,12,,40273,29,,,0,52,,40275,29,,,0,12,,40277,29,,,0,12,,40279,29,,,0,12,,40281,29,,,0,12,,40283,29,,,0,52,,40285,29,,,0,12,,40287,29,,,0,12,,40289,29,,,0,12,,40291,29,,,0,12,,40293,29,,,0,52,,40295,29,,,0,10,,40297,29,,,0,12,,40299,29,,,0,12,,40301,29,,,0,12,,40303,29,,,0,52,,40305,29,,,0,12,,40307,29,,,0,12,,40309,29,,,0,12,,40311,29,,,0,12,,40313,29,,,0,53,,40315,29,,,0,12,,40317,29,,,0,12,,40319,29,,,0,12,,40321,29,,,0,12,,40323,29,,,0,52,,40325,29,,,0,12,,40327,29,,,0,12,,40329,29,,,0,13,,40331,29,,,0,12,,40333,29,,,0,52,,40335,29,,,0,12,,40337,29,,,0,12,,40215,29,,,0,12,,40339,29,,,0,12,,40341,29,,,0
582900,'1',616,,41003,6,,,0,10,,41004,6,,,0,10,,41005,6,,,0,10,,41006,6,,,0,10,,41007,6,,,0,49,,41008,6,,,0,10,,41009,6,,,0,10,,41010,6,,,0,10,,41011,6,,,0,10,,41012,6,,,0,10,,41013,6,,,0,50,,41014,6,,,0,10,,41015,6,,,0,10,,41016,6,,,0,10,,41017,6,,,0,10,,41018,6,,,0,10,,41019,6,,,0,50,,41020,6,,,0,10,,41021,6,,,0,10,,41022,6,,,0,10,,41023,6,,,0,10,,41024,6,,,0,10,,41025,6,,,0,50,,41026,6,,,0,10,,41027,6,,,0,11,,41028,6,,,0,12,,41029,6,,,0,12,,41030,6,,,0,52,,41031,6,,,0,12,,41032,6,,,0,12,,41033,6,,,0,12,,41034,6,,,0,12,,41035,6,,,0,52,,41036,6,,,0,12,,41037,6,,,0,12,,41038,6,,,0,12,,41039,6,,,0,12,,41040,6,,,0,52,,41041,6,,,0,12,,41042,6,,,0,12,,41043,6,,,0,12,,41044,6,,,0,12,,41045,6,,,0,51,,41046,6,,,0,12,,41047,6,,,0,12,,41048,6,,,0,10,,41049,6,,,0,10,,41050,6,,,0,10,,41051,6,,,0,50,,41052,6,,,0,10,,41053,6,,,0,10,,41054,6,,,0,10,,41055,6,,,0,10,,41056,6,,,0,10,,41057,6,,,0,50,,41058,6,,,0,10,,41059,6,,,0,10,,41060,6,,,0,10,,41061,6,,,0,10,,41062,6,,,0,10,,41063,6,,,0,50,,41064,6,,,0,10,,41065,6,,,0,10,,41066,6,,,0,10,,41067,6,,,0,10,,41068,6,,,0,10,,41069,6,,,0,50,,41070,6,,,0,10,,41071,6,,,0,10,,41072,6,,,0,10,,41073,6,,,0,10,,41074,6,,,0,10,,41075,6,,,0,52,,41076,6,,,0,10,,41077,6,,,0,12,,41078,6,,,0,12,,41079,6,,,0,12,,41080,6,,,0,52,,41081,6,,,0,12,,41082,6,,,0,12,,41083,6,,,0,12,,41084,6,,,0,12,,41085,6,,,0,52,,41086,6,,,0,12,,41087,6,,,0,12,,41088,6,,,0,12,,41089,6,,,0,12,,41090,6,,,0,56,,41091,6,,,0,30,,41092,6,,,0,70,,41093,6,,,0,30,,41094,6,,,0,70,,41095,6,,,0,30,,41096,6,,,0,79,,41097,6,,,0
582900,'2',825,,41186,6,,,0,10,,41183,6,,,0,10,,41182,6,,,0,10,,41181,6,,,0,50,,41180,6,,,0,10,,41179,6,,,0,10,,41178,6,,,0,10,,41177,6,,,0,10,,41176,6,,,0,10,,41175,6,,,0,50,,41174,6,,,0,10,,41173,6,,,0,10,,41172,6,,,0,10,,41171,6,,,0,10,,41170,6,,,0,10,,41169,6,,,0,50,,41168,6,,,0,10,,41167,6,,,0,10,,41166,6,,,0,10,,41165,6,,,0,10,,41164,6,,,0,10,,41163,6,,,0,50,,41162,6,,,0,10,,41161,6,,,0,10,,41160,6,,,0,10,,41159,6,,,0,10,,41158,6,,,0,10,,41157,6,,,0,50,,41156,6,,,0,10,,41155,6,,,0,10,,41154,6,,,0,10,,41153,6,,,0,10,,41152,6,,,0,10,,41151,6,,,0,50,,41150,6,,,0,10,,41149,6,,,0,10,,41148,6,,,0,10,,41147,6,,,0,10,,41146,6,,,0,10,,41145,6,,,0,50,,41144,6,,,0,10,,41143,6,,,0,10,,41142,6,,,0,10,,41141,6,,,0,10,,41140,6,,,0,10,,41139,6,,,0,50,,41138,6,,,0,10,,41137,6,,,0,10,,41136,6,,,0,10,,41135,6,,,0,10,,41134,6,,,0,10,,41133,6,,,0,50,,41132,6,,,0,10,,41131,6,,,0,10,,41130,6,,,0,10,,41129,6,,,0,10,,41128,6,,,0,10,,41127,6,,,0,50,,41126,6,,,0,10,,41125,6,,,0,10,,41124,6,,,0,10,,41123,6,,,0,10,,41122,6,,,0,10,,41121,6,,,0,50,,41120,6,,,0,10,,41119,6,,,0,10,,41118,6,,,0,10,,41117,6,,,0,10,,41116,6,,,0,12,,41115,6,,,0,52,,41114,6,,,0,12,,41113,6,,,0,12,,41112,6,,,0,12,,41111,6,,,0,12,,41110,6,,,0,52,,41109,6,,,0,12,,41108,6,,,0,12,,41107,6,,,0,12,,41106,6,,,0,12,,41105,6,,,0,52,,41104,6,,,0,30,,41103,6,,,0,70,,41102,6,,,0,30,,41101,6,,,0,70,,41100,6,,,0,30,,41099,6,,,0,65,,41098,6,,,0
582900,'3',823,,41189,6,,,0,15,,41190,6,,,0,15,,41191,6,,,0,55,,41192,6,,,0,15,,41193,6,,,0,15,,41194,6,,,0,15,,41195,6,,,0,55,,41196,6,,,0,15,,41197,6,,,0,15,,41198,6,,,0,15,,41199,6,,,0,55,,41200,6,,,0,15,,41201,6,,,0,15,,41202,6,,,0,15,,41203,6,,,0,55,,41204,6,,,0,15,,41205,6,,,0,15,,41206,6,,,0,15,,41207,6,,,0,55,,41208,6,,,0,15,,41209,6,,,0,15,,41210,6,,,0,15,,41211,6,,,0,55,,41212,6,,,0,15,,41213,6,,,0,15,,41214,6,,,0,15,,41215,6,,,0,55,,41216,6,,,0,15,,41217,6,,,0,15,,41218,6,,,0,15,,41219,6,,,0,55,,41220,6,,,0,15,,41221,6,,,0,15,,41222,6,,,0,15,,41223,6,,,0,55,,41224,6,,,0,15,,41225,6,,,0,15,,41226,6,,,0,15,,41227,6,,,0,55,,41228,6,,,0,15,,41229,6,,,0,15,,41230,6,,,0,18,,41231,6,,,0,60,,41232,6,,,0,20,,41233,6,,,0,20,,41234,6,,,0,60,,41235,6,,,0,20,,41236,6,,,0,20,,41237,6,,,0,60,,41238,6,,,0,20,,41239,6,,,0,22,,41240,6,,,0,70,,41241,6,,,0,30,,41242,6,,,0,70,,41243,6,,,0,30,,41244,6,0,17 18 4 46,0
582900,'4',805,,41245,6,,,0,30,,41246,6,,,0,70,,41247,6,,,0,30,,41248,6,,,0,70,,41249,6,,,0,30,,41250,6,,,0,20,,41251,6,,,0,60,,41252,6,,,0,20,,41253,6,,,0,20,,41254,6,,,0,60,,41255,6,,,0,20,,41256,6,,,0,20,,41257,6,,,0,60,,41258,6,,,0,20,,41259,6,,,0,20,,41260,6,,,0,60,,41261,6,,,0,20,,41262,6,,,0,20,,41263,6,,,0,60,,41264,6,,,0,20,,41265,6,,,0,20,,41266,6,,,0,60,,41267,6,,,0,20,,41268,6,,,0,20,,41269,6,,,0,60,,41270,6,,,0,20,,41271,6,,,0,20,,41272,6,,,0,60,,41273,6,,,0,20,,41274,6,,,0,70,,41275,6,,,0,30,,41276,6,,,0,70,,41277,6,,,0,30,,41278,6,,,0,70,,41279,6,,,0
582900,'6',823,,41282,6,,,0,15,,41283,6,,,0,15,,41284,6,,,0,55,,41285,6,,,0,15,,41286,6,,,0,15,,41287,6,,,0,15,,41288,6,,,0,55,,41289,6,,,0,15,,41290,6,,,0,15,,41291,6,,,0,15,,41292,6,,,0,55,,41293,6,,,0,15,,41294,6,,,0,15,,41295,6,,,0,15,,41296,6,,,0,55,,41297,6,,,0,15,,41298,6,,,0,15,,41299,6,,,0,15,,41300,6,,,0,55,,41301,6,,,0,15,,41302,6,,,0,15,,41303,6,,,0,15,,41304,6,,,0,55,,41305,6,,,0,15,,41306,6,,,0,15,,41307,6,,,0,15,,41308,6,,,0,55,,41309,6,,,0,15,,41310,6,,,0,15,,41311,6,,,0,15,,41312,6,,,0,55,,41313,6,,,0,15,,41314,6,,,0,15,,41315,6,,,0,15,,41316,6,,,0,55,,41317,6,,,0,15,,41318,6,,,0,15,,41319,6,,,0,15,,41320,6,,,0,55,,41321,6,,,0,15,,41322,6,,,0,15,,41323,6,,,0,18,,41324,6,,,0,60,,41325,6,,,0,20,,41326,6,,,0,20,,41327,6,,,0,60,,41328,6,,,0,20,,41329,6,,,0,20,,41330,6,,,0,60,,41331,6,,,0,20,,41332,6,,,0,22,,41333,6,,,0,70,,41334,6,,,0,30,,41335,6,,,0,70,,41336,6,,,0,30,,41337,6,0,17 18 4 46,0
583500,'8501',1745,,42921,4,0,17,0,110,,42920,4,0,17,0,150,,42919,4,0,17,0,110,,42918,4,0,17,0,105,,42917,4,0,17,0,100,,42916,4,0,17,0
583500,'8502',1155,,42942,4,0,17,0,150,,42941,4,0,17,0,110,,42940,4,0,17,0,110,,42939,4,0,17,0,110,,42938,4,0,17,0,110,,42937,4,0,17,0,110,,42936,4,0,17,0,150,,42935,4,0,17,0,110,,42934,4,0,17,0,105,,42933,4,0,17,0,100,,42932,4,0,17,0
583500,'8503',1155,,42949,4,0,17,0,150,,42948,4,0,17,0,110,,42947,4,0,17,0,110,,42946,4,0,17,0,110,,42945,4,0,17,0,100,,42944,4,0,17,0,100,,42943,4,0,17,0
