580700,'1',530,,38810,6,,,0,70,,38808,6,,,0,14,,38806,6,,,0,15,,38805,6,,,0,15,,38804,6,,,0,15,,38803,6,,,0,55,,38802,6,,,0,15,,38801,6,,,0,15,,38800,6,,,0,15,,38799,6,,,0,55,,38798,6,,,0,15,,38797,6,,,0,15,,38796,6,,,0,15,,38795,6,,,0,62,,38794,6,,,0,20,,38793,6,,,0,70,,38792,6,,,0,30,,38791,6,,,0,70,,38790,6,,,0,30,,38789,6,,,0,70,,38788,6,,,0,30,,38787,6,,,0,66,,38785,6,,,0,30,,38783,6,,,0,65,,38781,6,,,0,15,,38780,6,,,0,15,,38779,6,,,0,15,,38778,6,,,0,55,,38777,6,,,0,15,,38776,6,,,0,15,,38775,6,,,0,15,,38774,6,,,0,55,,38773,6,,,0,15,,38772,6,,,0,15,,38771,6,,,0,15,,38770,6,,,0,55,,38769,6,,,0,15,,38768,6,,,0,15,,38767,6,,,0,15,,38766,6,,,0,55,,38765,6,,,0,34,,38764,6,,,0,70,,38763,6,,,0,30,,38762,6,,,0,70,,38761,6,,,0,30,,38760,6,,,0,70,,38759,6,,,0,32,,38758,6,,,0,70,,38757,6,,,0,30,,38756,6,,,0,70,,38755,6,,,0,30,,38754,6,,,0,70,,38750,6,,,0,30,,38753,6,,,0,65,,38752,6,0,5 6,0,97,,38751,6,0,7 4 8 9 10,0
580700,'2',511,,38854,6,,,0,30,,38816,6,,,0,70,,38817,6,,,0,35,,38818,6,,,0,70,,38819,6,,,0,30,,38820,6,,,0,70,,38821,6,,,0,30,,38822,6,,,0,70,,38823,6,,,0,30,,38824,6,,,0,68,,38825,6,,,0,30,,38826,6,,,0,70,,38827,6,,,0,30,,38828,6,,,0,70,,38829,6,,,0,30,,38830,6,,,0,70,,38831,6,,,0,30,,38832,6,,,0,70,,38833,6,,,0,30,,38834,6,,,0,70,,38835,6,,,0,30,,38836,6,,,0,70,,38837,6,,,0,30,,38838,6,,,0,70,,38839,6,,,0,30,,38840,6,,,0,70,,38841,6,,,0,33,,38842,6,,,0,70,,38843,6,,,0,30,,38844,6,,,0,70,,38845,6,,,0,30,,38846,6,,,0,70,,38847,6,,,0,30,,38848,6,,,0,70,,38849,6,,,0,30,,38850,6,,,0,70,,38851,6,,,0,30,,38852,6,,,0,83,,38853,6,,,0
580700,'3',604,,38855,6,,,0,30,,38868,6,,,0,80,,38856,6,,,0,30,,38869,6,,,0,70,,38857,6,,,0,30,,38870,6,,,0,70,,38858,6,,,0,30,,38871,6,,,0,70,,38859,6,,,0,30,,38872,6,,,0,70,,38860,6,,,0,30,,38873,6,,,0,70,,38861,6,,,0,30,,38874,6,,,0,70,,38862,6,,,0,30,,38875,6,,,0,70,,38863,6,,,0,30,,38876,6,,,0,70,,38864,6,,,0,30,,38877,6,,,0,70,,38865,6,,,0,30,,38878,6,,,0,70,,38866,6,,,0,30,,38879,6,,,0,74,,38867,6,,,0,30,,38889,6,,,0,70,,38880,6,,,0,30,,38886,6,,,0,70,,38881,6,,,0,30,,38887,6,,,0,70,,38882,6,,,0,30,,38888,6,,,0,70,,38883,6,,,0,30,,38890,6,,,0,70,,38884,6,,,0,30,,38891,6,,,0,70,,38885,6,0,7 4 8 9 10,0
580700,'4',626,,38907,6,,,0,30,,38892,6,,,0,70,,38908,6,,,0,30,,38893,6,,,0,70,,38909,6,,,0,30,,38894,6,,,0,70,,38910,6,,,0,30,,38895,6,,,0,70,,38911,6,,,0,30,,38896,6,,,0,70,,38912,6,,,0,30,,38897,6,,,0,70,,38913,6,,,0,30,,38898,6,,,0,70,,38914,6,,,0,30,,38899,6,,,0,70,,38915,6,,,0,30,,38900,6,,,0,70,,38916,6,,,0,30,,38901,6,,,0,70,,38917,6,,,0,30,,38902,6,,,0,70,,38918,6,,,0,30,,38903,6,,,0,70,,38919,6,,,0,30,,38904,6,,,0,70,,38920,6,,,0,30,,38905,6,,,0,70,,38921,6,,,0,30,,38906,6,0,7 4 8 9 10,0
580700,'6',604,,38924,6,,,0,30,,38937,6,,,0,80,,38925,6,,,0,30,,38938,6,,,0,70,,38926,6,,,0,30,,38939,6,,,0,70,,38927,6,,,0,30,,38940,6,,,0,70,,38928,6,,,0,30,,38941,6,,,0,70,,38929,6,,,0,30,,38942,6,,,0,70,,38930,6,,,0,30,,38943,6,,,0,70,,38931,6,,,0,30,,38944,6,,,0,70,,38932,6,,,0,30,,38945,6,,,0,70,,38933,6,,,0,30,,38946,6,,,0,70,,38934,6,,,0,30,,38947,6,,,0,70,,38935,6,,,0,30,,38948,6,,,0,74,,38936,6,,,0,30,,38958,6,,,0,70,,38949,6,,,0,30,,38955,6,,,0,70,,38950,6,,,0,30,,38956,6,,,0,70,,38951,6,,,0,30,,38957,6,,,0,70,,38952,6,,,0,30,,38959,6,,,0,70,,38953,6,,,0,30,,38960,6,,,0,70,,38954,6,0,7 4 8 9 10,0
581101,'14701',1052,,40001,13,,,0,100,,40002,13,,,0,100,,40003,13,,,0,100,,40004,13,,,0,100,,40005,13,,,0,100,,40006,13,,,0,100,,40007,13,,,0,100,,40008,13,,,0,100,,40009,13,,,0,100,,40010,13,,,0,100,,40011,13,,,0
581101,'14702',1036,,40012,12,,,0,85,,40013,12,,,0,85,,40014,12,,,0,45,,40015,12,,,0,85,,40016,12,,,0,85,,40017,12,,,0,85,,40018,12,,,0,45,,40019,12,,,0,85,,40020,12,,,0,85,,40021,12,,,0,85,,40022,12,,,0
581101,'14703',1036,,40023,12,,,0,85,,40024,12,,,0,85,,40025,12,,,0,45,,40026,12,,,0,85,,40027,12,,,0,85,,40028,12,,,0,85,,40029,12,,,0,45,,40030,12,,,0,85,,40031,12,,,0,85,,40032,12,,,0,85,,40033,12,,,0
581101,'14704',1036,,40034,12,,,0,85,,40035,12,,,0,85,,40036,12,,,0,45,,40037,12,,,0,85,,40038,12,,,0,85,,40039,12,,,0,85,,40040,12,,,0,45,,40041,12,,,0,85,,40042,12,,,0,85,,40043,12,,,0
581101,'14706',1036,,40044,12,,,0,85,,40045,12,,,0,85,,40046,12,,,0,45,,40047,12,,,0,85,,40048,12,,,0,85,,40049,12,,,0,85,,40050,12,,,0,45,,40051,12,,,0,85,,40052,12,,,0,85,,40053,12,,,0,85,,40054,12,,,0
