578201,'1',541,,30350,65,,,0,60,,30336,65,,,0,20,,30349,65,,,0,20,,30348,65,,,0,60,,30351,65,,,0,20,,30352,65,,,0,20,,30353,65,,,0,60,,30354,65,,,0,20,,30355,65,,,0,25,,30356,69,,,0,60,,30357,69,,,0,20,,30358,69,,,0,20,,30359,69,,,0,60,,30360,69,,,0,20,,30361,69,,,0,20,,30362,69,,,0,60,,30363,69,,,0,20,,30364,69,,,0,20,,30365,69,,,0,60,,30366,69,,,0,20,,30367,69,,,0,20,,30368,69,,,0,60,,30369,69,,,0,20,,30370,69,,,0,20,,30371,69,,,0,60,,30372,69,,,0,20,,30373,69,,,0,20,,30374,69,,,0,60,,30375,69,,,0,20,,30376,69,,,0,20,,30377,69,,,0,60,,30378,69,,,0,20,,30379,69,,,0,20,,30380,69,,,0,60,,30381,69,,,0,20,,30382,69,,,0,20,,30383,69,,,0,60,,30384,69,,,0,20,,30385,69,,,0,25,,30386,69,,,0,70,,30337,69,,,0,30,,30338,69,,,0,70,,30339,69,,,0,30,,30340,69,,,0,70,,30341,69,,,0,30,,30342,69,,,0,70,,30343,69,,,0,24,,30344,65,,,0,70,,30345,65,,,0,30,,30335,65,,,0,70,,30346,65,,,0,40,,30334,65,,,0,65,,30347,65,,,0
578201,'2',553,,30387,8,,,0,67,,30388,65,,,0,30,,30389,65,,,0,70,,30390,65,,,0,30,,30391,65,,,0,70,,30392,65,,,0,30,,30393,69,,,0,69,,30394,69,,,0,28,,30395,69,,,0,60,,30396,69,,,0,20,,30397,69,,,0,20,,30398,69,,,0,60,,30399,69,,,0,20,,30400,69,,,0,20,,30401,69,,,0,60,,30402,69,,,0,20,,30403,69,,,0,19,,30404,65,,,0,60,,30405,65,,,0,20,,30406,65,,,0,20,,30407,65,,,0,60,,30408,65,,,0,20,,30409,65,,,0,20,,30410,65,,,0,60,,30411,65,,,0,20,,30412,65,,,0,20,,30413,65,,,0,60,,30414,65,,,0,20,,30415,65,,,0,20,,30416,65,,,0,60,,30417,65,,,0,20,,30418,65,,,0,23,,30419,65,,,0,70,,30420,65,,,0,30,,30421,65,,,0,70,,30422,65,,,0,30,,30423,65,,,0,70,,30424,65,,,0,30,,30425,65,,,0,70,,30426,65,,,0,30,,30427,65,,,0,70,,30428,65,,,0,31,,30429,65,,,0,70,,30430,65,,,0,30,,30431,65,,,0,70,,30432,65,,,0,90,,30433,65,,,0
578201,'3',554,,30470,8,,,0,89,,30469,65,,,0,75,,30468,65,,,0,30,,30467,65,,,0,70,,30466,65,,,0,30,,30465,65,,,0,70,,30464,65,,,0,31,,30463,65,,,0,70,,30462,65,,,0,30,,30461,65,,,0,70,,30460,65,,,0,30,,30459,65,,,0,70,,30458,65,,,0,30,,30457,65,,,0,70,,30456,65,,,0,30,,30455,65,,,0,70,,30454,65,,,0,30,,30453,65,,,0,70,,30452,65,,,0,30,,30451,65,,,0,70,,30450,65,,,0,30,,30449,65,,,0,70,,30448,65,,,0,30,,30447,65,,,0,70,,30446,65,,,0,30,,30445,65,,,0,70,,30444,65,,,0,30,,30443,65,,,0,70,,30442,65,,,0,29,,30441,65,,,0,70,,30440,65,,,0,30,,30439,65,,,0,70,,30438,65,,,0,30,,30437,65,,,0,70,,30436,65,,,0,30,,30435,65,,,0,70,,30434,65,,,0
578201,'4',720,,30471,65,,,0,80,,30472,65,,,0,40,,30473,65,,,0,80,,30474,65,,,0,80,,30475,65,,,0,40,,30476,65,,,0,80,,30477,65,,,0,80,,30478,65,,,0,40,,30479,65,,,0,80,,30480,65,,,0,80,,30481,65,,,0,40,,30482,65,,,0,105,,30483,65,,,0,100,,30484,65,,,0,100,,30485,65,,,0,100,,30486,65,,,0,100,,30487,65,,,0,100,,30488,65,,,0,90,,30489,65,,,0
578201,'6',554,,30526,8,,,0,89,,30525,65,,,0,75,,30524,65,,,0,30,,30523,65,,,0,70,,30522,65,,,0,30,,30521,65,,,0,70,,30520,65,,,0,31,,30519,65,,,0,70,,30518,65,,,0,30,,30517,65,,,0,70,,30516,65,,,0,30,,30515,65,,,0,70,,30514,65,,,0,30,,30513,65,,,0,70,,30512,65,,,0,30,,30511,65,,,0,70,,30510,65,,,0,30,,30509,65,,,0,70,,30508,65,,,0,30,,30507,65,,,0,70,,30506,65,,,0,30,,30505,65,,,0,70,,30504,65,,,0,30,,30503,65,,,0,70,,30502,65,,,0,30,,30501,65,,,0,70,,30500,65,,,0,30,,30499,65,,,0,70,,30498,65,,,0,29,,30497,65,,,0,70,,30496,65,,,0,30,,30495,65,,,0,70,,30494,65,,,0,30,,30493,65,,,0,70,,30492,65,,,0,30,,30491,65,,,0,70,,30490,65,,,0
579300,'1',511,,33626,4,,,0,20,,33603,4,,,0,15,,33616,4,,,0,55,,33617,4,,,0,15,,33604,4,,,0,15,,33554,4,,,0,15,,33618,4,,,0,55,,33555,4,,,0,15,,33619,4,,,0,15,,33556,4,,,0,15,,33557,4,,,0,55,,33559,4,,,0,15,,33558,4,,,0,10,,33581,4,,,0,10,,33553,4,,,0,10,,33552,4,,,0,10,,33582,4,,,0,50,,33551,4,,,0,10,,33550,4,,,0,10,,33583,4,,,0,10,,33549,4,,,0,10,,33548,4,,,0,10,,33584,4,,,0,50,,33580,4,,,0,10,,33547,4,,,0,10,,33585,4,,,0,20,,33605,4,,,0,60,,33606,4,,,0,20,,33607,4,,,0,20,,33608,4,,,0,60,,33609,4,,,0,20,,33610,4,,,0,20,,33611,4,,,0,60,,33612,4,,,0,20,,33613,4,,,0,20,,33614,4,,,0,60,,33615,4,,,0,20,,33544,4,,,0,20,,33586,4,,,0,60,,33579,4,,,0,10,,33578,4,,,0,10,,33587,4,,,0,10,,33577,4,,,0,10,,33576,4,,,0,10,,33588,4,,,0,50,,33575,4,,,0,10,,33574,4,,,0,10,,33589,4,,,0,10,,33573,4,,,0,10,,33572,4,,,0,10,,33590,4,,,0,50,,33571,4,,,0,10,,33570,4,,,0,10,,33591,4,,,0,10,,33569,4,,,0,10,,33568,4,,,0,10,,33592,4,,,0,50,,33567,4,,,0,10,,33566,4,,,0,10,,33593,4,,,0,10,,33565,4,,,0,10,,33564,4,,,0,10,,33594,4,,,0,50,,33563,4,,,0,15,,33602,4,,,0,15,,33562,4,,,0,20,,33561,4,,,0,60,,33560,4,,,0,20,,33620,4,,,0,20,,33546,4,,,0,60,,33621,4,,,0,20,,33545,4,,,0,20,,33595,4,,,0,60,,33622,4,,,0,20,,33596,4,,,0,20,,33597,4,,,0,60,,33623,4,,,0,20,,33598,4,,,0,20,,33599,4,,,0,60,,33624,4,,,0,20,,33600,4,,,0,20,,33625,4,,,0,53,,33601,4,,,0
579300,'2',521,,33687,4,,,0,20,,33627,4,,,0,60,,33688,4,,,0,20,,33628,4,,,0,20,,33689,4,,,0,60,,33629,4,,,0,20,,33630,4,,,0,20,,33690,4,,,0,60,,33631,4,,,0,20,,33632,4,,,0,20,,33633,4,,,0,15,,33634,4,,,0,55,,33635,4,,,0,15,,33636,4,,,0,15,,33637,4,,,0,15,,33638,4,,,0,55,,33639,4,,,0,15,,33640,4,,,0,15,,33641,4,,,0,15,,33642,4,,,0,55,,33643,4,,,0,15,,33644,4,,,0,15,,33645,4,,,0,15,,33646,4,,,0,55,,33647,4,,,0,15,,33648,4,,,0,15,,33649,4,,,0,15,,33650,4,,,0,55,,33651,4,,,0,15,,33652,4,,,0,15,,33653,4,,,0,15,,33654,4,,,0,55,,33655,4,,,0,15,,33656,4,,,0,15,,33657,4,,,0,15,,33658,4,,,0,55,,33659,4,,,0,15,,33660,4,,,0,15,,33661,4,,,0,15,,33662,4,,,0,55,,33663,4,,,0,15,,33664,4,,,0,15,,33665,4,,,0,15,,33666,4,,,0,55,,33667,4,,,0,15,,33668,4,,,0,15,,33669,4,,,0,15,,33670,4,,,0,55,,33671,4,,,0,15,,33672,4,,,0,15,,33673,4,,,0,15,,33674,4,,,0,60,,33691,4,,,0,20,,33675,4,,,0,20,,33676,4,,,0,60,,33692,4,,,0,20,,33677,4,,,0,20,,33678,4,,,0,60,,33693,4,,,0,20,,33679,4,,,0,20,,33680,4,,,0,60,,33694,4,,,0,20,,33681,4,,,0,20,,33682,4,,,0,60,,33695,4,,,0,20,,33683,4,,,0,20,,33684,4,,,0,60,,33696,4,,,0,20,,33685,4,,,0,20,,33686,4,,,0,60,,33697,4,,,0
579300,'3',531,,33744,4,,,0,70,,33728,4,,,0,30,,33729,4,,,0,70,,33730,4,,,0,30,,33731,4,,,0,70,,33732,4,,,0,30,,33733,4,,,0,70,,33734,4,,,0,30,,33735,4,,,0,70,,33736,4,,,0,30,,33737,4,,,0,20,,33738,4,,,0,60,,33739,4,,,0,20,,33740,4,,,0,20,,33741,4,,,0,60,,33742,4,,,0,20,,33743,4,,,0,20,,33698,4,,,0,60,,33699,4,,,0,20,,33700,4,,,0,20,,33701,4,,,0,60,,33702,4,,,0,20,,33703,4,,,0,20,,33704,4,,,0,60,,33705,4,,,0,20,,33706,4,,,0,20,,33707,4,,,0,60,,33708,4,,,0,20,,33709,4,,,0,20,,33710,4,,,0,60,,33711,4,,,0,20,,33712,4,,,0,20,,33713,4,,,0,60,,33714,4,,,0,20,,33715,4,,,0,20,,33716,4,,,0,60,,33717,4,,,0,30,,33718,4,,,0,70,,33719,4,,,0,30,,33720,4,,,0,70,,33721,4,,,0,30,,33722,4,,,0,70,,33723,4,,,0,30,,33724,4,,,0,70,,33725,4,,,0,30,,33726,4,,,0,70,,33727,4,,,0
579300,'4',538,,33784,4,,,0,90,,33783,4,,,0,30,,33782,4,,,0,70,,33781,4,,,0,30,,33780,4,,,0,70,,33779,4,,,0,30,,33778,4,,,0,70,,33777,4,,,0,30,,33776,4,,,0,70,,33775,4,,,0,30,,33774,4,,,0,60,,33773,4,,,0,20,,33772,4,,,0,20,,33771,4,,,0,60,,33770,4,,,0,20,,33769,4,,,0,20,,33768,4,,,0,60,,33767,4,,,0,20,,33766,4,,,0,20,,33765,4,,,0,60,,33764,4,,,0,20,,33763,4,,,0,20,,33762,4,,,0,60,,33761,4,,,0,20,,33760,4,,,0,20,,33759,4,,,0,60,,33758,4,,,0,20,,33757,4,,,0,20,,33756,4,,,0,60,,33755,4,,,0,20,,33754,4,,,0,20,,33753,4,,,0,60,,33752,4,,,0,20,,33751,4,,,0,20,,33750,4,,,0,60,,33749,4,,,0,20,,33748,4,,,0,65,,33747,4,,,0,30,,33746,4,,,0,70,,33745,4,,,0
579300,'6',531,,33831,4,,,0,70,,33815,4,,,0,30,,33816,4,,,0,70,,33817,4,,,0,30,,33818,4,,,0,70,,33819,4,,,0,30,,33820,4,,,0,70,,33821,4,,,0,30,,33822,4,,,0,70,,33823,4,,,0,30,,33824,4,,,0,20,,33825,4,,,0,60,,33826,4,,,0,20,,33827,4,,,0,20,,33828,4,,,0,60,,33829,4,,,0,20,,33830,4,,,0,20,,33785,4,,,0,60,,33786,4,,,0,20,,33787,4,,,0,20,,33788,4,,,0,60,,33789,4,,,0,20,,33790,4,,,0,20,,33791,4,,,0,60,,33792,4,,,0,20,,33793,4,,,0,20,,33794,4,,,0,60,,33795,4,,,0,20,,33796,4,,,0,20,,33797,4,,,0,60,,33798,4,,,0,20,,33799,4,,,0,20,,33800,4,,,0,60,,33801,4,,,0,20,,33802,4,,,0,20,,33803,4,,,0,60,,33804,4,,,0,30,,33805,4,,,0,70,,33806,4,,,0,30,,33807,4,,,0,70,,33808,4,,,0,30,,33809,4,,,0,70,,33810,4,,,0,30,,33811,4,,,0,70,,33812,4,,,0,30,,33813,4,,,0,70,,33814,4,,,0
