578301,'1601',1638,,31010,42,0,17 18 4 19,0
578301,'1',523,,31013,42,0,20 4 12 13,0,10,,31014,48,0,33 4 34,0,10,,31015,36,0,29 30 6,0,15,,31016,42,0,20 4 12 13,0,50,,31017,48,0,33 4 34,0,4,,31018,36,0,29 30 6,0,12,,31019,42,0,20 4 12 13,0,7,,31020,48,0,33 4 34,0,8,,31021,36,0,29 30 6,0,7,,31022,48,0,33 4 34,0,8,,31023,42,0,20 4 12 13,0,47,,31024,48,0,33 4 34,0,8,,31025,36,0,29 30 6,0,7,,31026,48,0,33 4 34,0,8,,31027,42,0,20 4 12 13,0,7,,31028,48,0,33 4 34,0,8,,31029,36,0,29 30 6,0,7,,31030,48,0,33 4 34,0,8,,31031,42,0,20 4 12 13,0,47,,31032,48,0,33 4 34,0,8,,31033,36,0,29 30 6,0,7,,31034,48,0,33 4 34,0,8,,31035,42,0,20 4 12 13,0,7,,31036,48,0,33 4 34,0,8,,31037,36,0,29 30 6,0,7,,31038,48,0,33 4 34,0,8,,31039,42,0,20 4 12 13,0,47,,31040,48,0,33 4 34,0,8,,31041,36,0,29 30 6,0,7,,31042,48,0,33 4 34,0,8,,31043,42,0,20 4 12 13,0,7,,31044,48,0,33 4 34,0,8,,31045,36,0,29 30 6,0,7,,31046,48,0,33 4 34,0,8,,31047,42,0,20 4 12 13,0,46,,31048,48,0,17 18 4 19,0,9,,31049,36,0,29 30 6,0,8,,31050,48,0,33 4 34,0,10,,31051,42,0,20 4 12 13,0,10,,31052,36,0,29 30 6,0,10,,31053,48,0,33 4 34,0,10,,31054,42,0,20 4 12 13,0,50,,31055,36,0,29 30 6,0,10,,31056,48,0,33 4 34,0,10,,31057,42,0,20 4 12 13,0,10,,31058,36,0,29 30 6,0,10,,31059,48,0,33 4 34,0,10,,31060,42,0,20 4 12 13,0,50,,31061,36,0,29 30 6,0,10,,31062,48,0,33 4 34,0,10,,31063,42,0,20 4 12 13,0,10,,31064,36,0,29 30 6,0,10,,31065,48,0,33 4 34,0,10,,31066,42,0,20 4 12 13,0,50,,31067,36,0,29 30 6,0,10,,31068,48,0,33 4 34,0,10,,31069,42,0,20 4 12 13,0,10,,31070,36,0,29 30 6,0,10,,31071,48,0,33 4 34,0,10,,31072,42,0,20 4 12 13,0,49,,31073,36,0,29 30 6,0,10,,31074,48,0,33 4 34,0,10,,31075,42,0,20 4 12 13,0,8,,31076,48,0,33 4 34,0,8,,31077,36,0,29 30 6,0,7,,31078,48,0,33 4 34,0,8,,31079,42,0,20 4 12 13,0,47,,31080,48,0,33 4 34,0,8,,31081,36,0,29 30 6,0,7,,31082,48,0,33 4 34,0,8,,31083,42,0,20 4 12 13,0,7,,31084,48,0,33 4 34,0,8,,31085,36,0,29 30 6,0,7,,31086,48,0,33 4 34,0,8,,31087,42,0,20 4 12 13,0,47,,31088,48,0,33 4 34,0,8,,31089,36,0,29 30 6,0,7,,31090,48,0,33 4 34,0,8,,31091,42,0,20 4 12 13,0,7,,31092,48,0,33 4 34,0,8,,31093,36,0,29 30 6,0,7,,31094,48,0,33 4 34,0,8,,31095,42,0,20 4 12 13,0,47,,31096,48,0,33 4 34,0,8,,31097,36,0,29 30 6,0,7,,31098,48,0,33 4 34,0,8,,31099,42,0,20 4 12 13,0,7,,31100,48,0,33 4 34,0,7,,31101,36,0,29 30 6,0,7,,31102,48,0,33 4 34,0,7,,31103,42,0,20 4 12 13,0,47,,31104,48,0,33 4 34,0,6,,31105,36,0,29 30 6,0,9,,31106,48,0,33 4 34,0,7,,31107,42,0,20 4 12 13,0,7,,31108,48,0,17 18 4 19,0,9,,31109,36,0,29 30 6,0,8,,31110,48,0,33 4 34,0,9,,31111,42,0,20 4 12 13,0,47,,31112,48,0,17 18 4 19,0,10,,31113,36,0,29 30 6,0,8,,31114,48,0,33 4 34,0,8,,31115,42,0,20 4 12 13,0,8,,31116,36,0,29 30 6,0,8,,31117,48,0,33 4 34,0,8,,31118,42,0,20 4 12 13,0,48,,31119,42,0,17 18 4 19,0,10,,31120,36,0,29 30 6,0,10,,31121,48,0,33 4 34,0,10,,31122,42,0,20 4 12 13,0,10,,31123,36,0,29 30 6,0,10,,31124,48,0,33 4 34,0,50,,31125,36,0,29 30 6,0,10,,31126,42,0,20 4 12 13,0,10,,31127,48,0,33 4 34,0,10,,31128,42,0,20 4 12 13,0,10,,31129,36,0,29 30 6,0,10,,31130,48,0,33 4 34,0,49,,31131,42,0,20 4 12 13,0,10,,31132,48,0,33 4 34,0,15,,31133,36,0,29 30 6,0,15,,31134,42,0,20 4 12 13,0,15,,31135,48,0,33 4 34,0,45,,31136,42,0,17 18 4 19,0,10,,31137,36,0,29 30 6,0,15,,31138,42,0,20 4 12 13,0,15,,31139,48,0,33 4 34,0,15,,31140,36,0,29 30 6,0,55,,31141,42,0,20 4 12 13,0,10,,31142,48,0,33 4 34,0,30,,31143,42,0,20 4 12 13,0,55,,31144,48,0,33 4 34,0,10,,31145,36,0,29 30 6,0,22,,31146,42,0,17 18 4 19,0,11,,31147,36,0,17 18 4 19,0,77,,31148,42,0,17 18 4 19,0
578301,'2',454,,31150,42,0,20 4 12 13,0,50,,31151,48,0,33 4 34,0,12,,31152,42,0,20 4 12 13,0,12,,31153,36,0,29 30 6,0,12,,31154,48,0,33 4 34,0,12,,31155,42,0,20 4 12 13,0,52,,31156,36,0,29 30 6,0,12,,31157,48,0,33 4 34,0,12,,31158,42,0,20 4 12 13,0,12,,31159,36,0,29 30 6,0,12,,31160,48,0,33 4 34,0,52,,31161,42,0,20 4 12 13,0,12,,31162,36,0,29 30 6,0,12,,31163,48,0,33 4 34,0,12,,31164,42,0,20 4 12 13,0,12,,31165,36,0,29 30 6,0,52,,31166,48,0,33 4 34,0,12,,31167,42,0,20 4 12 13,0,12,,31168,36,0,29 30 6,0,12,,31169,48,0,33 4 34,0,12,,31170,42,0,20 4 12 13,0,52,,31171,36,0,29 30 6,0,12,,31172,48,0,33 4 34,0,12,,31173,42,0,20 4 12 13,0,12,,31174,36,0,29 30 6,0,12,,31175,48,0,33 4 34,0,52,,31176,42,0,20 4 12 13,0,12,,31177,36,0,29 30 6,0,12,,31178,48,0,33 4 34,0,12,,31179,42,0,20 4 12 13,0,12,,31180,36,0,29 30 6,0,52,,31181,48,0,33 4 34,0,12,,31182,42,0,20 4 12 13,0,12,,31183,36,0,29 30 6,0,12,,31184,48,0,33 4 34,0,12,,31185,42,0,20 4 12 13,0,52,,31186,36,0,29 30 6,0,12,,31187,48,0,33 4 34,0,12,,31188,42,0,20 4 12 13,0,12,,31189,36,0,29 30 6,0,12,,31190,48,0,33 4 34,0,52,,31191,42,0,20 4 12 13,0,12,,31192,36,0,29 30 6,0,12,,31193,48,0,33 4 34,0,12,,31194,42,0,20 4 12 13,0,12,,31195,36,0,29 30 6,0,52,,31196,48,0,33 4 34,0,12,,31197,42,0,20 4 12 13,0,12,,31198,36,0,29 30 6,0,12,,31199,48,0,33 4 34,0,12,,31200,42,0,20 4 12 13,0,52,,31201,36,0,29 30 6,0,12,,31202,48,0,33 4 34,0,12,,31203,42,0,20 4 12 13,0,12,,31204,36,0,29 30 6,0,12,,31205,48,0,33 4 34,0,52,,31206,42,0,20 4 12 13,0,12,,31207,36,0,29 30 6,0,12,,31208,48,0,33 4 34,0,12,,31209,42,0,20 4 12 13,0,12,,31210,36,0,29 30 6,0,52,,31211,48,0,33 4 34,0,12,,31212,42,0,20 4 12 13,0,12,,31213,36,0,29 30 6,0,12,,31214,48,0,33 4 34,0,12,,31215,42,0,20 4 12 13,0,52,,31216,36,0,29 30 6,0,12,,31217,48,0,33 4 34,0,12,,31218,42,0,20 4 12 13,0,12,,31219,36,0,29 30 6,0,12,,31220,48,0,33 4 34,0,52,,31221,42,0,20 4 12 13,0,12,,31222,36,0,29 30 6,0,12,,31223,48,0,33 4 34,0,12,,31224,42,0,20 4 12 13,0,12,,31225,36,0,29 30 6,0,52,,31226,48,0,33 4 34,0,12,,31227,42,0,20 4 12 13,0,12,,31228,36,0,29 30 6,0,12,,31229,48,0,33 4 34,0,16,,31230,42,0,20 4 12 13,0,55,,31231,36,0,29 30 6,0,15,,31232,48,0,33 4 34,0,15,,31233,42,0,20 4 12 13,0,15,,31234,48,0,33 4 34,0,55,,31235,36,0,29 30 6,0,15,,31236,42,0,20 4 12 13,0,15,,31237,48,0,33 4 34,0,15,,31238,36,0,29 30 6,0,55,,31239,42,0,20 4 12 13,0,15,,31240,48,0,33 4 34,0,15,,31241,36,0,29 30 6,0,15,,31242,42,0,20 4 12 13,0,55,,31243,48,0,33 4 34,0,15,,31244,36,0,29 30 6,0,15,,31245,42,0,20 4 12 13,0,60,,31246,48,0,33 4 34,0,15,,31247,36,0,29 30 6,0,3,,31248,42,0,17 18 4 19,0,28,,31249,42,0,17 18 4 19,0,11,,31250,36,0,17 18 4 19,0
578301,'3',541,,31254,48,0,33 4 34,0,15,,31256,42,0,20 4 12 13,0,55,,31257,36,0,29 30 6,0,15,,31258,48,0,33 4 34,0,15,,31259,42,0,20 4 12 13,0,15,,31260,36,0,29 30 6,0,55,,31261,48,0,33 4 34,0,15,,31262,42,0,20 4 12 13,0,15,,31263,36,0,29 30 6,0,15,,31264,48,0,33 4 34,0,55,,31265,42,0,20 4 12 13,0,15,,31266,36,0,29 30 6,0,15,,31267,48,0,33 4 34,0,15,,31268,42,0,20 4 12 13,0,55,,31269,36,0,29 30 6,0,15,,31270,48,0,33 4 34,0,13,,31271,42,0,20 4 12 13,0,12,,31272,36,0,29 30 6,0,52,,31273,48,0,33 4 34,0,12,,31274,42,0,20 4 12 13,0,12,,31275,36,0,29 30 6,0,12,,31276,48,0,33 4 34,0,12,,31277,42,0,20 4 12 13,0,52,,31278,36,0,29 30 6,0,12,,31279,48,0,33 4 34,0,12,,31280,42,0,20 4 12 13,0,12,,31281,36,0,29 30 6,0,12,,31282,48,0,33 4 34,0,52,,31283,42,0,20 4 12 13,0,12,,31284,36,0,29 30 6,0,12,,31285,48,0,33 4 34,0,12,,31286,42,0,20 4 12 13,0,12,,31287,36,0,29 30 6,0,52,,31288,48,0,33 4 34,0,12,,31289,42,0,20 4 12 13,0,12,,31290,36,0,29 30 6,0,12,,31291,48,0,33 4 34,0,12,,31292,42,0,20 4 12 13,0,52,,31293,36,0,29 30 6,0,12,,31294,48,0,33 4 34,0,12,,31295,42,0,20 4 12 13,0,12,,31296,36,0,29 30 6,0,12,,31297,48,0,33 4 34,0,52,,31298,42,0,20 4 12 13,0,12,,31299,36,0,29 30 6,0,12,,31300,48,0,33 4 34,0,12,,31301,42,0,20 4 12 13,0,12,,31302,36,0,29 30 6,0,52,,31303,48,0,33 4 34,0,12,,31304,42,0,20 4 12 13,0,12,,31305,36,0,29 30 6,0,12,,31306,48,0,33 4 34,0,12,,31307,42,0,20 4 12 13,0,52,,31308,36,0,29 30 6,0,12,,31309,48,0,33 4 34,0,12,,31310,42,0,20 4 12 13,0,12,,31311,36,0,29 30 6,0,12,,31312,48,0,33 4 34,0,52,,31313,42,0,20 4 12 13,0,12,,31314,36,0,29 30 6,0,12,,31315,48,0,33 4 34,0,12,,31316,42,0,20 4 12 13,0,12,,31317,36,0,29 30 6,0,52,,31318,48,0,33 4 34,0,11,,31319,42,0,20 4 12 13,0,12,,31320,36,0,29 30 6,0,15,,31321,48,0,33 4 34,0,15,,31322,42,0,20 4 12 13,0,55,,31323,36,0,29 30 6,0,15,,31324,48,0,33 4 34,0,15,,31325,42,0,20 4 12 13,0,15,,31326,36,0,29 30 6,0,55,,31327,48,0,33 4 34,0,15,,31328,42,0,20 4 12 13,0,15,,31329,36,0,29 30 6,0,15,,31330,48,0,33 4 34,0,55,,31331,42,0,20 4 12 13,0,15,,31332,36,0,29 30 6,0,15,,31333,48,0,33 4 34,0,15,,31334,42,0,20 4 12 13,0,55,,31335,36,0,29 30 6,0,15,,31336,48,0,33 4 34,0,15,,31337,42,0,20 4 12 13,0,15,,31339,36,0,29 30 6,0,0,,31338,48,0,33 4 34,0,73,,31340,36,0,17 18 4 19,0,19,,31341,42,0,17 18 4 19,0
578301,'4',549,,31407,48,0,33 4 34,0,62,,31345,42,0,20 4 12 13,0,4,,31344,48,0,33 4 34,0,11,,31346,36,0,29 30 6,0,15,,31347,48,0,33 4 34,0,15,,31348,42,0,20 4 12 13,0,55,,31349,36,0,29 30 6,0,15,,31350,48,0,33 4 34,0,15,,31351,42,0,20 4 12 13,0,15,,31352,36,0,29 30 6,0,55,,31353,48,0,33 4 34,0,15,,31354,42,0,20 4 12 13,0,15,,31355,36,0,29 30 6,0,15,,31356,48,0,33 4 34,0,55,,31357,42,0,20 4 12 13,0,15,,31358,36,0,29 30 6,0,15,,31359,48,0,33 4 34,0,15,,31360,42,0,20 4 12 13,0,55,,31361,36,0,29 30 6,0,15,,31362,48,0,33 4 34,0,15,,31363,42,0,20 4 12 13,0,15,,31364,36,0,29 30 6,0,55,,31365,48,0,33 4 34,0,15,,31366,42,0,20 4 12 13,0,15,,31367,36,0,29 30 6,0,15,,31368,48,0,33 4 34,0,55,,31369,42,0,20 4 12 13,0,15,,31370,36,0,29 30 6,0,15,,31371,48,0,33 4 34,0,15,,31372,42,0,20 4 12 13,0,55,,31373,36,0,29 30 6,0,15,,31374,48,0,33 4 34,0,15,,31375,42,0,20 4 12 13,0,15,,31376,36,0,29 30 6,0,55,,31377,48,0,33 4 34,0,15,,31378,42,0,20 4 12 13,0,15,,31379,36,0,29 30 6,0,15,,31380,48,0,33 4 34,0,55,,31381,42,0,20 4 12 13,0,15,,31382,36,0,29 30 6,0,15,,31383,48,0,33 4 34,0,15,,31384,42,0,20 4 12 13,0,55,,31385,36,0,29 30 6,0,15,,31386,48,0,33 4 34,0,15,,31387,42,0,20 4 12 13,0,15,,31388,36,0,29 30 6,0,55,,31389,48,0,33 4 34,0,15,,31390,42,0,20 4 12 13,0,15,,31391,36,0,29 30 6,0,15,,31392,48,0,33 4 34,0,55,,31393,42,0,20 4 12 13,0,15,,31394,36,0,29 30 6,0,15,,31395,48,0,33 4 34,0,15,,31396,42,0,20 4 12 13,0,55,,31397,36,0,29 30 6,0,15,,31398,48,0,33 4 34,0,15,,31399,42,0,20 4 12 13,0,15,,31400,36,0,29 30 6,0,55,,31401,48,0,33 4 34,0,15,,31402,42,0,20 4 12 13,0,15,,31403,36,0,29 30 6,0,15,,31404,42,0,17 18 4 19,0,0,,31405,48,0,33 4 34,0
578301,'6',541,,31411,48,0,33 4 34,0,15,,31413,42,0,20 4 12 13,0,55,,31414,36,0,29 30 6,0,15,,31415,48,0,33 4 34,0,15,,31416,42,0,20 4 12 13,0,15,,31417,36,0,29 30 6,0,55,,31418,48,0,33 4 34,0,15,,31419,42,0,20 4 12 13,0,15,,31420,36,0,29 30 6,0,15,,31421,48,0,33 4 34,0,55,,31422,42,0,20 4 12 13,0,15,,31423,36,0,29 30 6,0,15,,31424,48,0,33 4 34,0,15,,31425,42,0,20 4 12 13,0,55,,31426,36,0,29 30 6,0,15,,31427,48,0,33 4 34,0,13,,31428,42,0,20 4 12 13,0,12,,31429,36,0,29 30 6,0,52,,31430,48,0,33 4 34,0,12,,31431,42,0,20 4 12 13,0,12,,31432,36,0,29 30 6,0,12,,31433,48,0,33 4 34,0,12,,31434,42,0,20 4 12 13,0,52,,31435,36,0,29 30 6,0,12,,31436,48,0,33 4 34,0,12,,31437,42,0,20 4 12 13,0,12,,31438,36,0,29 30 6,0,12,,31439,48,0,33 4 34,0,52,,31440,42,0,20 4 12 13,0,12,,31441,36,0,29 30 6,0,12,,31442,48,0,33 4 34,0,12,,31443,42,0,20 4 12 13,0,12,,31444,36,0,29 30 6,0,52,,31445,48,0,33 4 34,0,12,,31446,42,0,20 4 12 13,0,12,,31447,36,0,29 30 6,0,12,,31448,48,0,33 4 34,0,12,,31449,42,0,20 4 12 13,0,52,,31450,36,0,29 30 6,0,12,,31451,48,0,33 4 34,0,12,,31452,42,0,20 4 12 13,0,12,,31453,36,0,29 30 6,0,12,,31454,48,0,33 4 34,0,52,,31455,42,0,20 4 12 13,0,12,,31456,36,0,29 30 6,0,12,,31457,48,0,33 4 34,0,12,,31458,42,0,20 4 12 13,0,12,,31459,36,0,29 30 6,0,52,,31460,48,0,33 4 34,0,12,,31461,42,0,20 4 12 13,0,12,,31462,36,0,29 30 6,0,12,,31463,48,0,33 4 34,0,12,,31464,42,0,20 4 12 13,0,52,,31465,36,0,29 30 6,0,12,,31466,48,0,33 4 34,0,12,,31467,42,0,20 4 12 13,0,12,,31468,36,0,29 30 6,0,12,,31469,48,0,33 4 34,0,52,,31470,42,0,20 4 12 13,0,12,,31471,36,0,29 30 6,0,12,,31472,48,0,33 4 34,0,12,,31473,42,0,20 4 12 13,0,12,,31474,36,0,29 30 6,0,52,,31475,48,0,33 4 34,0,11,,31476,42,0,20 4 12 13,0,12,,31477,36,0,29 30 6,0,15,,31478,48,0,33 4 34,0,15,,31479,42,0,20 4 12 13,0,55,,31480,36,0,29 30 6,0,15,,31481,48,0,33 4 34,0,15,,31482,42,0,20 4 12 13,0,15,,31483,36,0,29 30 6,0,55,,31484,48,0,33 4 34,0,15,,31485,42,0,20 4 12 13,0,15,,31486,36,0,29 30 6,0,15,,31487,48,0,33 4 34,0,55,,31488,42,0,20 4 12 13,0,15,,31489,36,0,29 30 6,0,15,,31490,48,0,33 4 34,0,15,,31491,42,0,20 4 12 13,0,55,,31492,36,0,29 30 6,0,15,,31493,48,0,33 4 34,0,15,,31494,42,0,20 4 12 13,0,15,,31496,36,0,29 30 6,0,0,,31495,48,0,33 4 34,0,73,,31497,36,0,17 18 4 19,0,19,,31498,42,0,17 18 4 19,0
580201,'1',530,,37677,34,,,0,73,,37678,33,,,0,31,,37679,34,,,0,24,,37680,33,,,0,57,,37681,34,,,0,16,,37682,33,,,0,15,,37683,34,,,0,54,,37684,33,,,0,16,,37685,34,,,0,15,,37686,33,,,0,15,,37687,34,,,0,55,,37688,33,,,0,15,,37689,34,,,0,30,,37690,33,,,0,70,,37691,34,,,0,29,,37692,33,,,0,71,,37693,34,,,0,30,,37694,33,,,0,70,,37695,34,,,0,30,,37696,33,,,0,70,,37697,34,,,0,30,,37698,33,,,0,70,,37699,34,,,0,30,,37700,33,,,0,70,,37701,34,,,0,19,,37702,33,,,0,15,,37703,34,,,0,55,,37704,33,,,0,15,,37705,34,,,0,15,,37706,33,,,0,15,,37707,34,,,0,55,,37708,33,,,0,15,,37709,34,,,0,15,,37710,33,,,0,15,,37711,34,,,0,53,,37712,33,,,0,15,,37713,34,,,0,20,,37714,33,,,0,71,,37715,34,,,0,29,,37716,33,,,0,71,,37717,34,,,0,29,,37718,33,,,0,71,,37719,34,,,0,29,,37720,33,,,0,74,,37721,34,,,0,98,,37722,33,,,0,100,,37723,34,,,0
580201,'2',711,,37739,33,,,0,30,,37743,34,,,0,70,,37734,33,,,0,30,,37733,34,,,0,70,,37732,33,,,0,30,,37736,34,,,0,70,,37735,33,,,0,30,,37731,34,,,0,70,,37730,33,,,0,30,,37744,34,,,0,70,,37741,33,,,0,30,,37729,34,,,0,70,,37728,33,,,0,30,,37740,34,,,0,70,,37742,33,,,0,30,,37726,34,,,0,70,,37727,33,,,0,30,,37753,34,,,0,70,,37752,33,,,0,30,,37757,34,,,0,70,,37756,33,,,0,30,,37725,34,,,0,75,,37724,33,,,0,30,,37749,34,,,0,70,,37746,33,,,0,31,,37750,34,,,0,69,,37755,33,,,0,31,,37754,34,,,0,69,,37751,33,,,0,31,,37738,34,,,0,69,,37737,33,,,0,31,,37745,34,,,0,69,,37748,33,,,0,41,,37747,34,,,0
580201,'3',726,,37763,33,,,0,30,,37770,34,,,0,70,,37762,33,,,0,30,,37771,34,,,0,70,,37766,33,,,0,30,,37772,34,,,0,70,,37765,33,,,0,30,,37773,34,,,0,70,,37760,33,,,0,30,,37774,34,,,0,70,,37761,33,,,0,30,,37775,34,,,0,70,,37768,33,,,0,30,,37776,34,,,0,70,,37767,33,,,0,30,,37777,34,,,0,70,,37764,33,,,0,30,,37778,34,,,0,70,,37759,33,,,0,30,,37779,34,,,0,70,,37758,33,,,0,30,,37780,34,,,0,70,,37769,33,,,0,30,,37781,34,,,0,70,,37786,33,,,0,30,,37782,34,,,0,70,,37787,33,,,0,30,,37783,34,,,0,70,,37788,33,,,0,30,,37784,34,,,0,70,,37789,33,,,0,30,,37785,34,,,0,70,,37790,33,,,0,30,,37791,34,,,0
580201,'4',551,,37792,34,,,0,100,,37793,33,,,0,100,,37794,34,,,0,100,,37795,33,,,0,100,,37796,34,,,0,100,,37797,33,,,0,100,,37798,34,,,0,100,,37799,33,,,0,100,,37800,34,,,0,100,,37801,33,,,0,100,,37802,34,,,0,100,,37803,33,,,0,100,,37804,34,,,0,100,,37805,33,,,0,100,,37806,34,,,0,100,,37807,33,,,0
580201,'6',726,,37813,33,,,0,30,,37820,34,,,0,70,,37812,33,,,0,30,,37821,34,,,0,70,,37816,33,,,0,30,,37822,34,,,0,70,,37815,33,,,0,30,,37823,34,,,0,70,,37810,33,,,0,30,,37824,34,,,0,70,,37811,33,,,0,30,,37825,34,,,0,70,,37818,33,,,0,30,,37826,34,,,0,70,,37817,33,,,0,30,,37827,34,,,0,70,,37814,33,,,0,30,,37828,34,,,0,70,,37809,33,,,0,30,,37829,34,,,0,70,,37808,33,,,0,30,,37830,34,,,0,70,,37819,33,,,0,30,,37831,34,,,0,70,,37836,33,,,0,30,,37832,34,,,0,70,,37837,33,,,0,30,,37833,34,,,0,70,,37838,33,,,0,30,,37834,34,,,0,70,,37839,33,,,0,30,,37835,34,,,0,70,,37840,33,,,0,30,,37841,34,,,0
580801,'14601',532,,39528,37,,,0,20,,39522,37,,,0,60,,39523,37,,,0,20,,39524,37,,,0,20,,39525,37,,,0,60,,39526,37,,,0,20,,39527,37,,,0,20,,39520,37,,,0,59,,39521,37,,,0,10,,39423,37,,,0,10,,39454,37,,,0,10,,39424,37,,,0,8,,39455,37,,,0,7,,39425,37,,,0,48,,39456,37,,,0,9,,39426,37,,,0,8,,39457,37,,,0,9,,39427,37,,,0,8,,39458,37,,,0,5,,39428,37,,,0,8,,39459,37,,,0,7,,39460,37,,,0,48,,39461,37,,,0,13,,39462,37,,,0,12,,39429,37,,,0,10,,39430,37,,,0,10,,39431,37,,,0,50,,39432,37,,,0,10,,39433,37,,,0,10,,39434,37,,,0,10,,39435,37,,,0,10,,39436,37,,,0,10,,39437,37,,,0,50,,39438,37,,,0,10,,39439,37,,,0,10,,39440,37,,,0,10,,39441,37,,,0,10,,39442,37,,,0,10,,39443,37,,,0,50,,39444,37,,,0,10,,39445,37,,,0,10,,39446,37,,,0,10,,39447,37,,,0,10,,39448,37,,,0,10,,39449,37,,,0,50,,39450,37,,,0,10,,39451,37,,,0,10,,39452,37,,,0,10,,39453,37,,,0,10,,39488,37,,,0,9,,39489,37,,,0,8,,39492,37,,,0,47,,39490,37,,,0,8,,39493,37,,,0,7,,39491,37,,,0,8,,39463,37,,,0,7,,39476,37,,,0,8,,39464,37,,,0,7,,39477,37,,,0,8,,39465,37,,,0,47,,39478,37,,,0,8,,39466,37,,,0,7,,39479,37,,,0,8,,39467,37,,,0,7,,39480,37,,,0,8,,39468,37,,,0,7,,39481,37,,,0,8,,39469,37,,,0,47,,39482,37,,,0,8,,39470,37,,,0,7,,39483,37,,,0,8,,39471,37,,,0,7,,39484,37,,,0,8,,39472,37,,,0,7,,39485,37,,,0,8,,39473,37,,,0,48,,39486,37,,,0,8,,39474,37,,,0,7,,39487,37,,,0,8,,39475,37,,,0,8,,39503,37,,,0,10,,39504,37,,,0,10,,39505,37,,,0,50,,39506,37,,,0,10,,39507,37,,,0,10,,39494,37,,,0,13,,39495,37,,,0,15,,39496,37,,,0,55,,39498,37,,,0,15,,39499,37,,,0,15,,39500,37,,,0,15,,39501,37,,,0,55,,39502,37,,,0,15,,39497,37,,,0,15,,39515,37,,,0,15,,39516,37,,,0,55,,39519,37,,,0,16,,39517,37,,,0,22,,39518,37,,,0,70,,39508,37,,,0,30,,39509,37,,,0,70,,39510,37,,,0,30,,39511,37,,,0,70,,39512,37,,,0,30,,39513,37,,,0,70,,39514,37,,,0
580801,'14602',548,,39559,37,,,0,70,,39560,37,,,0,30,,39561,37,,,0,70,,39562,37,,,0,30,,39563,37,,,0,70,,39564,37,,,0,30,,39565,37,,,0,70,,39566,37,,,0,30,,39567,37,,,0,70,,39568,37,,,0,30,,39569,37,,,0,70,,39570,37,,,0,30,,39558,37,,,0,70,,39541,37,,,0,30,,39542,37,,,0,70,,39543,37,,,0,30,,39544,37,,,0,70,,39545,37,,,0,30,,39546,37,,,0,70,,39547,37,,,0,30,,39548,37,,,0,70,,39549,37,,,0,30,,39550,37,,,0,70,,39551,37,,,0,30,,39552,37,,,0,70,,39553,37,,,0,30,,39554,37,,,0,70,,39555,37,,,0,30,,39556,37,,,0,70,,39557,37,,,0,30,,39540,37,,,0,70,,39539,37,,,0,30,,39538,37,,,0,70,,39537,37,,,0,30,,39536,37,,,0,70,,39535,37,,,0,30,,39534,37,,,0,70,,39533,37,,,0,30,,39532,37,,,0,70,,39531,37,,,0,30,,39530,37,,,0,70,,39529,37,,,0
580801,'14603',648,,39596,37,,,0,70,,39597,37,,,0,30,,39598,37,,,0,70,,39599,37,,,0,30,,39600,37,,,0,70,,39601,37,,,0,30,,39602,37,,,0,70,,39603,37,,,0,30,,39604,37,,,0,70,,39605,37,,,0,30,,39571,37,,,0,70,,39588,37,,,0,30,,39587,37,,,0,70,,39586,37,,,0,30,,39585,37,,,0,70,,39584,37,,,0,30,,39583,37,,,0,70,,39582,37,,,0,30,,39581,37,,,0,70,,39580,37,,,0,30,,39579,37,,,0,70,,39578,37,,,0,30,,39577,37,,,0,70,,39576,37,,,0,30,,39575,37,,,0,70,,39574,37,,,0,30,,39573,37,,,0,70,,39572,37,,,0,30,,39589,37,,,0,70,,39590,37,,,0,30,,39591,37,,,0,70,,39592,37,,,0,30,,39593,37,,,0,70,,39594,37,,,0,30,,39595,37,,,0,70,,39606,37,,,0
580801,'14604',648,,39627,37,,,0,70,,39628,37,,,0,30,,39629,37,,,0,70,,39630,37,,,0,30,,39631,37,,,0,70,,39632,37,,,0,30,,39633,37,,,0,70,,39634,37,,,0,30,,39635,37,,,0,70,,39636,37,,,0,30,,39607,37,,,0,70,,39624,37,,,0,30,,39623,37,,,0,70,,39622,37,,,0,30,,39621,37,,,0,70,,39620,37,,,0,30,,39619,37,,,0,70,,39618,37,,,0,30,,39617,37,,,0,70,,39616,37,,,0,30,,39615,37,,,0,70,,39614,37,,,0,30,,39613,37,,,0,70,,39612,37,,,0,30,,39611,37,,,0,70,,39610,37,,,0,30,,39609,37,,,0,70,,39608,37,,,0,30,,39625,37,,,0,70,,39626,37,,,0
580801,'14606',648,,39662,37,,,0,70,,39663,37,,,0,30,,39664,37,,,0,70,,39665,37,,,0,30,,39666,37,,,0,70,,39667,37,,,0,30,,39668,37,,,0,70,,39669,37,,,0,30,,39670,37,,,0,70,,39671,37,,,0,30,,39637,37,,,0,70,,39654,37,,,0,30,,39653,37,,,0,70,,39652,37,,,0,30,,39651,37,,,0,70,,39650,37,,,0,30,,39649,37,,,0,70,,39648,37,,,0,30,,39647,37,,,0,70,,39646,37,,,0,30,,39645,37,,,0,70,,39644,37,,,0,30,,39643,37,,,0,70,,39642,37,,,0,30,,39641,37,,,0,70,,39640,37,,,0,30,,39639,37,,,0,70,,39638,37,,,0,30,,39655,37,,,0,70,,39656,37,,,0,30,,39657,37,,,0,70,,39658,37,,,0,30,,39659,37,,,0,70,,39660,37,,,0,30,,39661,37,,,0,70,,39672,37,,,0
582800,'1',705,,40229,31,,,0,15,,40231,31,,,0,15,,40233,31,,,0,15,,40235,31,,,0,55,,40237,31,,,0,15,,40239,31,,,0,15,,40241,31,,,0,15,,40243,31,,,0,54,,40245,31,,,0,13,,40247,31,,,0,12,,40249,31,,,0,12,,40251,31,,,0,12,,40253,31,,,0,52,,40255,31,,,0,12,,40257,31,,,0,12,,40259,31,,,0,12,,40261,31,,,0,12,,40263,31,,,0,52,,40265,31,,,0,12,,40267,31,,,0,12,,40269,31,,,0,12,,40271,31,,,0,12,,40273,31,,,0,52,,40275,31,,,0,12,,40277,31,,,0,12,,40279,31,,,0,12,,40281,31,,,0,12,,40283,31,,,0,52,,40285,31,,,0,12,,40287,31,,,0,12,,40289,31,,,0,12,,40291,31,,,0,12,,40293,31,,,0,52,,40295,31,,,0,11,,40297,31,,,0,12,,40299,31,,,0,12,,40301,31,,,0,12,,40303,31,,,0,52,,40305,31,,,0,12,,40307,31,,,0,12,,40309,31,,,0,12,,40311,31,,,0,12,,40313,31,,,0,53,,40315,31,,,0,12,,40317,31,,,0,12,,40319,31,,,0,12,,40321,31,,,0,12,,40323,31,,,0,52,,40325,31,,,0,12,,40327,31,,,0,12,,40329,31,,,0,12,,40331,31,,,0,12,,40333,31,,,0,52,,40335,31,,,0,12,,40337,31,,,0,12,,40215,31,,,0,12,,40339,31,,,0,12,,40341,31,,,0
