582801,'1',429,,40612,10,0,37 38 39,0,23,,40613,10,0,37 38 39,0,60,,40614,10,0,37 38 39,0,20,,40615,10,0,37 38 39,0,15,,40616,10,0,37 38 39,0,55,,40617,10,,,0,10,,40618,10,0,37 38 39,0,10,,40619,10,,,0,10,,40620,10,0,37 38 39,0,10,,40621,10,,,0,7,,40622,10,0,37 38 39,0,8,,40623,10,,,0,47,,40624,10,0,37 38 39,0,8,,40625,10,,,0,7,,40626,10,0,37 38 39,0,7,,40627,10,,,0,8,,40628,10,0,37 38 39,0,8,,40629,10,,,0,7,,40630,10,0,37 38 39,0,8,,40631,10,,,0,47,,40632,10,0,37 38 39,0,8,,40633,10,,,0,7,,40634,10,0,37 38 39,0,8,,40635,10,,,0,6,,40636,10,0,37 38 39,0,6,,40637,10,,,0,6,,40638,10,0,37 38 39,0,6,,40639,10,,,0,6,,40640,10,0,37 38 39,0,46,,40641,10,,,0,6,,40611,10,0,37 38 39,0,6,,40643,10,,,0,6,,40642,10,0,37 38 39,0,6,,40645,10,,,0,6,,40644,10,0,37 38 39,0,6,,40647,10,,,0,6,,40646,10,0,37 38 39,0,6,,40649,10,,,0,6,,40648,10,0,37 38 39,0,46,,40651,10,,,0,6,,40650,10,0,37 38 39,0,6,,40653,10,,,0,6,,40652,10,0,37 38 39,0,6,,40655,10,,,0,6,,40654,10,0,37 38 39,0,6,,40657,10,,,0,6,,40656,10,0,37 38 39,0,6,,40659,10,,,0,6,,40658,10,0,37 38 39,0,46,,40661,10,,,0,6,,40660,10,0,37 38 39,0,6,,40663,10,,,0,6,,40662,10,0,37 38 39,0,6,,40665,10,,,0,6,,40664,10,0,37 38 39,0,6,,40667,10,,,0,6,,40666,10,0,37 38 39,0,6,,40669,10,,,0,6,,40668,10,0,37 38 39,0,46,,40671,10,,,0,6,,40670,10,0,37 38 39,0,6,,40673,10,,,0,6,,40672,10,0,37 38 39,0,6,,40675,10,,,0,6,,40674,10,0,37 38 39,0,6,,40677,10,,,0,6,,40676,10,0,37 38 39,0,6,,40679,10,,,0,6,,40678,10,0,37 38 39,0,46,,40681,10,,,0,6,,40680,10,0,37 38 39,0,6,,40683,10,,,0,6,,40682,10,0,37 38 39,0,6,,40685,10,,,0,6,,40684,10,0,37 38 39,0,6,,40687,10,,,0,6,,40686,10,0,37 38 39,0,6,,40689,10,,,0,6,,40688,10,0,37 38 39,0,46,,40691,10,,,0,6,,40690,10,0,37 38 39,0,6,,40693,10,,,0,6,,40692,10,0,37 38 39,0,6,,40695,10,,,0,6,,40694,10,0,37 38 39,0,6,,40697,10,,,0,6,,40696,10,0,37 38 39,0,6,,40699,10,,,0,6,,40698,10,0,37 38 39,0,46,,40701,10,,,0,6,,40700,10,0,37 38 39,0,6,,40703,10,,,0,7,,40702,10,0,37 38 39,0,6,,40705,10,,,0,6,,40704,10,0,37 38 39,0,6,,40707,10,,,0,6,,40706,10,0,37 38 39,0,6,,40709,10,,,0,6,,40708,10,0,37 38 39,0,46,,40711,10,,,0,6,,40710,10,0,37 38 39,0,6,,40713,10,,,0,6,,40712,10,0,37 38 39,0,6,,40715,10,,,0,6,,40714,10,0,37 38 39,0,6,,40717,10,,,0,6,,40716,10,0,37 38 39,0,8,,40719,10,,,0,46,,40718,10,0,37 38 39,0,6,,40721,10,,,0,6,,40720,10,0,37 38 39,0,6,,40723,10,,,0,6,,40722,10,0,37 38 39,0,6,,40725,10,,,0,6,,40724,10,0,37 38 39,0,6,,40727,10,,,0,6,,40726,10,0,37 38 39,0,6,,40728,10,0,37 38 39,0,46,,40729,10,0,37 38 39,0,6,,40730,10,0,37 38 39,0,6,,40731,10,0,37 38 39,0,6,,40732,10,0,37 38 39,0,6,,40733,10,0,37 38 39,0,6,,40734,10,0,37 38 39,0,7,,40735,10,0,37 38 39,0,7,,40736,10,0,37 38 39,0,8,,40737,10,0,37 38 39,0,7,,40738,10,0,37 38 39,0,48,,40739,10,0,37 38 39,0,11,,40740,10,0,37 38 39,0,15,,40741,10,0,37 38 39,0,15,,40742,10,0,37 38 39,0,55,,40743,10,0,37 38 39,0,15,,40744,10,0,37 38 39,0,15,,40745,10,0,37 38 39,0,15,,40746,10,0,37 38 39,0,55,,40747,10,0,37 38 39,0,15,,40748,10,0,37 38 39,0,15,,40749,10,0,37 38 39,0,16,,40750,10,0,37 38 39,0,60,,40751,10,0,37 38 39,0,20,,40752,10,0,37 38 39,0,20,,40753,10,0,37 38 39,0,60,,40754,10,0,37 38 39,0,20,,40755,10,0,37 38 39,0,20,,40756,10,0,37 38 39,0,60,,40757,10,0,37 38 39,0,20,,40758,10,0,37 38 39,0,20,,40759,10,0,37 38 39,0,63,,40760,10,0,37 38 39,0,36,,40761,10,0,37 38 39,0
582801,'2',509,,40770,10,0,37 38 39,0,20,,40771,10,0,37 38 39,0,20,,40772,10,0,37 38 39,0,60,,40773,10,0,37 38 39,0,20,,40774,10,0,37 38 39,0,20,,40775,10,0,37 38 39,0,60,,40776,10,0,37 38 39,0,20,,40777,10,0,37 38 39,0,20,,40778,10,0,37 38 39,0,59,,40779,10,0,37 38 39,0,15,,40780,10,0,37 38 39,0,15,,40781,10,0,37 38 39,0,15,,40793,10,0,37 38 39,0,55,,40794,10,0,37 38 39,0,15,,40795,10,0,37 38 39,0,15,,40796,10,0,37 38 39,0,15,,40797,10,0,37 38 39,0,55,,40798,10,0,37 38 39,0,15,,40799,10,0,37 38 39,0,15,,40800,10,0,37 38 39,0,15,,40801,10,0,37 38 39,0,55,,40802,10,0,37 38 39,0,15,,40803,10,0,37 38 39,0,15,,40804,10,0,37 38 39,0,15,,40805,10,0,37 38 39,0,55,,40806,10,0,37 38 39,0,15,,40807,10,0,37 38 39,0,15,,40808,10,0,37 38 39,0,15,,40809,10,0,37 38 39,0,55,,40810,10,0,37 38 39,0,15,,40811,10,0,37 38 39,0,15,,40812,10,0,37 38 39,0,15,,40813,10,0,37 38 39,0,55,,40814,10,0,37 38 39,0,15,,40815,10,0,37 38 39,0,15,,40816,10,0,37 38 39,0,15,,40817,10,0,37 38 39,0,55,,40818,10,0,37 38 39,0,15,,40819,10,0,37 38 39,0,15,,40820,10,0,37 38 39,0,15,,40821,10,0,37 38 39,0,55,,40822,10,0,37 38 39,0,15,,40823,10,0,37 38 39,0,15,,40824,10,0,37 38 39,0,15,,40825,10,0,37 38 39,0,55,,40826,10,0,37 38 39,0,15,,40827,10,0,37 38 39,0,15,,40828,10,0,37 38 39,0,15,,40829,10,0,37 38 39,0,55,,40830,10,0,37 38 39,0,15,,40831,10,0,37 38 39,0,15,,40832,10,0,37 38 39,0,15,,40833,10,0,37 38 39,0,55,,40834,10,0,37 38 39,0,16,,40769,10,0,37 38 39,0,20,,40768,10,0,37 38 39,0,60,,40767,10,0,37 38 39,0,20,,40766,10,0,37 38 39,0,20,,40765,10,0,37 38 39,0,60,,40764,10,0,37 38 39,0,20,,40763,10,0,37 38 39,0,20,,40762,10,0,37 38 39,0,61,,40782,10,0,37 38 39,0,20,,40783,10,0,37 38 39,0,20,,40784,10,0,37 38 39,0,60,,40789,10,0,37 38 39,0,20,,40785,10,0,37 38 39,0,20,,40786,10,0,37 38 39,0,60,,40790,10,0,37 38 39,0,20,,40791,10,0,37 38 39,0,20,,40787,10,0,37 38 39,0,75,,40788,10,0,37 38 39,0,80,,40792,10,0,37 38 39,0
582801,'3',522,,40835,10,0,37 38 39,0,30,,40861,10,0,37 38 39,0,70,,40836,10,0,37 38 39,0,30,,40837,10,0,37 38 39,0,61,,40838,10,0,37 38 39,0,20,,40854,10,0,37 38 39,0,20,,40839,10,0,37 38 39,0,60,,40840,10,0,37 38 39,0,20,,40841,10,0,37 38 39,0,20,,40862,10,0,37 38 39,0,60,,40863,10,0,37 38 39,0,20,,40864,10,0,37 38 39,0,20,,40865,10,0,37 38 39,0,59,,40866,10,0,37 38 39,0,20,,40867,10,0,37 38 39,0,20,,40868,10,0,37 38 39,0,58,,40869,10,0,37 38 39,0,15,,40870,10,0,37 38 39,0,15,,40871,10,0,37 38 39,0,15,,40872,10,0,37 38 39,0,55,,40873,10,0,37 38 39,0,15,,40874,10,0,37 38 39,0,15,,40875,10,0,37 38 39,0,15,,40876,10,0,37 38 39,0,55,,40877,10,0,37 38 39,0,15,,40878,10,0,37 38 39,0,15,,40879,10,0,37 38 39,0,15,,40880,10,0,37 38 39,0,55,,40881,10,0,37 38 39,0,15,,40882,10,0,37 38 39,0,15,,40883,10,0,37 38 39,0,15,,40884,10,0,37 38 39,0,55,,40885,10,0,37 38 39,0,15,,40886,10,0,37 38 39,0,15,,40887,10,0,37 38 39,0,15,,40888,10,0,37 38 39,0,55,,40889,10,0,37 38 39,0,15,,40890,10,0,37 38 39,0,15,,40891,10,0,37 38 39,0,15,,40892,10,0,37 38 39,0,55,,40893,10,0,37 38 39,0,15,,40894,10,0,37 38 39,0,15,,40895,10,0,37 38 39,0,15,,40896,10,0,37 38 39,0,55,,40897,10,0,37 38 39,0,15,,40898,10,0,37 38 39,0,20,,40855,10,0,37 38 39,0,61,,40842,10,0,37 38 39,0,20,,40843,10,0,37 38 39,0,20,,40856,10,0,37 38 39,0,60,,40844,10,0,37 38 39,0,20,,40845,10,0,37 38 39,0,20,,40857,10,0,37 38 39,0,60,,40846,10,0,37 38 39,0,20,,40847,10,0,37 38 39,0,20,,40858,10,0,37 38 39,0,60,,40848,10,0,37 38 39,0,20,,40849,10,0,37 38 39,0,20,,40859,10,0,37 38 39,0,60,,40850,10,0,37 38 39,0,20,,40851,10,0,37 38 39,0,20,,40860,10,0,37 38 39,0,60,,40852,10,0,37 38 39,0,39,,40853,10,0,37 38 39,0
582801,'4',556,,40899,10,0,37 38 39,0,70,,40900,10,0,37 38 39,0,30,,40901,10,0,37 38 39,0,70,,40902,10,0,37 38 39,0,30,,40903,10,0,37 38 39,0,70,,40904,10,0,37 38 39,0,30,,40905,10,0,37 38 39,0,70,,40906,10,0,37 38 39,0,30,,40907,10,0,37 38 39,0,70,,40908,10,0,37 38 39,0,30,,40909,10,0,37 38 39,0,70,,40910,10,0,37 38 39,0,30,,40911,10,0,37 38 39,0,70,,40912,10,0,37 38 39,0,30,,40913,10,0,37 38 39,0,70,,40914,10,0,37 38 39,0,30,,40915,10,0,37 38 39,0,70,,40916,10,0,37 38 39,0,30,,40917,10,0,37 38 39,0,70,,40918,10,0,37 38 39,0,30,,40919,10,0,37 38 39,0,70,,40920,10,0,37 38 39,0,30,,40921,10,0,37 38 39,0,70,,40922,10,0,37 38 39,0,30,,40923,10,0,37 38 39,0,70,,40924,10,0,37 38 39,0,30,,40925,10,0,37 38 39,0,70,,40926,10,0,37 38 39,0,30,,40927,10,0,37 38 39,0,70,,40928,10,0,37 38 39,0,30,,40929,10,0,37 38 39,0
582801,'6',509,,40938,10,0,37 38 39,0,20,,40939,10,0,37 38 39,0,20,,40940,10,0,37 38 39,0,60,,40941,10,0,37 38 39,0,20,,40942,10,0,37 38 39,0,20,,40943,10,0,37 38 39,0,60,,40944,10,0,37 38 39,0,20,,40945,10,0,37 38 39,0,20,,40946,10,0,37 38 39,0,59,,40947,10,0,37 38 39,0,15,,40948,10,0,37 38 39,0,15,,40949,10,0,37 38 39,0,15,,40961,10,0,37 38 39,0,55,,40962,10,0,37 38 39,0,15,,40963,10,0,37 38 39,0,15,,40964,10,0,37 38 39,0,15,,40965,10,0,37 38 39,0,55,,40966,10,0,37 38 39,0,15,,40967,10,0,37 38 39,0,15,,40968,10,0,37 38 39,0,15,,40969,10,0,37 38 39,0,55,,40970,10,0,37 38 39,0,15,,40971,10,0,37 38 39,0,15,,40972,10,0,37 38 39,0,15,,40973,10,0,37 38 39,0,55,,40974,10,0,37 38 39,0,15,,40975,10,0,37 38 39,0,15,,40976,10,0,37 38 39,0,15,,40977,10,0,37 38 39,0,55,,40978,10,0,37 38 39,0,15,,40979,10,0,37 38 39,0,15,,40980,10,0,37 38 39,0,15,,40981,10,0,37 38 39,0,55,,40982,10,0,37 38 39,0,15,,40983,10,0,37 38 39,0,15,,40984,10,0,37 38 39,0,15,,40985,10,0,37 38 39,0,55,,40986,10,0,37 38 39,0,15,,40987,10,0,37 38 39,0,15,,40988,10,0,37 38 39,0,15,,40989,10,0,37 38 39,0,55,,40990,10,0,37 38 39,0,15,,40991,10,0,37 38 39,0,15,,40992,10,0,37 38 39,0,15,,40993,10,0,37 38 39,0,55,,40994,10,0,37 38 39,0,15,,40995,10,0,37 38 39,0,15,,40996,10,0,37 38 39,0,15,,40997,10,0,37 38 39,0,55,,40998,10,0,37 38 39,0,15,,40999,10,0,37 38 39,0,15,,41000,10,0,37 38 39,0,15,,41001,10,0,37 38 39,0,55,,41002,10,0,37 38 39,0,16,,40937,10,0,37 38 39,0,20,,40936,10,0,37 38 39,0,60,,40935,10,0,37 38 39,0,20,,40934,10,0,37 38 39,0,20,,40933,10,0,37 38 39,0,60,,40932,10,0,37 38 39,0,20,,40931,10,0,37 38 39,0,20,,40930,10,0,37 38 39,0,61,,40950,10,0,37 38 39,0,20,,40951,10,0,37 38 39,0,20,,40952,10,0,37 38 39,0,60,,40957,10,0,37 38 39,0,20,,40953,10,0,37 38 39,0,20,,40954,10,0,37 38 39,0,60,,40958,10,0,37 38 39,0,20,,40959,10,0,37 38 39,0,20,,40955,10,0,37 38 39,0,75,,40956,10,0,37 38 39,0,80,,40960,10,0,37 38 39,0
582901,'1601',804,,41339,3,,,0,12,,41338,3,,,0
582901,'1',536,,41340,3,,,0,18,,41341,3,,,0,55,,41342,3,,,0,15,,41343,3,,,0,15,,41344,3,,,0,16,,41345,3,,,0,55,,41346,3,,,0,10,,41347,3,,,0,10,,41348,3,,,0,10,,41349,3,,,0,10,,41350,3,,,0,50,,41351,3,,,0,10,,41352,3,,,0,10,,41353,3,,,0,10,,41354,3,,,0,10,,41355,3,,,0,10,,41356,3,,,0,50,,41357,3,,,0,10,,41358,3,,,0,10,,41359,3,,,0,10,,41360,3,,,0,10,,41361,3,,,0,10,,41362,3,,,0,50,,41363,3,,,0,12,,41364,3,,,0,12,,41365,3,,,0,12,,41366,3,,,0,12,,41367,3,,,0,52,,41368,3,,,0,12,,41369,3,,,0,12,,41370,3,,,0,12,,41371,3,,,0,12,,41372,3,,,0,52,,41373,3,,,0,12,,41374,3,,,0,12,,41375,3,,,0,12,,41376,3,,,0,12,,41377,3,,,0,52,,41378,3,,,0,12,,41379,3,,,0,12,,41380,3,,,0,12,,41381,3,,,0,12,,41382,3,,,0,52,,41383,3,,,0,11,,41384,3,,,0,10,,41385,3,,,0,10,,41386,3,,,0,10,,41387,3,,,0,10,,41388,3,,,0,50,,41389,3,,,0,10,,41390,3,,,0,10,,41391,3,,,0,10,,41392,3,,,0,10,,41393,3,,,0,10,,41394,3,,,0,50,,41395,3,,,0,10,,41396,3,,,0,10,,41397,3,,,0,10,,41398,3,,,0,10,,41399,3,,,0,10,,41400,3,,,0,50,,41401,3,,,0,10,,41402,3,,,0,10,,41403,3,,,0,10,,41404,3,,,0,10,,41405,3,,,0,10,,41406,3,,,0,50,,41407,3,,,0,10,,41408,3,,,0,10,,41409,3,,,0,10,,41410,3,,,0,12,,41411,3,,,0,10,,41412,3,,,0,50,,41413,3,,,0,10,,41414,3,,,0,10,,41415,3,,,0,10,,41416,3,,,0,11,,41417,3,,,0,12,,41418,3,,,0,52,,41419,3,,,0,12,,41420,3,,,0,12,,41421,3,,,0,12,,41422,3,,,0,12,,41423,3,,,0,52,,41424,3,,,0,12,,41425,3,,,0,12,,41426,3,,,0,12,,41427,3,,,0,62,,41428,3,,,0,30,,41429,3,,,0,70,,41430,3,,,0,30,,41431,3,,,0,70,,41432,3,,,0,30,,41434,3,,,0,65,,41433,3,,,0
582901,'2',817,,41522,3,,,0,10,,41519,3,,,0,10,,41518,3,,,0,10,,41517,3,,,0,10,,41516,3,,,0,50,,41515,3,,,0,10,,41514,3,,,0,10,,41513,3,,,0,10,,41512,3,,,0,10,,41511,3,,,0,10,,41510,3,,,0,50,,41509,3,,,0,10,,41508,3,,,0,10,,41507,3,,,0,10,,41506,3,,,0,10,,41505,3,,,0,10,,41504,3,,,0,46,,41503,3,,,0,10,,41502,3,,,0,10,,41501,3,,,0,10,,41500,3,,,0,10,,41499,3,,,0,10,,41498,3,,,0,50,,41497,3,,,0,10,,41496,3,,,0,10,,41495,3,,,0,10,,41494,3,,,0,10,,41493,3,,,0,10,,41492,3,,,0,50,,41491,3,,,0,10,,41490,3,,,0,10,,41489,3,,,0,10,,41488,3,,,0,10,,41487,3,,,0,10,,41486,3,,,0,50,,41485,3,,,0,10,,41484,3,,,0,10,,41483,3,,,0,10,,41482,3,,,0,10,,41481,3,,,0,10,,41480,3,,,0,50,,41479,3,,,0,10,,41478,3,,,0,10,,41477,3,,,0,10,,41476,3,,,0,10,,41475,3,,,0,10,,41474,3,,,0,50,,41473,3,,,0,10,,41472,3,,,0,10,,41471,3,,,0,10,,41470,3,,,0,10,,41469,3,,,0,10,,41468,3,,,0,50,,41467,3,,,0,10,,41466,3,,,0,10,,41465,3,,,0,10,,41464,3,,,0,10,,41463,3,,,0,10,,41462,3,,,0,50,,41461,3,,,0,10,,41460,3,,,0,10,,41459,3,,,0,10,,41458,3,,,0,10,,41457,3,,,0,10,,41456,3,,,0,54,,41455,3,,,0,10,,41454,3,,,0,12,,41453,3,,,0,12,,41452,3,,,0,12,,41451,3,,,0,52,,41450,3,,,0,12,,41449,3,,,0,12,,41448,3,,,0,12,,41447,3,,,0,12,,41446,3,,,0,52,,41445,3,,,0,12,,41444,3,,,0,12,,41443,3,,,0,12,,41442,3,,,0,60,,41441,3,,,0,30,,41440,3,,,0,70,,41439,3,,,0,30,,41438,3,,,0,70,,41437,3,,,0,30,,41436,3,,,0,78,,41435,3,,,0
582901,'3',814,,41525,3,,,0,15,,41526,3,,,0,15,,41527,3,,,0,15,,41528,3,,,0,55,,41529,3,,,0,15,,41530,3,,,0,11,,41531,3,,,0,15,,41532,3,,,0,55,,41533,3,,,0,15,,41534,3,,,0,15,,41535,3,,,0,15,,41536,3,,,0,55,,41537,3,,,0,15,,41538,3,,,0,15,,41539,3,,,0,15,,41540,3,,,0,55,,41541,3,,,0,15,,41542,3,,,0,15,,41543,3,,,0,15,,41544,3,,,0,55,,41545,3,,,0,15,,41546,3,,,0,15,,41547,3,,,0,15,,41548,3,,,0,55,,41549,3,,,0,15,,41550,3,,,0,15,,41551,3,,,0,15,,41552,3,,,0,55,,41553,3,,,0,15,,41554,3,,,0,15,,41555,3,,,0,15,,41556,3,,,0,55,,41557,3,,,0,15,,41558,3,,,0,15,,41559,3,,,0,15,,41560,3,,,0,55,,41561,3,,,0,15,,41562,3,,,0,15,,41563,3,,,0,15,,41564,3,,,0,55,,41565,3,,,0,15,,41566,3,,,0,19,,41567,3,,,0,15,,41568,3,,,0,60,,41569,3,,,0,20,,41570,3,,,0,20,,41571,3,,,0,60,,41572,3,,,0,20,,41573,3,,,0,20,,41574,3,,,0,60,,41575,3,,,0,24,,41576,3,,,0,70,,41577,3,,,0,30,,41578,3,,,0,70,,41579,3,,,0,30,,41580,3,,,0
582901,'4',744,,41581,3,,,0,70,,41582,3,,,0,30,,41583,3,,,0,70,,41584,3,,,0,30,,41585,3,,,0,70,,41586,3,,,0,20,,41587,3,,,0,20,,41588,3,,,0,60,,41589,3,,,0,20,,41590,3,,,0,20,,41591,3,,,0,60,,41592,3,,,0,20,,41593,3,,,0,20,,41594,3,,,0,60,,41595,3,,,0,20,,41596,3,,,0,20,,41597,3,,,0,60,,41598,3,,,0,20,,41599,3,,,0,20,,41600,3,,,0,60,,41601,3,,,0,20,,41602,3,,,0,20,,41603,3,,,0,60,,41604,3,,,0,20,,41605,3,,,0,20,,41606,3,,,0,60,,41607,3,,,0,20,,41608,3,,,0,20,,41609,3,,,0,62,,41610,3,,,0,27,,41611,3,,,0,70,,41612,3,,,0,30,,41613,3,,,0,70,,41614,3,,,0,30,,41615,3,,,0
582901,'6',814,,41618,3,,,0,15,,41619,3,,,0,15,,41620,3,,,0,15,,41621,3,,,0,55,,41622,3,,,0,15,,41623,3,,,0,11,,41624,3,,,0,15,,41625,3,,,0,55,,41626,3,,,0,15,,41627,3,,,0,15,,41628,3,,,0,15,,41629,3,,,0,55,,41630,3,,,0,15,,41631,3,,,0,15,,41632,3,,,0,15,,41633,3,,,0,55,,41634,3,,,0,15,,41635,3,,,0,15,,41636,3,,,0,15,,41637,3,,,0,55,,41638,3,,,0,15,,41639,3,,,0,15,,41640,3,,,0,15,,41641,3,,,0,55,,41642,3,,,0,15,,41643,3,,,0,15,,41644,3,,,0,15,,41645,3,,,0,55,,41646,3,,,0,15,,41647,3,,,0,15,,41648,3,,,0,15,,41649,3,,,0,55,,41650,3,,,0,15,,41651,3,,,0,15,,41652,3,,,0,15,,41653,3,,,0,55,,41654,3,,,0,15,,41655,3,,,0,15,,41656,3,,,0,15,,41657,3,,,0,55,,41658,3,,,0,15,,41659,3,,,0,19,,41660,3,,,0,15,,41661,3,,,0,60,,41662,3,,,0,20,,41663,3,,,0,20,,41664,3,,,0,60,,41665,3,,,0,20,,41666,3,,,0,20,,41667,3,,,0,60,,41668,3,,,0,24,,41669,3,,,0,70,,41670,3,,,0,30,,41671,3,,,0,70,,41672,3,,,0,30,,41673,3,,,0
