578300,'1',537,,30533,58,0,31 4 32,0,10,,30534,65,0,27 28,0,65,,30536,58,0,31 4 32,0,7,,30537,65,0,27 28,0,15,,30539,58,0,31 4 32,0,15,,30541,65,0,27 28,0,55,,30543,58,0,31 4 32,0,15,,30545,65,0,27 28,0,15,,30547,58,0,31 4 32,0,15,,30549,65,0,27 28,0,55,,30551,58,0,31 4 32,0,15,,30553,65,0,27 28,0,15,,30555,58,0,31 4 32,0,15,,30557,65,0,27 28,0,55,,30559,58,0,31 4 32,0,15,,30561,65,0,27 28,0,18,,30563,58,0,31 4 32,0,10,,30565,65,0,27 28,0,60,,30567,58,0,31 4 32,0,10,,30568,65,0,27 28,0,20,,30570,58,0,31 4 32,0,10,,30571,65,0,27 28,0,60,,30573,58,0,31 4 32,0,10,,30574,65,0,27 28,0,20,,30576,58,0,31 4 32,0,10,,30577,65,0,27 28,0,60,,30579,58,0,31 4 32,0,10,,30580,65,0,27 28,0,20,,30582,58,0,31 4 32,0,10,,30583,65,0,27 28,0,60,,30585,58,0,31 4 32,0,10,,30586,65,0,27 28,0,20,,30588,58,0,31 4 32,0,10,,30589,65,0,27 28,0,57,,30591,58,0,31 4 32,0,15,,30593,65,0,27 28,0,15,,30595,58,0,31 4 32,0,15,,30597,65,0,27 28,0,55,,30599,58,0,31 4 32,0,15,,30601,65,0,27 28,0,15,,30603,58,0,31 4 32,0,15,,30605,65,0,27 28,0,55,,30607,58,0,31 4 32,0,15,,30609,65,0,27 28,0,15,,30611,58,0,31 4 32,0,15,,30613,65,0,27 28,0,55,,30615,58,0,31 4 32,0,15,,30617,65,0,27 28,0,15,,30619,58,0,31 4 32,0,15,,30621,65,0,27 28,0,55,,30623,58,0,31 4 32,0,16,,30625,65,0,27 28,0,15,,30627,58,0,31 4 32,0,10,,30628,65,0,27 28,0,60,,30630,58,0,31 4 32,0,10,,30631,65,0,27 28,0,20,,30633,58,0,31 4 32,0,10,,30634,65,0,27 28,0,60,,30636,58,0,31 4 32,0,10,,30637,65,0,27 28,0,20,,30639,58,0,31 4 32,0,10,,30640,65,0,27 28,0,60,,30642,58,0,31 4 32,0,10,,30643,65,0,27 28,0,20,,30645,58,0,31 4 32,0,10,,30646,65,0,27 28,0,65,,30648,65,0,27 28,0,15,,30649,58,0,31 4 32,0,30,,30651,65,0,27 28,0,55,,30652,58,0,31 4 32,0,30,,30654,65,0,27 28,0,15,,30655,58,0,31 4 32,0,70,,30657,65,0,27 28,0,15,,30658,58,0,31 4 32,0,75,,30660,58,0,17 25 4 26,0,0,,30661,65,0,27 28,0,23,,30663,65,0,17 25 4 26,0,80,,30664,65,0,17 25 4 26,0
578300,'2',557,,30671,58,0,31 4 32,0,64,,30673,65,0,27 28,0,12,,30674,58,0,31 4 32,0,24,,30676,65,0,27 28,0,52,,30677,58,0,31 4 32,0,24,,30679,65,0,27 28,0,12,,30680,58,0,31 4 32,0,64,,30683,65,0,27 28,0,12,,30684,58,0,31 4 32,0,24,,30686,65,0,27 28,0,12,,30687,58,0,31 4 32,0,64,,30689,65,0,27 28,0,12,,30690,58,0,31 4 32,0,24,,30692,65,0,27 28,0,52,,30693,58,0,31 4 32,0,24,,30695,65,0,27 28,0,12,,30696,58,0,31 4 32,0,64,,30698,65,0,27 28,0,12,,30699,58,0,31 4 32,0,24,,30701,65,0,27 28,0,12,,30702,58,0,31 4 32,0,64,,30704,65,0,27 28,0,12,,30705,58,0,31 4 32,0,24,,30707,65,0,27 28,0,52,,30708,58,0,31 4 32,0,24,,30710,65,0,27 28,0,12,,30711,58,0,31 4 32,0,64,,30713,65,0,27 28,0,12,,30714,58,0,31 4 32,0,24,,30716,65,0,27 28,0,12,,30717,58,0,31 4 32,0,64,,30719,65,0,27 28,0,12,,30720,58,0,31 4 32,0,24,,30722,65,0,27 28,0,52,,30723,58,0,31 4 32,0,24,,30725,65,0,27 28,0,12,,30726,58,0,31 4 32,0,64,,30728,65,0,27 28,0,12,,30729,58,0,31 4 32,0,22,,30731,65,0,27 28,0,10,,30732,58,0,31 4 32,0,64,,30734,65,0,27 28,0,12,,30735,58,0,31 4 32,0,24,,30737,65,0,27 28,0,52,,30738,58,0,31 4 32,0,22,,30740,65,0,27 28,0,12,,30741,58,0,31 4 32,0,64,,30743,65,0,27 28,0,12,,30744,58,0,31 4 32,0,24,,30746,65,0,27 28,0,12,,30747,58,0,31 4 32,0,64,,30749,65,0,27 28,0,12,,30750,58,0,31 4 32,0,28,,30752,65,0,27 28,0,55,,30753,58,0,31 4 32,0,30,,30755,65,0,27 28,0,70,,30757,58,0,31 4 32,0,15,,30758,65,0,27 28,0,30,,30760,58,0,31 4 32,0,55,,30761,65,0,27 28,0,30,,30763,65,0,27 28,0,15,,30764,58,0,31 4 32,0,60,,30765,65,0,17 25 4 26,0,85,,30767,65,0,17 25 4 26,0
578300,'3',611,,30773,58,0,31 4 32,0,15,,30775,65,0,27 28,0,30,,30777,58,0,31 4 32,0,55,,30778,65,0,27 28,0,30,,30780,58,0,31 4 32,0,15,,30781,65,0,27 28,0,70,,30783,58,0,31 4 32,0,15,,30784,65,0,27 28,0,67,,30786,58,0,31 4 32,0,12,,30787,65,0,27 28,0,24,,30789,58,0,31 4 32,0,11,,30790,65,0,27 28,0,64,,30792,58,0,31 4 32,0,12,,30793,65,0,27 28,0,24,,30795,58,0,31 4 32,0,52,,30796,65,0,27 28,0,24,,30798,58,0,31 4 32,0,12,,30799,65,0,27 28,0,64,,30801,58,0,31 4 32,0,12,,30802,65,0,27 28,0,24,,30804,58,0,31 4 32,0,12,,30805,65,0,27 28,0,64,,30807,58,0,31 4 32,0,12,,30808,65,0,27 28,0,24,,30810,58,0,31 4 32,0,52,,30811,65,0,27 28,0,24,,30813,58,0,31 4 32,0,12,,30814,65,0,27 28,0,64,,30816,58,0,31 4 32,0,12,,30817,65,0,27 28,0,24,,30819,58,0,31 4 32,0,12,,30820,65,0,27 28,0,64,,30822,58,0,31 4 32,0,12,,30823,65,0,27 28,0,24,,30825,58,0,31 4 32,0,52,,30826,65,0,27 28,0,24,,30828,58,0,31 4 32,0,12,,30829,65,0,27 28,0,67,,30831,58,0,31 4 32,0,15,,30832,65,0,27 28,0,30,,30834,58,0,31 4 32,0,55,,30835,65,0,27 28,0,30,,30837,58,0,31 4 32,0,15,,30838,65,0,27 28,0,70,,30840,58,0,31 4 32,0,15,,30841,65,0,27 28,0,70,,30843,58,0,31 4 32,0,15,,30844,65,0,27 28,0,31,,30846,58,0,31 4 32,0,55,,30847,65,0,27 28,0,30,,30849,58,0,31 4 32,0,15,,30850,65,0,27 28,0,70,,30852,58,0,31 4 32,0,15,,30853,65,0,27 28,0,15,,30854,58,0,31 4 32,0
578300,'4',626,,30859,58,0,31 4 32,0,30,,30861,65,0,27 28,0,55,,30862,58,0,31 4 32,0,30,,30864,65,0,27 28,0,15,,30865,58,0,31 4 32,0,70,,30867,65,0,27 28,0,15,,30868,58,0,31 4 32,0,70,,30870,65,0,27 28,0,15,,30871,58,0,31 4 32,0,29,,30873,65,0,27 28,0,55,,30874,58,0,31 4 32,0,30,,30876,65,0,27 28,0,15,,30877,58,0,31 4 32,0,70,,30879,65,0,27 28,0,15,,30880,58,0,31 4 32,0,70,,30882,65,0,27 28,0,15,,30883,58,0,31 4 32,0,30,,30885,65,0,27 28,0,55,,30886,58,0,31 4 32,0,30,,30888,65,0,27 28,0,15,,30889,58,0,31 4 32,0,70,,30891,65,0,27 28,0,15,,30892,58,0,31 4 32,0,70,,30894,65,0,27 28,0,15,,30895,58,0,31 4 32,0,30,,30897,65,0,27 28,0,55,,30898,58,0,31 4 32,0,30,,30900,65,0,27 28,0,15,,30901,58,0,31 4 32,0,70,,30903,65,0,27 28,0,15,,30904,58,0,31 4 32,0,71,,30906,65,0,27 28,0,15,,30907,58,0,31 4 32,0,30,,30909,65,0,27 28,0,55,,30910,58,0,31 4 32,0,30,,30912,65,0,27 28,0,15,,30913,58,0,31 4 32,0,70,,30915,65,0,27 28,0,15,,30916,58,0,31 4 32,0,15,,30917,65,0,17 25 4 26,0
578300,'6',611,,30927,58,0,31 4 32,0,15,,30929,65,0,27 28,0,30,,30931,58,0,31 4 32,0,55,,30932,65,0,27 28,0,30,,30934,58,0,31 4 32,0,15,,30935,65,0,27 28,0,70,,30937,58,0,31 4 32,0,15,,30938,65,0,27 28,0,67,,30940,58,0,31 4 32,0,12,,30941,65,0,27 28,0,24,,30943,58,0,31 4 32,0,11,,30944,65,0,27 28,0,64,,30946,58,0,31 4 32,0,12,,30947,65,0,27 28,0,24,,30949,58,0,31 4 32,0,52,,30950,65,0,27 28,0,24,,30952,58,0,31 4 32,0,12,,30953,65,0,27 28,0,64,,30955,58,0,31 4 32,0,12,,30956,65,0,27 28,0,24,,30958,58,0,31 4 32,0,12,,30959,65,0,27 28,0,64,,30961,58,0,31 4 32,0,12,,30962,65,0,27 28,0,24,,30964,58,0,31 4 32,0,52,,30965,65,0,27 28,0,24,,30967,58,0,31 4 32,0,12,,30968,65,0,27 28,0,64,,30970,58,0,31 4 32,0,12,,30971,65,0,27 28,0,24,,30973,58,0,31 4 32,0,12,,30974,65,0,27 28,0,64,,30976,58,0,31 4 32,0,12,,30977,65,0,27 28,0,24,,30979,58,0,31 4 32,0,52,,30980,65,0,27 28,0,24,,30982,58,0,31 4 32,0,12,,30983,65,0,27 28,0,67,,30985,58,0,31 4 32,0,15,,30986,65,0,27 28,0,30,,30988,58,0,31 4 32,0,55,,30989,65,0,27 28,0,30,,30991,58,0,31 4 32,0,15,,30992,65,0,27 28,0,70,,30994,58,0,31 4 32,0,15,,30995,65,0,27 28,0,70,,30997,58,0,31 4 32,0,15,,30998,65,0,27 28,0,31,,31000,58,0,31 4 32,0,55,,31001,65,0,27 28,0,30,,31003,58,0,31 4 32,0,15,,31004,65,0,27 28,0,70,,31006,58,0,31 4 32,0,15,,31007,65,0,27 28,0,15,,31008,58,0,31 4 32,0
582901,'1601',824,,41339,11,,,0,12,,41338,11,,,0
582901,'1',557,,41340,11,,,0,58,,41341,11,,,0,15,,41342,11,,,0,15,,41343,11,,,0,55,,41344,11,,,0,15,,41345,11,,,0,15,,41346,11,,,0,10,,41347,11,,,0,10,,41348,11,,,0,50,,41349,11,,,0,10,,41350,11,,,0,10,,41351,11,,,0,10,,41352,11,,,0,10,,41353,11,,,0,10,,41354,11,,,0,50,,41355,11,,,0,10,,41356,11,,,0,10,,41357,11,,,0,10,,41358,11,,,0,10,,41359,11,,,0,10,,41360,11,,,0,50,,41361,11,,,0,10,,41362,11,,,0,10,,41363,11,,,0,12,,41364,11,,,0,12,,41365,11,,,0,12,,41366,11,,,0,52,,41367,11,,,0,12,,41368,11,,,0,12,,41369,11,,,0,12,,41370,11,,,0,12,,41371,11,,,0,52,,41372,11,,,0,12,,41373,11,,,0,12,,41374,11,,,0,12,,41375,11,,,0,12,,41376,11,,,0,52,,41377,11,,,0,12,,41378,11,,,0,12,,41379,11,,,0,12,,41380,11,,,0,12,,41381,11,,,0,52,,41382,11,,,0,12,,41383,11,,,0,11,,41384,11,,,0,10,,41385,11,,,0,10,,41386,11,,,0,50,,41387,11,,,0,10,,41388,11,,,0,10,,41389,11,,,0,10,,41390,11,,,0,10,,41391,11,,,0,10,,41392,11,,,0,50,,41393,11,,,0,10,,41394,11,,,0,10,,41395,11,,,0,10,,41396,11,,,0,10,,41397,11,,,0,10,,41398,11,,,0,50,,41399,11,,,0,10,,41400,11,,,0,10,,41401,11,,,0,10,,41402,11,,,0,10,,41403,11,,,0,10,,41404,11,,,0,50,,41405,11,,,0,10,,41406,11,,,0,10,,41407,11,,,0,10,,41408,11,,,0,10,,41409,11,,,0,10,,41410,11,,,0,50,,41411,11,,,0,10,,41412,11,,,0,10,,41413,11,,,0,10,,41414,11,,,0,10,,41415,11,,,0,10,,41416,11,,,0,51,,41417,11,,,0,12,,41418,11,,,0,12,,41419,11,,,0,12,,41420,11,,,0,12,,41421,11,,,0,52,,41422,11,,,0,12,,41423,11,,,0,12,,41424,11,,,0,12,,41425,11,,,0,12,,41426,11,,,0,52,,41427,11,,,0,22,,41428,11,,,0,30,,41429,11,,,0,70,,41430,11,,,0,30,,41431,11,,,0,70,,41432,11,,,0,30,,41434,11,,,0,65,,41433,11,,,0
582901,'2',815,,41521,1,,,0,10,,41520,1,,,0,10,,41522,11,,,0,10,,41519,11,,,0,10,,41518,11,,,0,50,,41517,11,,,0,10,,41516,11,,,0,10,,41515,11,,,0,10,,41514,11,,,0,10,,41513,11,,,0,10,,41512,11,,,0,50,,41511,11,,,0,10,,41510,11,,,0,10,,41509,11,,,0,10,,41508,11,,,0,10,,41507,11,,,0,10,,41506,11,,,0,50,,41505,11,,,0,10,,41504,11,,,0,10,,41503,11,,,0,10,,41502,11,,,0,10,,41501,11,,,0,10,,41500,11,,,0,50,,41499,11,,,0,10,,41498,11,,,0,10,,41497,11,,,0,10,,41496,11,,,0,10,,41495,11,,,0,10,,41494,11,,,0,50,,41493,11,,,0,10,,41492,11,,,0,10,,41491,11,,,0,10,,41490,11,,,0,10,,41489,11,,,0,10,,41488,11,,,0,50,,41487,11,,,0,10,,41486,11,,,0,10,,41485,11,,,0,10,,41484,11,,,0,10,,41483,11,,,0,10,,41482,11,,,0,50,,41481,11,,,0,10,,41480,11,,,0,10,,41479,11,,,0,10,,41478,11,,,0,10,,41477,11,,,0,10,,41476,11,,,0,50,,41475,11,,,0,10,,41474,11,,,0,10,,41473,11,,,0,10,,41472,11,,,0,10,,41471,11,,,0,10,,41470,11,,,0,50,,41469,11,,,0,10,,41468,11,,,0,10,,41467,11,,,0,10,,41466,11,,,0,10,,41465,11,,,0,10,,41464,11,,,0,50,,41463,11,,,0,10,,41462,11,,,0,10,,41461,11,,,0,10,,41460,11,,,0,10,,41459,11,,,0,10,,41458,11,,,0,50,,41457,11,,,0,10,,41456,11,,,0,10,,41455,11,,,0,10,,41454,11,,,0,12,,41453,11,,,0,12,,41452,11,,,0,52,,41451,11,,,0,12,,41450,11,,,0,12,,41449,11,,,0,12,,41448,11,,,0,12,,41447,11,,,0,52,,41446,11,,,0,12,,41445,11,,,0,12,,41444,11,,,0,12,,41443,11,,,0,12,,41442,11,,,0,60,,41441,11,,,0,30,,41440,11,,,0,70,,41439,11,,,0,30,,41438,11,,,0,70,,41437,11,,,0,30,,41436,11,,,0,78,,41435,11,,,0
582901,'3',800,,41523,1,,,0,15,,41524,1,,,0,17,,41525,11,,,0,15,,41526,11,,,0,55,,41527,11,,,0,15,,41528,11,,,0,15,,41529,11,,,0,15,,41530,11,,,0,55,,41531,11,,,0,15,,41532,11,,,0,15,,41533,11,,,0,15,,41534,11,,,0,55,,41535,11,,,0,15,,41536,11,,,0,15,,41537,11,,,0,15,,41538,11,,,0,55,,41539,11,,,0,15,,41540,11,,,0,15,,41541,11,,,0,15,,41542,11,,,0,55,,41543,11,,,0,15,,41544,11,,,0,15,,41545,11,,,0,15,,41546,11,,,0,55,,41547,11,,,0,15,,41548,11,,,0,15,,41549,11,,,0,15,,41550,11,,,0,55,,41551,11,,,0,15,,41552,11,,,0,15,,41553,11,,,0,15,,41554,11,,,0,55,,41555,11,,,0,15,,41556,11,,,0,15,,41557,11,,,0,15,,41558,11,,,0,55,,41559,11,,,0,15,,41560,11,,,0,15,,41561,11,,,0,15,,41562,11,,,0,55,,41563,11,,,0,15,,41564,11,,,0,15,,41565,11,,,0,15,,41566,11,,,0,55,,41567,11,,,0,15,,41568,11,,,0,20,,41569,11,,,0,20,,41570,11,,,0,60,,41571,11,,,0,20,,41572,11,,,0,20,,41573,11,,,0,60,,41574,11,,,0,20,,41575,11,,,0,64,,41576,11,,,0,30,,41577,11,,,0,70,,41578,11,,,0,30,,41579,11,,,0,70,,41580,11,,,0
582901,'4',800,,41581,11,,,0,30,,41582,11,,,0,70,,41583,11,,,0,30,,41584,11,,,0,70,,41585,11,,,0,32,,41586,11,,,0,20,,41587,11,,,0,60,,41588,11,,,0,20,,41589,11,,,0,20,,41590,11,,,0,60,,41591,11,,,0,20,,41592,11,,,0,20,,41593,11,,,0,60,,41594,11,,,0,20,,41595,11,,,0,20,,41596,11,,,0,60,,41597,11,,,0,20,,41598,11,,,0,20,,41599,11,,,0,60,,41600,11,,,0,20,,41601,11,,,0,20,,41602,11,,,0,60,,41603,11,,,0,20,,41604,11,,,0,20,,41605,11,,,0,60,,41606,11,,,0,20,,41607,11,,,0,20,,41608,11,,,0,60,,41609,11,,,0,20,,41610,11,,,0,27,,41611,11,,,0,70,,41612,11,,,0,30,,41613,11,,,0,70,,41614,11,,,0,30,,41615,11,,,0
582901,'6',800,,41616,1,,,0,15,,41617,1,,,0,17,,41618,11,,,0,15,,41619,11,,,0,55,,41620,11,,,0,15,,41621,11,,,0,15,,41622,11,,,0,15,,41623,11,,,0,55,,41624,11,,,0,15,,41625,11,,,0,15,,41626,11,,,0,15,,41627,11,,,0,55,,41628,11,,,0,15,,41629,11,,,0,15,,41630,11,,,0,15,,41631,11,,,0,55,,41632,11,,,0,15,,41633,11,,,0,15,,41634,11,,,0,15,,41635,11,,,0,55,,41636,11,,,0,15,,41637,11,,,0,15,,41638,11,,,0,15,,41639,11,,,0,55,,41640,11,,,0,15,,41641,11,,,0,15,,41642,11,,,0,15,,41643,11,,,0,55,,41644,11,,,0,15,,41645,11,,,0,15,,41646,11,,,0,15,,41647,11,,,0,55,,41648,11,,,0,15,,41649,11,,,0,15,,41650,11,,,0,15,,41651,11,,,0,55,,41652,11,,,0,15,,41653,11,,,0,15,,41654,11,,,0,15,,41655,11,,,0,55,,41656,11,,,0,15,,41657,11,,,0,15,,41658,11,,,0,15,,41659,11,,,0,55,,41660,11,,,0,15,,41661,11,,,0,20,,41662,11,,,0,20,,41663,11,,,0,60,,41664,11,,,0,20,,41665,11,,,0,20,,41666,11,,,0,60,,41667,11,,,0,20,,41668,11,,,0,64,,41669,11,,,0,30,,41670,11,,,0,70,,41671,11,,,0,30,,41672,11,,,0,70,,41673,11,,,0
