579601,'1',453,,35143,29,,,0,60,,35144,29,,,0,20,,35145,29,,,0,18,,35146,29,,,0,54,,35147,29,,,0,15,,35148,29,,,0,15,,35149,29,,,0,15,,35150,29,,,0,55,,35151,29,,,0,15,,35152,29,,,0,15,,35153,29,,,0,15,,35154,29,,,0,55,,35155,29,,,0,15,,35156,29,,,0,15,,35157,29,,,0,15,,35158,29,,,0,55,,35159,29,,,0,15,,35160,29,,,0,16,,35161,29,,,0,17,,35162,29,,,0,60,,35163,29,,,0,20,,35164,29,,,0,20,,35165,29,,,0,60,,35166,29,,,0,20,,35167,29,,,0,20,,35168,29,,,0,60,,35169,29,,,0,20,,35170,29,,,0,20,,35171,29,,,0,60,,35172,29,,,0,20,,35173,29,,,0,20,,35174,29,,,0,60,,35175,29,,,0,20,,35176,29,,,0,15,,35177,29,,,0,55,,35178,29,,,0,15,,35179,29,,,0,15,,35180,29,,,0,15,,35181,29,,,0,55,,35182,29,,,0,15,,35183,29,,,0,15,,35184,29,,,0,15,,35185,29,,,0,55,,35186,29,,,0,15,,35187,29,,,0,20,,35188,29,,,0,20,,35189,29,,,0,68,,35190,29,,,0,30,,35191,29,,,0,67,,35192,29,,,0,30,,35193,29,,,0,70,,35194,29,,,0,30,,35195,29,,,0,70,,35196,29,,,0,29,,35197,29,,,0,65,,35198,29,,,0,30,,35199,29,,,0,70,,35200,29,,,0,25,,35201,29,,,0,70,,35202,29,,,0,28,,35203,29,,,0,70,,35204,29,,,0
579601,'2',535,,35217,29,,,0,70,,35218,29,,,0,32,,35219,29,,,0,70,,35220,29,,,0,30,,35221,29,,,0,70,,35222,29,,,0,30,,35223,29,,,0,64,,35224,29,,,0,20,,35225,29,,,0,20,,35226,29,,,0,60,,35227,29,,,0,20,,35228,29,,,0,20,,35229,29,,,0,60,,35230,29,,,0,20,,35231,29,,,0,20,,35232,29,,,0,60,,35233,29,,,0,20,,35234,29,,,0,20,,35235,29,,,0,60,,35236,29,,,0,20,,35237,29,,,0,20,,35238,29,,,0,60,,35239,29,,,0,20,,35240,29,,,0,20,,35241,29,,,0,60,,35242,29,,,0,20,,35243,29,,,0,20,,35244,29,,,0,60,,35245,29,,,0,20,,35246,29,,,0,20,,35247,29,,,0,60,,35248,29,,,0,22,,35253,29,,,0,30,,35249,29,,,0,70,,35250,29,,,0,30,,35251,29,,,0,70,,35252,29,,,0,30,,35205,29,,,0,70,,35206,29,,,0,30,,35207,29,,,0,70,,35208,29,,,0,28,,35209,29,,,0,66,,35210,29,,,0,30,,35211,29,,,0,70,,35212,29,,,0,30,,35213,29,,,0,70,,35214,29,,,0,30,,35215,29,,,0,70,,35216,29,,,0
579601,'3',602,,35278,29,,,0,30,,35279,29,,,0,70,,35277,29,,,0,30,,35280,29,,,0,70,,35276,29,,,0,30,,35281,29,,,0,25,,35274,29,,,0,65,,35275,29,,,0,30,,35273,29,,,0,70,,35272,29,,,0,30,,35271,29,,,0,70,,35270,29,,,0,30,,35269,29,,,0,70,,35268,29,,,0,30,,35267,29,,,0,70,,35266,29,,,0,30,,35265,29,,,0,70,,35264,29,,,0,30,,35263,29,,,0,70,,35262,29,,,0,30,,35261,29,,,0,70,,35260,29,,,0,30,,35259,29,,,0,70,,35258,29,,,0,28,,35254,29,,,0,70,,35257,29,,,0,30,,35282,29,,,0,70,,35256,29,,,0,30,,35283,29,,,0,70,,35255,29,,,0,31,,35284,29,,,0,67,,35285,29,,,0,30,,35286,29,,,0,59,,35288,29,,,0,30,,35287,29,,,0,70,,35289,29,,,0,30,,35290,29,,,0
579601,'4',616,,35291,29,,,0,100,,35292,29,,,0,85,,35293,29,,,0,30,,35294,29,,,0,70,,35295,29,,,0,33,,35296,29,,,0,70,,35297,29,,,0,30,,35298,29,,,0,70,,35299,29,,,0,30,,35300,29,,,0,70,,35301,29,,,0,30,,35302,29,,,0,70,,35303,29,,,0,30,,35304,29,,,0,70,,35305,29,,,0,30,,35306,29,,,0,70,,35307,29,,,0,30,,35308,29,,,0,82,,35309,29,,,0,100,,35310,29,,,0,98,,35311,29,,,0,100,,35312,29,,,0,100,,35313,29,,,0
579601,'6',602,,35338,29,,,0,30,,35339,29,,,0,70,,35337,29,,,0,30,,35340,29,,,0,70,,35336,29,,,0,30,,35341,29,,,0,25,,35334,29,,,0,65,,35335,29,,,0,30,,35333,29,,,0,70,,35332,29,,,0,30,,35331,29,,,0,70,,35330,29,,,0,30,,35329,29,,,0,70,,35328,29,,,0,30,,35327,29,,,0,70,,35326,29,,,0,30,,35325,29,,,0,70,,35324,29,,,0,30,,35323,29,,,0,70,,35322,29,,,0,30,,35321,29,,,0,70,,35320,29,,,0,30,,35319,29,,,0,70,,35318,29,,,0,28,,35314,29,,,0,70,,35317,29,,,0,30,,35342,29,,,0,70,,35316,29,,,0,30,,35343,29,,,0,70,,35315,29,,,0,31,,35344,29,,,0,67,,35345,29,,,0,30,,35346,29,,,0,59,,35348,29,,,0,30,,35347,29,,,0,70,,35349,29,,,0,30,,35350,29,,,0
579701,'1601',1510,,35553,24,,,0,30,,35552,24,,,0
579701,'1',517,,35554,24,,,0,22,,35555,24,,,0,20,,35556,24,,,0,60,,35557,24,,,0,20,,35558,24,,,0,19,,35559,24,,,0,55,,35560,24,,,0,15,,35561,24,,,0,15,,35562,24,,,0,15,,35563,24,,,0,55,,35564,24,,,0,15,,35565,24,,,0,15,,35566,24,,,0,60,,35567,24,,,0,20,,35568,24,,,0,20,,35569,24,,,0,59,,35570,24,,,0,20,,35571,24,,,0,20,,35572,24,,,0,60,,35573,24,,,0,20,,35574,24,,,0,20,,35575,24,,,0,60,,35576,24,,,0,20,,35577,24,,,0,20,,35578,24,,,0,60,,35579,24,,,0,20,,35580,24,,,0,20,,35581,24,,,0,16,,35582,24,,,0,55,,35583,24,,,0,15,,35584,24,,,0,15,,35585,24,,,0,15,,35586,24,,,0,55,,35587,24,,,0,15,,35588,24,,,0,15,,35589,24,,,0,15,,35590,24,,,0,55,,35591,24,,,0,15,,35592,24,,,0,15,,35593,24,,,0,15,,35594,24,,,0,55,,35595,24,,,0,15,,35596,24,,,0,15,,35597,24,,,0,69,,35598,24,,,0,30,,35599,24,,,0,66,,35600,24,,,0,28,,35601,24,,,0,70,,35602,24,,,0,30,,35603,24,,,0,70,,35604,24,,,0,30,,35605,24,,,0,70,,35606,24,,,0,25,,35607,24,,,0,70,,35608,24,,,0,30,,35609,24,,,0,70,,35610,24,,,0,32,,35611,24,,,0,70,,35612,24,,,0
579701,'2',550,,35656,24,,,0,72,,35657,24,,,0,30,,35658,24,,,0,70,,35659,24,,,0,30,,35613,24,,,0,70,,35614,24,,,0,29,,35615,24,,,0,60,,35616,24,,,0,20,,35617,24,,,0,20,,35618,24,,,0,60,,35619,24,,,0,20,,35620,24,,,0,20,,35621,24,,,0,60,,35622,24,,,0,20,,35623,24,,,0,20,,35624,24,,,0,60,,35625,24,,,0,20,,35626,24,,,0,20,,35627,24,,,0,60,,35628,24,,,0,20,,35629,24,,,0,20,,35630,24,,,0,60,,35631,24,,,0,20,,35632,24,,,0,20,,35633,24,,,0,60,,35634,24,,,0,20,,35635,24,,,0,20,,35636,24,,,0,60,,35637,24,,,0,20,,35638,24,,,0,20,,35639,24,,,0,60,,35640,24,,,0,20,,35660,24,,,0,20,,35661,24,,,0,60,,35641,24,,,0,27,,35642,24,,,0,70,,35643,24,,,0,30,,35644,24,,,0,70,,35645,24,,,0,30,,35646,24,,,0,70,,35647,24,,,0,30,,35648,24,,,0,64,,35649,24,,,0,30,,35650,24,,,0,70,,35651,24,,,0,30,,35652,24,,,0,70,,35653,24,,,0,30,,35654,24,,,0,73,,35655,24,,,0
579701,'3',624,,35667,24,,,0,29,,35666,24,,,0,70,,35668,24,,,0,30,,35665,24,,,0,70,,35669,24,,,0,30,,35670,24,,,0,79,,35671,24,,,0,70,,35672,24,,,0,30,,35673,24,,,0,70,,35674,24,,,0,30,,35675,24,,,0,70,,35676,24,,,0,30,,35677,24,,,0,70,,35678,24,,,0,30,,35679,24,,,0,70,,35680,24,,,0,30,,35681,24,,,0,70,,35682,24,,,0,30,,35683,24,,,0,70,,35684,24,,,0,30,,35685,24,,,0,70,,35686,24,,,0,30,,35687,24,,,0,68,,35664,24,,,0,30,,35688,24,,,0,70,,35663,24,,,0,30,,35689,24,,,0,70,,35662,24,,,0,30,,35690,24,,,0,28,,35691,24,,,0,70,,35692,24,,,0,28,,35693,24,,,0,70,,35694,24,,,0,30,,35695,24,,,0,70,,35696,24,,,0,24,,35697,24,,,0
579701,'4',646,,35698,24,,,0,100,,35699,24,,,0,70,,35700,24,,,0,30,,35701,24,,,0,70,,35702,24,,,0,34,,35703,24,,,0,70,,35704,24,,,0,30,,35705,24,,,0,70,,35706,24,,,0,30,,35707,24,,,0,70,,35708,24,,,0,30,,35709,24,,,0,70,,35710,24,,,0,30,,35711,24,,,0,70,,35712,24,,,0,30,,35713,24,,,0,65,,35714,24,,,0,30,,35715,24,,,0,100,,35716,24,,,0,98,,35717,24,,,0,100,,35718,24,,,0,100,,35719,24,,,0,100,,35720,24,,,0
579701,'6',624,,35726,24,,,0,29,,35725,24,,,0,70,,35727,24,,,0,30,,35724,24,,,0,70,,35728,24,,,0,30,,35729,24,,,0,79,,35730,24,,,0,70,,35731,24,,,0,30,,35732,24,,,0,70,,35733,24,,,0,30,,35734,24,,,0,70,,35735,24,,,0,30,,35736,24,,,0,70,,35737,24,,,0,30,,35738,24,,,0,70,,35739,24,,,0,30,,35740,24,,,0,70,,35741,24,,,0,30,,35742,24,,,0,70,,35743,24,,,0,30,,35744,24,,,0,70,,35745,24,,,0,30,,35746,24,,,0,68,,35723,24,,,0,30,,35747,24,,,0,70,,35722,24,,,0,30,,35748,24,,,0,70,,35721,24,,,0,30,,35749,24,,,0,28,,35750,24,,,0,70,,35751,24,,,0,28,,35752,24,,,0,70,,35753,24,,,0,30,,35754,24,,,0,70,,35755,24,,,0,24,,35756,24,,,0
