578200,'1',537,,30152,83,4,,0,15,,30182,83,4,,0,60,,30189,83,4,,0,20,,30188,83,4,,0,20,,30187,83,4,,0,60,,30186,83,4,,0,20,,30185,83,4,,0,25,,30184,83,4,,0,60,,30183,83,4,,0,20,,30190,83,4,,0,64,,30153,86,4,,0,20,,30154,86,4,,0,20,,30155,86,4,,0,60,,30156,86,4,,0,20,,30157,86,4,,0,20,,30158,86,4,,0,60,,30159,86,4,,0,20,,30162,86,4,,0,20,,30163,86,4,,0,60,,30164,86,4,,0,20,,30165,86,4,,0,20,,30166,86,4,,0,60,,30167,86,4,,0,20,,30160,86,4,,0,20,,30161,86,4,,0,60,,30136,86,4,,0,20,,30168,86,4,,0,24,,30169,86,4,,0,60,,30170,86,4,,0,20,,30171,86,4,,0,20,,30172,86,4,,0,60,,30173,86,4,,0,20,,30174,86,4,,0,20,,30175,86,4,,0,60,,30176,86,4,,0,20,,30177,86,4,,0,20,,30178,86,4,,0,60,,30179,86,4,,0,20,,30180,86,4,,0,20,,30181,86,4,,0,63,,30151,86,4,,0,30,,30150,86,4,,0,64,,30149,86,4,,0,30,,30148,86,4,,0,70,,30147,86,4,,0,30,,30146,86,4,,0,70,,30145,86,4,,0,30,,30137,86,4,,0,24,,30138,83,4,,0,70,,30139,83,4,,0,30,,30140,83,4,,0,70,,30141,83,4,,0,30,,30142,83,4,,0,72,,30143,83,4,,0,80,,30144,83,4,,0
578200,'2',546,,30191,83,4,,0,70,,30192,83,4,,0,34,,30193,83,4,,0,70,,30194,83,4,,0,30,,30195,83,4,,0,70,,30196,83,4,,0,30,,30197,83,4,,0,61,,30239,86,4,,0,20,,30198,86,4,,0,27,,30199,86,4,,0,60,,30200,86,4,,0,20,,30201,86,4,,0,20,,30202,86,4,,0,60,,30203,86,4,,0,20,,30204,86,4,,0,20,,30205,86,4,,0,60,,30206,86,4,,0,20,,30207,86,4,,0,20,,30208,86,4,,0,60,,30209,86,4,,0,19,,30210,83,4,,0,20,,30211,83,4,,0,60,,30212,83,4,,0,20,,30213,83,4,,0,20,,30214,83,4,,0,60,,30215,83,4,,0,20,,30216,83,4,,0,20,,30217,83,4,,0,60,,30218,83,4,,0,20,,30219,83,4,,0,20,,30220,83,4,,0,60,,30221,83,4,,0,20,,30222,83,4,,0,20,,30223,83,4,,0,70,,30224,83,4,,0,22,,30225,83,4,,0,70,,30226,83,4,,0,30,,30227,83,4,,0,70,,30228,83,4,,0,30,,30229,83,4,,0,70,,30230,83,4,,0,30,,30231,83,4,,0,70,,30232,83,4,,0,27,,30233,83,4,,0,70,,30234,83,4,,0,30,,30235,83,4,,0,70,,30236,83,4,,0,30,,30237,83,4,,0,70,,30240,83,4,,0,90,,30238,83,4,,0
578200,'3',648,,30276,83,4,,0,100,,30275,83,4,,0,70,,30274,83,4,,0,30,,30273,83,4,,0,70,,30272,83,4,,0,35,,30271,83,4,,0,70,,30270,83,4,,0,30,,30269,83,4,,0,70,,30268,83,4,,0,30,,30267,83,4,,0,70,,30266,83,4,,0,30,,30265,83,4,,0,70,,30264,83,4,,0,30,,30263,83,4,,0,70,,30262,83,4,,0,30,,30261,83,4,,0,70,,30260,83,4,,0,30,,30259,83,4,,0,70,,30258,83,4,,0,30,,30257,83,4,,0,70,,30256,83,4,,0,30,,30255,83,4,,0,70,,30254,83,4,,0,30,,30253,83,4,,0,70,,30252,83,4,,0,30,,30251,83,4,,0,70,,30250,83,4,,0,23,,30249,83,4,,0,70,,30248,83,4,,0,30,,30247,83,4,,0,70,,30246,83,4,,0,30,,30245,83,4,,0,70,,30244,83,4,,0,30,,30243,83,4,,0,70,,30242,83,4,,0,30,,30241,83,4,,0
578200,'4',615,,30277,83,4,,0,40,,30278,83,4,,0,80,,30279,83,4,,0,80,,30280,83,4,,0,40,,30281,83,4,,0,80,,30282,83,4,,0,80,,30283,83,4,,0,40,,30284,83,4,,0,80,,30285,83,4,,0,80,,30286,83,4,,0,40,,30287,83,4,,0,80,,30288,83,4,,0,80,,30289,83,4,,0,40,,30290,83,4,,0,90,,30291,83,4,,0,100,,30292,83,4,,0,100,,30293,83,4,,0,100,,30294,83,4,,0,100,,30295,83,4,,0,100,,30296,83,4,,0,100,,30297,83,4,,0
578200,'6',648,,30333,83,4,,0,100,,30332,83,4,,0,70,,30331,83,4,,0,30,,30330,83,4,,0,70,,30329,83,4,,0,35,,30328,83,4,,0,70,,30327,83,4,,0,30,,30326,83,4,,0,70,,30325,83,4,,0,30,,30324,83,4,,0,70,,30323,83,4,,0,30,,30322,83,4,,0,70,,30321,83,4,,0,30,,30320,83,4,,0,70,,30319,83,4,,0,30,,30318,83,4,,0,70,,30317,83,4,,0,30,,30316,83,4,,0,70,,30315,83,4,,0,30,,30314,83,4,,0,70,,30313,83,4,,0,30,,30312,83,4,,0,70,,30311,83,4,,0,30,,30310,83,4,,0,70,,30309,83,4,,0,30,,30308,83,4,,0,70,,30307,83,4,,0,23,,30306,83,4,,0,70,,30305,83,4,,0,30,,30304,83,4,,0,70,,30303,83,4,,0,30,,30302,83,4,,0,70,,30301,83,4,,0,30,,30300,83,4,,0,70,,30299,83,4,,0,30,,30298,83,4,,0
578201,'1',456,,30350,1,,,0,60,,30336,1,,,0,20,,30349,1,,,0,20,,30348,1,,,0,60,,30351,1,,,0,20,,30352,1,,,0,16,,30353,1,,,0,60,,30354,1,,,0,20,,30355,1,,,0,20,,30356,1,,,0,60,,30357,1,,,0,20,,30358,1,,,0,20,,30359,1,,,0,60,,30360,1,,,0,20,,30361,1,,,0,20,,30362,1,,,0,64,,30363,1,,,0,20,,30364,1,,,0,20,,30365,1,,,0,60,,30366,1,,,0,20,,30367,1,,,0,20,,30368,1,,,0,60,,30369,1,,,0,20,,30370,1,,,0,20,,30371,1,,,0,60,,30372,1,,,0,20,,30373,1,,,0,20,,30374,1,,,0,56,,30375,1,,,0,20,,30376,1,,,0,20,,30377,1,,,0,60,,30378,1,,,0,20,,30379,1,,,0,20,,30380,1,,,0,60,,30381,1,,,0,20,,30382,1,,,0,20,,30383,1,,,0,60,,30384,1,,,0,20,,30385,1,,,0,25,,30386,1,,,0,70,,30337,1,,,0,30,,30338,1,,,0,74,,30339,1,,,0,70,,30340,1,,,0,30,,30341,1,,,0,70,,30342,1,,,0,30,,30343,1,,,0,75,,30344,1,,,0,30,,30345,1,,,0,70,,30335,1,,,0,30,,30346,1,,,0,80,,30334,1,,,0,25,,30347,1,,,0
578201,'2',539,,30388,1,,,0,70,,30389,1,,,0,30,,30390,1,,,0,70,,30391,1,,,0,30,,30392,1,,,0,69,,30393,1,,,0,29,,30394,1,,,0,63,,30395,1,,,0,20,,30396,1,,,0,20,,30397,1,,,0,60,,30398,1,,,0,20,,30399,1,,,0,20,,30400,1,,,0,60,,30401,1,,,0,20,,30402,1,,,0,20,,30403,1,,,0,60,,30404,1,,,0,20,,30405,1,,,0,20,,30406,1,,,0,60,,30407,1,,,0,20,,30408,1,,,0,20,,30409,1,,,0,60,,30410,1,,,0,20,,30411,1,,,0,20,,30412,1,,,0,60,,30413,1,,,0,20,,30414,1,,,0,20,,30415,1,,,0,60,,30416,1,,,0,20,,30417,1,,,0,20,,30418,1,,,0,70,,30419,1,,,0,30,,30420,1,,,0,70,,30421,1,,,0,30,,30422,1,,,0,70,,30423,1,,,0,30,,30424,1,,,0,70,,30425,1,,,0,30,,30426,1,,,0,70,,30427,1,,,0,30,,30428,1,,,0,72,,30429,1,,,0,30,,30430,1,,,0,70,,30431,1,,,0,30,,30432,1,,,0,90,,30433,1,,,0
578201,'3',603,,30469,1,,,0,35,,30468,1,,,0,70,,30467,1,,,0,30,,30466,1,,,0,70,,30465,1,,,0,30,,30464,1,,,0,69,,30463,1,,,0,30,,30462,1,,,0,70,,30461,1,,,0,30,,30460,1,,,0,70,,30459,1,,,0,30,,30458,1,,,0,70,,30457,1,,,0,30,,30456,1,,,0,70,,30455,1,,,0,30,,30454,1,,,0,70,,30453,1,,,0,30,,30452,1,,,0,70,,30451,1,,,0,30,,30450,1,,,0,70,,30449,1,,,0,30,,30448,1,,,0,70,,30447,1,,,0,30,,30446,1,,,0,70,,30445,1,,,0,30,,30444,1,,,0,70,,30443,1,,,0,30,,30442,1,,,0,73,,30441,1,,,0,30,,30440,1,,,0,70,,30439,1,,,0,30,,30438,1,,,0,70,,30437,1,,,0,30,,30436,1,,,0,70,,30435,1,,,0,30,,30434,1,,,0
578201,'4',642,,30471,1,,,0,80,,30472,1,,,0,80,,30473,1,,,0,40,,30474,1,,,0,80,,30475,1,,,0,80,,30476,1,,,0,40,,30477,1,,,0,80,,30478,1,,,0,80,,30479,1,,,0,40,,30480,1,,,0,80,,30481,1,,,0,80,,30482,1,,,0,105,,30483,1,,,0,100,,30484,1,,,0,100,,30485,1,,,0,100,,30486,1,,,0,100,,30487,1,,,0,100,,30488,1,,,0,50,,30489,1,,,0
578201,'6',603,,30525,1,,,0,35,,30524,1,,,0,70,,30523,1,,,0,30,,30522,1,,,0,70,,30521,1,,,0,30,,30520,1,,,0,69,,30519,1,,,0,30,,30518,1,,,0,70,,30517,1,,,0,30,,30516,1,,,0,70,,30515,1,,,0,30,,30514,1,,,0,70,,30513,1,,,0,30,,30512,1,,,0,70,,30511,1,,,0,30,,30510,1,,,0,70,,30509,1,,,0,30,,30508,1,,,0,70,,30507,1,,,0,30,,30506,1,,,0,70,,30505,1,,,0,30,,30504,1,,,0,70,,30503,1,,,0,30,,30502,1,,,0,70,,30501,1,,,0,30,,30500,1,,,0,70,,30499,1,,,0,30,,30498,1,,,0,73,,30497,1,,,0,30,,30496,1,,,0,70,,30495,1,,,0,30,,30494,1,,,0,70,,30493,1,,,0,30,,30492,1,,,0,70,,30491,1,,,0,30,,30490,1,,,0
578300,'1',501,,30533,1,0,31 4 32,0,35,,30536,1,0,31 4 32,0,22,,30539,1,0,31 4 32,0,69,,30543,1,0,31 4 32,0,30,,30547,1,0,31 4 32,0,70,,30551,1,0,31 4 32,0,30,,30555,1,0,31 4 32,0,69,,30559,1,0,31 4 32,0,33,,30563,1,0,31 4 32,0,70,,30567,1,0,31 4 32,0,30,,30570,1,0,31 4 32,0,70,,30573,1,0,31 4 32,0,30,,30576,1,0,31 4 32,0,70,,30579,1,0,31 4 32,0,30,,30582,1,0,31 4 32,0,70,,30585,1,0,31 4 32,0,30,,30588,1,0,31 4 32,0,67,,30591,1,0,31 4 32,0,29,,30595,1,0,31 4 32,0,70,,30599,1,0,31 4 32,0,30,,30603,1,0,31 4 32,0,70,,30607,1,0,31 4 32,0,30,,30611,1,0,31 4 32,0,70,,30615,1,0,31 4 32,0,30,,30619,1,0,31 4 32,0,70,,30623,1,0,31 4 32,0,33,,30627,1,0,31 4 32,0,70,,30630,1,0,31 4 32,0,30,,30633,1,0,31 4 32,0,70,,30636,1,0,31 4 32,0,30,,30639,1,0,31 4 32,0,70,,30642,1,0,31 4 32,0,30,,30645,1,0,31 4 32,0,92,,30649,1,0,31 4 32,0,85,,30652,1,0,31 4 32,0,85,,30655,1,0,31 4 32,0,85,,30658,1,0,31 4 32,0,35,,30660,1,0,17 25 4 26,0
578300,'2',527,,30671,1,0,31 4 32,0,76,,30674,1,0,31 4 32,0,36,,30677,1,0,31 4 32,0,76,,30680,1,0,31 4 32,0,27,,30684,1,0,31 4 32,0,76,,30687,1,0,31 4 32,0,36,,30690,1,0,31 4 32,0,76,,30693,1,0,31 4 32,0,76,,30696,1,0,31 4 32,0,36,,30699,1,0,31 4 32,0,76,,30702,1,0,31 4 32,0,36,,30705,1,0,31 4 32,0,76,,30708,1,0,31 4 32,0,76,,30711,1,0,31 4 32,0,36,,30714,1,0,31 4 32,0,76,,30717,1,0,31 4 32,0,36,,30720,1,0,31 4 32,0,76,,30723,1,0,31 4 32,0,76,,30726,1,0,31 4 32,0,36,,30729,1,0,31 4 32,0,78,,30732,1,0,31 4 32,0,36,,30735,1,0,31 4 32,0,76,,30738,1,0,31 4 32,0,77,,30741,1,0,31 4 32,0,36,,30744,1,0,31 4 32,0,76,,30747,1,0,31 4 32,0,36,,30750,1,0,31 4 32,0,83,,30753,1,0,31 4 32,0,100,,30757,1,0,31 4 32,0,85,,30760,1,0,31 4 32,0,100,,30764,1,0,31 4 32,0
578300,'3',541,,30773,1,0,31 4 32,0,85,,30777,1,0,31 4 32,0,85,,30780,1,0,31 4 32,0,45,,30783,1,0,31 4 32,0,82,,30786,1,0,31 4 32,0,76,,30789,1,0,31 4 32,0,30,,30792,1,0,31 4 32,0,76,,30795,1,0,31 4 32,0,36,,30798,1,0,31 4 32,0,76,,30801,1,0,31 4 32,0,76,,30804,1,0,31 4 32,0,36,,30807,1,0,31 4 32,0,76,,30810,1,0,31 4 32,0,36,,30813,1,0,31 4 32,0,76,,30816,1,0,31 4 32,0,76,,30819,1,0,31 4 32,0,36,,30822,1,0,31 4 32,0,76,,30825,1,0,31 4 32,0,36,,30828,1,0,31 4 32,0,80,,30831,1,0,31 4 32,0,85,,30834,1,0,31 4 32,0,85,,30837,1,0,31 4 32,0,45,,30840,1,0,31 4 32,0,85,,30843,1,0,31 4 32,0,90,,30846,1,0,31 4 32,0,85,,30849,1,0,31 4 32,0,45,,30852,1,0,31 4 32,0,70,,30854,1,0,31 4 32,0
578300,'4',555,,30859,1,0,31 4 32,0,85,,30862,1,0,31 4 32,0,85,,30865,1,0,31 4 32,0,85,,30868,1,0,31 4 32,0,45,,30871,1,0,31 4 32,0,79,,30874,1,0,31 4 32,0,85,,30877,1,0,31 4 32,0,85,,30880,1,0,31 4 32,0,45,,30883,1,0,31 4 32,0,85,,30886,1,0,31 4 32,0,85,,30889,1,0,31 4 32,0,85,,30892,1,0,31 4 32,0,45,,30895,1,0,31 4 32,0,85,,30898,1,0,31 4 32,0,85,,30901,1,0,31 4 32,0,85,,30904,1,0,31 4 32,0,51,,30907,1,0,31 4 32,0,85,,30910,1,0,31 4 32,0,85,,30913,1,0,31 4 32,0,85,,30916,1,0,31 4 32,0
578300,'6',541,,30927,1,0,31 4 32,0,85,,30931,1,0,31 4 32,0,85,,30934,1,0,31 4 32,0,45,,30937,1,0,31 4 32,0,82,,30940,1,0,31 4 32,0,76,,30943,1,0,31 4 32,0,30,,30946,1,0,31 4 32,0,76,,30949,1,0,31 4 32,0,36,,30952,1,0,31 4 32,0,76,,30955,1,0,31 4 32,0,76,,30958,1,0,31 4 32,0,36,,30961,1,0,31 4 32,0,76,,30964,1,0,31 4 32,0,36,,30967,1,0,31 4 32,0,76,,30970,1,0,31 4 32,0,76,,30973,1,0,31 4 32,0,36,,30976,1,0,31 4 32,0,76,,30979,1,0,31 4 32,0,36,,30982,1,0,31 4 32,0,80,,30985,1,0,31 4 32,0,85,,30988,1,0,31 4 32,0,85,,30991,1,0,31 4 32,0,45,,30994,1,0,31 4 32,0,85,,30997,1,0,31 4 32,0,90,,31000,1,0,31 4 32,0,85,,31003,1,0,31 4 32,0,45,,31006,1,0,31 4 32,0,70,,31008,1,0,31 4 32,0
578301,'1',532,,31011,60,4,,0,89,,31015,96,4,,0,29,,31018,96,4,,0,67,,31021,96,4,,0,31,,31025,96,4,,0,70,,31029,96,4,,0,30,,31033,96,4,,0,70,,31037,96,4,,0,30,,31041,96,4,,0,70,,31045,96,4,,0,31,,31049,96,4,,0,68,,31052,96,4,,0,30,,31055,96,4,,0,70,,31058,96,4,,0,30,,31061,96,4,,0,70,,31064,96,4,,0,30,,31067,96,4,,0,70,,31070,96,4,,0,33,,31073,96,4,,0,76,,31077,96,4,,0,30,,31081,96,4,,0,70,,31085,96,4,,0,30,,31089,96,4,,0,70,,31093,96,4,,0,30,,31097,96,4,,0,69,,31101,96,4,,0,27,,31105,96,4,,0,67,,31109,96,4,,0,34,,31113,96,4,,0,64,,31116,96,4,,0,34,,31120,96,4,,0,70,,31123,96,4,,0,20,,31125,96,4,,0,80,,31129,96,4,,0,81,,31133,96,4,,0,45,,31137,96,4,,0,85,,31140,96,4,,0,120,,31145,96,4,,0
578301,'2',524,,31149,60,4,,0,80,,31153,96,4,,0,36,,31156,96,4,,0,76,,31159,96,4,,0,36,,31162,96,4,,0,76,,31165,96,4,,0,81,,31168,96,4,,0,36,,31171,96,4,,0,76,,31174,96,4,,0,36,,31177,96,4,,0,76,,31180,96,4,,0,76,,31183,96,4,,0,36,,31186,96,4,,0,76,,31189,96,4,,0,36,,31192,96,4,,0,76,,31195,96,4,,0,76,,31198,96,4,,0,36,,31201,96,4,,0,76,,31204,96,4,,0,36,,31207,96,4,,0,76,,31210,96,4,,0,72,,31213,96,4,,0,36,,31216,96,4,,0,76,,31219,96,4,,0,36,,31222,96,4,,0,75,,31225,96,4,,0,76,,31228,96,4,,0,43,,31231,96,4,,0,98,,31235,96,4,,0,85,,31238,96,4,,0,85,,31241,96,4,,0,85,,31244,96,4,,0,50,,31247,96,4,,0
578301,'3',558,,31253,60,4,,0,90,,31257,96,4,,0,85,,31260,96,4,,0,85,,31263,96,4,,0,85,,31266,96,4,,0,45,,31269,96,4,,0,80,,31272,96,4,,0,81,,31275,96,4,,0,36,,31278,96,4,,0,76,,31281,96,4,,0,36,,31284,96,4,,0,76,,31287,96,4,,0,76,,31290,96,4,,0,36,,31293,96,4,,0,76,,31296,96,4,,0,36,,31299,96,4,,0,76,,31302,96,4,,0,76,,31305,96,4,,0,36,,31308,96,4,,0,76,,31311,96,4,,0,36,,31314,96,4,,0,76,,31317,96,4,,0,75,,31320,96,4,,0,45,,31323,96,4,,0,85,,31326,96,4,,0,85,,31329,96,4,,0,81,,31332,96,4,,0,45,,31335,96,4,,0,85,,31339,96,4,,0
578301,'4',551,,31406,60,4,,0,71,,31343,60,4,,0,80,,31346,96,4,,0,45,,31349,96,4,,0,85,,31352,96,4,,0,85,,31355,96,4,,0,85,,31358,96,4,,0,50,,31361,96,4,,0,85,,31364,96,4,,0,85,,31367,96,4,,0,85,,31370,96,4,,0,45,,31373,96,4,,0,85,,31376,96,4,,0,85,,31379,96,4,,0,85,,31382,96,4,,0,45,,31385,96,4,,0,85,,31388,96,4,,0,85,,31391,96,4,,0,81,,31394,96,4,,0,45,,31397,96,4,,0,85,,31400,96,4,,0,85,,31403,96,4,,0
578301,'6',558,,31410,60,4,,0,90,,31414,96,4,,0,85,,31417,96,4,,0,85,,31420,96,4,,0,85,,31423,96,4,,0,45,,31426,96,4,,0,80,,31429,96,4,,0,81,,31432,96,4,,0,36,,31435,96,4,,0,76,,31438,96,4,,0,36,,31441,96,4,,0,76,,31444,96,4,,0,76,,31447,96,4,,0,36,,31450,96,4,,0,76,,31453,96,4,,0,36,,31456,96,4,,0,76,,31459,96,4,,0,76,,31462,96,4,,0,36,,31465,96,4,,0,76,,31468,96,4,,0,36,,31471,96,4,,0,76,,31474,96,4,,0,75,,31477,96,4,,0,45,,31480,96,4,,0,85,,31483,96,4,,0,85,,31486,96,4,,0,81,,31489,96,4,,0,45,,31492,96,4,,0,85,,31496,96,4,,0
