582901,'1601',814,,41339,6,,,0,12,,41338,6,,,0
582901,'1',546,,41340,6,,,0,58,,41341,6,,,0,15,,41342,6,,,0,15,,41343,6,,,0,15,,41344,6,,,0,56,,41345,6,,,0,15,,41346,6,,,0,10,,41347,6,,,0,10,,41348,6,,,0,10,,41349,6,,,0,50,,41350,6,,,0,10,,41351,6,,,0,10,,41352,6,,,0,10,,41353,6,,,0,10,,41354,6,,,0,10,,41355,6,,,0,50,,41356,6,,,0,10,,41357,6,,,0,10,,41358,6,,,0,10,,41359,6,,,0,10,,41360,6,,,0,10,,41361,6,,,0,50,,41362,6,,,0,10,,41363,6,,,0,12,,41364,6,,,0,12,,41365,6,,,0,12,,41366,6,,,0,12,,41367,6,,,0,52,,41368,6,,,0,12,,41369,6,,,0,12,,41370,6,,,0,12,,41371,6,,,0,12,,41372,6,,,0,52,,41373,6,,,0,12,,41374,6,,,0,12,,41375,6,,,0,12,,41376,6,,,0,12,,41377,6,,,0,52,,41378,6,,,0,12,,41379,6,,,0,12,,41380,6,,,0,12,,41381,6,,,0,12,,41382,6,,,0,52,,41383,6,,,0,11,,41384,6,,,0,10,,41385,6,,,0,10,,41386,6,,,0,10,,41387,6,,,0,50,,41388,6,,,0,10,,41389,6,,,0,10,,41390,6,,,0,10,,41391,6,,,0,10,,41392,6,,,0,10,,41393,6,,,0,50,,41394,6,,,0,10,,41395,6,,,0,10,,41396,6,,,0,10,,41397,6,,,0,10,,41398,6,,,0,10,,41399,6,,,0,50,,41400,6,,,0,10,,41401,6,,,0,10,,41402,6,,,0,10,,41403,6,,,0,10,,41404,6,,,0,10,,41405,6,,,0,50,,41406,6,,,0,10,,41407,6,,,0,10,,41408,6,,,0,10,,41409,6,,,0,10,,41410,6,,,0,11,,41411,6,,,0,50,,41412,6,,,0,10,,41413,6,,,0,10,,41414,6,,,0,10,,41415,6,,,0,10,,41416,6,,,0,11,,41417,6,,,0,52,,41418,6,,,0,12,,41419,6,,,0,12,,41420,6,,,0,12,,41421,6,,,0,12,,41422,6,,,0,52,,41423,6,,,0,12,,41424,6,,,0,12,,41425,6,,,0,12,,41426,6,,,0,12,,41427,6,,,0,62,,41428,6,,,0,30,,41429,6,,,0,70,,41430,6,,,0,30,,41431,6,,,0,70,,41432,6,,,0,30,,41434,6,,,0,65,,41433,6,,,0
582901,'2',825,,41522,6,,,0,10,,41519,6,,,0,10,,41518,6,,,0,10,,41517,6,,,0,50,,41516,6,,,0,10,,41515,6,,,0,10,,41514,6,,,0,10,,41513,6,,,0,10,,41512,6,,,0,10,,41511,6,,,0,50,,41510,6,,,0,10,,41509,6,,,0,10,,41508,6,,,0,10,,41507,6,,,0,10,,41506,6,,,0,10,,41505,6,,,0,50,,41504,6,,,0,9,,41503,6,,,0,10,,41502,6,,,0,10,,41501,6,,,0,10,,41500,6,,,0,10,,41499,6,,,0,50,,41498,6,,,0,10,,41497,6,,,0,10,,41496,6,,,0,10,,41495,6,,,0,10,,41494,6,,,0,10,,41493,6,,,0,50,,41492,6,,,0,10,,41491,6,,,0,10,,41490,6,,,0,10,,41489,6,,,0,10,,41488,6,,,0,10,,41487,6,,,0,50,,41486,6,,,0,10,,41485,6,,,0,10,,41484,6,,,0,10,,41483,6,,,0,10,,41482,6,,,0,10,,41481,6,,,0,50,,41480,6,,,0,10,,41479,6,,,0,10,,41478,6,,,0,10,,41477,6,,,0,10,,41476,6,,,0,10,,41475,6,,,0,50,,41474,6,,,0,10,,41473,6,,,0,10,,41472,6,,,0,10,,41471,6,,,0,10,,41470,6,,,0,10,,41469,6,,,0,50,,41468,6,,,0,10,,41467,6,,,0,10,,41466,6,,,0,10,,41465,6,,,0,10,,41464,6,,,0,10,,41463,6,,,0,50,,41462,6,,,0,10,,41461,6,,,0,10,,41460,6,,,0,10,,41459,6,,,0,10,,41458,6,,,0,10,,41457,6,,,0,50,,41456,6,,,0,11,,41455,6,,,0,10,,41454,6,,,0,12,,41453,6,,,0,12,,41452,6,,,0,52,,41451,6,,,0,12,,41450,6,,,0,12,,41449,6,,,0,12,,41448,6,,,0,12,,41447,6,,,0,52,,41446,6,,,0,12,,41445,6,,,0,12,,41444,6,,,0,12,,41443,6,,,0,12,,41442,6,,,0,60,,41441,6,,,0,30,,41440,6,,,0,70,,41439,6,,,0,30,,41438,6,,,0,70,,41437,6,,,0,30,,41436,6,,,0,78,,41435,6,,,0
582901,'3',822,,41525,6,,,0,15,,41526,6,,,0,15,,41527,6,,,0,55,,41528,6,,,0,15,,41529,6,,,0,15,,41530,6,,,0,14,,41531,6,,,0,55,,41532,6,,,0,15,,41533,6,,,0,15,,41534,6,,,0,15,,41535,6,,,0,55,,41536,6,,,0,15,,41537,6,,,0,15,,41538,6,,,0,15,,41539,6,,,0,55,,41540,6,,,0,15,,41541,6,,,0,15,,41542,6,,,0,15,,41543,6,,,0,55,,41544,6,,,0,15,,41545,6,,,0,15,,41546,6,,,0,15,,41547,6,,,0,55,,41548,6,,,0,15,,41549,6,,,0,15,,41550,6,,,0,15,,41551,6,,,0,55,,41552,6,,,0,15,,41553,6,,,0,15,,41554,6,,,0,15,,41555,6,,,0,55,,41556,6,,,0,15,,41557,6,,,0,15,,41558,6,,,0,15,,41559,6,,,0,55,,41560,6,,,0,15,,41561,6,,,0,15,,41562,6,,,0,15,,41563,6,,,0,55,,41564,6,,,0,15,,41565,6,,,0,15,,41566,6,,,0,16,,41567,6,,,0,55,,41568,6,,,0,20,,41569,6,,,0,20,,41570,6,,,0,60,,41571,6,,,0,20,,41572,6,,,0,20,,41573,6,,,0,60,,41574,6,,,0,20,,41575,6,,,0,24,,41576,6,,,0,70,,41577,6,,,0,30,,41578,6,,,0,70,,41579,6,,,0,30,,41580,6,,,0
582901,'4',751,,41581,6,,,0,70,,41582,6,,,0,30,,41583,6,,,0,70,,41584,6,,,0,30,,41585,6,,,0,71,,41586,6,,,0,20,,41587,6,,,0,60,,41588,6,,,0,20,,41589,6,,,0,20,,41590,6,,,0,60,,41591,6,,,0,20,,41592,6,,,0,20,,41593,6,,,0,60,,41594,6,,,0,20,,41595,6,,,0,20,,41596,6,,,0,60,,41597,6,,,0,20,,41598,6,,,0,20,,41599,6,,,0,60,,41600,6,,,0,20,,41601,6,,,0,20,,41602,6,,,0,60,,41603,6,,,0,20,,41604,6,,,0,20,,41605,6,,,0,60,,41606,6,,,0,20,,41607,6,,,0,20,,41608,6,,,0,60,,41609,6,,,0,21,,41610,6,,,0,27,,41611,6,,,0,70,,41612,6,,,0,30,,41613,6,,,0,70,,41614,6,,,0,30,,41615,6,,,0
582901,'6',822,,41618,6,,,0,15,,41619,6,,,0,15,,41620,6,,,0,55,,41621,6,,,0,15,,41622,6,,,0,15,,41623,6,,,0,14,,41624,6,,,0,55,,41625,6,,,0,15,,41626,6,,,0,15,,41627,6,,,0,15,,41628,6,,,0,55,,41629,6,,,0,15,,41630,6,,,0,15,,41631,6,,,0,15,,41632,6,,,0,55,,41633,6,,,0,15,,41634,6,,,0,15,,41635,6,,,0,15,,41636,6,,,0,55,,41637,6,,,0,15,,41638,6,,,0,15,,41639,6,,,0,15,,41640,6,,,0,55,,41641,6,,,0,15,,41642,6,,,0,15,,41643,6,,,0,15,,41644,6,,,0,55,,41645,6,,,0,15,,41646,6,,,0,15,,41647,6,,,0,15,,41648,6,,,0,55,,41649,6,,,0,15,,41650,6,,,0,15,,41651,6,,,0,15,,41652,6,,,0,55,,41653,6,,,0,15,,41654,6,,,0,15,,41655,6,,,0,15,,41656,6,,,0,55,,41657,6,,,0,15,,41658,6,,,0,15,,41659,6,,,0,16,,41660,6,,,0,55,,41661,6,,,0,20,,41662,6,,,0,20,,41663,6,,,0,60,,41664,6,,,0,20,,41665,6,,,0,20,,41666,6,,,0,60,,41667,6,,,0,20,,41668,6,,,0,24,,41669,6,,,0,70,,41670,6,,,0,30,,41671,6,,,0,70,,41672,6,,,0,30,,41673,6,,,0
583000,'1',547,,41714,18,,,0,75,,41710,18,,,0,80,,41707,18,,,0,30,,41706,18,,,0,70,,41705,18,,,0,30,,41704,18,,,0,70,,41703,18,,,0,30,,41708,18,,,0,70,,41748,18,,,0,40,,41746,18,,,0,80,,41717,18,,,0,80,,41719,18,,,0,40,,41721,18,,,0,79,,41723,18,,,0,80,,41698,18,,,0,45,,41689,18,,,0,70,,41688,18,,,0,30,,41687,18,,,0,70,,41686,18,,,0,30,,41685,18,,,0,70,,41684,18,,,0,30,,41683,18,,,0,70,,41681,18,,,0,84,,41726,18,,,0,20,,41727,18,,,0,80,,41744,18,,,0,20,,41743,18,,,0,80,,41741,18,,,0,40,,41739,18,,,0,85,,41737,18,,,0,100,,41734,18,,,0,80,,41732,18,,,0,40,,41730,18,,,0,80,,41728,18,,,0
583000,'2',611,,41807,18,,,0,110,,41805,18,,,0,108,,41754,18,,,0,100,,41802,18,,,0,80,,41800,18,,,0,40,,41798,18,,,0,80,,41796,18,,,0,80,,41794,18,,,0,40,,41792,18,,,0,80,,41790,18,,,0,80,,41788,18,,,0,40,,41786,18,,,0,80,,41784,18,,,0,80,,41782,18,,,0,40,,41780,18,,,0,80,,41778,18,,,0,80,,41776,18,,,0,35,,41774,18,,,0,83,,41772,18,,,0,80,,41770,18,,,0,40,,41768,18,,,0,80,,41766,18,,,0,107,,41763,18,,,0,80,,41761,18,,,0,40,,41759,18,,,0,80,,41757,18,,,0
583000,'3',708,,41841,18,,,0,120,,41849,18,,,0,119,,41824,18,,,0,85,,41846,18,,,0,80,,41847,18,,,0,40,,41834,18,,,0,80,,41817,18,,,0,80,,41837,18,,,0,40,,41839,18,,,0,80,,41820,18,,,0,80,,41842,18,,,0,40,,41854,18,,,0,80,,41852,18,,,0,80,,41843,18,,,0,40,,41856,18,,,0,77,,41830,18,,,0,80,,41819,18,,,0,40,,41857,18,,,0,80,,41831,18,,,0,80,,41829,18,,,0,44,,41858,18,,,0,95,,41813,18,,,0,110,,41812,18,,,0
583000,'4',718,,41888,18,,,0,100,,41887,18,,,0,100,,41886,18,,,0,100,,41885,18,,,0,100,,41884,18,,,0,100,,41883,18,,,0,100,,41868,18,,,0,100,,41866,18,,,0,100,,41865,18,,,0,100,,41864,18,,,0,100,,41863,18,,,0,100,,41862,18,,,0,100,,41861,18,,,0,100,,41860,18,,,0
583000,'6',611,,41943,18,,,0,110,,41941,18,,,0,108,,41890,18,,,0,100,,41938,18,,,0,80,,41936,18,,,0,40,,41934,18,,,0,80,,41932,18,,,0,80,,41930,18,,,0,40,,41928,18,,,0,80,,41926,18,,,0,80,,41924,18,,,0,40,,41922,18,,,0,80,,41920,18,,,0,80,,41918,18,,,0,40,,41916,18,,,0,80,,41914,18,,,0,80,,41912,18,,,0,35,,41910,18,,,0,83,,41908,18,,,0,80,,41906,18,,,0,40,,41904,18,,,0,80,,41902,18,,,0,107,,41899,18,,,0,80,,41897,18,,,0,40,,41895,18,,,0,80,,41893,18,,,0
