578901,'1',505,,32625,10,,,0,30,,32627,10,,,0,70,,32620,10,,,0,30,,32621,10,,,0,71,,32597,10,,,0,30,,32626,10,,,0,70,,32624,10,,,0,30,,32623,10,,,0,69,,32622,10,,,0,36,,32619,10,,,0,70,,32611,10,,,0,30,,32610,10,,,0,70,,32609,10,,,0,30,,32614,10,,,0,70,,32613,10,,,0,30,,32612,10,,,0,70,,32618,10,,,0,30,,32617,10,,,0,70,,32616,10,,,0,30,,32596,10,,,0,70,,32603,10,,,0,30,,32602,10,,,0,70,,32606,10,,,0,30,,32605,10,,,0,70,,32604,10,,,0,30,,32608,10,,,0,70,,32600,10,,,0,30,,32599,10,,,0,70,,32601,10,,,0,30,,32593,10,,,0,70,,32615,10,,,0,30,,32592,10,,,0,70,,32598,10,,,0,30,,32591,10,,,0,74,,32607,10,,,0,100,,32595,10,,,0,100,,32594,10,,,0
578901,'2',504,,32664,10,,,0,30,,32642,10,,,0,70,,32635,10,,,0,30,,32641,10,,,0,70,,32640,10,,,0,30,,32656,10,,,0,70,,32655,10,,,0,30,,32654,10,,,0,70,,32658,10,,,0,30,,32657,10,,,0,70,,32659,10,,,0,30,,32650,10,,,0,70,,32649,10,,,0,30,,32648,10,,,0,70,,32653,10,,,0,30,,32652,10,,,0,70,,32651,10,,,0,30,,32662,10,,,0,70,,32661,10,,,0,30,,32645,10,,,0,70,,32644,10,,,0,30,,32660,10,,,0,70,,32643,10,,,0,30,,32647,10,,,0,70,,32646,10,,,0,30,,32637,10,,,0,70,,32636,10,,,0,30,,32639,10,,,0,70,,32638,10,,,0,30,,32630,10,,,0,70,,32629,10,,,0,30,,32634,10,,,0,70,,32628,10,,,0,100,,32633,10,,,0,100,,32632,10,,,0,100,,32631,10,,,0,100,,32663,10,,,0
578901,'3',504,,32700,10,,,0,30,,32679,10,,,0,70,,32672,10,,,0,30,,32678,10,,,0,70,,32677,10,,,0,30,,32693,10,,,0,70,,32692,10,,,0,30,,32691,10,,,0,70,,32695,10,,,0,30,,32694,10,,,0,70,,32696,10,,,0,30,,32687,10,,,0,70,,32686,10,,,0,30,,32685,10,,,0,70,,32690,10,,,0,30,,32689,10,,,0,70,,32688,10,,,0,30,,32699,10,,,0,70,,32698,10,,,0,30,,32682,10,,,0,70,,32681,10,,,0,30,,32697,10,,,0,70,,32680,10,,,0,30,,32684,10,,,0,70,,32683,10,,,0,30,,32674,10,,,0,70,,32673,10,,,0,30,,32676,10,,,0,70,,32675,10,,,0,30,,32667,10,,,0,70,,32666,10,,,0,30,,32671,10,,,0,70,,32665,10,,,0,100,,32670,10,,,0,100,,32669,10,,,0,100,,32668,10,,,0
578901,'4',524,,32701,10,,,0,100,,32702,10,,,0,100,,32703,10,,,0,100,,32704,10,,,0,100,,32705,10,,,0,100,,32706,10,,,0,100,,32707,10,,,0,100,,32708,10,,,0,100,,32709,10,,,0,100,,32710,10,,,0,100,,32711,10,,,0,100,,32712,10,,,0,100,,32713,10,,,0,100,,32714,10,,,0,100,,32715,10,,,0,100,,32716,10,,,0
578901,'6',504,,32752,10,,,0,30,,32731,10,,,0,70,,32724,10,,,0,30,,32730,10,,,0,70,,32729,10,,,0,30,,32745,10,,,0,70,,32744,10,,,0,30,,32743,10,,,0,70,,32747,10,,,0,30,,32746,10,,,0,70,,32748,10,,,0,30,,32739,10,,,0,70,,32738,10,,,0,30,,32737,10,,,0,70,,32742,10,,,0,30,,32741,10,,,0,70,,32740,10,,,0,30,,32751,10,,,0,70,,32750,10,,,0,30,,32734,10,,,0,70,,32733,10,,,0,30,,32749,10,,,0,70,,32732,10,,,0,30,,32736,10,,,0,70,,32735,10,,,0,30,,32726,10,,,0,70,,32725,10,,,0,30,,32728,10,,,0,70,,32727,10,,,0,30,,32719,10,,,0,70,,32718,10,,,0,30,,32723,10,,,0,70,,32717,10,,,0,100,,32722,10,,,0,100,,32721,10,,,0,100,,32720,10,,,0
580601,'1601',709,,38545,10,0,8 40 10,0,803,,38546,10,0,8 29 30 10,0
580601,'1',515,,38600,10,,,0,29,,38599,10,,,0,70,,38598,10,,,0,29,,38597,10,,,0,70,,38596,10,,,0,30,,38595,10,,,0,60,,38594,10,,,0,20,,38593,10,,,0,20,,38592,10,,,0,15,,38591,10,,,0,55,,38590,10,,,0,15,,38589,10,,,0,14,,38588,10,,,0,70,,38587,10,,,0,30,,38586,10,,,0,70,,38585,10,,,0,30,,38584,10,,,0,70,,38583,10,,,0,30,,38582,10,,,0,70,,38581,10,,,0,28,,38580,10,,,0,70,,38579,10,,,0,30,,38578,10,,,0,15,,38577,10,,,0,55,,38576,10,,,0,15,,38575,10,,,0,15,,38574,10,,,0,15,,38573,10,,,0,55,,38548,10,,,0,15,,38572,10,,,0,15,,38571,10,,,0,15,,38570,10,,,0,55,,38569,10,,,0,15,,38568,10,,,0,15,,38567,10,,,0,15,,38566,10,,,0,55,,38565,10,,,0,15,,38564,10,,,0,18,,38563,10,,,0,15,,38562,10,,,0,60,,38561,10,,,0,25,,38560,10,,,0,70,,38559,10,,,0,30,,38558,10,,,0,70,,38557,10,,,0,30,,38556,10,,,0,70,,38551,10,,,0,33,,38555,10,,,0,70,,38554,10,,,0,30,,38550,10,,,0,70,,38553,10,,,0,30,,38549,10,,,0,77,,38552,10,,,0
580601,'2',504,,38638,10,,,0,30,,38639,10,,,0,70,,38640,10,,,0,26,,38619,10,,,0,70,,38621,10,,,0,30,,38620,10,,,0,70,,38622,10,,,0,30,,38618,10,,,0,70,,38623,10,,,0,30,,38615,10,,,0,70,,38624,10,,,0,30,,38607,10,,,0,70,,38625,10,,,0,30,,38608,10,,,0,70,,38626,10,,,0,30,,38609,10,,,0,70,,38627,10,,,0,30,,38610,10,,,0,70,,38628,10,,,0,30,,38611,10,,,0,70,,38629,10,,,0,30,,38612,10,,,0,70,,38630,10,,,0,30,,38613,10,,,0,70,,38631,10,,,0,30,,38614,10,,,0,70,,38632,10,,,0,30,,38616,10,,,0,70,,38617,10,,,0,30,,38633,10,,,0,70,,38606,10,,,0,30,,38605,10,,,0,70,,38604,10,,,0,30,,38603,10,,,0,70,,38602,10,,,0,30,,38634,10,,,0,70,,38635,10,,,0,30,,38636,10,,,0,70,,38601,10,,,0,30,,38637,10,,,0,70,,38641,10,,,0
580601,'3',630,,38660,10,,,0,70,,38662,10,,,0,30,,38661,10,,,0,70,,38663,10,,,0,30,,38659,10,,,0,70,,38664,10,,,0,30,,38656,10,,,0,70,,38665,10,,,0,30,,38648,10,,,0,70,,38666,10,,,0,30,,38649,10,,,0,70,,38667,10,,,0,30,,38650,10,,,0,70,,38668,10,,,0,30,,38651,10,,,0,70,,38669,10,,,0,30,,38652,10,,,0,70,,38670,10,,,0,30,,38653,10,,,0,70,,38671,10,,,0,30,,38654,10,,,0,70,,38672,10,,,0,30,,38655,10,,,0,70,,38673,10,,,0,30,,38657,10,,,0,70,,38658,10,,,0,30,,38674,10,,,0,70,,38647,10,,,0,30,,38646,10,,,0,70,,38645,10,,,0,30,,38644,10,,,0,70,,38643,10,,,0,30,,38675,10,,,0,70,,38676,10,,,0,30,,38677,10,,,0,79,,38642,10,,,0
580601,'4',633,,38693,10,,,0,70,,38695,10,,,0,30,,38694,10,,,0,70,,38696,10,,,0,30,,38692,10,,,0,70,,38697,10,,,0,30,,38689,10,,,0,70,,38698,10,,,0,30,,38681,10,,,0,70,,38699,10,,,0,30,,38682,10,,,0,70,,38700,10,,,0,30,,38683,10,,,0,70,,38701,10,,,0,30,,38684,10,,,0,70,,38702,10,,,0,30,,38685,10,,,0,70,,38703,10,,,0,30,,38686,10,,,0,70,,38704,10,,,0,30,,38687,10,,,0,70,,38705,10,,,0,30,,38688,10,,,0,70,,38706,10,,,0,30,,38690,10,,,0,70,,38691,10,,,0,30,,38707,10,,,0,70,,38680,10,,,0,30,,38679,10,,,0,70,,38678,10,,,0
580601,'6',504,,38745,10,,,0,30,,38746,10,,,0,70,,38747,10,,,0,26,,38726,10,,,0,70,,38728,10,,,0,30,,38727,10,,,0,70,,38729,10,,,0,30,,38725,10,,,0,70,,38730,10,,,0,30,,38722,10,,,0,70,,38731,10,,,0,30,,38714,10,,,0,70,,38732,10,,,0,30,,38715,10,,,0,70,,38733,10,,,0,30,,38716,10,,,0,70,,38734,10,,,0,30,,38717,10,,,0,70,,38735,10,,,0,30,,38718,10,,,0,70,,38736,10,,,0,30,,38719,10,,,0,70,,38737,10,,,0,30,,38720,10,,,0,70,,38738,10,,,0,30,,38721,10,,,0,70,,38739,10,,,0,30,,38723,10,,,0,70,,38724,10,,,0,30,,38740,10,,,0,70,,38713,10,,,0,30,,38712,10,,,0,70,,38711,10,,,0,30,,38710,10,,,0,70,,38709,10,,,0,30,,38741,10,,,0,70,,38742,10,,,0,30,,38743,10,,,0,70,,38708,10,,,0,30,,38744,10,,,0,70,,38748,10,,,0
