580700,'1',529,,38810,4,,,0,30,,38808,4,,,0,53,,38806,4,,,0,15,,38805,4,,,0,15,,38804,4,,,0,15,,38803,4,,,0,55,,38802,4,,,0,15,,38801,4,,,0,15,,38800,4,,,0,15,,38799,4,,,0,55,,38798,4,,,0,15,,38797,4,,,0,15,,38796,4,,,0,15,,38795,4,,,0,62,,38794,4,,,0,20,,38793,4,,,0,70,,38792,4,,,0,30,,38791,4,,,0,70,,38790,4,,,0,30,,38789,4,,,0,70,,38788,4,,,0,30,,38787,4,,,0,66,,38785,4,,,0,30,,38783,4,,,0,65,,38781,4,,,0,15,,38780,4,,,0,15,,38779,4,,,0,15,,38778,4,,,0,55,,38777,4,,,0,15,,38776,4,,,0,15,,38775,4,,,0,15,,38774,4,,,0,55,,38773,4,,,0,15,,38772,4,,,0,15,,38771,4,,,0,15,,38770,4,,,0,55,,38769,4,,,0,15,,38768,4,,,0,15,,38767,4,,,0,15,,38766,4,,,0,55,,38765,4,,,0,35,,38764,4,,,0,70,,38763,4,,,0,30,,38762,4,,,0,70,,38761,4,,,0,30,,38760,4,,,0,70,,38759,4,,,0,32,,38758,4,,,0,70,,38757,4,,,0,30,,38756,4,,,0,70,,38755,4,,,0,30,,38754,4,,,0,70,,38750,4,,,0,30,,38753,4,,,0,65,,38752,4,0,5 6,0,57,,38751,4,0,7 4 8 9 10,0
580700,'2',508,,38854,4,,,0,30,,38816,4,,,0,70,,38817,4,,,0,35,,38818,4,,,0,70,,38819,4,,,0,30,,38820,4,,,0,70,,38821,4,,,0,30,,38822,4,,,0,70,,38823,4,,,0,30,,38824,4,,,0,68,,38825,4,,,0,30,,38826,4,,,0,70,,38827,4,,,0,30,,38828,4,,,0,70,,38829,4,,,0,30,,38830,4,,,0,70,,38831,4,,,0,30,,38832,4,,,0,70,,38833,4,,,0,30,,38834,4,,,0,70,,38835,4,,,0,30,,38836,4,,,0,70,,38837,4,,,0,30,,38838,4,,,0,70,,38839,4,,,0,30,,38840,4,,,0,70,,38841,4,,,0,33,,38842,4,,,0,70,,38843,4,,,0,30,,38844,4,,,0,70,,38845,4,,,0,30,,38846,4,,,0,70,,38847,4,,,0,30,,38848,4,,,0,70,,38849,4,,,0,30,,38850,4,,,0,70,,38851,4,,,0,30,,38852,4,,,0,83,,38853,4,,,0
580700,'3',601,,38855,4,,,0,30,,38868,4,,,0,80,,38856,4,,,0,30,,38869,4,,,0,70,,38857,4,,,0,30,,38870,4,,,0,70,,38858,4,,,0,30,,38871,4,,,0,70,,38859,4,,,0,30,,38872,4,,,0,70,,38860,4,,,0,30,,38873,4,,,0,70,,38861,4,,,0,30,,38874,4,,,0,70,,38862,4,,,0,30,,38875,4,,,0,70,,38863,4,,,0,30,,38876,4,,,0,70,,38864,4,,,0,30,,38877,4,,,0,70,,38865,4,,,0,30,,38878,4,,,0,70,,38866,4,,,0,30,,38879,4,,,0,74,,38867,4,,,0,30,,38889,4,,,0,70,,38880,4,,,0,30,,38886,4,,,0,70,,38881,4,,,0,30,,38887,4,,,0,70,,38882,4,,,0,30,,38888,4,,,0,70,,38883,4,,,0,30,,38890,4,,,0,70,,38884,4,,,0,30,,38891,4,,,0,70,,38885,4,0,7 4 8 9 10,0
580700,'4',623,,38907,4,,,0,30,,38892,4,,,0,70,,38908,4,,,0,30,,38893,4,,,0,70,,38909,4,,,0,30,,38894,4,,,0,70,,38910,4,,,0,30,,38895,4,,,0,70,,38911,4,,,0,30,,38896,4,,,0,70,,38912,4,,,0,30,,38897,4,,,0,70,,38913,4,,,0,30,,38898,4,,,0,70,,38914,4,,,0,30,,38899,4,,,0,70,,38915,4,,,0,30,,38900,4,,,0,70,,38916,4,,,0,30,,38901,4,,,0,70,,38917,4,,,0,30,,38902,4,,,0,70,,38918,4,,,0,30,,38903,4,,,0,70,,38919,4,,,0,30,,38904,4,,,0,70,,38920,4,,,0,30,,38905,4,,,0,70,,38921,4,,,0,30,,38906,4,0,7 4 8 9 10,0
580700,'6',601,,38924,4,,,0,30,,38937,4,,,0,80,,38925,4,,,0,30,,38938,4,,,0,70,,38926,4,,,0,30,,38939,4,,,0,70,,38927,4,,,0,30,,38940,4,,,0,70,,38928,4,,,0,30,,38941,4,,,0,70,,38929,4,,,0,30,,38942,4,,,0,70,,38930,4,,,0,30,,38943,4,,,0,70,,38931,4,,,0,30,,38944,4,,,0,70,,38932,4,,,0,30,,38945,4,,,0,70,,38933,4,,,0,30,,38946,4,,,0,70,,38934,4,,,0,30,,38947,4,,,0,70,,38935,4,,,0,30,,38948,4,,,0,74,,38936,4,,,0,30,,38958,4,,,0,70,,38949,4,,,0,30,,38955,4,,,0,70,,38950,4,,,0,30,,38956,4,,,0,70,,38951,4,,,0,30,,38957,4,,,0,70,,38952,4,,,0,30,,38959,4,,,0,70,,38953,4,,,0,30,,38960,4,,,0,70,,38954,4,0,7 4 8 9 10,0
581101,'14701',1050,,40001,11,,,0,100,,40002,11,,,0,100,,40003,11,,,0,100,,40004,11,,,0,100,,40005,11,,,0,100,,40006,11,,,0,100,,40007,11,,,0,100,,40008,11,,,0,100,,40009,11,,,0,100,,40010,11,,,0,100,,40011,11,,,0
581101,'14702',1035,,40012,10,,,0,85,,40013,10,,,0,85,,40014,10,,,0,45,,40015,10,,,0,85,,40016,10,,,0,85,,40017,10,,,0,85,,40018,10,,,0,45,,40019,10,,,0,85,,40020,10,,,0,85,,40021,10,,,0,85,,40022,10,,,0
581101,'14703',1035,,40023,10,,,0,85,,40024,10,,,0,85,,40025,10,,,0,45,,40026,10,,,0,85,,40027,10,,,0,85,,40028,10,,,0,85,,40029,10,,,0,45,,40030,10,,,0,85,,40031,10,,,0,85,,40032,10,,,0,85,,40033,10,,,0
581101,'14704',1035,,40034,10,,,0,85,,40035,10,,,0,85,,40036,10,,,0,45,,40037,10,,,0,85,,40038,10,,,0,85,,40039,10,,,0,85,,40040,10,,,0,45,,40041,10,,,0,85,,40042,10,,,0,85,,40043,10,,,0
581101,'14706',1035,,40044,10,,,0,85,,40045,10,,,0,85,,40046,10,,,0,45,,40047,10,,,0,85,,40048,10,,,0,85,,40049,10,,,0,85,,40050,10,,,0,45,,40051,10,,,0,85,,40052,10,,,0,85,,40053,10,,,0,85,,40054,10,,,0
