579501,'1',514,,34741,20,,,0,20,,34742,20,,,0,20,,34743,20,,,0,60,,34744,20,,,0,18,,34745,20,,,0,15,,34746,20,,,0,55,,34747,20,,,0,11,,34748,20,,,0,15,,34749,20,,,0,15,,34750,20,,,0,15,,34751,20,,,0,55,,34752,20,,,0,15,,34753,20,,,0,15,,34754,20,,,0,15,,34755,20,,,0,56,,34756,20,,,0,15,,34757,20,,,0,15,,34758,20,,,0,15,,34759,20,,,0,57,,34760,20,,,0,20,,34761,20,,,0,20,,34762,20,,,0,60,,34763,20,,,0,20,,34764,20,,,0,20,,34765,20,,,0,60,,34766,20,,,0,20,,34767,20,,,0,20,,34768,20,,,0,60,,34769,20,,,0,20,,34770,20,,,0,21,,34771,20,,,0,59,,34772,20,,,0,14,,34773,20,,,0,16,,34774,20,,,0,54,,34775,20,,,0,15,,34776,20,,,0,15,,34777,20,,,0,15,,34778,20,,,0,55,,34779,20,,,0,15,,34780,20,,,0,15,,34781,20,,,0,15,,34782,20,,,0,55,,34783,20,,,0,15,,34784,20,,,0,15,,34785,20,,,0,15,,34786,20,,,0,60,,34787,20,,,0,30,,34788,20,,,0,69,,34789,20,,,0,30,,34790,20,,,0,70,,34791,20,,,0,30,,34792,20,,,0,70,,34793,20,,,0,30,,34794,20,,,0,70,,34795,20,,,0,30,,34796,20,,,0,70,,34797,20,,,0,30,,34798,20,,,0,70,,34799,20,,,0,47,,34800,20,,,0,73,,34801,20,,,0
579501,'2',555,,34835,20,,,0,74,,34833,20,,,0,30,,34830,20,,,0,70,,34813,20,,,0,30,,34826,20,,,0,70,,34827,20,,,0,30,,34832,20,,,0,65,,34837,20,,,0,30,,34838,20,,,0,70,,34831,20,,,0,30,,34836,20,,,0,70,,34834,20,,,0,30,,34840,20,,,0,70,,34802,20,,,0,30,,34806,20,,,0,70,,34805,20,,,0,30,,34839,20,,,0,70,,34803,20,,,0,30,,34804,20,,,0,70,,34807,20,,,0,30,,34811,20,,,0,70,,34812,20,,,0,30,,34815,20,,,0,70,,34818,20,,,0,30,,34819,20,,,0,74,,34809,20,,,0,30,,34808,20,,,0,70,,34810,20,,,0,30,,34820,20,,,0,70,,34821,20,,,0,30,,34823,20,,,0,70,,34816,20,,,0,30,,34817,20,,,0,70,,34814,20,,,0,30,,34828,20,,,0,70,,34829,20,,,0,30,,34822,20,,,0,70,,34824,20,,,0,30,,34825,20,,,0
579501,'3',559,,34846,20,,,0,75,,34845,20,,,0,73,,34847,20,,,0,30,,34844,20,,,0,70,,34848,20,,,0,30,,34843,20,,,0,70,,34849,20,,,0,28,,34850,20,,,0,70,,34851,20,,,0,30,,34852,20,,,0,70,,34853,20,,,0,30,,34854,20,,,0,70,,34855,20,,,0,30,,34856,20,,,0,70,,34857,20,,,0,30,,34858,20,,,0,70,,34859,20,,,0,30,,34860,20,,,0,70,,34861,20,,,0,30,,34862,20,,,0,70,,34863,20,,,0,30,,34864,20,,,0,70,,34865,20,,,0,30,,34866,20,,,0,70,,34867,20,,,0,30,,34868,20,,,0,70,,34842,20,,,0,30,,34869,20,,,0,70,,34841,20,,,0,30,,34870,20,,,0,70,,34871,20,,,0,30,,34872,20,,,0,70,,34873,20,,,0,32,,34874,20,,,0,70,,34875,20,,,0,30,,34876,20,,,0
579501,'4',639,,34899,20,,,0,100,,34898,20,,,0,70,,34897,20,,,0,30,,34896,20,,,0,70,,34895,20,,,0,30,,34894,20,,,0,70,,34893,20,,,0,30,,34892,20,,,0,70,,34891,20,,,0,30,,34890,20,,,0,70,,34889,20,,,0,30,,34888,20,,,0,70,,34887,20,,,0,30,,34886,20,,,0,70,,34885,20,,,0,30,,34884,20,,,0,70,,34883,20,,,0,30,,34882,20,,,0,70,,34881,20,,,0,45,,34880,20,,,0,85,,34900,20,,,0,85,,34879,20,,,0,85,,34878,20,,,0,45,,34877,20,,,0,85,,34901,20,,,0
579501,'6',559,,34907,20,,,0,75,,34906,20,,,0,73,,34908,20,,,0,30,,34905,20,,,0,70,,34909,20,,,0,30,,34904,20,,,0,70,,34910,20,,,0,28,,34911,20,,,0,70,,34912,20,,,0,30,,34913,20,,,0,70,,34914,20,,,0,30,,34915,20,,,0,70,,34916,20,,,0,30,,34917,20,,,0,70,,34918,20,,,0,30,,34919,20,,,0,70,,34920,20,,,0,30,,34921,20,,,0,70,,34922,20,,,0,30,,34923,20,,,0,70,,34924,20,,,0,30,,34925,20,,,0,70,,34926,20,,,0,30,,34927,20,,,0,70,,34928,20,,,0,30,,34929,20,,,0,70,,34903,20,,,0,30,,34930,20,,,0,70,,34902,20,,,0,30,,34931,20,,,0,70,,34932,20,,,0,30,,34933,20,,,0,70,,34934,20,,,0,32,,34935,20,,,0,70,,34936,20,,,0,30,,34937,20,,,0
583001,'1601',838,,41956,49,,,0,720,,41951,37,,,0
583001,'1',509,,41985,49,,,0,15,,41992,49,,,0,15,,41984,49,,,0,20,,42011,49,,,0,60,,41991,49,,,0,20,,41990,49,,,0,10,,41988,49,,,0,55,,41958,29,,,0,16,,41989,49,,,0,15,,41983,49,,,0,15,,41978,49,,,0,55,,41982,49,,,0,15,,41977,49,,,0,15,,41981,49,,,0,15,,41976,49,,,0,55,,41980,49,,,0,15,,41975,49,,,0,15,,41979,49,,,0,20,,41993,49,,,0,60,,41994,49,,,0,22,,42012,49,,,0,20,,41995,49,,,0,60,,41996,49,,,0,20,,41997,49,,,0,20,,41998,49,,,0,60,,41999,49,,,0,20,,42000,49,,,0,20,,42001,49,,,0,60,,42002,49,,,0,20,,42003,49,,,0,20,,41987,49,,,0,55,,41986,49,,,0,16,,41974,49,,,0,15,,41966,49,,,0,15,,41973,49,,,0,55,,41965,49,,,0,15,,41972,49,,,0,15,,41964,49,,,0,15,,41971,49,,,0,55,,41963,49,,,0,15,,41970,49,,,0,15,,41962,49,,,0,15,,41969,49,,,0,55,,41961,49,,,0,15,,41968,49,,,0,15,,41960,49,,,0,15,,41967,49,,,0,55,,41959,49,,,0,15,,41957,49,,,0,15,,42004,49,,,0,15,,42005,49,,,0,60,,42006,49,,,0,16,,42007,49,,,0,20,,42008,49,,,0,60,,42009,49,,,0,20,,42010,49,,,0,20,,42026,49,,,0,60,,42025,49,,,0,20,,42024,49,,,0,20,,42023,49,,,0,60,,42022,49,,,0,17,,42021,49,,,0,20,,42020,49,,,0,60,,42019,49,,,0,20,,42018,49,,,0,20,,42017,49,,,0,60,,42016,49,,,0,20,,42015,49,,,0,20,,42014,49,,,0
583001,'2',531,,42082,49,,,0,76,,42081,49,,,0,35,,42080,49,,,0,69,,42079,49,,,0,31,,42078,49,,,0,70,,42077,49,,,0,28,,42075,29,,,0,60,,42076,49,,,0,20,,42074,49,,,0,20,,42073,49,,,0,60,,42072,49,,,0,20,,42071,49,,,0,20,,42070,49,,,0,60,,42069,49,,,0,20,,42068,49,,,0,20,,42067,49,,,0,60,,42066,49,,,0,20,,42065,49,,,0,20,,42064,49,,,0,60,,42063,49,,,0,20,,42062,49,,,0,20,,42061,49,,,0,60,,42060,49,,,0,20,,42059,49,,,0,20,,42058,49,,,0,60,,42057,49,,,0,20,,42056,49,,,0,20,,42055,49,,,0,60,,42054,49,,,0,20,,42053,49,,,0,20,,42052,49,,,0,60,,42051,49,,,0,20,,42050,49,,,0,20,,42049,49,,,0,60,,42048,49,,,0,20,,42047,49,,,0,20,,42046,49,,,0,60,,42045,49,,,0,20,,42044,49,,,0,16,,42043,49,,,0,20,,42042,49,,,0,60,,42041,49,,,0,20,,42040,49,,,0,20,,42039,49,,,0,60,,42038,49,,,0,20,,42037,49,,,0,20,,42036,49,,,0,60,,42035,49,,,0,19,,42034,49,,,0,20,,42033,49,,,0,60,,42032,49,,,0,21,,42031,49,,,0,20,,42030,49,,,0,60,,42029,49,,,0,20,,42028,49,,,0,18,,42027,49,,,0
583001,'3',548,,42097,49,,,0,80,,42111,49,,,0,80,,42096,49,,,0,40,,42112,49,,,0,80,,42088,49,,,0,80,,42103,49,,,0,20,,42113,49,,,0,20,,42099,49,,,0,60,,42114,49,,,0,23,,42100,49,,,0,20,,42115,49,,,0,60,,42098,49,,,0,20,,42116,49,,,0,20,,42095,49,,,0,60,,42117,49,,,0,20,,42106,49,,,0,20,,42118,49,,,0,60,,42090,49,,,0,20,,42119,49,,,0,20,,42108,49,,,0,60,,42120,49,,,0,20,,42107,49,,,0,20,,42121,49,,,0,60,,42092,49,,,0,20,,42122,49,,,0,20,,42109,49,,,0,60,,42123,49,,,0,20,,42091,49,,,0,20,,42124,49,,,0,60,,42104,49,,,0,20,,42125,49,,,0,20,,42102,49,,,0,60,,42126,49,,,0,20,,42101,49,,,0,20,,42127,49,,,0,60,,42105,49,,,0,17,,42128,49,,,0,25,,42110,49,,,0,60,,42129,49,,,0,20,,42094,49,,,0,20,,42089,49,,,0,60,,42093,49,,,0,30,,42087,49,,,0,70,,42085,49,,,0,29,,42086,49,,,0,70,,42084,49,,,0,30,,42083,49,,,0
583001,'4',620,,42160,29,,,0,24,,42130,49,,,0,70,,42131,49,,,0,30,,42132,49,,,0,70,,42133,49,,,0,30,,42134,49,,,0,70,,42135,49,,,0,30,,42136,49,,,0,70,,42137,49,,,0,30,,42138,49,,,0,70,,42139,49,,,0,30,,42140,49,,,0,70,,42141,49,,,0,30,,42142,49,,,0,70,,42143,49,,,0,30,,42144,49,,,0,70,,42145,49,,,0,30,,42146,49,,,0,70,,42147,49,,,0,30,,42148,49,,,0,70,,42149,49,,,0,30,,42150,49,,,0,70,,42151,49,,,0,30,,42152,49,,,0,70,,42153,49,,,0,30,,42154,49,,,0,70,,42155,49,,,0,30,,42156,49,,,0,70,,42157,49,,,0,30,,42158,49,,,0,70,,42159,49,,,0
583001,'6',531,,42217,49,,,0,76,,42216,49,,,0,35,,42215,49,,,0,69,,42214,49,,,0,31,,42213,49,,,0,70,,42212,49,,,0,28,,42210,29,,,0,60,,42211,49,,,0,20,,42209,49,,,0,20,,42208,49,,,0,60,,42207,49,,,0,20,,42206,49,,,0,20,,42205,49,,,0,60,,42204,49,,,0,20,,42203,49,,,0,20,,42202,49,,,0,60,,42201,49,,,0,20,,42200,49,,,0,20,,42199,49,,,0,60,,42198,49,,,0,20,,42197,49,,,0,20,,42196,49,,,0,60,,42195,49,,,0,20,,42194,49,,,0,20,,42193,49,,,0,60,,42192,49,,,0,20,,42191,49,,,0,20,,42190,49,,,0,60,,42189,49,,,0,20,,42188,49,,,0,20,,42187,49,,,0,60,,42186,49,,,0,20,,42185,49,,,0,20,,42184,49,,,0,60,,42183,49,,,0,20,,42182,49,,,0,20,,42181,49,,,0,60,,42180,49,,,0,20,,42179,49,,,0,16,,42178,49,,,0,20,,42177,49,,,0,60,,42176,49,,,0,20,,42175,49,,,0,20,,42174,49,,,0,60,,42173,49,,,0,20,,42172,49,,,0,20,,42171,49,,,0,60,,42170,49,,,0,19,,42169,49,,,0,20,,42168,49,,,0,60,,42167,49,,,0,21,,42166,49,,,0,20,,42165,49,,,0,60,,42164,49,,,0,20,,42163,49,,,0,18,,42162,49,,,0
