579500,'1',509,,34542,7,,,0,20,,34543,7,,,0,20,,34544,7,,,0,60,,34545,7,,,0,20,,34546,7,,,0,20,,34547,7,,,0,55,,34548,7,,,0,15,,34549,7,,,0,15,,34550,7,,,0,15,,34551,7,,,0,55,,34552,7,,,0,15,,34553,7,,,0,15,,34554,7,,,0,15,,34555,7,,,0,55,,34556,7,,,0,15,,34557,7,,,0,15,,34558,7,,,0,20,,34559,7,,,0,63,,34560,7,,,0,17,,34561,7,,,0,20,,34562,7,,,0,60,,34563,7,,,0,20,,34564,7,,,0,20,,34565,7,,,0,60,,34566,7,,,0,20,,34567,7,,,0,20,,34568,7,,,0,60,,34569,7,,,0,20,,34570,7,,,0,22,,34571,7,,,0,60,,34572,7,,,0,20,,34573,7,,,0,20,,34574,7,,,0,55,,34575,7,,,0,15,,34576,7,,,0,15,,34577,7,,,0,15,,34578,7,,,0,55,,34579,7,,,0,15,,34580,7,,,0,15,,34581,7,,,0,15,,34582,7,,,0,55,,34583,7,,,0,15,,34584,7,,,0,15,,34585,7,,,0,15,,34586,7,,,0,55,,34587,7,,,0,28,,34588,7,,,0,70,,34589,7,,,0,30,,34590,7,,,0,70,,34591,7,,,0,30,,34592,7,,,0,70,,34593,7,,,0,30,,34594,7,,,0,70,,34595,7,,,0,30,,34596,7,,,0,70,,34597,7,,,0,30,,34598,7,,,0,70,,34599,7,,,0,30,,34600,7,,,0,90,,34601,7,,,0
579500,'2',559,,34622,7,,,0,70,,34631,7,,,0,30,,34633,7,,,0,70,,34637,7,,,0,30,,34614,7,,,0,70,,34638,7,,,0,30,,34613,7,,,0,70,,34628,7,,,0,30,,34626,7,,,0,70,,34629,7,,,0,30,,34603,7,,,0,70,,34640,7,,,0,30,,34609,7,,,0,70,,34623,7,,,0,30,,34632,7,,,0,70,,34607,7,,,0,30,,34604,7,,,0,70,,34606,7,,,0,30,,34602,7,,,0,70,,34608,7,,,0,30,,34615,7,,,0,70,,34605,7,,,0,30,,34612,7,,,0,70,,34610,7,,,0,30,,34611,7,,,0,70,,34616,7,,,0,30,,34636,7,,,0,69,,34627,7,,,0,30,,34617,7,,,0,70,,34619,7,,,0,30,,34634,7,,,0,70,,34630,7,,,0,30,,34618,7,,,0,70,,34620,7,,,0,30,,34621,7,,,0,70,,34635,7,,,0,30,,34639,7,,,0,80,,34625,7,,,0,90,,34624,7,,,0
579500,'3',607,,34653,7,,,0,30,,34645,7,,,0,70,,34652,7,,,0,30,,34644,7,,,0,70,,34654,7,,,0,30,,34643,7,,,0,72,,34646,7,,,0,30,,34647,7,,,0,70,,34648,7,,,0,30,,34649,7,,,0,70,,34650,7,,,0,30,,34655,7,,,0,70,,34657,7,,,0,30,,34669,7,,,0,70,,34656,7,,,0,30,,34658,7,,,0,70,,34661,7,,,0,30,,34660,7,,,0,70,,34659,7,,,0,30,,34662,7,,,0,70,,34663,7,,,0,30,,34664,7,,,0,70,,34666,7,,,0,30,,34668,7,,,0,70,,34667,7,,,0,30,,34665,7,,,0,69,,34642,7,,,0,30,,34651,7,,,0,70,,34641,7,,,0,30,,34670,7,,,0,70,,34671,7,,,0,30,,34672,7,,,0,70,,34673,7,,,0,30,,34674,7,,,0,70,,34675,7,,,0,30,,34676,7,,,0,70,,34677,7,,,0
579500,'4',637,,34703,7,,,0,70,,34700,7,,,0,30,,34699,7,,,0,70,,34698,7,,,0,30,,34697,7,,,0,71,,34696,7,,,0,30,,34695,7,,,0,70,,34694,7,,,0,30,,34693,7,,,0,70,,34692,7,,,0,30,,34691,7,,,0,70,,34690,7,,,0,30,,34689,7,,,0,70,,34688,7,,,0,30,,34687,7,,,0,70,,34686,7,,,0,30,,34685,7,,,0,70,,34684,7,,,0,45,,34680,7,,,0,85,,34679,7,,,0,85,,34701,7,,,0,85,,34678,7,,,0,45,,34683,7,,,0,85,,34682,7,,,0,85,,34702,7,,,0,85,,34681,7,,,0
579500,'6',607,,34716,7,,,0,30,,34708,7,,,0,70,,34715,7,,,0,30,,34707,7,,,0,70,,34717,7,,,0,30,,34706,7,,,0,72,,34709,7,,,0,30,,34710,7,,,0,70,,34711,7,,,0,30,,34712,7,,,0,70,,34713,7,,,0,30,,34718,7,,,0,70,,34720,7,,,0,30,,34732,7,,,0,70,,34719,7,,,0,30,,34721,7,,,0,70,,34724,7,,,0,30,,34723,7,,,0,70,,34722,7,,,0,30,,34725,7,,,0,70,,34726,7,,,0,30,,34727,7,,,0,70,,34729,7,,,0,30,,34731,7,,,0,70,,34730,7,,,0,30,,34728,7,,,0,69,,34705,7,,,0,30,,34714,7,,,0,70,,34704,7,,,0,30,,34733,7,,,0,70,,34734,7,,,0,30,,34735,7,,,0,70,,34736,7,,,0,30,,34737,7,,,0,70,,34738,7,,,0,30,,34739,7,,,0,70,,34740,7,,,0
579900,'1',537,,36223,7,,,0,65,,36224,7,,,0,20,,36225,7,,,0,12,,36226,7,,,0,12,,36227,7,,,0,55,,36228,7,,,0,12,,36229,7,,,0,12,,36230,7,,,0,12,,36231,7,,,0,12,,36232,7,,,0,52,,36233,7,,,0,12,,36234,7,,,0,12,,36235,7,,,0,12,,36236,7,,,0,12,,36237,7,,,0,51,,36238,7,,,0,14,,36239,7,,,0,15,,36240,7,,,0,15,,36241,7,,,0,15,,36242,7,,,0,55,,36243,7,,,0,15,,36244,7,,,0,15,,36245,7,,,0,15,,36246,7,,,0,55,,36247,7,,,0,15,,36248,7,,,0,15,,36249,7,,,0,15,,36250,7,,,0,55,,36251,7,,,0,15,,36252,7,,,0,15,,36253,7,,,0,15,,36254,7,,,0,55,,36255,7,,,0,15,,36256,7,,,0,15,,36257,7,,,0,15,,36258,7,,,0,55,,36259,7,,,0,16,,36260,7,,,0,13,,36261,7,,,0,12,,36262,7,,,0,52,,36263,7,,,0,12,,36264,7,,,0,12,,36265,7,,,0,12,,36266,7,,,0,12,,36267,7,,,0,52,,36268,7,,,0,12,,36269,7,,,0,12,,36270,7,,,0,12,,36271,7,,,0,12,,36272,7,,,0,52,,36273,7,,,0,12,,36274,7,,,0,12,,36275,7,,,0,12,,36276,7,,,0,12,,36277,7,,,0,52,,36278,7,,,0,12,,36279,7,,,0,14,,36280,7,,,0,14,,36281,7,,,0,55,,36282,7,,,0,15,,36283,7,,,0,15,,36284,7,,,0,15,,36285,7,,,0,54,,36286,7,,,0,18,,36287,7,,,0,20,,36288,7,,,0,20,,36289,7,,,0,60,,36290,7,,,0,20,,36291,7,,,0,20,,36292,7,,,0,59,,36293,7,,,0,30,,36294,7,,,0,70,,36295,7,,,0,30,,36298,7,,,0,70,,36296,7,,,0,90,,36297,7,,,0
579900,'2',557,,36313,7,,,0,71,,36314,7,,,0,30,,36315,7,,,0,70,,36316,7,,,0,30,,36317,7,,,0,65,,36318,7,,,0,30,,36319,7,,,0,65,,36320,7,,,0,25,,36321,7,,,0,60,,36322,7,,,0,20,,36323,7,,,0,20,,36324,7,,,0,60,,36325,7,,,0,20,,36326,7,,,0,20,,36327,7,,,0,60,,36328,7,,,0,21,,36329,7,,,0,20,,36330,7,,,0,60,,36331,7,,,0,20,,36332,7,,,0,20,,36333,7,,,0,60,,36334,7,,,0,20,,36335,7,,,0,20,,36336,7,,,0,60,,36337,7,,,0,20,,36338,7,,,0,20,,36339,7,,,0,60,,36340,7,,,0,20,,36341,7,,,0,20,,36342,7,,,0,60,,36343,7,,,0,20,,36344,7,,,0,20,,36345,7,,,0,60,,36299,7,,,0,20,,36300,7,,,0,30,,36301,7,,,0,70,,36302,7,,,0,30,,36303,7,,,0,70,,36304,7,,,0,30,,36305,7,,,0,69,,36306,7,,,0,30,,36307,7,,,0,70,,36308,7,,,0,30,,36309,7,,,0,65,,36310,7,,,0,90,,36311,7,,,0,100,,36312,7,,,0
579900,'3',622,,36378,7,,,0,30,,36346,7,,,0,70,,36347,7,,,0,30,,36348,7,,,0,70,,36349,7,,,0,30,,36350,7,,,0,72,,36351,7,,,0,30,,36352,7,,,0,70,,36353,7,,,0,30,,36354,7,,,0,70,,36355,7,,,0,30,,36356,7,,,0,70,,36357,7,,,0,30,,36358,7,,,0,70,,36359,7,,,0,30,,36360,7,,,0,70,,36361,7,,,0,30,,36362,7,,,0,70,,36363,7,,,0,30,,36364,7,,,0,70,,36365,7,,,0,30,,36366,7,,,0,70,,36367,7,,,0,30,,36368,7,,,0,70,,36372,7,,,0,30,,36373,7,,,0,70,,36374,7,,,0,30,,36375,7,,,0,70,,36376,7,,,0,30,,36377,7,,,0,68,,36369,7,,,0,30,,36379,7,,,0,70,,36370,7,,,0,30,,36380,7,,,0,70,,36371,7,,,0,30,,36381,7,,,0
579900,'4',622,,36382,7,,,0,30,,36383,7,,,0,70,,36384,7,,,0,30,,36385,7,,,0,70,,36386,7,,,0,30,,36387,7,,,0,72,,36388,7,,,0,30,,36389,7,,,0,70,,36390,7,,,0,30,,36391,7,,,0,70,,36392,7,,,0,30,,36393,7,,,0,70,,36394,7,,,0,30,,36395,7,,,0,70,,36396,7,,,0,30,,36397,7,,,0,85,,36398,7,,,0,100,,36399,7,,,0,100,,36400,7,,,0,100,,36401,7,,,0,98,,36402,7,,,0,100,,36403,7,,,0,100,,36404,7,,,0
579900,'6',557,,36419,7,,,0,71,,36420,7,,,0,30,,36421,7,,,0,70,,36422,7,,,0,30,,36423,7,,,0,65,,36424,7,,,0,30,,36425,7,,,0,65,,36426,7,,,0,25,,36427,7,,,0,60,,36428,7,,,0,20,,36429,7,,,0,20,,36430,7,,,0,60,,36431,7,,,0,20,,36432,7,,,0,20,,36433,7,,,0,60,,36434,7,,,0,21,,36435,7,,,0,20,,36436,7,,,0,60,,36437,7,,,0,20,,36438,7,,,0,20,,36439,7,,,0,60,,36440,7,,,0,20,,36441,7,,,0,20,,36442,7,,,0,60,,36443,7,,,0,20,,36444,7,,,0,20,,36445,7,,,0,60,,36446,7,,,0,20,,36447,7,,,0,20,,36448,7,,,0,60,,36449,7,,,0,20,,36450,7,,,0,20,,36451,7,,,0,60,,36405,7,,,0,20,,36406,7,,,0,30,,36407,7,,,0,70,,36408,7,,,0,30,,36409,7,,,0,70,,36410,7,,,0,30,,36411,7,,,0,69,,36412,7,,,0,30,,36413,7,,,0,70,,36414,7,,,0,30,,36415,7,,,0,65,,36416,7,,,0,90,,36417,7,,,0,100,,36418,7,,,0
580000,'1',504,,36693,7,,,0,35,,36695,7,,,0,20,,36696,7,,,0,60,,36697,7,,,0,20,,36698,7,,,0,17,,36699,7,,,0,55,,36700,7,,,0,15,,36701,7,,,0,15,,36702,7,,,0,15,,36703,7,,,0,55,,36704,7,,,0,15,,36705,7,,,0,15,,36706,7,,,0,70,,36707,7,,,0,30,,36708,7,,,0,70,,36709,7,,,0,30,,36710,7,,,0,70,,36711,7,,,0,30,,36712,7,,,0,70,,36713,7,,,0,30,,36714,7,,,0,70,,36715,7,,,0,30,,36716,7,,,0,70,,36717,7,,,0,32,,36718,7,,,0,15,,36719,7,,,0,55,,36720,7,,,0,15,,36721,7,,,0,15,,36722,7,,,0,15,,36723,7,,,0,55,,36724,7,,,0,15,,36725,7,,,0,15,,36726,7,,,0,15,,36727,7,,,0,55,,36728,7,,,0,15,,36729,7,,,0,15,,36730,7,,,0,15,,36731,7,,,0,55,,36732,7,,,0,15,,36733,7,,,0,30,,36734,7,,,0,68,,36735,7,,,0,30,,36736,7,,,0,70,,36737,7,,,0,30,,36738,7,,,0,70,,36739,7,,,0,30,,36740,7,,,0,70,,36741,7,,,0,30,,36742,7,,,0,68,,36743,7,,,0,30,,36744,7,,,0,70,,36745,7,,,0,30,,36746,7,,,0,75,,36747,7,,,0
580000,'2',537,,36750,7,,,0,70,,36796,7,,,0,15,,36748,7,,,0,15,,36795,7,,,0,70,,36794,7,,,0,30,,36793,7,,,0,70,,36792,7,,,0,30,,36791,7,,,0,72,,36779,7,,,0,20,,36782,7,,,0,20,,36780,7,,,0,60,,36781,7,,,0,20,,36785,7,,,0,20,,36789,7,,,0,60,,36790,7,,,0,20,,36778,7,,,0,20,,36775,7,,,0,60,,36776,7,,,0,20,,36777,7,,,0,20,,36767,7,,,0,60,,36765,7,,,0,20,,36770,7,,,0,20,,36768,7,,,0,60,,36769,7,,,0,20,,36774,7,,,0,20,,36761,7,,,0,60,,36763,7,,,0,20,,36766,7,,,0,20,,36764,7,,,0,60,,36798,7,,,0,20,,36797,7,,,0,20,,36760,7,,,0,60,,36762,7,,,0,20,,36773,7,,,0,20,,36759,7,,,0,60,,36758,7,,,0,20,,36757,7,,,0,20,,36749,7,,,0,60,,36772,7,,,0,30,,36771,7,,,0,70,,36756,7,,,0,30,,36755,7,,,0,70,,36788,7,,,0,30,,36787,7,,,0,70,,36786,7,,,0,30,,36784,7,,,0,69,,36783,7,,,0,30,,36754,7,,,0,70,,36753,7,,,0,30,,36752,7,,,0,70,,36751,7,,,0
580000,'3',537,,36808,7,,,0,70,,36825,7,,,0,30,,36807,7,,,0,70,,36826,7,,,0,30,,36806,7,,,0,70,,36827,7,,,0,30,,36805,7,,,0,73,,36828,7,,,0,30,,36804,7,,,0,70,,36830,7,,,0,30,,36813,7,,,0,70,,36820,7,,,0,30,,36824,7,,,0,70,,36821,7,,,0,30,,36810,7,,,0,70,,36809,7,,,0,30,,36831,7,,,0,70,,36822,7,,,0,30,,36814,7,,,0,70,,36823,7,,,0,30,,36816,7,,,0,70,,36815,7,,,0,30,,36829,7,,,0,70,,36817,7,,,0,30,,36818,7,,,0,70,,36819,7,,,0,30,,36832,7,,,0,68,,36811,7,,,0,30,,36833,7,,,0,70,,36812,7,,,0,30,,36838,7,,,0,70,,36839,7,,,0,30,,36840,7,,,0,69,,36841,7,,,0,30,,36842,7,,,0,70,,36843,7,,,0,30,,36844,7,,,0,70,,36845,7,,,0
580000,'4',607,,36846,7,,,0,45,,36847,7,,,0,85,,36848,7,,,0,85,,36849,7,,,0,85,,36850,7,,,0,45,,36851,7,,,0,86,,36852,7,,,0,85,,36853,7,,,0,85,,36854,7,,,0,45,,36855,7,,,0,85,,36856,7,,,0,85,,36857,7,,,0,85,,36858,7,,,0,45,,36859,7,,,0,85,,36860,7,,,0,85,,36861,7,,,0,84,,36862,7,,,0,45,,36863,7,,,0,85,,36864,7,,,0,85,,36865,7,,,0,85,,36866,7,,,0
580000,'6',537,,36872,7,,,0,70,,36889,7,,,0,30,,36871,7,,,0,70,,36890,7,,,0,30,,36870,7,,,0,70,,36891,7,,,0,30,,36869,7,,,0,73,,36892,7,,,0,30,,36868,7,,,0,70,,36894,7,,,0,30,,36877,7,,,0,70,,36884,7,,,0,30,,36888,7,,,0,70,,36885,7,,,0,30,,36874,7,,,0,70,,36873,7,,,0,30,,36895,7,,,0,70,,36886,7,,,0,30,,36878,7,,,0,70,,36887,7,,,0,30,,36880,7,,,0,70,,36879,7,,,0,30,,36893,7,,,0,70,,36881,7,,,0,30,,36882,7,,,0,70,,36883,7,,,0,30,,36896,7,,,0,68,,36875,7,,,0,30,,36897,7,,,0,70,,36876,7,,,0,30,,36902,7,,,0,70,,36903,7,,,0,30,,36904,7,,,0,69,,36905,7,,,0,30,,36906,7,,,0,70,,36907,7,,,0,30,,36908,7,,,0,70,,36909,7,,,0
