578200,'1',456,,30152,15,,,0,55,,30182,15,,,0,20,,30189,15,,,0,20,,30188,15,,,0,60,,30187,15,,,0,20,,30186,15,,,0,20,,30185,15,,,0,63,,30184,15,,,0,20,,30183,15,,,0,20,,30190,15,,,0,60,,30153,15,,,0,20,,30154,15,,,0,20,,30155,15,,,0,60,,30156,15,,,0,20,,30157,15,,,0,20,,30158,15,,,0,60,,30159,15,,,0,20,,30162,15,,,0,20,,30163,15,,,0,60,,30164,15,,,0,20,,30165,15,,,0,20,,30166,15,,,0,60,,30167,15,,,0,20,,30160,15,,,0,20,,30161,15,,,0,60,,30136,15,,,0,20,,30168,15,,,0,21,,30169,15,,,0,60,,30170,15,,,0,20,,30171,15,,,0,20,,30172,15,,,0,60,,30173,15,,,0,20,,30174,15,,,0,20,,30175,15,,,0,60,,30176,15,,,0,20,,30177,15,,,0,20,,30178,15,,,0,60,,30179,15,,,0,20,,30180,15,,,0,20,,30181,15,,,0,63,,30151,15,,,0,30,,30150,15,,,0,72,,30149,15,,,0,30,,30148,15,,,0,70,,30147,15,,,0,30,,30146,15,,,0,70,,30145,15,,,0,30,,30137,15,,,0,68,,30138,15,,,0,30,,30139,15,,,0,70,,30140,15,,,0,30,,30141,15,,,0,70,,30142,15,,,0,32,,30143,15,,,0,80,,30144,15,,,0
578200,'2',510,,30191,15,,,0,30,,30192,15,,,0,71,,30193,15,,,0,30,,30194,15,,,0,70,,30195,15,,,0,30,,30196,15,,,0,70,,30197,15,,,0,20,,30239,15,,,0,20,,30198,15,,,0,62,,30199,15,,,0,20,,30200,15,,,0,20,,30201,15,,,0,60,,30202,15,,,0,20,,30203,15,,,0,20,,30204,15,,,0,60,,30205,15,,,0,20,,30206,15,,,0,20,,30207,15,,,0,60,,30208,15,,,0,20,,30209,15,,,0,20,,30210,15,,,0,60,,30211,15,,,0,20,,30212,15,,,0,20,,30213,15,,,0,60,,30214,15,,,0,20,,30215,15,,,0,20,,30216,15,,,0,60,,30217,15,,,0,20,,30218,15,,,0,20,,30219,15,,,0,60,,30220,15,,,0,20,,30221,15,,,0,20,,30222,15,,,0,60,,30223,15,,,0,30,,30224,15,,,0,70,,30225,15,,,0,30,,30226,15,,,0,70,,30227,15,,,0,30,,30228,15,,,0,70,,30229,15,,,0,30,,30230,15,,,0,70,,30231,15,,,0,30,,30232,15,,,0,67,,30233,15,,,0,30,,30234,15,,,0,70,,30235,15,,,0,30,,30236,15,,,0,70,,30237,15,,,0,30,,30240,15,,,0,90,,30238,15,,,0
578200,'3',610,,30276,15,,,0,100,,30275,15,,,0,30,,30274,15,,,0,70,,30273,15,,,0,30,,30272,15,,,0,73,,30271,15,,,0,30,,30270,15,,,0,70,,30269,15,,,0,30,,30268,15,,,0,70,,30267,15,,,0,30,,30266,15,,,0,70,,30265,15,,,0,30,,30264,15,,,0,70,,30263,15,,,0,30,,30262,15,,,0,70,,30261,15,,,0,30,,30260,15,,,0,70,,30259,15,,,0,30,,30258,15,,,0,70,,30257,15,,,0,30,,30256,15,,,0,70,,30255,15,,,0,30,,30254,15,,,0,70,,30253,15,,,0,30,,30252,15,,,0,70,,30251,15,,,0,30,,30250,15,,,0,68,,30249,15,,,0,30,,30248,15,,,0,70,,30247,15,,,0,30,,30246,15,,,0,70,,30245,15,,,0,30,,30244,15,,,0,70,,30243,15,,,0,30,,30242,15,,,0,70,,30241,15,,,0
578200,'4',538,,30277,15,,,0,80,,30278,15,,,0,40,,30279,15,,,0,80,,30280,15,,,0,80,,30281,15,,,0,40,,30282,15,,,0,80,,30283,15,,,0,80,,30284,15,,,0,40,,30285,15,,,0,80,,30286,15,,,0,80,,30287,15,,,0,40,,30288,15,,,0,80,,30289,15,,,0,80,,30290,15,,,0,90,,30291,15,,,0,100,,30292,15,,,0,100,,30293,15,,,0,100,,30294,15,,,0,100,,30295,15,,,0,100,,30296,15,,,0,100,,30297,15,,,0
578200,'6',610,,30333,15,,,0,100,,30332,15,,,0,30,,30331,15,,,0,70,,30330,15,,,0,30,,30329,15,,,0,73,,30328,15,,,0,30,,30327,15,,,0,70,,30326,15,,,0,30,,30325,15,,,0,70,,30324,15,,,0,30,,30323,15,,,0,70,,30322,15,,,0,30,,30321,15,,,0,70,,30320,15,,,0,30,,30319,15,,,0,70,,30318,15,,,0,30,,30317,15,,,0,70,,30316,15,,,0,30,,30315,15,,,0,70,,30314,15,,,0,30,,30313,15,,,0,70,,30312,15,,,0,30,,30311,15,,,0,70,,30310,15,,,0,30,,30309,15,,,0,70,,30308,15,,,0,30,,30307,15,,,0,68,,30306,15,,,0,30,,30305,15,,,0,70,,30304,15,,,0,30,,30303,15,,,0,70,,30302,15,,,0,30,,30301,15,,,0,70,,30300,15,,,0,30,,30299,15,,,0,70,,30298,15,,,0
579301,'1',544,,33902,28,,,0,15,,33903,28,,,0,55,,33833,28,,,0,15,,33904,28,,,0,15,,33832,28,,,0,15,,33905,28,,,0,55,,33835,28,,,0,15,,33836,28,,,0,19,,33837,28,,,0,10,,33847,28,,,0,50,,33875,28,,,0,10,,33846,28,,,0,10,,33845,28,,,0,10,,33876,28,,,0,10,,33844,28,,,0,10,,33843,28,,,0,50,,33877,28,,,0,10,,33842,28,,,0,10,,33841,28,,,0,10,,33878,28,,,0,10,,33840,28,,,0,10,,33839,28,,,0,50,,33879,28,,,0,10,,33838,28,,,0,10,,33913,28,,,0,10,,33892,28,,,0,20,,33893,28,,,0,60,,33894,28,,,0,20,,33895,28,,,0,20,,33896,28,,,0,60,,33897,28,,,0,20,,33898,28,,,0,20,,33899,28,,,0,60,,33900,28,,,0,20,,33901,28,,,0,20,,33834,28,,,0,60,,33880,28,,,0,20,,33867,28,,,0,20,,33866,28,,,0,60,,33881,28,,,0,20,,33865,28,,,0,13,,33882,28,,,0,50,,33864,28,,,0,10,,33863,28,,,0,10,,33883,28,,,0,10,,33862,28,,,0,10,,33861,28,,,0,10,,33884,28,,,0,50,,33860,28,,,0,10,,33859,28,,,0,10,,33885,28,,,0,10,,33858,28,,,0,10,,33857,28,,,0,10,,33886,28,,,0,50,,33856,28,,,0,10,,33855,28,,,0,10,,33887,28,,,0,10,,33854,28,,,0,10,,33888,28,,,0,10,,33853,28,,,0,50,,33852,28,,,0,10,,33889,28,,,0,15,,33851,28,,,0,16,,33850,28,,,0,60,,33910,28,,,0,20,,33911,28,,,0,20,,33849,28,,,0,60,,33848,28,,,0,20,,33906,28,,,0,20,,33868,28,,,0,60,,33869,28,,,0,20,,33907,28,,,0,17,,33870,28,,,0,20,,33871,28,,,0,60,,33908,28,,,0,20,,33872,28,,,0,20,,33873,28,,,0,60,,33909,28,,,0,20,,33874,28,,,0,20,,33891,28,,,0,60,,33890,28,,,0,20,,33912,28,,,0
579301,'2',543,,33984,28,,,0,60,,33914,28,,,0,20,,33974,28,,,0,20,,33915,28,,,0,60,,33916,28,,,0,20,,33975,28,,,0,20,,33917,28,,,0,60,,33918,28,,,0,20,,33919,28,,,0,22,,33920,28,,,0,55,,33921,28,,,0,15,,33922,28,,,0,15,,33923,28,,,0,15,,33924,28,,,0,55,,33925,28,,,0,15,,33926,28,,,0,15,,33927,28,,,0,15,,33928,28,,,0,55,,33929,28,,,0,15,,33930,28,,,0,15,,33931,28,,,0,13,,33932,28,,,0,57,,33933,28,,,0,15,,33934,28,,,0,15,,33935,28,,,0,15,,33936,28,,,0,55,,33937,28,,,0,15,,33938,28,,,0,15,,33939,28,,,0,15,,33940,28,,,0,55,,33941,28,,,0,15,,33942,28,,,0,15,,33943,28,,,0,15,,33944,28,,,0,55,,33945,28,,,0,15,,33946,28,,,0,15,,33947,28,,,0,15,,33948,28,,,0,55,,33949,28,,,0,15,,33950,28,,,0,15,,33951,28,,,0,15,,33952,28,,,0,55,,33953,28,,,0,15,,33954,28,,,0,15,,33955,28,,,0,15,,33956,28,,,0,55,,33957,28,,,0,15,,33958,28,,,0,15,,33959,28,,,0,15,,33960,28,,,0,60,,33961,28,,,0,20,,33976,28,,,0,19,,33962,28,,,0,60,,33977,28,,,0,20,,33963,28,,,0,20,,33964,28,,,0,60,,33978,28,,,0,20,,33965,28,,,0,20,,33966,28,,,0,60,,33979,28,,,0,20,,33967,28,,,0,19,,33968,28,,,0,60,,33980,28,,,0,20,,33969,28,,,0,20,,33970,28,,,0,60,,33981,28,,,0,20,,33971,28,,,0,20,,33972,28,,,0,60,,33973,28,,,0,20,,33982,28,,,0,20,,33983,28,,,0
579301,'3',542,,34030,28,,,0,70,,33985,28,,,0,30,,33986,28,,,0,70,,33987,28,,,0,30,,33988,28,,,0,70,,33989,28,,,0,30,,33990,28,,,0,70,,33991,28,,,0,30,,33992,28,,,0,60,,33993,28,,,0,20,,33994,28,,,0,22,,33995,28,,,0,60,,33996,28,,,0,20,,33997,28,,,0,20,,33998,28,,,0,65,,33999,28,,,0,20,,34000,28,,,0,20,,34001,28,,,0,60,,34002,28,,,0,20,,34003,28,,,0,20,,34004,28,,,0,60,,34005,28,,,0,20,,34006,28,,,0,20,,34007,28,,,0,60,,34008,28,,,0,20,,34009,28,,,0,20,,34010,28,,,0,60,,34011,28,,,0,20,,34012,28,,,0,20,,34013,28,,,0,60,,34014,28,,,0,20,,34015,28,,,0,20,,34016,28,,,0,60,,34017,28,,,0,20,,34018,28,,,0,30,,34019,28,,,0,70,,34020,28,,,0,30,,34021,28,,,0,70,,34022,28,,,0,30,,34023,28,,,0,70,,34024,28,,,0,30,,34025,28,,,0,70,,34026,28,,,0,28,,34027,28,,,0,70,,34028,28,,,0,30,,34029,28,,,0,70,,34031,28,,,0
579301,'4',637,,34069,28,,,0,70,,34068,28,,,0,30,,34067,28,,,0,70,,34066,28,,,0,30,,34065,28,,,0,70,,34064,28,,,0,30,,34063,28,,,0,70,,34062,28,,,0,20,,34061,28,,,0,20,,34060,28,,,0,60,,34059,28,,,0,20,,34058,28,,,0,20,,34057,28,,,0,60,,34056,28,,,0,20,,34055,28,,,0,20,,34054,28,,,0,60,,34053,28,,,0,20,,34052,28,,,0,20,,34051,28,,,0,60,,34050,28,,,0,20,,34049,28,,,0,20,,34048,28,,,0,60,,34047,28,,,0,20,,34046,28,,,0,20,,34045,28,,,0,60,,34044,28,,,0,20,,34043,28,,,0,20,,34042,28,,,0,60,,34041,28,,,0,20,,34040,28,,,0,20,,34039,28,,,0,60,,34038,28,,,0,20,,34037,28,,,0,20,,34036,28,,,0,70,,34035,28,,,0,30,,34034,28,,,0,70,,34033,28,,,0,30,,34032,28,,,0
579301,'6',542,,34115,28,,,0,70,,34070,28,,,0,30,,34071,28,,,0,70,,34072,28,,,0,30,,34073,28,,,0,70,,34074,28,,,0,30,,34075,28,,,0,70,,34076,28,,,0,30,,34077,28,,,0,60,,34078,28,,,0,20,,34079,28,,,0,22,,34080,28,,,0,60,,34081,28,,,0,20,,34082,28,,,0,20,,34083,28,,,0,65,,34084,28,,,0,20,,34085,28,,,0,20,,34086,28,,,0,60,,34087,28,,,0,20,,34088,28,,,0,20,,34089,28,,,0,60,,34090,28,,,0,20,,34091,28,,,0,20,,34092,28,,,0,60,,34093,28,,,0,20,,34094,28,,,0,20,,34095,28,,,0,60,,34096,28,,,0,20,,34097,28,,,0,20,,34098,28,,,0,60,,34099,28,,,0,20,,34100,28,,,0,20,,34101,28,,,0,60,,34102,28,,,0,20,,34103,28,,,0,30,,34104,28,,,0,70,,34105,28,,,0,30,,34106,28,,,0,70,,34107,28,,,0,30,,34108,28,,,0,70,,34109,28,,,0,30,,34110,28,,,0,70,,34111,28,,,0,28,,34112,28,,,0,70,,34113,28,,,0,30,,34114,28,,,0,70,,34116,28,,,0
