578201,'1',458,,30350,7,,,0,60,,30336,7,,,0,20,,30349,7,,,0,20,,30348,7,,,0,60,,30351,7,,,0,20,,30352,7,,,0,17,,30353,7,,,0,60,,30354,7,,,0,20,,30355,7,,,0,20,,30356,7,,,0,60,,30357,7,,,0,20,,30358,7,,,0,20,,30359,7,,,0,60,,30360,7,,,0,20,,30361,7,,,0,20,,30362,7,,,0,64,,30363,7,,,0,20,,30364,7,,,0,20,,30365,7,,,0,60,,30366,7,,,0,20,,30367,7,,,0,20,,30368,7,,,0,60,,30369,7,,,0,20,,30370,7,,,0,20,,30371,7,,,0,60,,30372,7,,,0,20,,30373,7,,,0,20,,30374,7,,,0,56,,30375,7,,,0,20,,30376,7,,,0,20,,30377,7,,,0,60,,30378,7,,,0,20,,30379,7,,,0,20,,30380,7,,,0,60,,30381,7,,,0,20,,30382,7,,,0,20,,30383,7,,,0,60,,30384,7,,,0,20,,30385,7,,,0,65,,30386,7,,,0,30,,30337,7,,,0,70,,30338,7,,,0,34,,30339,7,,,0,70,,30340,7,,,0,30,,30341,7,,,0,70,,30342,7,,,0,30,,30343,7,,,0,74,,30344,7,,,0,30,,30345,7,,,0,70,,30335,7,,,0,30,,30346,7,,,0,80,,30334,7,,,0,25,,30347,7,,,0
578201,'2',542,,30388,7,,,0,70,,30389,7,,,0,30,,30390,7,,,0,70,,30391,7,,,0,30,,30392,7,,,0,69,,30393,7,,,0,29,,30394,7,,,0,64,,30395,7,,,0,20,,30396,7,,,0,20,,30397,7,,,0,60,,30398,7,,,0,20,,30399,7,,,0,20,,30400,7,,,0,60,,30401,7,,,0,20,,30402,7,,,0,20,,30403,7,,,0,60,,30404,7,,,0,20,,30405,7,,,0,20,,30406,7,,,0,60,,30407,7,,,0,20,,30408,7,,,0,20,,30409,7,,,0,60,,30410,7,,,0,20,,30411,7,,,0,20,,30412,7,,,0,60,,30413,7,,,0,20,,30414,7,,,0,20,,30415,7,,,0,60,,30416,7,,,0,20,,30417,7,,,0,20,,30418,7,,,0,68,,30419,7,,,0,30,,30420,7,,,0,70,,30421,7,,,0,30,,30422,7,,,0,70,,30423,7,,,0,30,,30424,7,,,0,70,,30425,7,,,0,30,,30426,7,,,0,70,,30427,7,,,0,30,,30428,7,,,0,72,,30429,7,,,0,30,,30430,7,,,0,70,,30431,7,,,0,30,,30432,7,,,0,90,,30433,7,,,0
578201,'3',605,,30469,7,,,0,35,,30468,7,,,0,70,,30467,7,,,0,30,,30466,7,,,0,70,,30465,7,,,0,30,,30464,7,,,0,69,,30463,7,,,0,30,,30462,7,,,0,70,,30461,7,,,0,30,,30460,7,,,0,70,,30459,7,,,0,30,,30458,7,,,0,70,,30457,7,,,0,30,,30456,7,,,0,70,,30455,7,,,0,30,,30454,7,,,0,70,,30453,7,,,0,30,,30452,7,,,0,70,,30451,7,,,0,30,,30450,7,,,0,70,,30449,7,,,0,30,,30448,7,,,0,70,,30447,7,,,0,30,,30446,7,,,0,70,,30445,7,,,0,30,,30444,7,,,0,70,,30443,7,,,0,30,,30442,7,,,0,73,,30441,7,,,0,30,,30440,7,,,0,70,,30439,7,,,0,30,,30438,7,,,0,70,,30437,7,,,0,30,,30436,7,,,0,70,,30435,7,,,0,30,,30434,7,,,0
578201,'4',644,,30471,7,,,0,80,,30472,7,,,0,80,,30473,7,,,0,40,,30474,7,,,0,80,,30475,7,,,0,80,,30476,7,,,0,40,,30477,7,,,0,80,,30478,7,,,0,80,,30479,7,,,0,40,,30480,7,,,0,80,,30481,7,,,0,80,,30482,7,,,0,105,,30483,7,,,0,100,,30484,7,,,0,100,,30485,7,,,0,100,,30486,7,,,0,100,,30487,7,,,0,100,,30488,7,,,0,50,,30489,7,,,0
578201,'6',605,,30525,7,,,0,35,,30524,7,,,0,70,,30523,7,,,0,30,,30522,7,,,0,70,,30521,7,,,0,30,,30520,7,,,0,69,,30519,7,,,0,30,,30518,7,,,0,70,,30517,7,,,0,30,,30516,7,,,0,70,,30515,7,,,0,30,,30514,7,,,0,70,,30513,7,,,0,30,,30512,7,,,0,70,,30511,7,,,0,30,,30510,7,,,0,70,,30509,7,,,0,30,,30508,7,,,0,70,,30507,7,,,0,30,,30506,7,,,0,70,,30505,7,,,0,30,,30504,7,,,0,70,,30503,7,,,0,30,,30502,7,,,0,70,,30501,7,,,0,30,,30500,7,,,0,70,,30499,7,,,0,30,,30498,7,,,0,73,,30497,7,,,0,30,,30496,7,,,0,70,,30495,7,,,0,30,,30494,7,,,0,70,,30493,7,,,0,30,,30492,7,,,0,70,,30491,7,,,0,30,,30490,7,,,0
578300,'1',503,,30533,7,0,31 4 32,0,35,,30536,7,0,31 4 32,0,62,,30539,7,0,31 4 32,0,30,,30543,7,0,31 4 32,0,70,,30547,7,0,31 4 32,0,30,,30551,7,0,31 4 32,0,70,,30555,7,0,31 4 32,0,29,,30559,7,0,31 4 32,0,73,,30563,7,0,31 4 32,0,30,,30567,7,0,31 4 32,0,70,,30570,7,0,31 4 32,0,30,,30573,7,0,31 4 32,0,70,,30576,7,0,31 4 32,0,30,,30579,7,0,31 4 32,0,70,,30582,7,0,31 4 32,0,30,,30585,7,0,31 4 32,0,70,,30588,7,0,31 4 32,0,27,,30591,7,0,31 4 32,0,29,,30595,7,0,31 4 32,0,70,,30599,7,0,31 4 32,0,30,,30603,7,0,31 4 32,0,70,,30607,7,0,31 4 32,0,30,,30611,7,0,31 4 32,0,70,,30615,7,0,31 4 32,0,30,,30619,7,0,31 4 32,0,70,,30623,7,0,31 4 32,0,73,,30627,7,0,31 4 32,0,30,,30630,7,0,31 4 32,0,70,,30633,7,0,31 4 32,0,30,,30636,7,0,31 4 32,0,70,,30639,7,0,31 4 32,0,30,,30642,7,0,31 4 32,0,70,,30645,7,0,31 4 32,0,51,,30649,7,0,31 4 32,0,85,,30652,7,0,31 4 32,0,85,,30655,7,0,31 4 32,0,85,,30658,7,0,31 4 32,0,35,,30660,7,0,17 25 4 26,0
578300,'2',529,,30671,7,0,31 4 32,0,76,,30674,7,0,31 4 32,0,36,,30677,7,0,31 4 32,0,76,,30680,7,0,31 4 32,0,29,,30684,7,0,31 4 32,0,76,,30687,7,0,31 4 32,0,36,,30690,7,0,31 4 32,0,76,,30693,7,0,31 4 32,0,76,,30696,7,0,31 4 32,0,36,,30699,7,0,31 4 32,0,76,,30702,7,0,31 4 32,0,36,,30705,7,0,31 4 32,0,76,,30708,7,0,31 4 32,0,76,,30711,7,0,31 4 32,0,36,,30714,7,0,31 4 32,0,76,,30717,7,0,31 4 32,0,36,,30720,7,0,31 4 32,0,76,,30723,7,0,31 4 32,0,76,,30726,7,0,31 4 32,0,36,,30729,7,0,31 4 32,0,76,,30732,7,0,31 4 32,0,36,,30735,7,0,31 4 32,0,76,,30738,7,0,31 4 32,0,77,,30741,7,0,31 4 32,0,36,,30744,7,0,31 4 32,0,76,,30747,7,0,31 4 32,0,36,,30750,7,0,31 4 32,0,83,,30753,7,0,31 4 32,0,100,,30757,7,0,31 4 32,0,85,,30760,7,0,31 4 32,0,100,,30764,7,0,31 4 32,0
578300,'3',543,,30773,7,0,31 4 32,0,85,,30777,7,0,31 4 32,0,85,,30780,7,0,31 4 32,0,45,,30783,7,0,31 4 32,0,82,,30786,7,0,31 4 32,0,76,,30789,7,0,31 4 32,0,31,,30792,7,0,31 4 32,0,76,,30795,7,0,31 4 32,0,36,,30798,7,0,31 4 32,0,76,,30801,7,0,31 4 32,0,76,,30804,7,0,31 4 32,0,36,,30807,7,0,31 4 32,0,76,,30810,7,0,31 4 32,0,36,,30813,7,0,31 4 32,0,76,,30816,7,0,31 4 32,0,76,,30819,7,0,31 4 32,0,36,,30822,7,0,31 4 32,0,76,,30825,7,0,31 4 32,0,36,,30828,7,0,31 4 32,0,79,,30831,7,0,31 4 32,0,85,,30834,7,0,31 4 32,0,85,,30837,7,0,31 4 32,0,45,,30840,7,0,31 4 32,0,85,,30843,7,0,31 4 32,0,90,,30846,7,0,31 4 32,0,85,,30849,7,0,31 4 32,0,45,,30852,7,0,31 4 32,0,70,,30854,7,0,31 4 32,0
578300,'4',557,,30859,7,0,31 4 32,0,85,,30862,7,0,31 4 32,0,85,,30865,7,0,31 4 32,0,85,,30868,7,0,31 4 32,0,45,,30871,7,0,31 4 32,0,80,,30874,7,0,31 4 32,0,85,,30877,7,0,31 4 32,0,85,,30880,7,0,31 4 32,0,45,,30883,7,0,31 4 32,0,85,,30886,7,0,31 4 32,0,85,,30889,7,0,31 4 32,0,85,,30892,7,0,31 4 32,0,45,,30895,7,0,31 4 32,0,85,,30898,7,0,31 4 32,0,85,,30901,7,0,31 4 32,0,85,,30904,7,0,31 4 32,0,50,,30907,7,0,31 4 32,0,85,,30910,7,0,31 4 32,0,85,,30913,7,0,31 4 32,0,85,,30916,7,0,31 4 32,0
578300,'6',543,,30927,7,0,31 4 32,0,85,,30931,7,0,31 4 32,0,85,,30934,7,0,31 4 32,0,45,,30937,7,0,31 4 32,0,82,,30940,7,0,31 4 32,0,76,,30943,7,0,31 4 32,0,31,,30946,7,0,31 4 32,0,76,,30949,7,0,31 4 32,0,36,,30952,7,0,31 4 32,0,76,,30955,7,0,31 4 32,0,76,,30958,7,0,31 4 32,0,36,,30961,7,0,31 4 32,0,76,,30964,7,0,31 4 32,0,36,,30967,7,0,31 4 32,0,76,,30970,7,0,31 4 32,0,76,,30973,7,0,31 4 32,0,36,,30976,7,0,31 4 32,0,76,,30979,7,0,31 4 32,0,36,,30982,7,0,31 4 32,0,79,,30985,7,0,31 4 32,0,85,,30988,7,0,31 4 32,0,85,,30991,7,0,31 4 32,0,45,,30994,7,0,31 4 32,0,85,,30997,7,0,31 4 32,0,90,,31000,7,0,31 4 32,0,85,,31003,7,0,31 4 32,0,45,,31006,7,0,31 4 32,0,70,,31008,7,0,31 4 32,0
