578301,'1601',1613,,31010,18,0,17 18 4 19,0
578301,'1',504,,31013,18,0,20 4 12 13,0,20,,31015,12,0,29 30 6,0,15,,31016,18,0,20 4 12 13,0,14,,31018,12,0,29 30 6,0,52,,31019,18,0,20 4 12 13,0,15,,31021,12,0,29 30 6,0,15,,31023,18,0,20 4 12 13,0,14,,31025,12,0,29 30 6,0,55,,31027,18,0,20 4 12 13,0,15,,31029,12,0,29 30 6,0,15,,31031,18,0,20 4 12 13,0,15,,31033,12,0,29 30 6,0,55,,31035,18,0,20 4 12 13,0,15,,31037,12,0,29 30 6,0,15,,31039,18,0,20 4 12 13,0,15,,31041,12,0,29 30 6,0,55,,31043,18,0,20 4 12 13,0,15,,31045,12,0,29 30 6,0,15,,31047,18,0,20 4 12 13,0,13,,31049,12,0,29 30 6,0,58,,31051,18,0,20 4 12 13,0,10,,31052,12,0,29 30 6,0,20,,31054,18,0,20 4 12 13,0,10,,31055,12,0,29 30 6,0,60,,31057,18,0,20 4 12 13,0,10,,31058,12,0,29 30 6,0,20,,31060,18,0,20 4 12 13,0,10,,31061,12,0,29 30 6,0,60,,31063,18,0,20 4 12 13,0,10,,31064,12,0,29 30 6,0,20,,31066,18,0,20 4 12 13,0,10,,31067,12,0,29 30 6,0,60,,31069,18,0,20 4 12 13,0,10,,31070,12,0,29 30 6,0,20,,31072,18,0,20 4 12 13,0,6,,31073,12,0,29 30 6,0,60,,31075,18,0,20 4 12 13,0,16,,31077,12,0,29 30 6,0,15,,31079,18,0,20 4 12 13,0,15,,31081,12,0,29 30 6,0,55,,31083,18,0,20 4 12 13,0,15,,31085,12,0,29 30 6,0,15,,31087,18,0,20 4 12 13,0,15,,31089,12,0,29 30 6,0,55,,31091,18,0,20 4 12 13,0,15,,31093,12,0,29 30 6,0,15,,31095,18,0,20 4 12 13,0,15,,31097,12,0,29 30 6,0,55,,31099,18,0,20 4 12 13,0,14,,31101,12,0,29 30 6,0,14,,31103,18,0,20 4 12 13,0,13,,31105,12,0,29 30 6,0,60,,31107,18,0,20 4 12 13,0,16,,31109,12,0,29 30 6,0,17,,31111,18,0,20 4 12 13,0,17,,31113,12,0,29 30 6,0,56,,31115,18,0,20 4 12 13,0,8,,31116,12,0,29 30 6,0,16,,31118,18,0,20 4 12 13,0,8,,31119,18,0,17 18 4 19,0,10,,31120,12,0,29 30 6,0,60,,31122,18,0,20 4 12 13,0,10,,31123,12,0,29 30 6,0,20,,31125,12,0,29 30 6,0,10,,31126,18,0,20 4 12 13,0,60,,31128,18,0,20 4 12 13,0,10,,31129,12,0,29 30 6,0,21,,31131,18,0,20 4 12 13,0,65,,31133,12,0,29 30 6,0,15,,31134,18,0,20 4 12 13,0,20,,31136,18,0,17 18 4 19,0,10,,31137,12,0,29 30 6,0,55,,31138,18,0,20 4 12 13,0,30,,31140,12,0,29 30 6,0,15,,31141,18,0,20 4 12 13,0,80,,31143,18,0,20 4 12 13,0,25,,31145,12,0,29 30 6,0,62,,31146,18,0,17 18 4 19,0,11,,31147,12,0,17 18 4 19,0,77,,31148,18,0,17 18 4 19,0
578301,'2',436,,31150,18,0,20 4 12 13,0,22,,31152,18,0,20 4 12 13,0,52,,31153,12,0,29 30 6,0,24,,31155,18,0,20 4 12 13,0,12,,31156,12,0,29 30 6,0,64,,31158,18,0,20 4 12 13,0,12,,31159,12,0,29 30 6,0,24,,31161,18,0,20 4 12 13,0,12,,31162,12,0,29 30 6,0,64,,31164,18,0,20 4 12 13,0,12,,31165,12,0,29 30 6,0,17,,31167,18,0,20 4 12 13,0,52,,31168,12,0,29 30 6,0,24,,31170,18,0,20 4 12 13,0,12,,31171,12,0,29 30 6,0,64,,31173,18,0,20 4 12 13,0,12,,31174,12,0,29 30 6,0,24,,31176,18,0,20 4 12 13,0,12,,31177,12,0,29 30 6,0,64,,31179,18,0,20 4 12 13,0,12,,31180,12,0,29 30 6,0,24,,31182,18,0,20 4 12 13,0,52,,31183,12,0,29 30 6,0,24,,31185,18,0,20 4 12 13,0,12,,31186,12,0,29 30 6,0,64,,31188,18,0,20 4 12 13,0,12,,31189,12,0,29 30 6,0,24,,31191,18,0,20 4 12 13,0,12,,31192,12,0,29 30 6,0,64,,31194,18,0,20 4 12 13,0,12,,31195,12,0,29 30 6,0,24,,31197,18,0,20 4 12 13,0,52,,31198,12,0,29 30 6,0,24,,31200,18,0,20 4 12 13,0,12,,31201,12,0,29 30 6,0,64,,31203,18,0,20 4 12 13,0,12,,31204,12,0,29 30 6,0,24,,31206,18,0,20 4 12 13,0,12,,31207,12,0,29 30 6,0,64,,31209,18,0,20 4 12 13,0,12,,31210,12,0,29 30 6,0,24,,31212,18,0,20 4 12 13,0,53,,31213,12,0,29 30 6,0,24,,31215,18,0,20 4 12 13,0,12,,31216,12,0,29 30 6,0,64,,31218,18,0,20 4 12 13,0,12,,31219,12,0,29 30 6,0,24,,31221,18,0,20 4 12 13,0,12,,31222,12,0,29 30 6,0,68,,31224,18,0,20 4 12 13,0,12,,31225,12,0,29 30 6,0,24,,31227,18,0,20 4 12 13,0,52,,31228,12,0,29 30 6,0,28,,31230,18,0,20 4 12 13,0,15,,31231,12,0,29 30 6,0,70,,31233,18,0,20 4 12 13,0,30,,31235,12,0,29 30 6,0,55,,31236,18,0,20 4 12 13,0,30,,31238,12,0,29 30 6,0,15,,31239,18,0,20 4 12 13,0,70,,31241,12,0,29 30 6,0,15,,31242,18,0,20 4 12 13,0,70,,31244,12,0,29 30 6,0,15,,31245,18,0,20 4 12 13,0,35,,31247,12,0,29 30 6,0,3,,31248,18,0,17 18 4 19,0,68,,31249,18,0,17 18 4 19,0,11,,31250,12,0,17 18 4 19,0
578301,'3',539,,31256,18,0,20 4 12 13,0,15,,31257,12,0,29 30 6,0,70,,31259,18,0,20 4 12 13,0,15,,31260,12,0,29 30 6,0,70,,31262,18,0,20 4 12 13,0,15,,31263,12,0,29 30 6,0,30,,31265,18,0,20 4 12 13,0,55,,31266,12,0,29 30 6,0,30,,31268,18,0,20 4 12 13,0,15,,31269,12,0,29 30 6,0,68,,31271,18,0,20 4 12 13,0,12,,31272,12,0,29 30 6,0,19,,31274,18,0,20 4 12 13,0,52,,31275,12,0,29 30 6,0,24,,31277,18,0,20 4 12 13,0,12,,31278,12,0,29 30 6,0,64,,31280,18,0,20 4 12 13,0,12,,31281,12,0,29 30 6,0,24,,31283,18,0,20 4 12 13,0,12,,31284,12,0,29 30 6,0,64,,31286,18,0,20 4 12 13,0,12,,31287,12,0,29 30 6,0,24,,31289,18,0,20 4 12 13,0,52,,31290,12,0,29 30 6,0,24,,31292,18,0,20 4 12 13,0,12,,31293,12,0,29 30 6,0,64,,31295,18,0,20 4 12 13,0,12,,31296,12,0,29 30 6,0,24,,31298,18,0,20 4 12 13,0,12,,31299,12,0,29 30 6,0,64,,31301,18,0,20 4 12 13,0,12,,31302,12,0,29 30 6,0,24,,31304,18,0,20 4 12 13,0,52,,31305,12,0,29 30 6,0,24,,31307,18,0,20 4 12 13,0,12,,31308,12,0,29 30 6,0,64,,31310,18,0,20 4 12 13,0,12,,31311,12,0,29 30 6,0,24,,31313,18,0,20 4 12 13,0,12,,31314,12,0,29 30 6,0,64,,31316,18,0,20 4 12 13,0,12,,31317,12,0,29 30 6,0,23,,31319,18,0,20 4 12 13,0,52,,31320,12,0,29 30 6,0,30,,31322,18,0,20 4 12 13,0,15,,31323,12,0,29 30 6,0,70,,31325,18,0,20 4 12 13,0,15,,31326,12,0,29 30 6,0,70,,31328,18,0,20 4 12 13,0,15,,31329,12,0,29 30 6,0,35,,31331,18,0,20 4 12 13,0,54,,31332,12,0,29 30 6,0,31,,31334,18,0,20 4 12 13,0,14,,31335,12,0,29 30 6,0,71,,31337,18,0,20 4 12 13,0,14,,31339,12,0,29 30 6,0,73,,31340,12,0,17 18 4 19,0,21,,31341,18,0,17 18 4 19,0
578301,'4',554,,31345,18,0,20 4 12 13,0,55,,31346,12,0,29 30 6,0,30,,31348,18,0,20 4 12 13,0,15,,31349,12,0,29 30 6,0,70,,31351,18,0,20 4 12 13,0,15,,31352,12,0,29 30 6,0,70,,31354,18,0,20 4 12 13,0,15,,31355,12,0,29 30 6,0,30,,31357,18,0,20 4 12 13,0,55,,31358,12,0,29 30 6,0,26,,31360,18,0,20 4 12 13,0,15,,31361,12,0,29 30 6,0,70,,31363,18,0,20 4 12 13,0,15,,31364,12,0,29 30 6,0,70,,31366,18,0,20 4 12 13,0,15,,31367,12,0,29 30 6,0,30,,31369,18,0,20 4 12 13,0,55,,31370,12,0,29 30 6,0,30,,31372,18,0,20 4 12 13,0,15,,31373,12,0,29 30 6,0,70,,31375,18,0,20 4 12 13,0,15,,31376,12,0,29 30 6,0,70,,31378,18,0,20 4 12 13,0,15,,31379,12,0,29 30 6,0,30,,31381,18,0,20 4 12 13,0,55,,31382,12,0,29 30 6,0,30,,31384,18,0,20 4 12 13,0,15,,31385,12,0,29 30 6,0,70,,31387,18,0,20 4 12 13,0,15,,31388,12,0,29 30 6,0,70,,31390,18,0,20 4 12 13,0,15,,31391,12,0,29 30 6,0,34,,31393,18,0,20 4 12 13,0,55,,31394,12,0,29 30 6,0,30,,31396,18,0,20 4 12 13,0,15,,31397,12,0,29 30 6,0,70,,31399,18,0,20 4 12 13,0,15,,31400,12,0,29 30 6,0,70,,31402,18,0,20 4 12 13,0,15,,31403,12,0,29 30 6,0,15,,31404,18,0,17 18 4 19,0
578301,'6',539,,31413,18,0,20 4 12 13,0,15,,31414,12,0,29 30 6,0,70,,31416,18,0,20 4 12 13,0,15,,31417,12,0,29 30 6,0,70,,31419,18,0,20 4 12 13,0,15,,31420,12,0,29 30 6,0,30,,31422,18,0,20 4 12 13,0,55,,31423,12,0,29 30 6,0,30,,31425,18,0,20 4 12 13,0,15,,31426,12,0,29 30 6,0,68,,31428,18,0,20 4 12 13,0,12,,31429,12,0,29 30 6,0,19,,31431,18,0,20 4 12 13,0,52,,31432,12,0,29 30 6,0,24,,31434,18,0,20 4 12 13,0,12,,31435,12,0,29 30 6,0,64,,31437,18,0,20 4 12 13,0,12,,31438,12,0,29 30 6,0,24,,31440,18,0,20 4 12 13,0,12,,31441,12,0,29 30 6,0,64,,31443,18,0,20 4 12 13,0,12,,31444,12,0,29 30 6,0,24,,31446,18,0,20 4 12 13,0,52,,31447,12,0,29 30 6,0,24,,31449,18,0,20 4 12 13,0,12,,31450,12,0,29 30 6,0,64,,31452,18,0,20 4 12 13,0,12,,31453,12,0,29 30 6,0,24,,31455,18,0,20 4 12 13,0,12,,31456,12,0,29 30 6,0,64,,31458,18,0,20 4 12 13,0,12,,31459,12,0,29 30 6,0,24,,31461,18,0,20 4 12 13,0,52,,31462,12,0,29 30 6,0,24,,31464,18,0,20 4 12 13,0,12,,31465,12,0,29 30 6,0,64,,31467,18,0,20 4 12 13,0,12,,31468,12,0,29 30 6,0,24,,31470,18,0,20 4 12 13,0,12,,31471,12,0,29 30 6,0,64,,31473,18,0,20 4 12 13,0,12,,31474,12,0,29 30 6,0,23,,31476,18,0,20 4 12 13,0,52,,31477,12,0,29 30 6,0,30,,31479,18,0,20 4 12 13,0,15,,31480,12,0,29 30 6,0,70,,31482,18,0,20 4 12 13,0,15,,31483,12,0,29 30 6,0,70,,31485,18,0,20 4 12 13,0,15,,31486,12,0,29 30 6,0,35,,31488,18,0,20 4 12 13,0,54,,31489,12,0,29 30 6,0,31,,31491,18,0,20 4 12 13,0,14,,31492,12,0,29 30 6,0,71,,31494,18,0,20 4 12 13,0,14,,31496,12,0,29 30 6,0,73,,31497,12,0,17 18 4 19,0,21,,31498,18,0,17 18 4 19,0
580900,'1',508,,39673,11,,,0,40,,39674,11,,,0,80,,39675,11,,,0,80,,39676,11,,,0,40,,39677,11,,,0,80,,39678,11,,,0,80,,39679,11,,,0,40,,39680,11,,,0,80,,39681,11,,,0,80,,39682,11,,,0,40,,39683,11,,,0,80,,39684,11,,,0,80,,39685,11,,,0,40,,39686,11,,,0,80,,39687,11,,,0,80,,39688,11,,,0,40,,39689,11,,,0,80,,39690,11,,,0,80,,39691,11,,,0,40,,39692,11,,,0,80,,39693,11,,,0,79,,39694,11,,,0,40,,39695,11,,,0,80,,39696,11,,,0,80,,39697,11,,,0,40,,39698,11,,,0,80,,39699,11,,,0,80,,39700,11,,,0,40,,39701,11,,,0,80,,39702,11,,,0,80,,39703,11,,,0
580900,'2',507,,39704,11,,,0,40,,39705,11,,,0,80,,39706,11,,,0,80,,39707,11,,,0,40,,39708,11,,,0,81,,39709,11,,,0,80,,39710,11,,,0,40,,39711,11,,,0,80,,39712,11,,,0,80,,39713,11,,,0,40,,39714,11,,,0,80,,39715,11,,,0,80,,39716,11,,,0,40,,39717,11,,,0,80,,39718,11,,,0,80,,39719,11,,,0,40,,39720,11,,,0,80,,39721,11,,,0,80,,39722,11,,,0,40,,39723,11,,,0,80,,39724,11,,,0,79,,39725,11,,,0,40,,39726,11,,,0,80,,39727,11,,,0,80,,39728,11,,,0,40,,39729,11,,,0,79,,39730,11,,,0,80,,39731,11,,,0,40,,39732,11,,,0,80,,39733,11,,,0,80,,39734,11,,,0
580900,'3',608,,39762,11,,,0,40,,39735,11,,,0,80,,39736,11,,,0,80,,39737,11,,,0,40,,39738,11,,,0,80,,39739,11,,,0,80,,39740,11,,,0,40,,39741,11,,,0,80,,39742,11,,,0,80,,39743,11,,,0,40,,39744,11,,,0,80,,39745,11,,,0,80,,39746,11,,,0,40,,39747,11,,,0,80,,39748,11,,,0,80,,39749,11,,,0,40,,39750,11,,,0,80,,39751,11,,,0,80,,39752,11,,,0,40,,39753,11,,,0,79,,39754,11,,,0,80,,39755,11,,,0,40,,39756,11,,,0,80,,39757,11,,,0,79,,39758,11,,,0,40,,39759,11,,,0,80,,39760,11,,,0,80,,39761,11,,,0
580900,'4',728,,39763,11,,,0,80,,39764,11,,,0,40,,39765,11,,,0,80,,39766,11,,,0,80,,39767,11,,,0,40,,39768,11,,,0,80,,39769,11,,,0,80,,39770,11,,,0,40,,39771,11,,,0,80,,39772,11,,,0,80,,39773,11,,,0,40,,39774,11,,,0,80,,39775,11,,,0,80,,39776,11,,,0,40,,39777,11,,,0,80,,39778,11,,,0,80,,39779,11,,,0,40,,39780,11,,,0,80,,39781,11,,,0,80,,39782,11,,,0
580900,'6',608,,39810,11,,,0,40,,39783,11,,,0,80,,39784,11,,,0,80,,39785,11,,,0,40,,39786,11,,,0,80,,39787,11,,,0,80,,39788,11,,,0,40,,39789,11,,,0,80,,39790,11,,,0,80,,39791,11,,,0,40,,39792,11,,,0,80,,39793,11,,,0,80,,39794,11,,,0,40,,39795,11,,,0,80,,39796,11,,,0,80,,39797,11,,,0,40,,39798,11,,,0,80,,39799,11,,,0,80,,39800,11,,,0,40,,39801,11,,,0,79,,39802,11,,,0,80,,39803,11,,,0,40,,39804,11,,,0,80,,39805,11,,,0,79,,39806,11,,,0,40,,39807,11,,,0,80,,39808,11,,,0,80,,39809,11,,,0
