579501,'1',512,,34741,16,,,0,20,,34742,16,,,0,20,,34743,16,,,0,60,,34744,16,,,0,18,,34745,16,,,0,15,,34746,16,,,0,55,,34747,16,,,0,11,,34748,16,,,0,15,,34749,16,,,0,15,,34750,16,,,0,15,,34751,16,,,0,55,,34752,16,,,0,15,,34753,16,,,0,15,,34754,16,,,0,15,,34755,16,,,0,56,,34756,16,,,0,15,,34757,16,,,0,15,,34758,16,,,0,15,,34759,16,,,0,57,,34760,16,,,0,20,,34761,16,,,0,20,,34762,16,,,0,60,,34763,16,,,0,20,,34764,16,,,0,20,,34765,16,,,0,60,,34766,16,,,0,20,,34767,16,,,0,20,,34768,16,,,0,60,,34769,16,,,0,20,,34770,16,,,0,21,,34771,16,,,0,59,,34772,16,,,0,14,,34773,16,,,0,16,,34774,16,,,0,14,,34775,16,,,0,55,,34776,16,,,0,15,,34777,16,,,0,15,,34778,16,,,0,15,,34779,16,,,0,55,,34780,16,,,0,15,,34781,16,,,0,15,,34782,16,,,0,15,,34783,16,,,0,55,,34784,16,,,0,15,,34785,16,,,0,15,,34786,16,,,0,60,,34787,16,,,0,30,,34788,16,,,0,69,,34789,16,,,0,30,,34790,16,,,0,70,,34791,16,,,0,30,,34792,16,,,0,70,,34793,16,,,0,30,,34794,16,,,0,70,,34795,16,,,0,30,,34796,16,,,0,70,,34797,16,,,0,30,,34798,16,,,0,70,,34799,16,,,0,47,,34800,16,,,0,73,,34801,16,,,0
579501,'2',553,,34835,16,,,0,74,,34833,16,,,0,30,,34830,16,,,0,70,,34813,16,,,0,30,,34826,16,,,0,70,,34827,16,,,0,30,,34832,16,,,0,65,,34837,16,,,0,30,,34838,16,,,0,70,,34831,16,,,0,30,,34836,16,,,0,70,,34834,16,,,0,30,,34840,16,,,0,70,,34802,16,,,0,30,,34806,16,,,0,70,,34805,16,,,0,30,,34839,16,,,0,70,,34803,16,,,0,30,,34804,16,,,0,70,,34807,16,,,0,30,,34811,16,,,0,70,,34812,16,,,0,30,,34815,16,,,0,70,,34818,16,,,0,30,,34819,16,,,0,74,,34809,16,,,0,30,,34808,16,,,0,70,,34810,16,,,0,30,,34820,16,,,0,70,,34821,16,,,0,30,,34823,16,,,0,70,,34816,16,,,0,30,,34817,16,,,0,70,,34814,16,,,0,30,,34828,16,,,0,70,,34829,16,,,0,30,,34822,16,,,0,70,,34824,16,,,0,30,,34825,16,,,0
579501,'3',557,,34846,16,,,0,75,,34845,16,,,0,73,,34847,16,,,0,30,,34844,16,,,0,70,,34848,16,,,0,30,,34843,16,,,0,70,,34849,16,,,0,28,,34850,16,,,0,70,,34851,16,,,0,30,,34852,16,,,0,70,,34853,16,,,0,30,,34854,16,,,0,70,,34855,16,,,0,30,,34856,16,,,0,70,,34857,16,,,0,30,,34858,16,,,0,70,,34859,16,,,0,30,,34860,16,,,0,70,,34861,16,,,0,30,,34862,16,,,0,70,,34863,16,,,0,30,,34864,16,,,0,70,,34865,16,,,0,30,,34866,16,,,0,70,,34867,16,,,0,30,,34868,16,,,0,70,,34842,16,,,0,30,,34869,16,,,0,70,,34841,16,,,0,30,,34870,16,,,0,70,,34871,16,,,0,30,,34872,16,,,0,70,,34873,16,,,0,32,,34874,16,,,0,70,,34875,16,,,0,30,,34876,16,,,0
579501,'4',637,,34899,16,,,0,100,,34898,16,,,0,70,,34897,16,,,0,30,,34896,16,,,0,70,,34895,16,,,0,30,,34894,16,,,0,70,,34893,16,,,0,30,,34892,16,,,0,70,,34891,16,,,0,30,,34890,16,,,0,70,,34889,16,,,0,30,,34888,16,,,0,70,,34887,16,,,0,30,,34886,16,,,0,70,,34885,16,,,0,30,,34884,16,,,0,70,,34883,16,,,0,30,,34882,16,,,0,70,,34881,16,,,0,45,,34880,16,,,0,85,,34900,16,,,0,85,,34879,16,,,0,85,,34878,16,,,0,45,,34877,16,,,0,85,,34901,16,,,0
579501,'6',557,,34907,16,,,0,75,,34906,16,,,0,73,,34908,16,,,0,30,,34905,16,,,0,70,,34909,16,,,0,30,,34904,16,,,0,70,,34910,16,,,0,28,,34911,16,,,0,70,,34912,16,,,0,30,,34913,16,,,0,70,,34914,16,,,0,30,,34915,16,,,0,70,,34916,16,,,0,30,,34917,16,,,0,70,,34918,16,,,0,30,,34919,16,,,0,70,,34920,16,,,0,30,,34921,16,,,0,70,,34922,16,,,0,30,,34923,16,,,0,70,,34924,16,,,0,30,,34925,16,,,0,70,,34926,16,,,0,30,,34927,16,,,0,70,,34928,16,,,0,30,,34929,16,,,0,70,,34903,16,,,0,30,,34930,16,,,0,70,,34902,16,,,0,30,,34931,16,,,0,70,,34932,16,,,0,30,,34933,16,,,0,70,,34934,16,,,0,32,,34935,16,,,0,70,,34936,16,,,0,30,,34937,16,,,0
583001,'1601',836,,41956,45,,,0,719,,41951,33,,,0
583001,'1',507,,41985,45,,,0,15,,41992,45,,,0,15,,41984,45,,,0,20,,42011,45,,,0,60,,41991,45,,,0,20,,41990,45,,,0,10,,41988,45,,,0,55,,41958,25,,,0,16,,41989,45,,,0,15,,41983,45,,,0,15,,41978,45,,,0,55,,41982,45,,,0,15,,41977,45,,,0,15,,41981,45,,,0,15,,41976,45,,,0,55,,41980,45,,,0,15,,41975,45,,,0,15,,41979,45,,,0,20,,41993,45,,,0,60,,41994,45,,,0,22,,42012,45,,,0,20,,41995,45,,,0,60,,41996,45,,,0,20,,41997,45,,,0,20,,41998,45,,,0,60,,41999,45,,,0,20,,42000,45,,,0,20,,42001,45,,,0,60,,42002,45,,,0,20,,42003,45,,,0,20,,41987,45,,,0,55,,41986,45,,,0,15,,41974,45,,,0,15,,41966,45,,,0,15,,41973,45,,,0,55,,41965,45,,,0,15,,41972,45,,,0,15,,41964,45,,,0,15,,41971,45,,,0,55,,41963,45,,,0,15,,41970,45,,,0,15,,41962,45,,,0,15,,41969,45,,,0,55,,41961,45,,,0,15,,41968,45,,,0,15,,41960,45,,,0,15,,41967,45,,,0,55,,41959,45,,,0,15,,41957,45,,,0,15,,42004,45,,,0,15,,42005,45,,,0,60,,42006,45,,,0,17,,42007,45,,,0,20,,42008,45,,,0,60,,42009,45,,,0,20,,42010,45,,,0,20,,42026,45,,,0,60,,42025,45,,,0,20,,42024,45,,,0,20,,42023,45,,,0,60,,42022,45,,,0,17,,42021,45,,,0,20,,42020,45,,,0,60,,42019,45,,,0,20,,42018,45,,,0,20,,42017,45,,,0,60,,42016,45,,,0,20,,42015,45,,,0,20,,42014,45,,,0
583001,'2',529,,42082,45,,,0,76,,42081,45,,,0,35,,42080,45,,,0,69,,42079,45,,,0,31,,42078,45,,,0,70,,42077,45,,,0,28,,42075,25,,,0,20,,42076,45,,,0,60,,42074,45,,,0,20,,42073,45,,,0,20,,42072,45,,,0,60,,42071,45,,,0,20,,42070,45,,,0,20,,42069,45,,,0,60,,42068,45,,,0,20,,42067,45,,,0,20,,42066,45,,,0,60,,42065,45,,,0,20,,42064,45,,,0,20,,42063,45,,,0,60,,42062,45,,,0,20,,42061,45,,,0,20,,42060,45,,,0,60,,42059,45,,,0,20,,42058,45,,,0,20,,42057,45,,,0,60,,42056,45,,,0,20,,42055,45,,,0,20,,42054,45,,,0,60,,42053,45,,,0,20,,42052,45,,,0,20,,42051,45,,,0,60,,42050,45,,,0,20,,42049,45,,,0,20,,42048,45,,,0,60,,42047,45,,,0,20,,42046,45,,,0,20,,42045,45,,,0,60,,42044,45,,,0,16,,42043,45,,,0,20,,42042,45,,,0,60,,42041,45,,,0,20,,42040,45,,,0,20,,42039,45,,,0,60,,42038,45,,,0,20,,42037,45,,,0,20,,42036,45,,,0,60,,42035,45,,,0,19,,42034,45,,,0,20,,42033,45,,,0,60,,42032,45,,,0,21,,42031,45,,,0,20,,42030,45,,,0,60,,42029,45,,,0,20,,42028,45,,,0,18,,42027,45,,,0
583001,'3',546,,42097,45,,,0,80,,42111,45,,,0,80,,42096,45,,,0,40,,42112,45,,,0,80,,42088,45,,,0,80,,42103,45,,,0,20,,42113,45,,,0,20,,42099,45,,,0,60,,42114,45,,,0,23,,42100,45,,,0,20,,42115,45,,,0,60,,42098,45,,,0,20,,42116,45,,,0,20,,42095,45,,,0,60,,42117,45,,,0,20,,42106,45,,,0,20,,42118,45,,,0,60,,42090,45,,,0,20,,42119,45,,,0,20,,42108,45,,,0,60,,42120,45,,,0,20,,42107,45,,,0,20,,42121,45,,,0,60,,42092,45,,,0,20,,42122,45,,,0,20,,42109,45,,,0,60,,42123,45,,,0,20,,42091,45,,,0,20,,42124,45,,,0,60,,42104,45,,,0,20,,42125,45,,,0,20,,42102,45,,,0,60,,42126,45,,,0,20,,42101,45,,,0,20,,42127,45,,,0,60,,42105,45,,,0,17,,42128,45,,,0,25,,42110,45,,,0,60,,42129,45,,,0,20,,42094,45,,,0,20,,42089,45,,,0,60,,42093,45,,,0,30,,42087,45,,,0,70,,42085,45,,,0,29,,42086,45,,,0,70,,42084,45,,,0,30,,42083,45,,,0
583001,'4',618,,42160,25,,,0,24,,42130,45,,,0,70,,42131,45,,,0,30,,42132,45,,,0,70,,42133,45,,,0,30,,42134,45,,,0,70,,42135,45,,,0,30,,42136,45,,,0,70,,42137,45,,,0,30,,42138,45,,,0,70,,42139,45,,,0,30,,42140,45,,,0,70,,42141,45,,,0,30,,42142,45,,,0,70,,42143,45,,,0,30,,42144,45,,,0,70,,42145,45,,,0,30,,42146,45,,,0,70,,42147,45,,,0,30,,42148,45,,,0,70,,42149,45,,,0,30,,42150,45,,,0,70,,42151,45,,,0,30,,42152,45,,,0,70,,42153,45,,,0,30,,42154,45,,,0,70,,42155,45,,,0,30,,42156,45,,,0,70,,42157,45,,,0,30,,42158,45,,,0,70,,42159,45,,,0
583001,'6',529,,42217,45,,,0,76,,42216,45,,,0,35,,42215,45,,,0,69,,42214,45,,,0,31,,42213,45,,,0,70,,42212,45,,,0,28,,42210,25,,,0,20,,42211,45,,,0,60,,42209,45,,,0,20,,42208,45,,,0,20,,42207,45,,,0,60,,42206,45,,,0,20,,42205,45,,,0,20,,42204,45,,,0,60,,42203,45,,,0,20,,42202,45,,,0,20,,42201,45,,,0,60,,42200,45,,,0,20,,42199,45,,,0,20,,42198,45,,,0,60,,42197,45,,,0,20,,42196,45,,,0,20,,42195,45,,,0,60,,42194,45,,,0,20,,42193,45,,,0,20,,42192,45,,,0,60,,42191,45,,,0,20,,42190,45,,,0,20,,42189,45,,,0,60,,42188,45,,,0,20,,42187,45,,,0,20,,42186,45,,,0,60,,42185,45,,,0,20,,42184,45,,,0,20,,42183,45,,,0,60,,42182,45,,,0,20,,42181,45,,,0,20,,42180,45,,,0,60,,42179,45,,,0,16,,42178,45,,,0,20,,42177,45,,,0,60,,42176,45,,,0,20,,42175,45,,,0,20,,42174,45,,,0,60,,42173,45,,,0,20,,42172,45,,,0,20,,42171,45,,,0,60,,42170,45,,,0,19,,42169,45,,,0,20,,42168,45,,,0,60,,42167,45,,,0,21,,42166,45,,,0,20,,42165,45,,,0,60,,42164,45,,,0,20,,42163,45,,,0,18,,42162,45,,,0
