580301,'1',540,,38078,8,,,0,77,,38080,8,,,0,40,,38082,8,,,0,72,,38084,8,,,0,30,,38086,8,,,0,70,,38088,8,,,0,72,,38090,8,,,0,30,,38092,8,,,0,72,,38094,8,,,0,40,,38096,8,,,0,80,,38098,8,,,0,80,,38100,8,,,0,40,,38102,8,,,0,80,,38104,8,,,0,36,,38106,8,,,0,65,,38108,8,,,0,30,,38110,8,,,0,70,,38112,8,,,0,30,,38114,8,,,0,70,,38116,8,,,0,30,,38118,8,,,0,77,,38120,8,,,0,70,,38122,8,,,0,30,,38124,8,,,0,70,,38126,8,,,0,35,,38128,8,,,0,80,,38130,8,,,0,40,,38132,8,,,0,76,,38134,8,,,0,101,,38136,8,,,0,100,,38138,8,,,0,96,,38140,8,,,0
580301,'2',521,,38165,8,,,0,100,,38178,8,,,0,100,,38180,8,,,0,100,,38163,8,,,0,96,,38147,8,,,0,94,,38176,8,,,0,40,,38172,8,,,0,80,,38174,8,,,0,80,,38167,8,,,0,40,,38169,8,,,0,80,,38171,8,,,0,80,,38185,8,,,0,40,,38157,8,,,0,80,,38152,8,,,0,80,,38150,8,,,0,40,,38154,8,,,0,83,,38159,8,,,0,80,,38162,8,,,0,40,,38186,8,,,0,100,,38183,8,,,0,100,,38149,8,,,0,100,,38190,8,,,0,102,,38143,8,,,0,100,,38188,8,,,0,100,,38148,8,,,0
580301,'3',602,,38208,8,,,0,100,,38206,8,,,0,100,,38204,8,,,0,100,,38202,8,,,0,102,,38209,8,,,0,100,,38223,8,,,0,40,,38224,8,,,0,80,,38225,8,,,0,80,,38226,8,,,0,40,,38227,8,,,0,80,,38228,8,,,0,80,,38229,8,,,0,40,,38230,8,,,0,80,,38231,8,,,0,80,,38232,8,,,0,40,,38233,8,,,0,80,,38234,8,,,0,78,,38200,8,,,0,100,,38198,8,,,0,100,,38196,8,,,0,100,,38194,8,,,0,100,,38192,8,,,0
580301,'4',602,,38236,8,,,0,100,,38237,8,,,0,100,,38238,8,,,0,100,,38239,8,,,0,100,,38240,8,,,0,100,,38241,8,,,0,100,,38242,8,,,0,100,,38243,8,,,0,100,,38244,8,,,0,100,,38245,8,,,0,100,,38246,8,,,0,100,,38247,8,,,0,100,,38248,8,,,0,100,,38249,8,,,0,100,,38250,8,,,0
580301,'6',602,,38283,8,,,0,100,,38281,8,,,0,100,,38279,8,,,0,100,,38277,8,,,0,102,,38284,8,,,0,100,,38298,8,,,0,40,,38299,8,,,0,80,,38300,8,,,0,80,,38301,8,,,0,40,,38302,8,,,0,80,,38303,8,,,0,80,,38304,8,,,0,40,,38305,8,,,0,80,,38306,8,,,0,80,,38307,8,,,0,40,,38308,8,,,0,80,,38309,8,,,0,78,,38275,8,,,0,100,,38273,8,,,0,100,,38271,8,,,0,100,,38269,8,,,0,100,,38267,8,,,0
580701,'1601',812,,38961,10,0,21 22,0
580701,'1',541,,39019,35,,,0,70,,39017,35,,,0,24,,39015,35,,,0,22,,39013,35,,,0,51,,39012,35,,,0,15,,39011,35,,,0,15,,39010,35,,,0,15,,39009,35,,,0,55,,39008,35,,,0,15,,39007,35,,,0,15,,39006,35,,,0,15,,39005,35,,,0,55,,39004,35,,,0,15,,39003,35,,,0,25,,39002,35,,,0,70,,39001,35,,,0,30,,39000,35,,,0,70,,38999,35,,,0,30,,38998,35,,,0,70,,38997,35,,,0,30,,38996,35,,,0,70,,38994,35,,,0,30,,38992,35,,,0,65,,38991,35,,,0,15,,38990,35,,,0,15,,38989,35,,,0,15,,38988,35,,,0,55,,38987,35,,,0,15,,38986,35,,,0,15,,38985,35,,,0,15,,38984,35,,,0,55,,38983,35,,,0,15,,38982,35,,,0,15,,38981,35,,,0,15,,38980,35,,,0,55,,38979,35,,,0,15,,38978,35,,,0,15,,38977,35,,,0,15,,38976,35,,,0,60,,38975,35,,,0,30,,38974,35,,,0,76,,38973,35,,,0,30,,38972,35,,,0,70,,38971,35,,,0,30,,38970,35,,,0,70,,38969,35,,,0,30,,38968,35,,,0,70,,38967,35,,,0,30,,38966,35,,,0,70,,38963,35,,,0,30,,38965,35,,,0,70,,38962,35,,,0,30,,38964,35,,,0
580701,'2',529,,39063,35,,,0,30,,39024,35,,,0,70,,39025,35,,,0,30,,39026,35,,,0,65,,39038,35,,,0,30,,39027,35,,,0,70,,39039,35,,,0,30,,39028,35,,,0,70,,39040,35,,,0,30,,39029,35,,,0,70,,39041,35,,,0,30,,39030,35,,,0,70,,39042,35,,,0,30,,39043,35,,,0,70,,39044,35,,,0,30,,39045,35,,,0,70,,39046,35,,,0,30,,39047,35,,,0,70,,39048,35,,,0,30,,39031,35,,,0,70,,39049,35,,,0,30,,39032,35,,,0,70,,39050,35,,,0,30,,39033,35,,,0,70,,39051,35,,,0,30,,39052,35,,,0,70,,39053,35,,,0,30,,39034,35,,,0,70,,39054,35,,,0,30,,39055,35,,,0,70,,39056,35,,,0,30,,39057,35,,,0,70,,39058,35,,,0,30,,39059,35,,,0,70,,39060,35,,,0,30,,39035,35,,,0,70,,39036,35,,,0,30,,39061,35,,,0,70,,39037,35,,,0,85,,39062,35,,,0
580701,'3',650,,39101,35,,,0,70,,39067,35,,,0,36,,39084,35,,,0,64,,39068,35,,,0,36,,39085,35,,,0,70,,39069,35,,,0,30,,39086,35,,,0,70,,39070,35,,,0,30,,39087,35,,,0,70,,39071,35,,,0,30,,39088,35,,,0,70,,39072,35,,,0,30,,39089,35,,,0,70,,39073,35,,,0,30,,39090,35,,,0,70,,39074,35,,,0,30,,39091,35,,,0,70,,39075,35,,,0,30,,39092,35,,,0,70,,39076,35,,,0,30,,39093,35,,,0,70,,39077,35,,,0,30,,39094,35,,,0,70,,39078,35,,,0,30,,39095,35,,,0,70,,39079,35,,,0,30,,39096,35,,,0,70,,39080,35,,,0,30,,39097,35,,,0,70,,39081,35,,,0,30,,39098,35,,,0,70,,39082,35,,,0,30,,39099,35,,,0,70,,39083,35,,,0,30,,39100,35,,,0,70,,39064,35,4,,0
580701,'4',638,,39131,35,,,0,70,,39132,35,,,0,30,,39115,35,,,0,70,,39117,35,,,0,30,,39114,35,,,0,70,,39118,35,,,0,30,,39113,35,,,0,70,,39119,35,,,0,30,,39112,35,,,0,70,,39120,35,,,0,30,,39111,35,,,0,70,,39121,35,,,0,30,,39110,35,,,0,70,,39122,35,,,0,30,,39109,35,,,0,70,,39123,35,,,0,30,,39108,35,,,0,70,,39124,35,,,0,30,,39107,35,,,0,70,,39125,35,,,0,30,,39106,35,,,0,70,,39126,35,,,0,30,,39105,35,,,0,70,,39127,35,,,0,30,,39104,35,,,0,70,,39128,35,,,0,30,,39103,35,,,0,70,,39129,35,,,0,30,,39102,35,,,0,70,,39130,35,,,0,29,,39116,35,4,,0
580701,'6',650,,39170,35,,,0,70,,39136,35,,,0,36,,39153,35,,,0,64,,39137,35,,,0,36,,39154,35,,,0,70,,39138,35,,,0,30,,39155,35,,,0,70,,39139,35,,,0,30,,39156,35,,,0,70,,39140,35,,,0,30,,39157,35,,,0,70,,39141,35,,,0,30,,39158,35,,,0,70,,39142,35,,,0,30,,39159,35,,,0,70,,39143,35,,,0,30,,39160,35,,,0,70,,39144,35,,,0,30,,39161,35,,,0,70,,39145,35,,,0,30,,39162,35,,,0,70,,39146,35,,,0,30,,39163,35,,,0,70,,39147,35,,,0,30,,39164,35,,,0,70,,39148,35,,,0,30,,39165,35,,,0,70,,39149,35,,,0,30,,39166,35,,,0,70,,39150,35,,,0,30,,39167,35,,,0,70,,39151,35,,,0,30,,39168,35,,,0,70,,39152,35,,,0,30,,39169,35,,,0,70,,39133,35,4,,0
