578200,'1',505,,30152,32,,,0,15,,30182,32,,,0,20,,30189,32,,,0,60,,30188,32,,,0,20,,30187,32,,,0,20,,30186,32,,,0,60,,30185,32,,,0,23,,30184,32,,,0,20,,30183,32,,,0,60,,30190,32,,,0,24,,30153,35,,,0,20,,30154,35,,,0,60,,30155,35,,,0,20,,30156,35,,,0,20,,30157,35,,,0,60,,30158,35,,,0,20,,30159,35,,,0,20,,30162,35,,,0,60,,30163,35,,,0,20,,30164,35,,,0,20,,30165,35,,,0,60,,30166,35,,,0,20,,30167,35,,,0,20,,30160,35,,,0,60,,30161,35,,,0,20,,30136,35,,,0,20,,30168,35,,,0,61,,30169,35,,,0,20,,30170,35,,,0,20,,30171,35,,,0,60,,30172,35,,,0,20,,30173,35,,,0,20,,30174,35,,,0,60,,30175,35,,,0,20,,30176,35,,,0,20,,30177,35,,,0,60,,30178,35,,,0,20,,30179,35,,,0,20,,30180,35,,,0,60,,30181,35,,,0,23,,30151,35,,,0,70,,30150,35,,,0,30,,30149,35,,,0,70,,30148,35,,,0,30,,30147,35,,,0,70,,30146,35,,,0,30,,30145,35,,,0,70,,30137,35,,,0,26,,30138,32,,,0,30,,30139,32,,,0,70,,30140,32,,,0,30,,30141,32,,,0,70,,30142,32,,,0,32,,30143,32,,,0,80,,30144,32,,,0
578200,'2',519,,30191,32,,,0,30,,30192,32,,,0,71,,30193,32,,,0,30,,30194,32,,,0,70,,30195,32,,,0,30,,30196,32,,,0,70,,30197,32,,,0,21,,30239,35,,,0,60,,30198,35,,,0,23,,30199,35,,,0,20,,30200,35,,,0,60,,30201,35,,,0,20,,30202,35,,,0,20,,30203,35,,,0,60,,30204,35,,,0,20,,30205,35,,,0,20,,30206,35,,,0,60,,30207,35,,,0,20,,30208,35,,,0,20,,30209,35,,,0,59,,30210,32,,,0,20,,30211,32,,,0,20,,30212,32,,,0,60,,30213,32,,,0,20,,30214,32,,,0,20,,30215,32,,,0,60,,30216,32,,,0,20,,30217,32,,,0,20,,30218,32,,,0,60,,30219,32,,,0,20,,30220,32,,,0,20,,30221,32,,,0,60,,30222,32,,,0,20,,30223,32,,,0,30,,30224,32,,,0,68,,30225,32,,,0,30,,30226,32,,,0,70,,30227,32,,,0,30,,30228,32,,,0,70,,30229,32,,,0,30,,30230,32,,,0,70,,30231,32,,,0,30,,30232,32,,,0,67,,30233,32,,,0,30,,30234,32,,,0,70,,30235,32,,,0,30,,30236,32,,,0,70,,30237,32,,,0,30,,30240,32,,,0,90,,30238,32,,,0
578200,'3',619,,30276,32,,,0,100,,30275,32,,,0,30,,30274,32,,,0,70,,30273,32,,,0,30,,30272,32,,,0,73,,30271,32,,,0,30,,30270,32,,,0,70,,30269,32,,,0,30,,30268,32,,,0,70,,30267,32,,,0,30,,30266,32,,,0,70,,30265,32,,,0,30,,30264,32,,,0,70,,30263,32,,,0,30,,30262,32,,,0,70,,30261,32,,,0,30,,30260,32,,,0,70,,30259,32,,,0,30,,30258,32,,,0,70,,30257,32,,,0,30,,30256,32,,,0,70,,30255,32,,,0,30,,30254,32,,,0,70,,30253,32,,,0,30,,30252,32,,,0,70,,30251,32,,,0,30,,30250,32,,,0,67,,30249,32,,,0,30,,30248,32,,,0,70,,30247,32,,,0,30,,30246,32,,,0,70,,30245,32,,,0,30,,30244,32,,,0,70,,30243,32,,,0,30,,30242,32,,,0,70,,30241,32,,,0
578200,'4',547,,30277,32,,,0,80,,30278,32,,,0,80,,30279,32,,,0,40,,30280,32,,,0,80,,30281,32,,,0,80,,30282,32,,,0,40,,30283,32,,,0,80,,30284,32,,,0,80,,30285,32,,,0,40,,30286,32,,,0,80,,30287,32,,,0,80,,30288,32,,,0,40,,30289,32,,,0,80,,30290,32,,,0,90,,30291,32,,,0,100,,30292,32,,,0,100,,30293,32,,,0,100,,30294,32,,,0,100,,30295,32,,,0,100,,30296,32,,,0,100,,30297,32,,,0
578200,'6',619,,30333,32,,,0,100,,30332,32,,,0,30,,30331,32,,,0,70,,30330,32,,,0,30,,30329,32,,,0,73,,30328,32,,,0,30,,30327,32,,,0,70,,30326,32,,,0,30,,30325,32,,,0,70,,30324,32,,,0,30,,30323,32,,,0,70,,30322,32,,,0,30,,30321,32,,,0,70,,30320,32,,,0,30,,30319,32,,,0,70,,30318,32,,,0,30,,30317,32,,,0,70,,30316,32,,,0,30,,30315,32,,,0,70,,30314,32,,,0,30,,30313,32,,,0,70,,30312,32,,,0,30,,30311,32,,,0,70,,30310,32,,,0,30,,30309,32,,,0,70,,30308,32,,,0,30,,30307,32,,,0,67,,30306,32,,,0,30,,30305,32,,,0,70,,30304,32,,,0,30,,30303,32,,,0,70,,30302,32,,,0,30,,30301,32,,,0,70,,30300,32,,,0,30,,30299,32,,,0,70,,30298,32,,,0
583000,'1',537,,41714,4,,,0,63,,41713,4,,,0,12,,41710,4,,,0,25,,41709,4,,,0,15,,41707,4,,,0,60,,41702,4,,,0,10,,41706,4,,,0,20,,41701,4,,,0,10,,41705,4,,,0,60,,41700,4,,,0,10,,41704,4,,,0,20,,41699,4,,,0,10,,41703,4,,,0,60,,41682,4,,,0,9,,41708,4,,,0,21,,41749,4,,,0,9,,41748,4,,,0,66,,41747,4,,,0,14,,41746,4,,,0,26,,41716,4,,,0,54,,41717,4,,,0,26,,41718,4,,,0,14,,41719,4,,,0,66,,41720,4,,,0,14,,41721,4,,,0,26,,41722,4,,,0,53,,41723,4,,,0,24,,41724,4,,,0,16,,41698,4,,,0,59,,41690,4,,,0,15,,41697,4,,,0,11,,41689,4,,,0,19,,41696,4,,,0,51,,41688,4,,,0,19,,41695,4,,,0,11,,41687,4,,,0,19,,41694,4,,,0,51,,41686,4,,,0,19,,41693,4,,,0,11,,41685,4,,,0,19,,41692,4,,,0,51,,41684,4,,,0,19,,41691,4,,,0,11,,41683,4,,,0,19,,41712,4,,,0,51,,41681,4,,,0,29,,41725,4,,,0,17,,41726,4,,,0,60,,41727,4,,,0,23,,41745,4,,,0,17,,41744,4,,,0,60,,41743,4,,,0,23,,41742,4,,,0,17,,41741,4,,,0,63,,41740,4,,,0,17,,41739,4,,,0,23,,41738,4,,,0,62,,41737,4,,,0,24,,41736,4,,,0,60,,41735,4,,,0,16,,41734,4,,,0,24,,41733,4,,,0,16,,41732,4,,,0,64,,41731,4,,,0,16,,41730,4,,,0,64,,41729,4,,,0,16,,41728,4,,,0
583000,'2',603,,41807,4,,,0,39,,41806,4,,,0,71,,41805,4,,,0,36,,41804,4,,,0,70,,41754,4,,,0,35,,41803,4,,,0,65,,41802,4,,,0,25,,41801,4,,,0,15,,41800,4,,,0,65,,41799,4,,,0,15,,41798,4,,,0,65,,41797,4,,,0,15,,41796,4,,,0,25,,41795,4,,,0,15,,41794,4,,,0,65,,41793,4,,,0,15,,41792,4,,,0,65,,41791,4,,,0,15,,41790,4,,,0,25,,41789,4,,,0,15,,41788,4,,,0,65,,41787,4,,,0,15,,41786,4,,,0,65,,41785,4,,,0,15,,41784,4,,,0,25,,41783,4,,,0,15,,41782,4,,,0,65,,41781,4,,,0,15,,41780,4,,,0,65,,41779,4,,,0,15,,41778,4,,,0,25,,41777,4,,,0,15,,41776,4,,,0,65,,41775,4,,,0,10,,41774,4,,,0,69,,41773,4,,,0,16,,41772,4,,,0,24,,41771,4,,,0,16,,41770,4,,,0,64,,41769,4,,,0,16,,41768,4,,,0,64,,41767,4,,,0,16,,41766,4,,,0,24,,41765,4,,,0,67,,41764,4,,,0,16,,41763,4,,,0,24,,41762,4,,,0,56,,41761,4,,,0,24,,41760,4,,,0,16,,41759,4,,,0,64,,41758,4,,,0,16,,41757,4,,,0,32,,41756,4,,,0
583000,'3',624,,41851,4,,,0,77,,41841,4,,,0,43,,41848,4,,,0,77,,41849,4,,,0,83,,41822,4,,,0,35,,41824,4,,,0,69,,41823,4,,,0,16,,41846,4,,,0,24,,41821,4,,,0,56,,41847,4,,,0,24,,41836,4,,,0,16,,41834,4,,,0,64,,41835,4,,,0,16,,41817,4,,,0,24,,41832,4,,,0,56,,41837,4,,,0,24,,41838,4,,,0,16,,41839,4,,,0,64,,41840,4,,,0,16,,41820,4,,,0,24,,41844,4,,,0,56,,41842,4,,,0,24,,41816,4,,,0,16,,41854,4,,,0,64,,41859,4,,,0,16,,41852,4,,,0,24,,41853,4,,,0,56,,41843,4,,,0,24,,41818,4,,,0,16,,41856,4,,,0,59,,41826,4,,,0,19,,41830,4,,,0,23,,41825,4,,,0,57,,41819,4,,,0,23,,41855,4,,,0,17,,41857,4,,,0,63,,41828,4,,,0,17,,41831,4,,,0,23,,41833,4,,,0,57,,41829,4,,,0,24,,41827,4,,,0,20,,41858,4,,,0,68,,41815,4,,,0,27,,41813,4,,,0,73,,41814,4,,,0,37,,41812,4,,,0
583000,'4',646,,41875,4,,,0,65,,41888,4,,,0,33,,41874,4,,,0,67,,41887,4,,,0,33,,41873,4,,,0,67,,41886,4,,,0,33,,41872,4,,,0,67,,41885,4,,,0,33,,41871,4,,,0,67,,41884,4,,,0,33,,41870,4,,,0,67,,41883,4,,,0,33,,41869,4,,,0,67,,41868,4,,,0,33,,41867,4,,,0,67,,41866,4,,,0,33,,41882,4,,,0,67,,41865,4,,,0,33,,41881,4,,,0,67,,41864,4,,,0,33,,41880,4,,,0,67,,41863,4,,,0,33,,41879,4,,,0,67,,41862,4,,,0,33,,41878,4,,,0,67,,41861,4,,,0,33,,41877,4,,,0,67,,41860,4,,,0,33,,41876,4,,,0
583000,'6',603,,41943,4,,,0,39,,41942,4,,,0,71,,41941,4,,,0,36,,41940,4,,,0,70,,41890,4,,,0,35,,41939,4,,,0,65,,41938,4,,,0,25,,41937,4,,,0,15,,41936,4,,,0,65,,41935,4,,,0,15,,41934,4,,,0,65,,41933,4,,,0,15,,41932,4,,,0,25,,41931,4,,,0,15,,41930,4,,,0,65,,41929,4,,,0,15,,41928,4,,,0,65,,41927,4,,,0,15,,41926,4,,,0,25,,41925,4,,,0,15,,41924,4,,,0,65,,41923,4,,,0,15,,41922,4,,,0,65,,41921,4,,,0,15,,41920,4,,,0,25,,41919,4,,,0,15,,41918,4,,,0,65,,41917,4,,,0,15,,41916,4,,,0,65,,41915,4,,,0,15,,41914,4,,,0,25,,41913,4,,,0,15,,41912,4,,,0,65,,41911,4,,,0,10,,41910,4,,,0,69,,41909,4,,,0,16,,41908,4,,,0,24,,41907,4,,,0,16,,41906,4,,,0,64,,41905,4,,,0,16,,41904,4,,,0,64,,41903,4,,,0,16,,41902,4,,,0,24,,41901,4,,,0,67,,41900,4,,,0,16,,41899,4,,,0,24,,41898,4,,,0,56,,41897,4,,,0,24,,41896,4,,,0,16,,41895,4,,,0,64,,41894,4,,,0,16,,41893,4,,,0,32,,41892,4,,,0
