578201,'1',457,,30350,4,,,0,60,,30336,4,,,0,20,,30349,4,,,0,20,,30348,4,,,0,60,,30351,4,,,0,20,,30352,4,,,0,17,,30353,4,,,0,60,,30354,4,,,0,20,,30355,4,,,0,20,,30356,4,,,0,60,,30357,4,,,0,20,,30358,4,,,0,20,,30359,4,,,0,60,,30360,4,,,0,20,,30361,4,,,0,20,,30362,4,,,0,64,,30363,4,,,0,20,,30364,4,,,0,20,,30365,4,,,0,60,,30366,4,,,0,20,,30367,4,,,0,20,,30368,4,,,0,60,,30369,4,,,0,20,,30370,4,,,0,20,,30371,4,,,0,60,,30372,4,,,0,20,,30373,4,,,0,20,,30374,4,,,0,56,,30375,4,,,0,20,,30376,4,,,0,20,,30377,4,,,0,60,,30378,4,,,0,20,,30379,4,,,0,20,,30380,4,,,0,60,,30381,4,,,0,20,,30382,4,,,0,20,,30383,4,,,0,60,,30384,4,,,0,20,,30385,4,,,0,25,,30386,4,,,0,70,,30337,4,,,0,30,,30338,4,,,0,74,,30339,4,,,0,70,,30340,4,,,0,30,,30341,4,,,0,70,,30342,4,,,0,30,,30343,4,,,0,74,,30344,4,,,0,30,,30345,4,,,0,70,,30335,4,,,0,30,,30346,4,,,0,80,,30334,4,,,0,25,,30347,4,,,0
578201,'2',541,,30388,4,,,0,70,,30389,4,,,0,30,,30390,4,,,0,70,,30391,4,,,0,30,,30392,4,,,0,69,,30393,4,,,0,29,,30394,4,,,0,63,,30395,4,,,0,20,,30396,4,,,0,20,,30397,4,,,0,60,,30398,4,,,0,20,,30399,4,,,0,20,,30400,4,,,0,60,,30401,4,,,0,20,,30402,4,,,0,20,,30403,4,,,0,60,,30404,4,,,0,20,,30405,4,,,0,20,,30406,4,,,0,60,,30407,4,,,0,20,,30408,4,,,0,20,,30409,4,,,0,60,,30410,4,,,0,20,,30411,4,,,0,20,,30412,4,,,0,60,,30413,4,,,0,20,,30414,4,,,0,20,,30415,4,,,0,60,,30416,4,,,0,20,,30417,4,,,0,20,,30418,4,,,0,69,,30419,4,,,0,30,,30420,4,,,0,70,,30421,4,,,0,30,,30422,4,,,0,70,,30423,4,,,0,30,,30424,4,,,0,70,,30425,4,,,0,30,,30426,4,,,0,70,,30427,4,,,0,30,,30428,4,,,0,72,,30429,4,,,0,30,,30430,4,,,0,70,,30431,4,,,0,30,,30432,4,,,0,90,,30433,4,,,0
578201,'3',604,,30469,4,,,0,35,,30468,4,,,0,70,,30467,4,,,0,30,,30466,4,,,0,70,,30465,4,,,0,30,,30464,4,,,0,69,,30463,4,,,0,30,,30462,4,,,0,70,,30461,4,,,0,30,,30460,4,,,0,70,,30459,4,,,0,30,,30458,4,,,0,70,,30457,4,,,0,30,,30456,4,,,0,70,,30455,4,,,0,30,,30454,4,,,0,70,,30453,4,,,0,30,,30452,4,,,0,70,,30451,4,,,0,30,,30450,4,,,0,70,,30449,4,,,0,30,,30448,4,,,0,70,,30447,4,,,0,30,,30446,4,,,0,70,,30445,4,,,0,30,,30444,4,,,0,70,,30443,4,,,0,30,,30442,4,,,0,73,,30441,4,,,0,30,,30440,4,,,0,70,,30439,4,,,0,30,,30438,4,,,0,70,,30437,4,,,0,30,,30436,4,,,0,70,,30435,4,,,0,30,,30434,4,,,0
578201,'4',643,,30471,4,,,0,80,,30472,4,,,0,80,,30473,4,,,0,40,,30474,4,,,0,80,,30475,4,,,0,80,,30476,4,,,0,40,,30477,4,,,0,80,,30478,4,,,0,80,,30479,4,,,0,40,,30480,4,,,0,80,,30481,4,,,0,80,,30482,4,,,0,105,,30483,4,,,0,100,,30484,4,,,0,100,,30485,4,,,0,100,,30486,4,,,0,100,,30487,4,,,0,100,,30488,4,,,0,50,,30489,4,,,0
578201,'6',604,,30525,4,,,0,35,,30524,4,,,0,70,,30523,4,,,0,30,,30522,4,,,0,70,,30521,4,,,0,30,,30520,4,,,0,69,,30519,4,,,0,30,,30518,4,,,0,70,,30517,4,,,0,30,,30516,4,,,0,70,,30515,4,,,0,30,,30514,4,,,0,70,,30513,4,,,0,30,,30512,4,,,0,70,,30511,4,,,0,30,,30510,4,,,0,70,,30509,4,,,0,30,,30508,4,,,0,70,,30507,4,,,0,30,,30506,4,,,0,70,,30505,4,,,0,30,,30504,4,,,0,70,,30503,4,,,0,30,,30502,4,,,0,70,,30501,4,,,0,30,,30500,4,,,0,70,,30499,4,,,0,30,,30498,4,,,0,73,,30497,4,,,0,30,,30496,4,,,0,70,,30495,4,,,0,30,,30494,4,,,0,70,,30493,4,,,0,30,,30492,4,,,0,70,,30491,4,,,0,30,,30490,4,,,0
578300,'1',502,,30533,4,0,31 4 32,0,35,,30536,4,0,31 4 32,0,22,,30539,4,0,31 4 32,0,70,,30543,4,0,31 4 32,0,30,,30547,4,0,31 4 32,0,70,,30551,4,0,31 4 32,0,30,,30555,4,0,31 4 32,0,69,,30559,4,0,31 4 32,0,73,,30563,4,0,31 4 32,0,30,,30567,4,0,31 4 32,0,70,,30570,4,0,31 4 32,0,30,,30573,4,0,31 4 32,0,70,,30576,4,0,31 4 32,0,30,,30579,4,0,31 4 32,0,70,,30582,4,0,31 4 32,0,30,,30585,4,0,31 4 32,0,70,,30588,4,0,31 4 32,0,27,,30591,4,0,31 4 32,0,29,,30595,4,0,31 4 32,0,70,,30599,4,0,31 4 32,0,30,,30603,4,0,31 4 32,0,70,,30607,4,0,31 4 32,0,30,,30611,4,0,31 4 32,0,70,,30615,4,0,31 4 32,0,30,,30619,4,0,31 4 32,0,70,,30623,4,0,31 4 32,0,73,,30627,4,0,31 4 32,0,30,,30630,4,0,31 4 32,0,70,,30633,4,0,31 4 32,0,30,,30636,4,0,31 4 32,0,70,,30639,4,0,31 4 32,0,30,,30642,4,0,31 4 32,0,70,,30645,4,0,31 4 32,0,51,,30649,4,0,31 4 32,0,85,,30652,4,0,31 4 32,0,85,,30655,4,0,31 4 32,0,85,,30658,4,0,31 4 32,0,35,,30660,4,0,17 25 4 26,0
578300,'2',528,,30671,4,0,31 4 32,0,76,,30674,4,0,31 4 32,0,36,,30677,4,0,31 4 32,0,76,,30680,4,0,31 4 32,0,28,,30684,4,0,31 4 32,0,76,,30687,4,0,31 4 32,0,36,,30690,4,0,31 4 32,0,76,,30693,4,0,31 4 32,0,76,,30696,4,0,31 4 32,0,36,,30699,4,0,31 4 32,0,76,,30702,4,0,31 4 32,0,36,,30705,4,0,31 4 32,0,76,,30708,4,0,31 4 32,0,76,,30711,4,0,31 4 32,0,36,,30714,4,0,31 4 32,0,76,,30717,4,0,31 4 32,0,36,,30720,4,0,31 4 32,0,76,,30723,4,0,31 4 32,0,76,,30726,4,0,31 4 32,0,36,,30729,4,0,31 4 32,0,77,,30732,4,0,31 4 32,0,36,,30735,4,0,31 4 32,0,76,,30738,4,0,31 4 32,0,77,,30741,4,0,31 4 32,0,36,,30744,4,0,31 4 32,0,76,,30747,4,0,31 4 32,0,36,,30750,4,0,31 4 32,0,83,,30753,4,0,31 4 32,0,100,,30757,4,0,31 4 32,0,85,,30760,4,0,31 4 32,0,100,,30764,4,0,31 4 32,0
578300,'3',542,,30773,4,0,31 4 32,0,85,,30777,4,0,31 4 32,0,85,,30780,4,0,31 4 32,0,45,,30783,4,0,31 4 32,0,82,,30786,4,0,31 4 32,0,76,,30789,4,0,31 4 32,0,31,,30792,4,0,31 4 32,0,76,,30795,4,0,31 4 32,0,36,,30798,4,0,31 4 32,0,76,,30801,4,0,31 4 32,0,76,,30804,4,0,31 4 32,0,36,,30807,4,0,31 4 32,0,76,,30810,4,0,31 4 32,0,36,,30813,4,0,31 4 32,0,76,,30816,4,0,31 4 32,0,76,,30819,4,0,31 4 32,0,36,,30822,4,0,31 4 32,0,76,,30825,4,0,31 4 32,0,36,,30828,4,0,31 4 32,0,79,,30831,4,0,31 4 32,0,85,,30834,4,0,31 4 32,0,85,,30837,4,0,31 4 32,0,45,,30840,4,0,31 4 32,0,85,,30843,4,0,31 4 32,0,90,,30846,4,0,31 4 32,0,85,,30849,4,0,31 4 32,0,45,,30852,4,0,31 4 32,0,70,,30854,4,0,31 4 32,0
578300,'4',556,,30859,4,0,31 4 32,0,85,,30862,4,0,31 4 32,0,85,,30865,4,0,31 4 32,0,85,,30868,4,0,31 4 32,0,45,,30871,4,0,31 4 32,0,80,,30874,4,0,31 4 32,0,85,,30877,4,0,31 4 32,0,85,,30880,4,0,31 4 32,0,45,,30883,4,0,31 4 32,0,85,,30886,4,0,31 4 32,0,85,,30889,4,0,31 4 32,0,85,,30892,4,0,31 4 32,0,45,,30895,4,0,31 4 32,0,85,,30898,4,0,31 4 32,0,85,,30901,4,0,31 4 32,0,85,,30904,4,0,31 4 32,0,50,,30907,4,0,31 4 32,0,85,,30910,4,0,31 4 32,0,85,,30913,4,0,31 4 32,0,85,,30916,4,0,31 4 32,0
578300,'6',542,,30927,4,0,31 4 32,0,85,,30931,4,0,31 4 32,0,85,,30934,4,0,31 4 32,0,45,,30937,4,0,31 4 32,0,82,,30940,4,0,31 4 32,0,76,,30943,4,0,31 4 32,0,31,,30946,4,0,31 4 32,0,76,,30949,4,0,31 4 32,0,36,,30952,4,0,31 4 32,0,76,,30955,4,0,31 4 32,0,76,,30958,4,0,31 4 32,0,36,,30961,4,0,31 4 32,0,76,,30964,4,0,31 4 32,0,36,,30967,4,0,31 4 32,0,76,,30970,4,0,31 4 32,0,76,,30973,4,0,31 4 32,0,36,,30976,4,0,31 4 32,0,76,,30979,4,0,31 4 32,0,36,,30982,4,0,31 4 32,0,79,,30985,4,0,31 4 32,0,85,,30988,4,0,31 4 32,0,85,,30991,4,0,31 4 32,0,45,,30994,4,0,31 4 32,0,85,,30997,4,0,31 4 32,0,90,,31000,4,0,31 4 32,0,85,,31003,4,0,31 4 32,0,45,,31006,4,0,31 4 32,0,70,,31008,4,0,31 4 32,0
