578101,'1',552,,29961,17,,,0,70,,29962,17,,,0,30,,29963,17,,,0,67,,29964,17,,,0,15,,29965,17,,,0,15,,29966,17,,,0,55,,29967,17,,,0,15,,29968,17,,,0,15,,29969,17,,,0,15,,29970,17,,,0,54,,29971,17,,,0,15,,29972,17,,,0,15,,29973,17,,,0,15,,29974,17,,,0,55,,29975,17,,,0,30,,29976,17,,,0,70,,29977,17,,,0,30,,29978,17,,,0,70,,29979,17,,,0,30,,29980,17,,,0,70,,29981,17,,,0,30,,29982,17,,,0,70,,29983,17,,,0,20,,29984,17,,,0,15,,29985,17,,,0,16,,29986,17,,,0,55,,29987,17,,,0,15,,29988,17,,,0,15,,29989,17,,,0,15,,29990,17,,,0,55,,29991,17,,,0,15,,29992,17,,,0,15,,29993,17,,,0,15,,29994,17,,,0,55,,29995,17,,,0,15,,29996,17,,,0,12,,29997,17,,,0,15,,29998,17,,,0,58,,29999,17,,,0,30,,30000,17,,,0,70,,30001,17,,,0,30,,30002,17,,,0,70,,30003,17,,,0,30,,30004,17,,,0,70,,30005,17,,,0,30,,30006,17,,,0,70,,30007,17,,,0,30,,30008,17,,,0,70,,30009,17,,,0,30,,30010,17,,,0,70,,30011,17,,,0,30,,30012,17,,,0,20,,30013,17,,,0
578101,'2',609,,30017,17,,,0,30,,30043,17,,,0,70,,30015,17,,,0,30,,30016,17,,,0,70,,30041,17,,,0,30,,30042,17,,,0,70,,30018,17,,,0,30,,30021,17,,,0,73,,30019,17,,,0,30,,30020,17,,,0,70,,30022,17,,,0,30,,30024,17,,,0,70,,30026,17,,,0,30,,30023,17,,,0,70,,30034,17,,,0,30,,30025,17,,,0,70,,30040,17,,,0,30,,30029,17,,,0,70,,30027,17,,,0,30,,30028,17,,,0,70,,30032,17,,,0,30,,30030,17,,,0,70,,30031,17,,,0,30,,30039,17,,,0,67,,30045,17,,,0,30,,30044,17,,,0,70,,30038,17,,,0,30,,30037,17,,,0,70,,30014,17,,,0,30,,30036,17,,,0,70,,30033,17,,,0,30,,30035,17,,,0,70,,30046,17,,,0,30,,30047,17,,,0,70,,30048,17,,,0,30,,30049,17,,,0,70,,30050,17,,,0,30,,30051,17,,,0,70,,30052,17,,,0
578101,'3',909,,30072,17,,,0,30,,30071,17,,,0,70,,30070,17,,,0,30,,30069,17,,,0,70,,30068,17,,,0,30,,30067,17,,,0,70,,30066,17,,,0,30,,30065,17,,,0,65,,30064,17,,,0,30,,30063,17,,,0,70,,30062,17,,,0,30,,30061,17,,,0,70,,30060,17,,,0,30,,30059,17,,,0,70,,30058,17,,,0,30,,30057,17,,,0,70,,30056,17,,,0,30,,30055,17,,,0,70,,30054,17,,,0,30,,30053,17,,,0,70,,30073,17,,,0,30,,30074,17,,,0,70,,30075,17,,,0,35,,30076,17,,,0,70,,30077,17,,,0,30,,30078,17,,,0,70,,30079,17,,,0,30,,30080,17,,,0,70,,30081,17,,,0,30,,30082,17,,,0
578101,'4',904,,30083,17,,,0,30,,30084,17,,,0,70,,30085,17,,,0,30,,30086,17,,,0,70,,30087,17,,,0,30,,30088,17,,,0,70,,30089,17,,,0,30,,30090,17,,,0,70,,30091,17,,,0,30,,30092,17,,,0,70,,30093,17,,,0,30,,30094,17,,,0,70,,30095,17,,,0,30,,30096,17,,,0,70,,30097,17,,,0,30,,30098,17,,,0,70,,30099,17,,,0,30,,30100,17,,,0,70,,30101,17,,,0,30,,30102,17,,,0,70,,30103,17,,,0,30,,30104,17,,,0,100,,30105,17,,,0
578101,'6',909,,30125,17,,,0,30,,30124,17,,,0,70,,30123,17,,,0,30,,30122,17,,,0,70,,30121,17,,,0,30,,30120,17,,,0,70,,30119,17,,,0,30,,30118,17,,,0,65,,30117,17,,,0,30,,30116,17,,,0,70,,30115,17,,,0,30,,30114,17,,,0,70,,30113,17,,,0,30,,30112,17,,,0,70,,30111,17,,,0,30,,30110,17,,,0,70,,30109,17,,,0,30,,30108,17,,,0,70,,30107,17,,,0,30,,30106,17,,,0,70,,30126,17,,,0,30,,30127,17,,,0,70,,30128,17,,,0,35,,30129,17,,,0,70,,30130,17,,,0,30,,30131,17,,,0,70,,30132,17,,,0,30,,30133,17,,,0,70,,30134,17,,,0,30,,30135,17,,,0
583000,'1',544,,41714,14,,,0,75,,41710,14,,,0,40,,41707,14,,,0,70,,41706,14,,,0,30,,41705,14,,,0,70,,41704,14,,,0,30,,41703,14,,,0,69,,41708,14,,,0,30,,41748,14,,,0,80,,41746,14,,,0,80,,41717,14,,,0,40,,41719,14,,,0,80,,41721,14,,,0,79,,41723,14,,,0,40,,41698,14,,,0,85,,41689,14,,,0,70,,41688,14,,,0,30,,41687,14,,,0,70,,41686,14,,,0,30,,41685,14,,,0,70,,41684,14,,,0,30,,41683,14,,,0,70,,41681,14,,,0,46,,41726,14,,,0,60,,41727,14,,,0,40,,41744,14,,,0,60,,41743,14,,,0,40,,41741,14,,,0,80,,41739,14,,,0,84,,41737,14,,,0,100,,41734,14,,,0,80,,41732,14,,,0,40,,41730,14,,,0,80,,41728,14,,,0
583000,'2',609,,41807,14,,,0,110,,41805,14,,,0,107,,41754,14,,,0,100,,41802,14,,,0,80,,41800,14,,,0,40,,41798,14,,,0,80,,41796,14,,,0,80,,41794,14,,,0,40,,41792,14,,,0,80,,41790,14,,,0,80,,41788,14,,,0,40,,41786,14,,,0,80,,41784,14,,,0,80,,41782,14,,,0,40,,41780,14,,,0,80,,41778,14,,,0,80,,41776,14,,,0,35,,41774,14,,,0,84,,41772,14,,,0,80,,41770,14,,,0,40,,41768,14,,,0,80,,41766,14,,,0,107,,41763,14,,,0,80,,41761,14,,,0,40,,41759,14,,,0,80,,41757,14,,,0
583000,'3',706,,41841,14,,,0,120,,41849,14,,,0,119,,41824,14,,,0,85,,41846,14,,,0,80,,41847,14,,,0,40,,41834,14,,,0,80,,41817,14,,,0,80,,41837,14,,,0,40,,41839,14,,,0,80,,41820,14,,,0,80,,41842,14,,,0,40,,41854,14,,,0,80,,41852,14,,,0,80,,41843,14,,,0,40,,41856,14,,,0,77,,41830,14,,,0,80,,41819,14,,,0,40,,41857,14,,,0,80,,41831,14,,,0,80,,41829,14,,,0,44,,41858,14,,,0,95,,41813,14,,,0,110,,41812,14,,,0
583000,'4',716,,41888,14,,,0,100,,41887,14,,,0,100,,41886,14,,,0,100,,41885,14,,,0,100,,41884,14,,,0,100,,41883,14,,,0,100,,41868,14,,,0,100,,41866,14,,,0,100,,41865,14,,,0,100,,41864,14,,,0,100,,41863,14,,,0,100,,41862,14,,,0,100,,41861,14,,,0,100,,41860,14,,,0
583000,'6',609,,41943,14,,,0,110,,41941,14,,,0,107,,41890,14,,,0,100,,41938,14,,,0,80,,41936,14,,,0,40,,41934,14,,,0,80,,41932,14,,,0,80,,41930,14,,,0,40,,41928,14,,,0,80,,41926,14,,,0,80,,41924,14,,,0,40,,41922,14,,,0,80,,41920,14,,,0,80,,41918,14,,,0,40,,41916,14,,,0,80,,41914,14,,,0,80,,41912,14,,,0,35,,41910,14,,,0,84,,41908,14,,,0,80,,41906,14,,,0,40,,41904,14,,,0,80,,41902,14,,,0,107,,41899,14,,,0,80,,41897,14,,,0,40,,41895,14,,,0,80,,41893,14,,,0
