579600,'1601',1541,,34938,9,,,0
579600,'1',539,,34939,9,,,0,20,,34940,9,,,0,57,,34941,9,,,0,15,,34942,9,,,0,15,,34943,9,,,0,55,,34944,9,,,0,15,,34945,9,,,0,15,,34946,9,,,0,15,,34947,9,,,0,55,,34948,9,,,0,15,,34949,9,,,0,15,,34950,9,,,0,15,,34951,9,,,0,55,,34952,9,,,0,18,,34953,9,,,0,20,,34954,9,,,0,20,,34955,9,,,0,61,,34956,9,,,0,20,,34957,9,,,0,60,,34958,9,,,0,20,,34959,9,,,0,20,,34960,9,,,0,60,,34961,9,,,0,20,,34962,9,,,0,20,,34963,9,,,0,60,,34964,9,,,0,20,,34965,9,,,0,21,,34966,9,,,0,60,,34967,9,,,0,15,,34968,9,,,0,15,,34969,9,,,0,15,,34970,9,,,0,55,,34971,9,,,0,15,,34972,9,,,0,15,,34973,9,,,0,15,,34974,9,,,0,55,,34975,9,,,0,15,,34976,9,,,0,15,,34977,9,,,0,15,,34978,9,,,0,55,,34979,9,,,0,15,,34980,9,,,0,15,,34981,9,,,0,15,,34982,9,,,0,60,,34983,9,,,0,25,,34984,9,,,0,25,,34985,9,,,0,68,,34986,9,,,0,30,,34987,9,,,0,70,,34988,9,,,0,30,,34989,9,,,0,70,,34990,9,,,0,29,,34991,9,,,0,70,,34992,9,,,0,30,,34993,9,,,0,70,,34994,9,,,0,30,,34995,9,,,0,70,,34996,9,,,0,35,,34997,9,,,0,70,,34998,9,,,0
579600,'2',547,,35010,9,,,0,70,,35011,9,,,0,30,,35012,9,,,0,70,,35013,9,,,0,30,,35014,9,,,0,70,,35015,9,,,0,32,,35016,9,,,0,60,,35017,9,,,0,20,,35018,9,,,0,20,,35019,9,,,0,60,,35020,9,,,0,20,,35021,9,,,0,20,,35022,9,,,0,60,,35023,9,,,0,20,,35024,9,,,0,20,,35025,9,,,0,60,,35026,9,,,0,20,,35027,9,,,0,20,,35028,9,,,0,60,,35029,9,,,0,20,,35030,9,,,0,20,,35031,9,,,0,60,,35032,9,,,0,20,,35033,9,,,0,20,,35034,9,,,0,60,,35035,9,,,0,20,,35036,9,,,0,20,,35037,9,,,0,60,,35038,9,,,0,20,,35039,9,,,0,20,,35040,9,,,0,59,,35041,9,,,0,20,,35042,9,,,0,25,,35043,9,,,0,70,,35044,9,,,0,30,,35045,9,,,0,70,,35046,9,,,0,30,,35047,9,,,0,70,,34999,9,,,0,30,,35000,9,,,0,70,,35001,9,,,0,30,,35002,9,,,0,70,,35003,9,,,0,30,,35004,9,,,0,70,,35005,9,,,0,30,,35006,9,,,0,70,,35007,9,,,0,30,,35008,9,,,0,75,,35009,9,,,0
579600,'3',647,,35071,9,,,0,70,,35072,9,,,0,30,,35070,9,,,0,70,,35073,9,,,0,30,,35069,9,,,0,73,,35068,9,,,0,30,,35067,9,,,0,70,,35066,9,,,0,30,,35065,9,,,0,70,,35064,9,,,0,30,,35063,9,,,0,70,,35062,9,,,0,30,,35061,9,,,0,70,,35060,9,,,0,30,,35059,9,,,0,70,,35058,9,,,0,30,,35057,9,,,0,70,,35056,9,,,0,30,,35055,9,,,0,70,,35054,9,,,0,30,,35053,9,,,0,70,,35052,9,,,0,29,,35051,9,,,0,70,,35074,9,,,0,30,,35050,9,,,0,70,,35075,9,,,0,30,,35049,9,,,0,70,,35076,9,,,0,30,,35048,9,,,0,69,,35077,9,,,0,30,,35078,9,,,0,70,,35079,9,,,0,30,,35080,9,,,0,70,,35081,9,,,0,30,,35082,9,,,0,60,,35083,9,,,0
579600,'4',707,,35106,9,,,0,30,,35084,9,,,0,70,,35085,9,,,0,30,,35086,9,,,0,71,,35087,9,,,0,30,,35088,9,,,0,70,,35089,9,,,0,30,,35090,9,,,0,70,,35091,9,,,0,30,,35092,9,,,0,70,,35093,9,,,0,30,,35094,9,,,0,70,,35095,9,,,0,30,,35096,9,,,0,70,,35097,9,,,0,30,,35098,9,,,0,70,,35099,9,,,0,100,,35100,9,,,0,100,,35101,9,,,0,99,,35102,9,,,0,100,,35103,9,,,0,100,,35104,9,,,0,100,,35105,9,,,0
579600,'6',647,,35130,9,,,0,70,,35131,9,,,0,30,,35129,9,,,0,70,,35132,9,,,0,30,,35128,9,,,0,73,,35127,9,,,0,30,,35126,9,,,0,70,,35125,9,,,0,30,,35124,9,,,0,70,,35123,9,,,0,30,,35122,9,,,0,70,,35121,9,,,0,30,,35120,9,,,0,70,,35119,9,,,0,30,,35118,9,,,0,70,,35117,9,,,0,30,,35116,9,,,0,70,,35115,9,,,0,30,,35114,9,,,0,70,,35113,9,,,0,30,,35112,9,,,0,70,,35111,9,,,0,29,,35110,9,,,0,70,,35133,9,,,0,30,,35109,9,,,0,70,,35134,9,,,0,30,,35108,9,,,0,70,,35135,9,,,0,30,,35107,9,,,0,69,,35136,9,,,0,30,,35137,9,,,0,70,,35138,9,,,0,30,,35139,9,,,0,70,,35140,9,,,0,30,,35141,9,,,0,60,,35142,9,,,0
579700,'1601',1609,,35351,9,,,0
579700,'1',529,,35352,9,,,0,20,,35353,9,,,0,60,,35354,9,,,0,20,,35355,9,,,0,20,,35356,9,,,0,60,,35357,9,,,0,15,,35358,9,,,0,15,,35359,9,,,0,15,,35360,9,,,0,55,,35361,9,,,0,15,,35362,9,,,0,15,,35363,9,,,0,15,,35364,9,,,0,55,,35365,9,,,0,20,,35366,9,,,0,21,,35367,9,,,0,60,,35368,9,,,0,20,,35369,9,,,0,20,,35370,9,,,0,60,,35371,9,,,0,20,,35372,9,,,0,20,,35373,9,,,0,60,,35374,9,,,0,20,,35375,9,,,0,20,,35376,9,,,0,60,,35377,9,,,0,20,,35378,9,,,0,21,,35379,9,,,0,60,,35380,9,,,0,15,,35381,9,,,0,15,,35382,9,,,0,15,,35383,9,,,0,55,,35384,9,,,0,15,,35385,9,,,0,15,,35386,9,,,0,15,,35387,9,,,0,55,,35388,9,,,0,15,,35389,9,,,0,15,,35390,9,,,0,15,,35391,9,,,0,55,,35392,9,,,0,15,,35393,9,,,0,15,,35394,9,,,0,15,,35395,9,,,0,55,,35396,9,,,0,28,,35397,9,,,0,70,,35398,9,,,0,30,,35399,9,,,0,70,,35400,9,,,0,30,,35401,9,,,0,70,,35402,9,,,0,29,,35403,9,,,0,70,,35404,9,,,0,30,,35405,9,,,0,70,,35406,9,,,0,30,,35407,9,,,0,70,,35408,9,,,0,30,,35409,9,,,0,70,,35410,9,,,0
579700,'2',602,,35416,9,,,0,30,,35417,9,,,0,70,,35418,9,,,0,30,,35419,9,,,0,70,,35420,9,,,0,30,,35421,9,,,0,27,,35422,9,,,0,60,,35423,9,,,0,20,,35424,9,,,0,20,,35425,9,,,0,60,,35426,9,,,0,20,,35427,9,,,0,20,,35428,9,,,0,60,,35429,9,,,0,20,,35430,9,,,0,20,,35431,9,,,0,60,,35432,9,,,0,20,,35433,9,,,0,20,,35434,9,,,0,60,,35435,9,,,0,20,,35436,9,,,0,20,,35437,9,,,0,60,,35438,9,,,0,20,,35439,9,,,0,20,,35440,9,,,0,60,,35441,9,,,0,20,,35442,9,,,0,20,,35443,9,,,0,60,,35444,9,,,0,20,,35445,9,,,0,20,,35446,9,,,0,59,,35447,9,,,0,20,,35448,9,,,0,70,,35449,9,,,0,30,,35450,9,,,0,70,,35451,9,,,0,30,,35452,9,,,0,70,,35453,9,,,0,30,,35454,9,,,0,70,,35455,9,,,0,30,,35456,9,,,0,70,,35457,9,,,0,30,,35458,9,,,0,70,,35411,9,,,0,30,,35412,9,,,0,70,,35413,9,,,0,30,,35414,9,,,0,70,,35415,9,,,0
579700,'3',627,,35464,9,,,0,30,,35463,9,,,0,70,,35465,9,,,0,30,,35462,9,,,0,70,,35466,9,,,0,30,,35461,9,,,0,73,,35467,9,,,0,70,,35468,9,,,0,30,,35469,9,,,0,70,,35470,9,,,0,30,,35471,9,,,0,70,,35472,9,,,0,30,,35473,9,,,0,70,,35474,9,,,0,30,,35475,9,,,0,70,,35476,9,,,0,30,,35477,9,,,0,70,,35478,9,,,0,30,,35479,9,,,0,70,,35480,9,,,0,30,,35481,9,,,0,70,,35482,9,,,0,30,,35483,9,,,0,29,,35484,9,,,0,70,,35485,9,,,0,30,,35460,9,,,0,70,,35486,9,,,0,30,,35459,9,,,0,70,,35487,9,,,0,30,,35488,9,,,0,69,,35489,9,,,0,30,,35490,9,,,0,70,,35491,9,,,0,30,,35492,9,,,0,80,,35493,9,,,0
579700,'4',637,,35494,9,,,0,85,,35495,9,,,0,30,,35496,9,,,0,70,,35497,9,,,0,30,,35498,9,,,0,71,,35499,9,,,0,30,,35500,9,,,0,70,,35501,9,,,0,30,,35502,9,,,0,70,,35503,9,,,0,30,,35504,9,,,0,70,,35505,9,,,0,30,,35506,9,,,0,70,,35507,9,,,0,30,,35508,9,,,0,70,,35509,9,,,0,30,,35510,9,,,0,85,,35511,9,,,0,100,,35512,9,,,0,99,,35513,9,,,0,100,,35514,9,,,0,100,,35515,9,,,0,100,,35516,9,,,0
579700,'6',627,,35522,9,,,0,30,,35521,9,,,0,70,,35523,9,,,0,30,,35520,9,,,0,70,,35524,9,,,0,30,,35519,9,,,0,73,,35525,9,,,0,70,,35526,9,,,0,30,,35527,9,,,0,70,,35528,9,,,0,30,,35529,9,,,0,70,,35530,9,,,0,30,,35531,9,,,0,70,,35532,9,,,0,30,,35533,9,,,0,70,,35534,9,,,0,30,,35535,9,,,0,70,,35536,9,,,0,30,,35537,9,,,0,70,,35538,9,,,0,30,,35539,9,,,0,70,,35540,9,,,0,30,,35541,9,,,0,29,,35542,9,,,0,70,,35543,9,,,0,30,,35518,9,,,0,70,,35544,9,,,0,30,,35517,9,,,0,70,,35545,9,,,0,30,,35546,9,,,0,69,,35547,9,,,0,30,,35548,9,,,0,70,,35549,9,,,0,30,,35550,9,,,0,80,,35551,9,,,0
579800,'1',528,,35757,9,,,0,20,,35758,9,,,0,60,,35759,9,,,0,21,,35760,9,,,0,12,,35761,9,,,0,14,,35762,9,,,0,52,,35763,9,,,0,12,,35764,9,,,0,12,,35765,9,,,0,12,,35766,9,,,0,12,,35767,9,,,0,52,,35768,9,,,0,12,,35769,9,,,0,12,,35770,9,,,0,11,,35771,9,,,0,12,,35772,9,,,0,55,,35773,9,,,0,15,,35774,9,,,0,15,,35775,9,,,0,15,,35776,9,,,0,55,,35777,9,,,0,15,,35778,9,,,0,15,,35779,9,,,0,15,,35780,9,,,0,55,,35781,9,,,0,15,,35782,9,,,0,15,,35783,9,,,0,15,,35784,9,,,0,55,,35785,9,,,0,15,,35786,9,,,0,15,,35787,9,,,0,15,,35788,9,,,0,55,,35789,9,,,0,15,,35790,9,,,0,15,,35791,9,,,0,17,,35792,9,,,0,55,,35793,9,,,0,15,,35794,9,,,0,12,,35795,9,,,0,12,,35796,9,,,0,52,,35797,9,,,0,12,,35798,9,,,0,12,,35799,9,,,0,12,,35800,9,,,0,12,,35801,9,,,0,52,,35802,9,,,0,12,,35803,9,,,0,12,,35804,9,,,0,12,,35805,9,,,0,12,,35806,9,,,0,52,,35807,9,,,0,12,,35808,9,,,0,12,,35809,9,,,0,12,,35810,9,,,0,12,,35811,9,,,0,52,,35812,9,,,0,11,,35813,9,,,0,12,,35814,9,,,0,15,,35815,9,,,0,15,,35816,9,,,0,55,,35817,9,,,0,15,,35818,9,,,0,15,,35819,9,,,0,14,,35820,9,,,0,55,,35821,9,,,0,20,,35822,9,,,0,20,,35823,9,,,0,60,,35824,9,,,0,30,,35825,9,,,0,69,,35826,9,,,0,30,,35827,9,,,0,70,,35828,9,,,0,30,,35829,9,,,0,70,,35830,9,,,0,30,,35831,9,,,0,90,,35832,9,,,0
579800,'2',542,,35842,9,,,0,71,,35843,9,,,0,30,,35844,9,,,0,70,,35845,9,,,0,30,,35846,9,,,0,70,,35847,9,,,0,25,,35848,9,,,0,20,,35849,9,,,0,60,,35850,9,,,0,20,,35851,9,,,0,20,,35852,9,,,0,60,,35853,9,,,0,20,,35854,9,,,0,20,,35855,9,,,0,60,,35856,9,,,0,20,,35857,9,,,0,20,,35858,9,,,0,61,,35859,9,,,0,20,,35860,9,,,0,20,,35861,9,,,0,60,,35862,9,,,0,20,,35863,9,,,0,20,,35864,9,,,0,60,,35865,9,,,0,20,,35866,9,,,0,20,,35867,9,,,0,60,,35868,9,,,0,20,,35869,9,,,0,20,,35870,9,,,0,60,,35871,9,,,0,20,,35872,9,,,0,20,,35873,9,,,0,60,,35874,9,,,0,20,,35875,9,,,0,70,,35876,9,,,0,30,,35877,9,,,0,70,,35878,9,,,0,30,,35879,9,,,0,70,,35833,9,,,0,30,,35834,9,,,0,69,,35835,9,,,0,30,,35836,9,,,0,70,,35837,9,,,0,30,,35838,9,,,0,70,,35839,9,,,0,30,,35840,9,,,0,70,,35880,9,,,0,30,,35841,9,,,0
579800,'3',608,,35914,9,,,0,30,,35881,9,,,0,70,,35882,9,,,0,30,,35883,9,,,0,70,,35884,9,,,0,30,,35885,9,,,0,71,,35886,9,,,0,30,,35887,9,,,0,70,,35888,9,,,0,31,,35889,9,,,0,70,,35890,9,,,0,30,,35891,9,,,0,70,,35892,9,,,0,30,,35893,9,,,0,70,,35894,9,,,0,30,,35895,9,,,0,70,,35896,9,,,0,30,,35897,9,,,0,70,,35898,9,,,0,30,,35899,9,,,0,70,,35900,9,,,0,30,,35901,9,,,0,70,,35902,9,,,0,30,,35903,9,,,0,70,,35904,9,,,0,30,,35911,9,,,0,70,,35905,9,,,0,30,,35912,9,,,0,70,,35906,9,,,0,30,,35913,9,,,0,68,,35907,9,,,0,30,,35915,9,,,0,70,,35908,9,,,0,30,,35916,9,,,0,70,,35909,9,,,0,30,,35917,9,,,0,70,,35910,9,,,0
579800,'4',538,,35918,9,,,0,70,,35919,9,,,0,30,,35920,9,,,0,70,,35921,9,,,0,30,,35922,9,,,0,70,,35923,9,,,0,30,,35924,9,,,0,71,,35925,9,,,0,30,,35926,9,,,0,70,,35927,9,,,0,30,,35928,9,,,0,70,,35929,9,,,0,30,,35930,9,,,0,70,,35931,9,,,0,30,,35932,9,,,0,70,,35933,9,,,0,30,,35934,9,,,0,70,,35935,9,,,0,100,,35936,9,,,0,100,,35937,9,,,0,100,,35938,9,,,0,100,,35939,9,,,0,100,,35940,9,,,0,100,,35941,9,,,0,100,,35942,9,,,0
579800,'6',542,,35952,9,,,0,71,,35953,9,,,0,30,,35954,9,,,0,70,,35955,9,,,0,30,,35956,9,,,0,70,,35957,9,,,0,25,,35958,9,,,0,20,,35959,9,,,0,60,,35960,9,,,0,20,,35961,9,,,0,20,,35962,9,,,0,60,,35963,9,,,0,20,,35964,9,,,0,20,,35965,9,,,0,60,,35966,9,,,0,20,,35967,9,,,0,20,,35968,9,,,0,61,,35969,9,,,0,20,,35970,9,,,0,20,,35971,9,,,0,60,,35972,9,,,0,20,,35973,9,,,0,20,,35974,9,,,0,60,,35975,9,,,0,20,,35976,9,,,0,20,,35977,9,,,0,60,,35978,9,,,0,20,,35979,9,,,0,20,,35980,9,,,0,60,,35981,9,,,0,20,,35982,9,,,0,20,,35983,9,,,0,60,,35984,9,,,0,20,,35985,9,,,0,70,,35986,9,,,0,30,,35987,9,,,0,70,,35988,9,,,0,30,,35989,9,,,0,70,,35943,9,,,0,30,,35944,9,,,0,69,,35945,9,,,0,30,,35946,9,,,0,70,,35947,9,,,0,30,,35948,9,,,0,70,,35949,9,,,0,30,,35950,9,,,0,70,,35990,9,,,0,30,,35951,9,,,0
