579501,'1',526,,34741,35,,,0,20,,34742,35,,,0,60,,34743,35,,,0,20,,34744,35,,,0,18,,34745,35,,,0,15,,34746,35,,,0,55,,34747,35,,,0,12,,34748,35,,,0,15,,34749,35,,,0,15,,34750,35,,,0,55,,34751,35,,,0,15,,34752,35,,,0,15,,34753,35,,,0,15,,34754,35,,,0,55,,34755,35,,,0,15,,34756,35,,,0,15,,34757,35,,,0,15,,34758,35,,,0,55,,34759,35,,,0,17,,34760,35,,,0,20,,34761,35,,,0,60,,34762,35,,,0,20,,34763,35,,,0,20,,34764,35,,,0,60,,34765,35,,,0,20,,34766,35,,,0,20,,34767,35,,,0,60,,34768,35,,,0,20,,34769,35,,,0,20,,34770,35,,,0,61,,34771,35,,,0,19,,34772,35,,,0,14,,34773,35,,,0,16,,34774,35,,,0,54,,34775,35,,,0,15,,34776,35,,,0,15,,34777,35,,,0,15,,34778,35,,,0,55,,34779,35,,,0,15,,34780,35,,,0,15,,34781,35,,,0,15,,34782,35,,,0,55,,34783,35,,,0,15,,34784,35,,,0,15,,34785,35,,,0,15,,34786,35,,,0,60,,34787,35,,,0,30,,34788,35,,,0,69,,34789,35,,,0,30,,34790,35,,,0,70,,34791,35,,,0,30,,34792,35,,,0,70,,34793,35,,,0,30,,34794,35,,,0,70,,34795,35,,,0,30,,34796,35,,,0,70,,34797,35,,,0,30,,34798,35,,,0,70,,34799,35,,,0,87,,34800,35,,,0,33,,34801,35,,,0
579501,'2',604,,34835,35,,,0,34,,34833,35,,,0,70,,34830,35,,,0,30,,34813,35,,,0,70,,34826,35,,,0,30,,34827,35,,,0,70,,34832,35,,,0,28,,34837,35,,,0,70,,34838,35,,,0,30,,34831,35,,,0,70,,34836,35,,,0,30,,34834,35,,,0,70,,34840,35,,,0,30,,34802,35,,,0,70,,34806,35,,,0,30,,34805,35,,,0,70,,34839,35,,,0,30,,34803,35,,,0,70,,34804,35,,,0,30,,34807,35,,,0,70,,34811,35,,,0,30,,34812,35,,,0,70,,34815,35,,,0,30,,34818,35,,,0,70,,34819,35,,,0,32,,34809,35,,,0,70,,34808,35,,,0,30,,34810,35,,,0,70,,34820,35,,,0,30,,34821,35,,,0,70,,34823,35,,,0,30,,34816,35,,,0,70,,34817,35,,,0,30,,34814,35,,,0,70,,34828,35,,,0,30,,34829,35,,,0,70,,34822,35,,,0,30,,34824,35,,,0,70,,34825,35,,,0
579501,'3',609,,34846,35,,,0,35,,34845,35,,,0,73,,34847,35,,,0,30,,34844,35,,,0,70,,34848,35,,,0,30,,34843,35,,,0,70,,34849,35,,,0,28,,34850,35,,,0,70,,34851,35,,,0,30,,34852,35,,,0,70,,34853,35,,,0,30,,34854,35,,,0,70,,34855,35,,,0,30,,34856,35,,,0,70,,34857,35,,,0,30,,34858,35,,,0,70,,34859,35,,,0,30,,34860,35,,,0,70,,34861,35,,,0,30,,34862,35,,,0,70,,34863,35,,,0,30,,34864,35,,,0,70,,34865,35,,,0,30,,34866,35,,,0,70,,34867,35,,,0,30,,34868,35,,,0,70,,34842,35,,,0,30,,34869,35,,,0,70,,34841,35,,,0,30,,34870,35,,,0,70,,34871,35,,,0,30,,34872,35,,,0,70,,34873,35,,,0,32,,34874,35,,,0,70,,34875,35,,,0,30,,34876,35,,,0
579501,'4',647,,34899,35,,,0,100,,34898,35,,,0,70,,34897,35,,,0,30,,34896,35,,,0,70,,34895,35,,,0,30,,34894,35,,,0,70,,34893,35,,,0,30,,34892,35,,,0,70,,34891,35,,,0,30,,34890,35,,,0,70,,34889,35,,,0,30,,34888,35,,,0,70,,34887,35,,,0,30,,34886,35,,,0,70,,34885,35,,,0,30,,34884,35,,,0,70,,34883,35,,,0,30,,34882,35,,,0,70,,34881,35,,,0,85,,34880,35,,,0,45,,34900,35,,,0,85,,34879,35,,,0,85,,34878,35,,,0,85,,34877,35,,,0,45,,34901,35,,,0
579501,'6',609,,34907,35,,,0,35,,34906,35,,,0,73,,34908,35,,,0,30,,34905,35,,,0,70,,34909,35,,,0,30,,34904,35,,,0,70,,34910,35,,,0,28,,34911,35,,,0,70,,34912,35,,,0,30,,34913,35,,,0,70,,34914,35,,,0,30,,34915,35,,,0,70,,34916,35,,,0,30,,34917,35,,,0,70,,34918,35,,,0,30,,34919,35,,,0,70,,34920,35,,,0,30,,34921,35,,,0,70,,34922,35,,,0,30,,34923,35,,,0,70,,34924,35,,,0,30,,34925,35,,,0,70,,34926,35,,,0,30,,34927,35,,,0,70,,34928,35,,,0,30,,34929,35,,,0,70,,34903,35,,,0,30,,34930,35,,,0,70,,34902,35,,,0,30,,34931,35,,,0,70,,34932,35,,,0,30,,34933,35,,,0,70,,34934,35,,,0,32,,34935,35,,,0,70,,34936,35,,,0,30,,34937,35,,,0
579901,'1',542,,36452,30,,,0,60,,36453,30,,,0,20,,36454,30,,,0,22,,36455,30,,,0,64,,36456,30,,,0,14,,36457,30,,,0,12,,36458,30,,,0,11,,36459,30,,,0,12,,36460,30,,,0,52,,36461,30,,,0,12,,36462,30,,,0,12,,36463,30,,,0,12,,36464,30,,,0,11,,36465,30,,,0,52,,36466,30,,,0,12,,36467,30,,,0,12,,36468,30,,,0,15,,36469,30,,,0,55,,36470,30,,,0,15,,36471,30,,,0,15,,36472,30,,,0,15,,36473,30,,,0,55,,36474,30,,,0,15,,36475,30,,,0,15,,36476,30,,,0,15,,36477,30,,,0,55,,36478,30,,,0,15,,36479,30,,,0,15,,36480,30,,,0,15,,36481,30,,,0,55,,36482,30,,,0,15,,36483,30,,,0,15,,36484,30,,,0,15,,36485,30,,,0,55,,36486,30,,,0,15,,36487,30,,,0,15,,36488,30,,,0,15,,36489,30,,,0,54,,36490,30,,,0,13,,36491,30,,,0,12,,36492,30,,,0,12,,36493,30,,,0,12,,36494,30,,,0,52,,36495,30,,,0,12,,36496,30,,,0,12,,36497,30,,,0,12,,36498,30,,,0,12,,36499,30,,,0,52,,36500,30,,,0,12,,36501,30,,,0,12,,36502,30,,,0,12,,36503,30,,,0,12,,36504,30,,,0,52,,36505,30,,,0,14,,36506,30,,,0,12,,36507,30,,,0,15,,36508,30,,,0,16,,36510,30,,,0,56,,36511,30,,,0,17,,36512,30,,,0,16,,36513,30,,,0,59,,36514,30,,,0,14,,36515,30,,,0,20,,36517,30,,,0,60,,36518,30,,,0,20,,36519,30,,,0,20,,36520,30,,,0,73,,36521,30,,,0,30,,36522,30,,,0,63,,36523,30,,,0,41,,36524,30,,,0,70,,36525,30,,,0,91,,36527,30,,,0
579901,'2',554,,36540,30,,,0,68,,36541,30,,,0,26,,36542,30,,,0,70,,36543,30,,,0,30,,36544,30,,,0,70,,36545,30,,,0,30,,36546,30,,,0,71,,36547,30,,,0,20,,36548,30,,,0,20,,36549,30,,,0,60,,36550,30,,,0,20,,36551,30,,,0,20,,36552,30,,,0,60,,36553,30,,,0,20,,36554,30,,,0,62,,36555,30,,,0,22,,36556,30,,,0,18,,36557,30,,,0,60,,36558,30,,,0,20,,36559,30,,,0,20,,36560,30,,,0,60,,36561,30,,,0,20,,36562,30,,,0,20,,36563,30,,,0,60,,36564,30,,,0,20,,36565,30,,,0,20,,36566,30,,,0,60,,36567,30,,,0,20,,36568,30,,,0,20,,36569,30,,,0,60,,36570,30,,,0,20,,36571,30,,,0,20,,36572,30,,,0,60,,36573,30,,,0,15,,36574,30,,,0,30,,36575,30,,,0,70,,36576,30,,,0,30,,36577,30,,,0,70,,36531,30,,,0,30,,36532,30,,,0,70,,36533,30,,,0,28,,36534,30,,,0,70,,36535,30,,,0,28,,36536,30,,,0,70,,36537,30,,,0,30,,36538,30,,,0,75,,36539,30,,,0
579901,'3',613,,36580,30,,,0,30,,36612,30,,,0,70,,36581,30,,,0,30,,36582,30,,,0,70,,36583,30,,,0,30,,36584,30,,,0,70,,36585,30,,,0,30,,36586,30,,,0,70,,36587,30,,,0,30,,36588,30,,,0,73,,36589,30,,,0,30,,36590,30,,,0,70,,36591,30,,,0,30,,36592,30,,,0,70,,36593,30,,,0,30,,36594,30,,,0,70,,36595,30,,,0,30,,36596,30,,,0,70,,36597,30,,,0,30,,36598,30,,,0,70,,36599,30,,,0,30,,36600,30,,,0,70,,36601,30,,,0,30,,36605,30,,,0,70,,36606,30,,,0,30,,36607,30,,,0,70,,36608,30,,,0,30,,36609,30,,,0,70,,36610,30,,,0,30,,36611,30,,,0,70,,36613,30,,,0,33,,36602,30,,,0,70,,36614,30,,,0,30,,36603,30,,,0,70,,36615,30,,,0,30,,36604,30,,,0
579901,'4',607,,36616,30,,,0,30,,36617,30,,,0,70,,36618,30,,,0,30,,36619,30,,,0,70,,36620,30,,,0,30,,36621,30,,,0,74,,36622,30,,,0,34,,36623,30,,,0,70,,36624,30,,,0,30,,36625,30,,,0,70,,36626,30,,,0,30,,36627,30,,,0,70,,36628,30,,,0,30,,36629,30,,,0,70,,36630,30,,,0,30,,36631,30,,,0,100,,36632,30,,,0,100,,36633,30,,,0,100,,36634,30,,,0,100,,36635,30,,,0,100,,36636,30,,,0,100,,36637,30,,,0,100,,36638,30,,,0
579901,'6',554,,36650,30,,,0,68,,36651,30,,,0,26,,36652,30,,,0,70,,36653,30,,,0,30,,36654,30,,,0,70,,36655,30,,,0,30,,36656,30,,,0,71,,36657,30,,,0,20,,36658,30,,,0,20,,36659,30,,,0,60,,36660,30,,,0,20,,36661,30,,,0,20,,36662,30,,,0,60,,36663,30,,,0,20,,36664,30,,,0,62,,36665,30,,,0,22,,36666,30,,,0,18,,36667,30,,,0,60,,36668,30,,,0,20,,36669,30,,,0,20,,36670,30,,,0,60,,36671,30,,,0,20,,36672,30,,,0,20,,36673,30,,,0,60,,36674,30,,,0,20,,36675,30,,,0,20,,36676,30,,,0,60,,36677,30,,,0,20,,36678,30,,,0,20,,36679,30,,,0,60,,36680,30,,,0,20,,36681,30,,,0,20,,36682,30,,,0,60,,36683,30,,,0,15,,36684,30,,,0,30,,36685,30,,,0,70,,36686,30,,,0,30,,36687,30,,,0,70,,36641,30,,,0,30,,36642,30,,,0,70,,36643,30,,,0,28,,36644,30,,,0,70,,36645,30,,,0,28,,36646,30,,,0,70,,36647,30,,,0,30,,36648,30,,,0,75,,36649,30,,,0
580001,'1',444,,36910,31,,,0,56,,36911,31,,,0,6,,36912,31,,,0,9,,36913,31,,,0,20,,36914,31,,,0,10,,36915,31,,,0,2,,36916,31,,,0,8,,36917,31,,,0,1,,36918,31,,,0,53,,36919,31,,,0,12,,36920,31,,,0,15,,36921,31,,,0,15,,36922,31,,,0,55,,36923,31,,,0,15,,36924,31,,,0,15,,36925,31,,,0,15,,36926,31,,,0,55,,36927,31,,,0,15,,36928,31,,,0,15,,36929,31,,,0,15,,36930,31,,,0,56,,36931,31,,,0,15,,36932,31,,,0,25,,36933,31,,,0,70,,36934,31,,,0,30,,36935,31,,,0,70,,36936,31,,,0,30,,36937,31,,,0,70,,36938,31,,,0,30,,36939,31,,,0,70,,36940,31,,,0,30,,36941,31,,,0,70,,36942,31,,,0,30,,36943,31,,,0,69,,36944,31,,,0,15,,36945,31,,,0,15,,36946,31,,,0,55,,36947,31,,,0,15,,36948,31,,,0,15,,36949,31,,,0,15,,36950,31,,,0,55,,36951,31,,,0,15,,36952,31,,,0,15,,36953,31,,,0,15,,36954,31,,,0,55,,36955,31,,,0,30,,36956,31,,,0,28,,36957,31,,,0,70,,36958,31,,,0,72,,36959,31,,,0,30,,36960,31,,,0,70,,36961,31,,,0,30,,36962,31,,,0,70,,36963,31,,,0,30,,36964,31,,,0,70,,36965,31,,,0,34,,36966,31,,,0,70,,36967,31,,,0,30,,36968,31,,,0,76,,36969,31,,,0
580001,'2',501,,37020,31,,,0,4,,37014,31,,,0,30,,37013,31,,,0,70,,37012,31,,,0,30,,37011,31,,,0,70,,37010,31,,,0,30,,37009,31,,,0,70,,37008,31,,,0,30,,37007,31,,,0,70,,37006,31,,,0,20,,37005,31,,,0,20,,37004,31,,,0,60,,37003,31,,,0,20,,37002,31,,,0,20,,36996,31,,,0,60,,36997,31,,,0,20,,36985,31,,,0,20,,36988,31,,,0,60,,36989,31,,,0,20,,36987,31,,,0,20,,36993,31,,,0,60,,36995,31,,,0,20,,36994,31,,,0,20,,36992,31,,,0,60,,36980,31,,,0,20,,36981,31,,,0,20,,36982,31,,,0,60,,36983,31,,,0,20,,36984,31,,,0,20,,36986,31,,,0,60,,37001,31,,,0,20,,36998,31,,,0,20,,36999,31,,,0,60,,37000,31,,,0,20,,36978,31,,,0,20,,36977,31,,,0,60,,36979,31,,,0,20,,36970,31,,,0,20,,36990,31,,,0,70,,36991,31,,,0,30,,36976,31,,,0,70,,36975,31,,,0,30,,36974,31,,,0,70,,36973,31,,,0,30,,36972,31,,,0,70,,36971,31,,,0,30,,37019,31,,,0,75,,37018,31,,,0,30,,37017,31,,,0,70,,37016,31,,,0,30,,37015,31,,,0
580001,'3',500,,37053,31,,,0,18,,37026,31,,,0,23,,37021,31,,,0,7,,37035,31,,,0,56,,37054,31,,,0,13,,37025,31,,,0,30,,37044,31,,,0,70,,37024,31,,,0,30,,37045,31,,,0,70,,37023,31,,,0,30,,37046,31,,,0,70,,37022,31,,,0,29,,37027,31,,,0,70,,37049,31,,,0,30,,37029,31,,,0,70,,37043,31,,,0,30,,37032,31,,,0,70,,37042,31,,,0,30,,37041,31,,,0,70,,37047,31,,,0,30,,37048,31,,,0,70,,37028,31,,,0,30,,37033,31,,,0,70,,37030,31,,,0,30,,37034,31,,,0,70,,37031,31,,,0,30,,37036,31,,,0,70,,37039,31,,,0,30,,37037,31,,,0,70,,37050,31,,,0,30,,37038,31,,,0,71,,37051,31,,,0,30,,37040,31,,,0,70,,37052,31,,,0,30,,37055,31,,,0,70,,37056,31,,,0,30,,37057,31,,,0,71,,37058,31,,,0,30,,37059,31,,,0,70,,37060,31,,,0,30,,37061,31,,,0
580001,'4',545,,37062,31,,,0,86,,37063,31,,,0,85,,37064,31,,,0,85,,37065,31,,,0,45,,37066,31,,,0,85,,37067,31,,,0,85,,37068,31,,,0,85,,37069,31,,,0,45,,37070,31,,,0,85,,37071,31,,,0,85,,37072,31,,,0,85,,37073,31,,,0,45,,37074,31,,,0,85,,37075,31,,,0,85,,37076,31,,,0,85,,37077,31,,,0,45,,37078,31,,,0,85,,37079,31,,,0,85,,37080,31,,,0,85,,37081,31,,,0,45,,37082,31,,,0
580001,'6',500,,37115,31,,,0,18,,37088,31,,,0,23,,37083,31,,,0,7,,37097,31,,,0,56,,37116,31,,,0,13,,37087,31,,,0,30,,37106,31,,,0,70,,37086,31,,,0,30,,37107,31,,,0,70,,37085,31,,,0,30,,37108,31,,,0,70,,37084,31,,,0,29,,37089,31,,,0,70,,37111,31,,,0,30,,37091,31,,,0,70,,37105,31,,,0,30,,37094,31,,,0,70,,37104,31,,,0,30,,37103,31,,,0,70,,37109,31,,,0,30,,37110,31,,,0,70,,37090,31,,,0,30,,37095,31,,,0,70,,37092,31,,,0,30,,37096,31,,,0,70,,37093,31,,,0,30,,37098,31,,,0,70,,37101,31,,,0,30,,37099,31,,,0,70,,37112,31,,,0,30,,37100,31,,,0,71,,37113,31,,,0,30,,37102,31,,,0,70,,37114,31,,,0,30,,37117,31,,,0,70,,37118,31,,,0,30,,37119,31,,,0,71,,37120,31,,,0,30,,37121,31,,,0,70,,37122,31,,,0,30,,37123,31,,,0
