580200,'1',2338,,37552,40,0,5 3 8 35 36,0,115,,37553,40,0,5 3 8 35 36,0
580200,'2',2423,,37578,40,0,5 3 8 35 36,0
580201,'1',543,,37678,5,,,0,95,,37680,5,,,0,72,,37682,5,,,0,29,,37684,5,,,0,71,,37686,5,,,0,30,,37688,5,,,0,85,,37690,5,,,0,99,,37692,5,,,0,101,,37694,5,,,0,100,,37696,5,,,0,100,,37698,5,,,0,100,,37700,5,,,0,89,,37702,5,,,0,30,,37704,5,,,0,70,,37706,5,,,0,30,,37708,5,,,0,70,,37710,5,,,0,30,,37712,5,,,0,75,,37714,5,,,0,100,,37716,5,,,0,100,,37718,5,,,0,100,,37720,5,,,0,133,,37722,5,,,0
580201,'2',651,,37739,5,,,0,100,,37734,5,,,0,100,,37732,5,,,0,99,,37735,5,,,0,100,,37730,5,,,0,100,,37741,5,,,0,100,,37728,5,,,0,100,,37742,5,,,0,101,,37727,5,,,0,100,,37752,5,,,0,100,,37756,5,,,0,105,,37724,5,,,0,100,,37746,5,,,0,100,,37755,5,,,0,100,,37751,5,,,0,100,,37737,5,,,0,100,,37748,5,,,0
580201,'3',706,,37763,5,,,0,100,,37762,5,,,0,100,,37766,5,,,0,100,,37765,5,,,0,100,,37760,5,,,0,100,,37761,5,,,0,100,,37768,5,,,0,102,,37767,5,,,0,100,,37764,5,,,0,100,,37759,5,,,0,100,,37758,5,,,0,100,,37769,5,,,0,100,,37786,5,,,0,100,,37787,5,,,0,100,,37788,5,,,0,100,,37789,5,,,0,100,,37790,5,,,0
580201,'4',634,,37793,5,,,0,200,,37795,5,,,0,200,,37797,5,,,0,200,,37799,5,,,0,200,,37801,5,,,0,200,,37803,5,,,0,200,,37805,5,,,0,200,,37807,5,,,0
580201,'6',706,,37813,5,,,0,100,,37812,5,,,0,100,,37816,5,,,0,100,,37815,5,,,0,100,,37810,5,,,0,100,,37811,5,,,0,100,,37818,5,,,0,102,,37817,5,,,0,100,,37814,5,,,0,100,,37809,5,,,0,100,,37808,5,,,0,100,,37819,5,,,0,100,,37836,5,,,0,100,,37837,5,,,0,100,,37838,5,,,0,100,,37839,5,,,0,100,,37840,5,,,0
580600,'1',506,,38394,7,,,0,32,,38393,7,,,0,70,,38392,7,,,0,30,,38391,7,,,0,65,,38390,7,,,0,20,,38389,7,,,0,15,,38388,7,,,0,15,,38387,7,,,0,55,,38386,7,,,0,15,,38385,7,,,0,15,,38384,7,,,0,15,,38383,7,,,0,55,,38382,7,,,0,15,,38381,7,,,0,24,,38380,7,,,0,70,,38379,7,,,0,30,,38378,7,,,0,70,,38377,7,,,0,30,,38376,7,,,0,70,,38375,7,,,0,30,,38374,7,,,0,70,,38373,7,,,0,28,,38372,7,,,0,65,,38371,7,,,0,25,,38370,7,,,0,15,,38369,7,,,0,55,,38368,7,,,0,15,,38367,7,,,0,15,,38366,7,,,0,15,,38365,7,,,0,55,,38364,7,,,0,15,,38363,7,,,0,15,,38362,7,,,0,15,,38361,7,,,0,55,,38360,7,,,0,15,,38359,7,,,0,15,,38358,7,,,0,15,,38357,7,,,0,55,,38356,7,,,0,10,,38355,7,,,0,34,,38354,7,,,0,70,,38353,7,,,0,30,,38352,7,,,0,70,,38351,7,,,0,30,,38350,7,,,0,70,,38349,7,,,0,30,,38348,7,,,0,70,,38347,7,,,0,31,,38345,7,,,0,70,,38344,7,,,0,30,,38346,7,,,0,70,,38343,7,,,0,30,,38342,7,,,0
580600,'2',511,,38397,7,,,0,30,,38434,7,,,0,70,,38417,7,,,0,30,,38418,7,,,0,70,,38416,7,,,0,30,,38419,7,,,0,70,,38403,7,,,0,30,,38420,7,,,0,70,,38414,7,,,0,30,,38421,7,,,0,70,,38406,7,,,0,30,,38422,7,,,0,70,,38407,7,,,0,30,,38423,7,,,0,70,,38408,7,,,0,30,,38424,7,,,0,70,,38409,7,,,0,30,,38425,7,,,0,70,,38410,7,,,0,30,,38426,7,,,0,70,,38411,7,,,0,30,,38427,7,,,0,70,,38412,7,,,0,30,,38428,7,,,0,70,,38413,7,,,0,30,,38429,7,,,0,70,,38415,7,,,0,30,,38405,7,,,0,70,,38404,7,,,0,30,,38402,7,,,0,70,,38401,7,,,0,30,,38400,7,,,0,70,,38399,7,,,0,30,,38430,7,,,0,70,,38431,7,,,0,30,,38432,7,,,0,70,,38433,7,,,0,30,,38398,7,,,0,65,,38435,7,,,0,30,,38436,7,,,0
580600,'3',611,,38457,7,,,0,30,,38458,7,,,0,70,,38456,7,,,0,30,,38459,7,,,0,70,,38443,7,,,0,30,,38460,7,,,0,70,,38454,7,,,0,30,,38461,7,,,0,70,,38446,7,,,0,30,,38462,7,,,0,70,,38447,7,,,0,30,,38463,7,,,0,70,,38448,7,,,0,30,,38464,7,,,0,70,,38449,7,,,0,30,,38465,7,,,0,70,,38450,7,,,0,30,,38466,7,,,0,70,,38451,7,,,0,30,,38467,7,,,0,70,,38452,7,,,0,30,,38468,7,,,0,70,,38453,7,,,0,30,,38469,7,,,0,70,,38455,7,,,0,30,,38445,7,,,0,70,,38444,7,,,0,30,,38442,7,,,0,70,,38441,7,,,0,30,,38440,7,,,0,70,,38439,7,,,0,30,,38470,7,,,0,71,,38471,7,,,0,30,,38472,7,,,0,70,,38473,7,,,0,30,,38438,7,,,0
580600,'4',611,,38491,7,,,0,30,,38492,7,,,0,70,,38490,7,,,0,30,,38493,7,,,0,70,,38477,7,,,0,30,,38494,7,,,0,70,,38488,7,,,0,30,,38495,7,,,0,70,,38480,7,,,0,30,,38496,7,,,0,70,,38481,7,,,0,30,,38497,7,,,0,70,,38482,7,,,0,30,,38498,7,,,0,70,,38483,7,,,0,30,,38499,7,,,0,70,,38484,7,,,0,30,,38500,7,,,0,70,,38485,7,,,0,30,,38501,7,,,0,70,,38486,7,,,0,30,,38502,7,,,0,70,,38487,7,,,0,30,,38503,7,,,0,70,,38489,7,,,0,30,,38479,7,,,0,70,,38478,7,,,0,30,,38476,7,,,0,70,,38475,7,,,0,30,,38474,7,,,0
580600,'6',511,,38505,7,,,0,30,,38542,7,,,0,70,,38525,7,,,0,30,,38526,7,,,0,70,,38524,7,,,0,30,,38527,7,,,0,70,,38511,7,,,0,30,,38528,7,,,0,70,,38522,7,,,0,30,,38529,7,,,0,70,,38514,7,,,0,30,,38530,7,,,0,70,,38515,7,,,0,30,,38531,7,,,0,70,,38516,7,,,0,30,,38532,7,,,0,70,,38517,7,,,0,30,,38533,7,,,0,70,,38518,7,,,0,30,,38534,7,,,0,70,,38519,7,,,0,30,,38535,7,,,0,70,,38520,7,,,0,30,,38536,7,,,0,70,,38521,7,,,0,30,,38537,7,,,0,70,,38523,7,,,0,30,,38513,7,,,0,70,,38512,7,,,0,30,,38510,7,,,0,70,,38509,7,,,0,30,,38508,7,,,0,70,,38507,7,,,0,30,,38538,7,,,0,70,,38539,7,,,0,30,,38540,7,,,0,70,,38541,7,,,0,30,,38506,7,,,0,65,,38543,7,,,0,30,,38544,7,,,0
