578200,'1',453,,30152,11,,,0,55,,30182,11,,,0,20,,30189,11,,,0,20,,30188,11,,,0,60,,30187,11,,,0,20,,30186,11,,,0,20,,30185,11,,,0,62,,30184,11,,,0,20,,30183,11,,,0,20,,30190,11,,,0,60,,30153,11,,,0,20,,30154,11,,,0,20,,30155,11,,,0,60,,30156,11,,,0,20,,30157,11,,,0,20,,30158,11,,,0,60,,30159,11,,,0,20,,30162,11,,,0,20,,30163,11,,,0,60,,30164,11,,,0,20,,30165,11,,,0,20,,30166,11,,,0,60,,30167,11,,,0,20,,30160,11,,,0,20,,30161,11,,,0,60,,30136,11,,,0,20,,30168,11,,,0,21,,30169,11,,,0,60,,30170,11,,,0,20,,30171,11,,,0,20,,30172,11,,,0,60,,30173,11,,,0,20,,30174,11,,,0,20,,30175,11,,,0,60,,30176,11,,,0,20,,30177,11,,,0,20,,30178,11,,,0,60,,30179,11,,,0,20,,30180,11,,,0,20,,30181,11,,,0,63,,30151,11,,,0,30,,30150,11,,,0,73,,30149,11,,,0,30,,30148,11,,,0,70,,30147,11,,,0,30,,30146,11,,,0,70,,30145,11,,,0,30,,30137,11,,,0,68,,30138,11,,,0,30,,30139,11,,,0,70,,30140,11,,,0,30,,30141,11,,,0,70,,30142,11,,,0,32,,30143,11,,,0,80,,30144,11,,,0
578200,'2',507,,30191,11,,,0,30,,30192,11,,,0,71,,30193,11,,,0,30,,30194,11,,,0,70,,30195,11,,,0,30,,30196,11,,,0,70,,30197,11,,,0,20,,30239,11,,,0,20,,30198,11,,,0,61,,30199,11,,,0,20,,30200,11,,,0,20,,30201,11,,,0,60,,30202,11,,,0,20,,30203,11,,,0,20,,30204,11,,,0,60,,30205,11,,,0,20,,30206,11,,,0,20,,30207,11,,,0,60,,30208,11,,,0,20,,30209,11,,,0,20,,30210,11,,,0,60,,30211,11,,,0,20,,30212,11,,,0,20,,30213,11,,,0,60,,30214,11,,,0,20,,30215,11,,,0,20,,30216,11,,,0,60,,30217,11,,,0,20,,30218,11,,,0,20,,30219,11,,,0,60,,30220,11,,,0,20,,30221,11,,,0,20,,30222,11,,,0,60,,30223,11,,,0,30,,30224,11,,,0,70,,30225,11,,,0,30,,30226,11,,,0,70,,30227,11,,,0,30,,30228,11,,,0,70,,30229,11,,,0,30,,30230,11,,,0,70,,30231,11,,,0,30,,30232,11,,,0,68,,30233,11,,,0,30,,30234,11,,,0,70,,30235,11,,,0,30,,30236,11,,,0,70,,30237,11,,,0,30,,30240,11,,,0,90,,30238,11,,,0
578200,'3',607,,30276,11,,,0,100,,30275,11,,,0,30,,30274,11,,,0,70,,30273,11,,,0,30,,30272,11,,,0,72,,30271,11,,,0,30,,30270,11,,,0,70,,30269,11,,,0,30,,30268,11,,,0,70,,30267,11,,,0,30,,30266,11,,,0,70,,30265,11,,,0,30,,30264,11,,,0,70,,30263,11,,,0,30,,30262,11,,,0,70,,30261,11,,,0,30,,30260,11,,,0,70,,30259,11,,,0,30,,30258,11,,,0,70,,30257,11,,,0,30,,30256,11,,,0,70,,30255,11,,,0,30,,30254,11,,,0,70,,30253,11,,,0,30,,30252,11,,,0,70,,30251,11,,,0,30,,30250,11,,,0,69,,30249,11,,,0,30,,30248,11,,,0,70,,30247,11,,,0,30,,30246,11,,,0,70,,30245,11,,,0,30,,30244,11,,,0,70,,30243,11,,,0,30,,30242,11,,,0,70,,30241,11,,,0
578200,'4',535,,30277,11,,,0,80,,30278,11,,,0,40,,30279,11,,,0,80,,30280,11,,,0,80,,30281,11,,,0,40,,30282,11,,,0,80,,30283,11,,,0,80,,30284,11,,,0,40,,30285,11,,,0,80,,30286,11,,,0,80,,30287,11,,,0,40,,30288,11,,,0,80,,30289,11,,,0,80,,30290,11,,,0,90,,30291,11,,,0,100,,30292,11,,,0,100,,30293,11,,,0,100,,30294,11,,,0,100,,30295,11,,,0,100,,30296,11,,,0,100,,30297,11,,,0
578200,'6',607,,30333,11,,,0,100,,30332,11,,,0,30,,30331,11,,,0,70,,30330,11,,,0,30,,30329,11,,,0,72,,30328,11,,,0,30,,30327,11,,,0,70,,30326,11,,,0,30,,30325,11,,,0,70,,30324,11,,,0,30,,30323,11,,,0,70,,30322,11,,,0,30,,30321,11,,,0,70,,30320,11,,,0,30,,30319,11,,,0,70,,30318,11,,,0,30,,30317,11,,,0,70,,30316,11,,,0,30,,30315,11,,,0,70,,30314,11,,,0,30,,30313,11,,,0,70,,30312,11,,,0,30,,30311,11,,,0,70,,30310,11,,,0,30,,30309,11,,,0,70,,30308,11,,,0,30,,30307,11,,,0,69,,30306,11,,,0,30,,30305,11,,,0,70,,30304,11,,,0,30,,30303,11,,,0,70,,30302,11,,,0,30,,30301,11,,,0,70,,30300,11,,,0,30,,30299,11,,,0,70,,30298,11,,,0
579301,'1',541,,33902,24,,,0,15,,33903,24,,,0,55,,33833,24,,,0,15,,33904,24,,,0,15,,33832,24,,,0,15,,33905,24,,,0,55,,33835,24,,,0,15,,33836,24,,,0,19,,33837,24,,,0,10,,33847,24,,,0,50,,33875,24,,,0,10,,33846,24,,,0,10,,33845,24,,,0,10,,33876,24,,,0,10,,33844,24,,,0,10,,33843,24,,,0,50,,33877,24,,,0,10,,33842,24,,,0,10,,33841,24,,,0,10,,33878,24,,,0,10,,33840,24,,,0,10,,33839,24,,,0,50,,33879,24,,,0,10,,33838,24,,,0,10,,33913,24,,,0,10,,33892,24,,,0,20,,33893,24,,,0,60,,33894,24,,,0,20,,33895,24,,,0,20,,33896,24,,,0,60,,33897,24,,,0,20,,33898,24,,,0,20,,33899,24,,,0,60,,33900,24,,,0,20,,33901,24,,,0,20,,33834,24,,,0,60,,33880,24,,,0,20,,33867,24,,,0,20,,33866,24,,,0,60,,33881,24,,,0,20,,33865,24,,,0,13,,33882,24,,,0,10,,33864,24,,,0,50,,33863,24,,,0,10,,33883,24,,,0,10,,33862,24,,,0,10,,33861,24,,,0,10,,33884,24,,,0,10,,33860,24,,,0,50,,33859,24,,,0,10,,33885,24,,,0,10,,33858,24,,,0,10,,33857,24,,,0,10,,33886,24,,,0,10,,33856,24,,,0,50,,33855,24,,,0,10,,33887,24,,,0,10,,33854,24,,,0,10,,33888,24,,,0,10,,33853,24,,,0,10,,33852,24,,,0,50,,33889,24,,,0,15,,33851,24,,,0,16,,33850,24,,,0,20,,33910,24,,,0,60,,33911,24,,,0,20,,33849,24,,,0,20,,33848,24,,,0,60,,33906,24,,,0,20,,33868,24,,,0,20,,33869,24,,,0,60,,33907,24,,,0,17,,33870,24,,,0,20,,33871,24,,,0,60,,33908,24,,,0,20,,33872,24,,,0,20,,33873,24,,,0,60,,33909,24,,,0,20,,33874,24,,,0,20,,33891,24,,,0,60,,33890,24,,,0,20,,33912,24,,,0
579301,'2',540,,33984,24,,,0,60,,33914,24,,,0,20,,33974,24,,,0,20,,33915,24,,,0,60,,33916,24,,,0,20,,33975,24,,,0,20,,33917,24,,,0,60,,33918,24,,,0,20,,33919,24,,,0,22,,33920,24,,,0,15,,33921,24,,,0,55,,33922,24,,,0,15,,33923,24,,,0,15,,33924,24,,,0,15,,33925,24,,,0,55,,33926,24,,,0,15,,33927,24,,,0,15,,33928,24,,,0,15,,33929,24,,,0,55,,33930,24,,,0,15,,33931,24,,,0,13,,33932,24,,,0,17,,33933,24,,,0,55,,33934,24,,,0,15,,33935,24,,,0,15,,33936,24,,,0,15,,33937,24,,,0,55,,33938,24,,,0,15,,33939,24,,,0,15,,33940,24,,,0,15,,33941,24,,,0,55,,33942,24,,,0,15,,33943,24,,,0,15,,33944,24,,,0,15,,33945,24,,,0,55,,33946,24,,,0,15,,33947,24,,,0,15,,33948,24,,,0,15,,33949,24,,,0,55,,33950,24,,,0,15,,33951,24,,,0,15,,33952,24,,,0,15,,33953,24,,,0,55,,33954,24,,,0,15,,33955,24,,,0,15,,33956,24,,,0,15,,33957,24,,,0,55,,33958,24,,,0,15,,33959,24,,,0,15,,33960,24,,,0,60,,33961,24,,,0,20,,33976,24,,,0,19,,33962,24,,,0,60,,33977,24,,,0,20,,33963,24,,,0,20,,33964,24,,,0,60,,33978,24,,,0,20,,33965,24,,,0,20,,33966,24,,,0,60,,33979,24,,,0,20,,33967,24,,,0,19,,33968,24,,,0,60,,33980,24,,,0,20,,33969,24,,,0,20,,33970,24,,,0,60,,33981,24,,,0,20,,33971,24,,,0,20,,33972,24,,,0,60,,33973,24,,,0,20,,33982,24,,,0,20,,33983,24,,,0
579301,'3',539,,34030,24,,,0,70,,33985,24,,,0,30,,33986,24,,,0,70,,33987,24,,,0,30,,33988,24,,,0,70,,33989,24,,,0,30,,33990,24,,,0,70,,33991,24,,,0,30,,33992,24,,,0,20,,33993,24,,,0,60,,33994,24,,,0,22,,33995,24,,,0,60,,33996,24,,,0,20,,33997,24,,,0,20,,33998,24,,,0,65,,33999,24,,,0,20,,34000,24,,,0,20,,34001,24,,,0,60,,34002,24,,,0,20,,34003,24,,,0,20,,34004,24,,,0,60,,34005,24,,,0,20,,34006,24,,,0,20,,34007,24,,,0,60,,34008,24,,,0,20,,34009,24,,,0,20,,34010,24,,,0,60,,34011,24,,,0,20,,34012,24,,,0,20,,34013,24,,,0,60,,34014,24,,,0,20,,34015,24,,,0,20,,34016,24,,,0,60,,34017,24,,,0,20,,34018,24,,,0,30,,34019,24,,,0,70,,34020,24,,,0,30,,34021,24,,,0,70,,34022,24,,,0,30,,34023,24,,,0,70,,34024,24,,,0,30,,34025,24,,,0,70,,34026,24,,,0,28,,34027,24,,,0,70,,34028,24,,,0,30,,34029,24,,,0,70,,34031,24,,,0
579301,'4',634,,34069,24,,,0,70,,34068,24,,,0,30,,34067,24,,,0,70,,34066,24,,,0,30,,34065,24,,,0,70,,34064,24,,,0,30,,34063,24,,,0,70,,34062,24,,,0,20,,34061,24,,,0,20,,34060,24,,,0,60,,34059,24,,,0,20,,34058,24,,,0,20,,34057,24,,,0,60,,34056,24,,,0,20,,34055,24,,,0,20,,34054,24,,,0,60,,34053,24,,,0,20,,34052,24,,,0,20,,34051,24,,,0,60,,34050,24,,,0,20,,34049,24,,,0,20,,34048,24,,,0,60,,34047,24,,,0,20,,34046,24,,,0,20,,34045,24,,,0,60,,34044,24,,,0,20,,34043,24,,,0,20,,34042,24,,,0,60,,34041,24,,,0,20,,34040,24,,,0,20,,34039,24,,,0,60,,34038,24,,,0,20,,34037,24,,,0,20,,34036,24,,,0,70,,34035,24,,,0,30,,34034,24,,,0,70,,34033,24,,,0,30,,34032,24,,,0
579301,'6',539,,34115,24,,,0,70,,34070,24,,,0,30,,34071,24,,,0,70,,34072,24,,,0,30,,34073,24,,,0,70,,34074,24,,,0,30,,34075,24,,,0,70,,34076,24,,,0,30,,34077,24,,,0,20,,34078,24,,,0,60,,34079,24,,,0,22,,34080,24,,,0,60,,34081,24,,,0,20,,34082,24,,,0,20,,34083,24,,,0,65,,34084,24,,,0,20,,34085,24,,,0,20,,34086,24,,,0,60,,34087,24,,,0,20,,34088,24,,,0,20,,34089,24,,,0,60,,34090,24,,,0,20,,34091,24,,,0,20,,34092,24,,,0,60,,34093,24,,,0,20,,34094,24,,,0,20,,34095,24,,,0,60,,34096,24,,,0,20,,34097,24,,,0,20,,34098,24,,,0,60,,34099,24,,,0,20,,34100,24,,,0,20,,34101,24,,,0,60,,34102,24,,,0,20,,34103,24,,,0,30,,34104,24,,,0,70,,34105,24,,,0,30,,34106,24,,,0,70,,34107,24,,,0,30,,34108,24,,,0,70,,34109,24,,,0,30,,34110,24,,,0,70,,34111,24,,,0,28,,34112,24,,,0,70,,34113,24,,,0,30,,34114,24,,,0,70,,34116,24,,,0
