578100,'1',615,,29782,1,,,0,15,,29783,1,,,0,15,,29784,1,,,0,55,,29785,1,,,0,15,,29786,1,,,0,15,,29787,1,,,0,15,,29788,1,,,0,55,,29789,1,,,0,15,,29790,1,,,0,15,,29791,1,,,0,15,,29792,1,,,0,55,,29793,1,,,0,30,,29794,1,,,0,70,,29795,1,,,0,30,,29796,1,,,0,70,,29797,1,,,0,30,,29798,1,,,0,70,,29799,1,,,0,30,,29800,1,,,0,70,,29801,1,,,0,30,,29802,1,,,0,25,,29803,1,,,0,55,,29804,1,,,0,15,,29805,1,,,0,15,,29806,1,,,0,13,,29807,1,,,0,55,,29808,1,,,0,15,,29809,1,,,0,15,,29810,1,,,0,15,,29811,1,,,0,55,,29812,1,,,0,15,,29813,1,,,0,15,,29814,1,,,0,15,,29815,1,,,0,55,,29816,1,,,0,15,,29817,1,,,0,15,,29834,1,,,0,65,,29818,1,,,0,27,,29819,1,,,0,70,,29820,1,,,0,30,,29821,1,,,0,70,,29822,1,,,0,30,,29823,1,,,0,70,,29824,1,,,0,30,,29825,1,,,0,70,,29826,1,,,0,30,,29827,1,,,0,70,,29828,1,,,0,30,,29829,1,,,0,70,,29830,1,,,0,30,,29831,1,,,0,70,,29832,1,,,0,20,,29833,1,,,0
578100,'2',630,,29848,1,,,0,70,,29849,1,,,0,30,,29839,1,,,0,70,,29840,1,,,0,30,,29841,1,,,0,70,,29842,1,,,0,30,,29845,1,,,0,70,,29846,1,,,0,40,,29847,1,,,0,70,,29843,1,,,0,30,,29844,1,,,0,70,,29838,1,,,0,30,,29852,1,,,0,70,,29850,1,,,0,30,,29851,1,,,0,70,,29855,1,,,0,30,,29856,1,,,0,70,,29853,1,,,0,30,,29854,1,,,0,70,,29858,1,,,0,30,,29857,1,,,0,70,,29859,1,,,0,30,,29864,1,,,0,70,,29860,1,,,0,30,,29863,1,,,0,70,,29861,1,,,0,30,,29865,1,,,0,70,,29862,1,,,0,30,,29835,1,,,0,70,,29836,1,,,0,30,,29837,1,,,0,70,,29866,1,,,0,30,,29867,1,,,0,70,,29868,1,,,0,30,,29869,1,,,0,70,,29870,1,,,0,30,,29871,1,,,0,80,,29872,1,,,0
578100,'3',830,,29892,1,,,0,70,,29891,1,,,0,30,,29890,1,,,0,70,,29889,1,,,0,30,,29888,1,,,0,70,,29887,1,,,0,30,,29886,1,,,0,70,,29885,1,,,0,30,,29884,1,,,0,70,,29883,1,,,0,30,,29882,1,,,0,70,,29881,1,,,0,30,,29880,1,,,0,70,,29879,1,,,0,30,,29878,1,,,0,70,,29877,1,,,0,30,,29876,1,,,0,70,,29875,1,,,0,30,,29874,1,,,0,70,,29873,1,,,0,30,,29893,1,,,0,70,,29894,1,,,0,30,,29895,1,,,0,70,,29896,1,,,0,30,,29897,1,,,0,70,,29898,1,,,0,30,,29899,1,,,0,70,,29900,1,,,0,30,,29901,1,,,0,70,,29902,1,,,0,30,,29903,1,,,0,70,,29904,1,,,0
578100,'4',830,,29905,1,,,0,70,,29906,1,,,0,30,,29907,1,,,0,70,,29908,1,,,0,30,,29909,1,,,0,70,,29910,1,,,0,30,,29911,1,,,0,70,,29912,1,,,0,30,,29913,1,,,0,70,,29914,1,,,0,30,,29915,1,,,0,70,,29916,1,,,0,30,,29917,1,,,0,70,,29918,1,,,0,30,,29919,1,,,0,70,,29920,1,,,0,30,,29921,1,,,0,70,,29922,1,,,0,30,,29923,1,,,0,70,,29924,1,,,0,30,,29925,1,,,0,70,,29926,1,,,0,100,,29927,1,,,0,100,,29928,1,,,0
578100,'6',830,,29948,1,,,0,70,,29947,1,,,0,30,,29946,1,,,0,70,,29945,1,,,0,30,,29944,1,,,0,70,,29943,1,,,0,30,,29942,1,,,0,70,,29941,1,,,0,30,,29940,1,,,0,70,,29939,1,,,0,30,,29938,1,,,0,70,,29937,1,,,0,30,,29936,1,,,0,70,,29935,1,,,0,30,,29934,1,,,0,70,,29933,1,,,0,30,,29932,1,,,0,70,,29931,1,,,0,30,,29930,1,,,0,70,,29929,1,,,0,30,,29949,1,,,0,70,,29950,1,,,0,30,,29951,1,,,0,70,,29952,1,,,0,30,,29953,1,,,0,70,,29954,1,,,0,30,,29955,1,,,0,70,,29956,1,,,0,30,,29957,1,,,0,70,,29958,1,,,0,30,,29959,1,,,0,70,,29960,1,,,0
578101,'1',612,,29961,40,4,,0,30,,29962,40,4,,0,70,,29963,40,4,,0,28,,29964,40,4,,0,15,,29965,40,4,,0,55,,29966,40,4,,0,15,,29967,40,4,,0,15,,29968,40,4,,0,15,,29969,40,4,,0,55,,29970,40,4,,0,12,,29971,40,4,,0,15,,29972,40,4,,0,15,,29973,40,4,,0,55,,29974,40,4,,0,15,,29975,40,4,,0,30,,29976,40,4,,0,70,,29977,40,4,,0,30,,29978,40,4,,0,70,,29979,40,4,,0,30,,29980,40,4,,0,70,,29981,40,4,,0,30,,29982,40,4,,0,70,,29983,40,4,,0,20,,29984,40,4,,0,15,,29985,40,4,,0,58,,29986,40,4,,0,15,,29987,40,4,,0,15,,29988,40,4,,0,55,,29989,40,4,,0,15,,29990,40,4,,0,15,,29991,40,4,,0,15,,29992,40,4,,0,55,,29993,40,4,,0,15,,29994,40,4,,0,15,,29995,40,4,,0,15,,29996,40,4,,0,9,,29997,40,4,,0,55,,29998,40,4,,0,18,,29999,40,4,,0,30,,30000,40,4,,0,70,,30001,40,4,,0,30,,30002,40,4,,0,70,,30003,40,4,,0,30,,30004,40,4,,0,70,,30005,40,4,,0,30,,30006,40,4,,0,69,,30007,40,4,,0,30,,30008,40,4,,0,70,,30009,40,4,,0,30,,30010,40,4,,0,70,,30011,40,4,,0,30,,30012,40,4,,0,60,,30013,40,4,,0
578101,'2',625,,30017,40,4,,0,30,,30043,40,4,,0,70,,30015,40,4,,0,30,,30016,40,4,,0,70,,30041,40,4,,0,30,,30042,40,4,,0,70,,30018,40,4,,0,30,,30021,40,4,,0,78,,30019,40,4,,0,70,,30020,40,4,,0,30,,30022,40,4,,0,70,,30024,40,4,,0,30,,30026,40,4,,0,70,,30023,40,4,,0,30,,30034,40,4,,0,70,,30025,40,4,,0,30,,30040,40,4,,0,70,,30029,40,4,,0,30,,30027,40,4,,0,70,,30028,40,4,,0,30,,30032,40,4,,0,70,,30030,40,4,,0,30,,30031,40,4,,0,70,,30039,40,4,,0,24,,30045,40,4,,0,30,,30044,40,4,,0,70,,30038,40,4,,0,30,,30037,40,4,,0,70,,30014,40,4,,0,30,,30036,40,4,,0,70,,30033,40,4,,0,29,,30035,40,4,,0,70,,30046,40,4,,0,30,,30047,40,4,,0,70,,30048,40,4,,0,30,,30049,40,4,,0,70,,30050,40,4,,0,30,,30051,40,4,,0,70,,30052,40,4,,0
578101,'3',925,,30072,40,4,,0,30,,30071,40,4,,0,70,,30070,40,4,,0,30,,30069,40,4,,0,70,,30068,40,4,,0,30,,30067,40,4,,0,70,,30066,40,4,,0,31,,30065,40,4,,0,65,,30064,40,4,,0,30,,30063,40,4,,0,70,,30062,40,4,,0,30,,30061,40,4,,0,70,,30060,40,4,,0,30,,30059,40,4,,0,70,,30058,40,4,,0,30,,30057,40,4,,0,70,,30056,40,4,,0,30,,30055,40,4,,0,70,,30054,40,4,,0,30,,30053,40,4,,0,70,,30073,40,4,,0,30,,30074,40,4,,0,70,,30075,40,4,,0,34,,30076,40,4,,0,70,,30077,40,4,,0,30,,30078,40,4,,0,70,,30079,40,4,,0,30,,30080,40,4,,0,70,,30081,40,4,,0,30,,30082,40,4,,0
578101,'4',920,,30083,40,4,,0,30,,30084,40,4,,0,70,,30085,40,4,,0,30,,30086,40,4,,0,70,,30087,40,4,,0,30,,30088,40,4,,0,70,,30089,40,4,,0,30,,30090,40,4,,0,70,,30091,40,4,,0,30,,30092,40,4,,0,70,,30093,40,4,,0,30,,30094,40,4,,0,70,,30095,40,4,,0,30,,30096,40,4,,0,70,,30097,40,4,,0,30,,30098,40,4,,0,70,,30099,40,4,,0,30,,30100,40,4,,0,70,,30101,40,4,,0,30,,30102,40,4,,0,70,,30103,40,4,,0,30,,30104,40,4,,0,100,,30105,40,4,,0
578101,'6',925,,30125,40,4,,0,30,,30124,40,4,,0,70,,30123,40,4,,0,30,,30122,40,4,,0,70,,30121,40,4,,0,30,,30120,40,4,,0,70,,30119,40,4,,0,31,,30118,40,4,,0,65,,30117,40,4,,0,30,,30116,40,4,,0,70,,30115,40,4,,0,30,,30114,40,4,,0,70,,30113,40,4,,0,30,,30112,40,4,,0,70,,30111,40,4,,0,30,,30110,40,4,,0,70,,30109,40,4,,0,30,,30108,40,4,,0,70,,30107,40,4,,0,30,,30106,40,4,,0,70,,30126,40,4,,0,30,,30127,40,4,,0,70,,30128,40,4,,0,34,,30129,40,4,,0,70,,30130,40,4,,0,30,,30131,40,4,,0,70,,30132,40,4,,0,30,,30133,40,4,,0,70,,30134,40,4,,0,30,,30135,40,4,,0
580800,'14601',500,,39276,1,,,0,20,,39270,1,,,0,20,,39271,1,,,0,60,,39272,1,,,0,20,,39273,1,,,0,20,,39274,1,,,0,60,,39275,1,,,0,20,,39174,1,,,0,18,,39175,1,,,0,7,,39188,1,,,0,7,,39189,1,,,0,48,,39196,1,,,0,7,,39190,1,,,0,8,,39197,1,,,0,7,,39191,1,,,0,8,,39198,1,,,0,7,,39192,1,,,0,8,,39199,1,,,0,7,,39193,1,,,0,48,,39200,1,,,0,7,,39194,1,,,0,8,,39201,1,,,0,7,,39195,1,,,0,10,,39202,1,,,0,10,,39203,1,,,0,10,,39204,1,,,0,50,,39205,1,,,0,10,,39206,1,,,0,10,,39207,1,,,0,10,,39208,1,,,0,10,,39209,1,,,0,10,,39210,1,,,0,50,,39211,1,,,0,10,,39212,1,,,0,10,,39213,1,,,0,10,,39214,1,,,0,10,,39215,1,,,0,10,,39216,1,,,0,50,,39217,1,,,0,10,,39218,1,,,0,10,,39219,1,,,0,10,,39220,1,,,0,10,,39221,1,,,0,10,,39222,1,,,0,50,,39223,1,,,0,10,,39224,1,,,0,10,,39225,1,,,0,10,,39226,1,,,0,10,,39227,1,,,0,10,,39228,1,,,0,50,,39229,1,,,0,10,,39230,1,,,0,10,,39231,1,,,0,10,,39232,1,,,0,10,,39233,1,,,0,10,,39247,1,,,0,7,,39234,1,,,0,48,,39248,1,,,0,7,,39235,1,,,0,8,,39249,1,,,0,7,,39236,1,,,0,8,,39250,1,,,0,7,,39237,1,,,0,8,,39251,1,,,0,7,,39238,1,,,0,48,,39252,1,,,0,7,,39239,1,,,0,8,,39253,1,,,0,7,,39240,1,,,0,8,,39254,1,,,0,7,,39241,1,,,0,8,,39255,1,,,0,7,,39242,1,,,0,48,,39256,1,,,0,7,,39243,1,,,0,8,,39257,1,,,0,7,,39244,1,,,0,8,,39258,1,,,0,7,,39245,1,,,0,8,,39259,1,,,0,7,,39246,1,,,0,48,,39260,1,,,0,11,,39261,1,,,0,15,,39176,1,,,0,15,,39177,1,,,0,55,,39178,1,,,0,15,,39171,1,,,0,15,,39172,1,,,0,15,,39173,1,,,0,55,,39262,1,,,0,15,,39263,1,,,0,15,,39264,1,,,0,15,,39265,1,,,0,55,,39266,1,,,0,15,,39267,1,,,0,15,,39268,1,,,0,23,,39269,1,,,0,70,,39179,1,,,0,30,,39180,1,,,0,70,,39181,1,,,0,30,,39182,1,,,0,70,,39183,1,,,0,30,,39184,1,,,0,70,,39185,1,,,0,30,,39186,1,,,0,70,,39187,1,,,0
580800,'14602',500,,39308,1,,,0,30,,39309,1,,,0,70,,39310,1,,,0,30,,39311,1,,,0,70,,39312,1,,,0,30,,39313,1,,,0,70,,39314,1,,,0,30,,39315,1,,,0,70,,39316,1,,,0,30,,39317,1,,,0,70,,39318,1,,,0,30,,39319,1,,,0,70,,39320,1,,,0,30,,39291,1,,,0,70,,39292,1,,,0,30,,39293,1,,,0,70,,39294,1,,,0,30,,39295,1,,,0,70,,39296,1,,,0,30,,39297,1,,,0,70,,39298,1,,,0,30,,39299,1,,,0,70,,39300,1,,,0,30,,39301,1,,,0,70,,39302,1,,,0,30,,39303,1,,,0,70,,39304,1,,,0,30,,39305,1,,,0,70,,39306,1,,,0,30,,39307,1,,,0,70,,39290,1,,,0,30,,39289,1,,,0,70,,39288,1,,,0,30,,39287,1,,,0,70,,39286,1,,,0,30,,39285,1,,,0,70,,39284,1,,,0,30,,39283,1,,,0,70,,39282,1,,,0,30,,39281,1,,,0,70,,39280,1,,,0,30,,39279,1,,,0,70,,39278,1,,,0,30,,39277,1,,,0
580800,'14603',600,,39346,1,,,0,30,,39347,1,,,0,70,,39348,1,,,0,30,,39349,1,,,0,70,,39350,1,,,0,30,,39351,1,,,0,70,,39352,1,,,0,30,,39353,1,,,0,70,,39354,1,,,0,30,,39355,1,,,0,70,,39356,1,,,0,30,,39337,1,,,0,70,,39336,1,,,0,30,,39335,1,,,0,70,,39334,1,,,0,30,,39333,1,,,0,70,,39332,1,,,0,30,,39331,1,,,0,70,,39330,1,,,0,30,,39329,1,,,0,70,,39328,1,,,0,30,,39327,1,,,0,70,,39326,1,,,0,30,,39325,1,,,0,70,,39324,1,,,0,30,,39323,1,,,0,70,,39322,1,,,0,30,,39321,1,,,0,70,,39338,1,,,0,30,,39339,1,,,0,70,,39340,1,,,0,30,,39341,1,,,0,70,,39342,1,,,0,30,,39343,1,,,0,70,,39344,1,,,0,30,,39345,1,,,0
580800,'14604',600,,39376,1,,,0,30,,39377,1,,,0,70,,39378,1,,,0,30,,39379,1,,,0,70,,39380,1,,,0,30,,39381,1,,,0,70,,39382,1,,,0,30,,39383,1,,,0,70,,39384,1,,,0,30,,39385,1,,,0,70,,39386,1,,,0,30,,39373,1,,,0,70,,39372,1,,,0,30,,39371,1,,,0,70,,39370,1,,,0,30,,39369,1,,,0,70,,39368,1,,,0,30,,39367,1,,,0,70,,39366,1,,,0,30,,39365,1,,,0,70,,39364,1,,,0,30,,39363,1,,,0,70,,39362,1,,,0,30,,39361,1,,,0,70,,39360,1,,,0,30,,39359,1,,,0,70,,39358,1,,,0,30,,39357,1,,,0,70,,39374,1,,,0,30,,39375,1,,,0
580800,'14606',600,,39412,1,,,0,30,,39413,1,,,0,70,,39414,1,,,0,30,,39415,1,,,0,70,,39416,1,,,0,30,,39417,1,,,0,70,,39418,1,,,0,30,,39419,1,,,0,70,,39420,1,,,0,30,,39421,1,,,0,70,,39422,1,,,0,30,,39403,1,,,0,70,,39402,1,,,0,30,,39401,1,,,0,70,,39400,1,,,0,30,,39399,1,,,0,70,,39398,1,,,0,30,,39397,1,,,0,70,,39396,1,,,0,30,,39395,1,,,0,70,,39394,1,,,0,30,,39393,1,,,0,70,,39392,1,,,0,30,,39391,1,,,0,70,,39390,1,,,0,30,,39389,1,,,0,70,,39388,1,,,0,30,,39387,1,,,0,70,,39404,1,,,0,30,,39405,1,,,0,70,,39406,1,,,0,30,,39407,1,,,0,70,,39408,1,,,0,30,,39409,1,,,0,70,,39410,1,,,0,30,,39411,1,,,0
580801,'14601',536,,39528,40,4,,0,20,,39522,40,4,,0,60,,39523,40,4,,0,20,,39524,40,4,,0,20,,39525,40,4,,0,60,,39526,40,4,,0,20,,39527,40,4,,0,20,,39520,40,4,,0,59,,39521,40,4,,0,10,,39423,40,4,,0,10,,39454,40,4,,0,10,,39424,40,4,,0,8,,39455,40,4,,0,47,,39425,40,4,,0,8,,39456,40,4,,0,9,,39426,40,4,,0,8,,39457,40,4,,0,10,,39427,40,4,,0,8,,39458,40,4,,0,5,,39428,40,4,,0,8,,39459,40,4,,0,47,,39460,40,4,,0,8,,39461,40,4,,0,13,,39462,40,4,,0,12,,39429,40,4,,0,10,,39430,40,4,,0,10,,39431,40,4,,0,50,,39432,40,4,,0,10,,39433,40,4,,0,10,,39434,40,4,,0,10,,39435,40,4,,0,10,,39436,40,4,,0,10,,39437,40,4,,0,50,,39438,40,4,,0,10,,39439,40,4,,0,10,,39440,40,4,,0,10,,39441,40,4,,0,10,,39442,40,4,,0,10,,39443,40,4,,0,50,,39444,40,4,,0,10,,39445,40,4,,0,10,,39446,40,4,,0,10,,39447,40,4,,0,10,,39448,40,4,,0,10,,39449,40,4,,0,50,,39450,40,4,,0,10,,39451,40,4,,0,10,,39452,40,4,,0,10,,39453,40,4,,0,10,,39488,40,4,,0,9,,39489,40,4,,0,48,,39492,40,4,,0,7,,39490,40,4,,0,8,,39493,40,4,,0,7,,39491,40,4,,0,8,,39463,40,4,,0,7,,39476,40,4,,0,8,,39464,40,4,,0,7,,39477,40,4,,0,48,,39465,40,4,,0,7,,39478,40,4,,0,8,,39466,40,4,,0,7,,39479,40,4,,0,8,,39467,40,4,,0,7,,39480,40,4,,0,8,,39468,40,4,,0,7,,39481,40,4,,0,48,,39469,40,4,,0,7,,39482,40,4,,0,8,,39470,40,4,,0,7,,39483,40,4,,0,8,,39471,40,4,,0,7,,39484,40,4,,0,8,,39472,40,4,,0,7,,39485,40,4,,0,48,,39473,40,4,,0,8,,39486,40,4,,0,8,,39474,40,4,,0,7,,39487,40,4,,0,8,,39475,40,4,,0,8,,39503,40,4,,0,10,,39504,40,4,,0,50,,39505,40,4,,0,10,,39506,40,4,,0,10,,39507,40,4,,0,10,,39494,40,4,,0,12,,39495,40,4,,0,15,,39496,40,4,,0,55,,39498,40,4,,0,15,,39499,40,4,,0,15,,39500,40,4,,0,15,,39501,40,4,,0,55,,39502,40,4,,0,15,,39497,40,4,,0,15,,39515,40,4,,0,15,,39516,40,4,,0,55,,39519,40,4,,0,16,,39517,40,4,,0,22,,39518,40,4,,0,70,,39508,40,4,,0,30,,39509,40,4,,0,70,,39510,40,4,,0,30,,39511,40,4,,0,70,,39512,40,4,,0,30,,39513,40,4,,0,70,,39514,40,4,,0
580801,'14602',552,,39559,40,4,,0,70,,39560,40,4,,0,30,,39561,40,4,,0,70,,39562,40,4,,0,30,,39563,40,4,,0,70,,39564,40,4,,0,30,,39565,40,4,,0,70,,39566,40,4,,0,31,,39567,40,4,,0,70,,39568,40,4,,0,30,,39569,40,4,,0,70,,39570,40,4,,0,30,,39558,40,4,,0,70,,39541,40,4,,0,30,,39542,40,4,,0,70,,39543,40,4,,0,30,,39544,40,4,,0,70,,39545,40,4,,0,30,,39546,40,4,,0,70,,39547,40,4,,0,30,,39548,40,4,,0,70,,39549,40,4,,0,30,,39550,40,4,,0,70,,39551,40,4,,0,30,,39552,40,4,,0,70,,39553,40,4,,0,30,,39554,40,4,,0,69,,39555,40,4,,0,30,,39556,40,4,,0,70,,39557,40,4,,0,30,,39540,40,4,,0,70,,39539,40,4,,0,30,,39538,40,4,,0,70,,39537,40,4,,0,30,,39536,40,4,,0,70,,39535,40,4,,0,30,,39534,40,4,,0,70,,39533,40,4,,0,30,,39532,40,4,,0,70,,39531,40,4,,0,30,,39530,40,4,,0,70,,39529,40,4,,0
580801,'14603',652,,39596,40,4,,0,70,,39597,40,4,,0,30,,39598,40,4,,0,70,,39599,40,4,,0,30,,39600,40,4,,0,70,,39601,40,4,,0,31,,39602,40,4,,0,70,,39603,40,4,,0,30,,39604,40,4,,0,70,,39605,40,4,,0,30,,39571,40,4,,0,70,,39588,40,4,,0,30,,39587,40,4,,0,70,,39586,40,4,,0,30,,39585,40,4,,0,70,,39584,40,4,,0,30,,39583,40,4,,0,70,,39582,40,4,,0,30,,39581,40,4,,0,70,,39580,40,4,,0,30,,39579,40,4,,0,70,,39578,40,4,,0,30,,39577,40,4,,0,70,,39576,40,4,,0,30,,39575,40,4,,0,69,,39574,40,4,,0,30,,39573,40,4,,0,70,,39572,40,4,,0,30,,39589,40,4,,0,70,,39590,40,4,,0,30,,39591,40,4,,0,70,,39592,40,4,,0,30,,39593,40,4,,0,70,,39594,40,4,,0,30,,39595,40,4,,0,70,,39606,40,4,,0
580801,'14604',652,,39627,40,4,,0,70,,39628,40,4,,0,30,,39629,40,4,,0,70,,39630,40,4,,0,30,,39631,40,4,,0,70,,39632,40,4,,0,31,,39633,40,4,,0,70,,39634,40,4,,0,30,,39635,40,4,,0,70,,39636,40,4,,0,30,,39607,40,4,,0,70,,39624,40,4,,0,30,,39623,40,4,,0,70,,39622,40,4,,0,30,,39621,40,4,,0,70,,39620,40,4,,0,30,,39619,40,4,,0,70,,39618,40,4,,0,30,,39617,40,4,,0,70,,39616,40,4,,0,30,,39615,40,4,,0,70,,39614,40,4,,0,30,,39613,40,4,,0,70,,39612,40,4,,0,30,,39611,40,4,,0,69,,39610,40,4,,0,30,,39609,40,4,,0,70,,39608,40,4,,0,30,,39625,40,4,,0,70,,39626,40,4,,0
580801,'14606',652,,39662,40,4,,0,70,,39663,40,4,,0,30,,39664,40,4,,0,70,,39665,40,4,,0,30,,39666,40,4,,0,70,,39667,40,4,,0,31,,39668,40,4,,0,70,,39669,40,4,,0,30,,39670,40,4,,0,70,,39671,40,4,,0,30,,39637,40,4,,0,70,,39654,40,4,,0,30,,39653,40,4,,0,70,,39652,40,4,,0,30,,39651,40,4,,0,70,,39650,40,4,,0,30,,39649,40,4,,0,70,,39648,40,4,,0,30,,39647,40,4,,0,70,,39646,40,4,,0,30,,39645,40,4,,0,70,,39644,40,4,,0,30,,39643,40,4,,0,70,,39642,40,4,,0,30,,39641,40,4,,0,69,,39640,40,4,,0,30,,39639,40,4,,0,70,,39638,40,4,,0,30,,39655,40,4,,0,70,,39656,40,4,,0,30,,39657,40,4,,0,70,,39658,40,4,,0,30,,39659,40,4,,0,70,,39660,40,4,,0,30,,39661,40,4,,0,70,,39672,40,4,,0
