580600,'1601',648,,38339,9,,,0,803,,38340,9,,,0
580600,'1',448,,38396,9,,,0,69,,38395,54,,,0,30,,38341,9,,,0,57,,38394,75,,,0,32,,38393,75,,,0,70,,38392,75,,,0,30,,38391,75,,,0,65,,38390,75,,,0,20,,38389,75,,,0,15,,38388,75,,,0,15,,38387,75,,,0,55,,38386,75,,,0,15,,38385,75,,,0,15,,38384,75,,,0,15,,38383,75,,,0,55,,38382,75,,,0,15,,38381,75,,,0,23,,38380,75,,,0,70,,38379,75,,,0,30,,38378,75,,,0,70,,38377,75,,,0,30,,38376,75,,,0,70,,38375,75,,,0,30,,38374,75,,,0,70,,38373,75,,,0,33,,38372,75,,,0,65,,38371,75,,,0,25,,38370,75,,,0,15,,38369,75,,,0,55,,38368,75,,,0,15,,38367,75,,,0,15,,38366,75,,,0,15,,38365,75,,,0,55,,38364,75,,,0,15,,38363,75,,,0,15,,38362,75,,,0,15,,38361,75,,,0,55,,38360,75,,,0,15,,38359,75,,,0,15,,38358,75,,,0,15,,38357,75,,,0,55,,38356,75,,,0,10,,38355,75,,,0,25,,38354,75,,,0,70,,38353,75,,,0,30,,38352,75,,,0,70,,38351,75,,,0,30,,38350,75,,,0,70,,38349,75,,,0,30,,38348,75,,,0,70,,38347,75,,,0,29,,38345,75,,,0,70,,38344,75,,,0,30,,38346,75,,,0,70,,38343,75,,,0,30,,38342,75,,,0
580600,'2',605,,38397,75,,,0,30,,38434,75,,,0,70,,38417,75,,,0,30,,38418,75,,,0,70,,38416,75,,,0,30,,38419,75,,,0,70,,38403,75,,,0,30,,38420,75,,,0,70,,38414,75,,,0,30,,38421,75,,,0,70,,38406,75,,,0,30,,38422,75,,,0,70,,38407,75,,,0,30,,38423,75,,,0,70,,38408,75,,,0,30,,38424,75,,,0,70,,38409,75,,,0,30,,38425,75,,,0,70,,38410,75,,,0,30,,38426,75,,,0,70,,38411,75,,,0,30,,38427,75,,,0,70,,38412,75,,,0,30,,38428,75,,,0,70,,38413,75,,,0,30,,38429,75,,,0,70,,38415,75,,,0,30,,38405,75,,,0,70,,38404,75,,,0,30,,38402,75,,,0,70,,38401,75,,,0,30,,38400,75,,,0,70,,38399,75,,,0,30,,38430,75,,,0,70,,38431,75,,,0,30,,38432,75,,,0,70,,38433,75,,,0,30,,38398,75,,,0,65,,38435,75,,,0,30,,38436,75,,,0
580600,'3',609,,38437,9,,,0,96,,38457,75,,,0,30,,38458,75,,,0,70,,38456,75,,,0,30,,38459,75,,,0,70,,38443,75,,,0,30,,38460,75,,,0,70,,38454,75,,,0,30,,38461,75,,,0,70,,38446,75,,,0,30,,38462,75,,,0,70,,38447,75,,,0,30,,38463,75,,,0,70,,38448,75,,,0,30,,38464,75,,,0,70,,38449,75,,,0,30,,38465,75,,,0,70,,38450,75,,,0,30,,38466,75,,,0,70,,38451,75,,,0,30,,38467,75,,,0,70,,38452,75,,,0,30,,38468,75,,,0,70,,38453,75,,,0,30,,38469,75,,,0,70,,38455,75,,,0,30,,38445,75,,,0,70,,38444,75,,,0,30,,38442,75,,,0,70,,38441,75,,,0,30,,38440,75,,,0,70,,38439,75,,,0,30,,38470,75,,,0,69,,38471,75,,,0,30,,38472,75,,,0,70,,38473,75,,,0,30,,38438,75,,,0
580600,'4',615,,38504,9,,,0,87,,38491,75,,,0,30,,38492,75,,,0,70,,38490,75,,,0,30,,38493,75,,,0,70,,38477,75,,,0,30,,38494,75,,,0,70,,38488,75,,,0,30,,38495,75,,,0,70,,38480,75,,,0,30,,38496,75,,,0,70,,38481,75,,,0,30,,38497,75,,,0,70,,38482,75,,,0,30,,38498,75,,,0,70,,38483,75,,,0,30,,38499,75,,,0,70,,38484,75,,,0,30,,38500,75,,,0,70,,38485,75,,,0,30,,38501,75,,,0,70,,38486,75,,,0,30,,38502,75,,,0,70,,38487,75,,,0,30,,38503,75,,,0,70,,38489,75,,,0,30,,38479,75,,,0,70,,38478,75,,,0,30,,38476,75,,,0,70,,38475,75,,,0,30,,38474,75,,,0
580600,'6',605,,38505,75,,,0,30,,38542,75,,,0,70,,38525,75,,,0,30,,38526,75,,,0,70,,38524,75,,,0,30,,38527,75,,,0,70,,38511,75,,,0,30,,38528,75,,,0,70,,38522,75,,,0,30,,38529,75,,,0,70,,38514,75,,,0,30,,38530,75,,,0,70,,38515,75,,,0,30,,38531,75,,,0,70,,38516,75,,,0,30,,38532,75,,,0,70,,38517,75,,,0,30,,38533,75,,,0,70,,38518,75,,,0,30,,38534,75,,,0,70,,38519,75,,,0,30,,38535,75,,,0,70,,38520,75,,,0,30,,38536,75,,,0,70,,38521,75,,,0,30,,38537,75,,,0,70,,38523,75,,,0,30,,38513,75,,,0,70,,38512,75,,,0,30,,38510,75,,,0,70,,38509,75,,,0,30,,38508,75,,,0,70,,38507,75,,,0,30,,38538,75,,,0,70,,38539,75,,,0,30,,38540,75,,,0,70,,38541,75,,,0,30,,38506,75,,,0,65,,38543,75,,,0,30,,38544,75,,,0
580701,'1601',851,,38961,53,0,21 22,0
580701,'1',443,,39023,43,,,0,68,,39022,43,,,0,36,,39021,43,,,0,55,,39020,43,,,0,10,,39018,43,,,0,2,,39019,78,,,0,28,,39016,43,,,0,2,,39017,78,,,0,64,,39015,78,,,0,4,,39014,43,,,0,18,,39013,78,,,0,17,,39012,78,,,0,55,,39011,78,,,0,15,,39010,78,,,0,15,,39009,78,,,0,15,,39008,78,,,0,55,,39007,78,,,0,15,,39006,78,,,0,15,,39005,78,,,0,15,,39004,78,,,0,55,,39003,78,,,0,25,,39002,78,,,0,28,,39001,78,,,0,70,,39000,78,,,0,30,,38999,78,,,0,70,,38998,78,,,0,30,,38997,78,,,0,70,,38996,78,,,0,20,,38995,43,,,0,10,,38994,78,,,0,60,,38993,43,,,0,10,,38992,78,,,0,27,,38991,78,,,0,55,,38990,78,,,0,15,,38989,78,,,0,15,,38988,78,,,0,15,,38987,78,,,0,55,,38986,78,,,0,15,,38985,78,,,0,15,,38984,78,,,0,15,,38983,78,,,0,55,,38982,78,,,0,15,,38981,78,,,0,15,,38980,78,,,0,15,,38979,78,,,0,55,,38978,78,,,0,15,,38977,78,,,0,15,,38976,78,,,0,20,,38975,78,,,0,70,,38974,78,,,0,30,,38973,78,,,0,70,,38972,78,,,0,30,,38971,78,,,0,70,,38970,78,,,0,30,,38969,78,,,0,70,,38968,78,,,0,30,,38967,78,,,0,70,,38966,78,,,0,30,,38963,78,,,0,70,,38965,78,,,0,30,,38962,78,,,0,70,,38964,78,,,0
580701,'2',601,,39063,78,,,0,30,,39024,78,,,0,70,,39025,78,,,0,30,,39026,78,,,0,25,,39038,78,,,0,70,,39027,78,,,0,30,,39039,78,,,0,70,,39028,78,,,0,30,,39040,78,,,0,70,,39029,78,,,0,75,,39041,78,,,0,30,,39030,78,,,0,70,,39042,78,,,0,30,,39043,78,,,0,70,,39044,78,,,0,30,,39045,78,,,0,70,,39046,78,,,0,30,,39047,78,,,0,70,,39048,78,,,0,30,,39031,78,,,0,70,,39049,78,,,0,30,,39032,78,,,0,70,,39050,78,,,0,30,,39033,78,,,0,70,,39051,78,,,0,30,,39052,78,,,0,70,,39053,78,,,0,30,,39034,78,,,0,25,,39054,78,,,0,70,,39055,78,,,0,30,,39056,78,,,0,70,,39057,78,,,0,30,,39058,78,,,0,70,,39059,78,,,0,30,,39060,78,,,0,70,,39035,78,,,0,30,,39036,78,,,0,70,,39061,78,,,0,30,,39037,78,,,0,85,,39062,78,,,0
580701,'3',622,,39065,43,,,0,30,,39066,43,,,0,70,,39101,78,,,0,30,,39067,78,,,0,76,,39084,78,,,0,24,,39068,78,,,0,76,,39085,78,,,0,30,,39069,78,,,0,70,,39086,78,,,0,31,,39070,78,,,0,70,,39087,78,,,0,30,,39071,78,,,0,70,,39088,78,,,0,30,,39072,78,,,0,70,,39089,78,,,0,30,,39073,78,,,0,70,,39090,78,,,0,30,,39074,78,,,0,70,,39091,78,,,0,30,,39075,78,,,0,70,,39092,78,,,0,30,,39076,78,,,0,70,,39093,78,,,0,30,,39077,78,,,0,70,,39094,78,,,0,29,,39078,78,,,0,70,,39095,78,,,0,30,,39079,78,,,0,70,,39096,78,,,0,30,,39080,78,,,0,70,,39097,78,,,0,30,,39081,78,,,0,70,,39098,78,,,0,30,,39082,78,,,0,70,,39099,78,,,0,30,,39083,78,,,0,70,,39100,78,,,0
580701,'4',708,,39131,78,,,0,30,,39132,78,,,0,70,,39115,78,,,0,30,,39117,78,,,0,70,,39114,78,,,0,30,,39118,78,,,0,70,,39113,78,,,0,30,,39119,78,,,0,70,,39112,78,,,0,30,,39120,78,,,0,70,,39111,78,,,0,30,,39121,78,,,0,70,,39110,78,,,0,30,,39122,78,,,0,70,,39109,78,,,0,30,,39123,78,,,0,70,,39108,78,,,0,30,,39124,78,,,0,70,,39107,78,,,0,30,,39125,78,,,0,70,,39106,78,,,0,30,,39126,78,,,0,70,,39105,78,,,0,30,,39127,78,,,0,70,,39104,78,,,0,30,,39128,78,,,0,70,,39103,78,,,0,30,,39129,78,,,0,70,,39102,78,,,0,30,,39130,78,,,0
580701,'6',622,,39134,43,,,0,30,,39135,43,,,0,70,,39170,78,,,0,30,,39136,78,,,0,76,,39153,78,,,0,24,,39137,78,,,0,76,,39154,78,,,0,30,,39138,78,,,0,70,,39155,78,,,0,31,,39139,78,,,0,70,,39156,78,,,0,30,,39140,78,,,0,70,,39157,78,,,0,30,,39141,78,,,0,70,,39158,78,,,0,30,,39142,78,,,0,70,,39159,78,,,0,30,,39143,78,,,0,70,,39160,78,,,0,30,,39144,78,,,0,70,,39161,78,,,0,30,,39145,78,,,0,70,,39162,78,,,0,30,,39146,78,,,0,70,,39163,78,,,0,29,,39147,78,,,0,70,,39164,78,,,0,30,,39148,78,,,0,70,,39165,78,,,0,30,,39149,78,,,0,70,,39166,78,,,0,30,,39150,78,,,0,70,,39167,78,,,0,30,,39151,78,,,0,70,,39168,78,,,0,30,,39152,78,,,0,70,,39169,78,,,0
