578301,'1',521,,31014,37,0,33 4 34,0,35,,31017,37,0,33 4 34,0,63,,31020,37,0,33 4 34,0,15,,31022,37,0,33 4 34,0,15,,31024,37,0,33 4 34,0,55,,31026,37,0,33 4 34,0,15,,31028,37,0,33 4 34,0,15,,31030,37,0,33 4 34,0,15,,31032,37,0,33 4 34,0,55,,31034,37,0,33 4 34,0,15,,31036,37,0,33 4 34,0,15,,31038,37,0,33 4 34,0,15,,31040,37,0,33 4 34,0,55,,31042,37,0,33 4 34,0,15,,31044,37,0,33 4 34,0,15,,31046,37,0,33 4 34,0,15,,31048,37,0,17 18 4 19,0,56,,31050,37,0,33 4 34,0,30,,31053,37,0,33 4 34,0,70,,31056,37,0,33 4 34,0,30,,31059,37,0,33 4 34,0,70,,31062,37,0,33 4 34,0,30,,31065,37,0,33 4 34,0,70,,31068,37,0,33 4 34,0,30,,31071,37,0,33 4 34,0,69,,31074,37,0,33 4 34,0,18,,31076,37,0,33 4 34,0,15,,31078,37,0,33 4 34,0,15,,31080,37,0,33 4 34,0,55,,31082,37,0,33 4 34,0,15,,31084,37,0,33 4 34,0,15,,31086,37,0,33 4 34,0,15,,31088,37,0,33 4 34,0,55,,31090,37,0,33 4 34,0,15,,31092,37,0,33 4 34,0,15,,31094,37,0,33 4 34,0,15,,31096,37,0,33 4 34,0,55,,31098,37,0,33 4 34,0,15,,31100,37,0,33 4 34,0,14,,31102,37,0,33 4 34,0,15,,31104,37,0,33 4 34,0,55,,31106,37,0,33 4 34,0,13,,31108,37,0,17 18 4 19,0,18,,31110,37,0,33 4 34,0,15,,31112,37,0,17 18 4 19,0,59,,31114,37,0,33 4 34,0,24,,31117,37,0,33 4 34,0,76,,31121,37,0,33 4 34,0,30,,31124,37,0,33 4 34,0,70,,31127,37,0,33 4 34,0,30,,31130,37,0,33 4 34,0,59,,31132,37,0,33 4 34,0,45,,31135,37,0,33 4 34,0,85,,31139,37,0,33 4 34,0,80,,31142,37,0,33 4 34,0,45,,31144,37,0,33 4 34,0
578301,'2',455,,31151,37,0,33 4 34,0,76,,31154,37,0,33 4 34,0,76,,31157,37,0,33 4 34,0,36,,31160,37,0,33 4 34,0,76,,31163,37,0,33 4 34,0,33,,31166,37,0,33 4 34,0,76,,31169,37,0,33 4 34,0,76,,31172,37,0,33 4 34,0,36,,31175,37,0,33 4 34,0,76,,31178,37,0,33 4 34,0,36,,31181,37,0,33 4 34,0,76,,31184,37,0,33 4 34,0,76,,31187,37,0,33 4 34,0,36,,31190,37,0,33 4 34,0,76,,31193,37,0,33 4 34,0,36,,31196,37,0,33 4 34,0,76,,31199,37,0,33 4 34,0,76,,31202,37,0,33 4 34,0,36,,31205,37,0,33 4 34,0,76,,31208,37,0,33 4 34,0,36,,31211,37,0,33 4 34,0,76,,31214,37,0,33 4 34,0,76,,31217,37,0,33 4 34,0,36,,31220,37,0,33 4 34,0,78,,31223,37,0,33 4 34,0,36,,31226,37,0,33 4 34,0,76,,31229,37,0,33 4 34,0,86,,31232,37,0,33 4 34,0,30,,31234,37,0,33 4 34,0,85,,31237,37,0,33 4 34,0,85,,31240,37,0,33 4 34,0,85,,31243,37,0,33 4 34,0,50,,31246,37,0,33 4 34,0
578301,'3',532,,31254,37,0,33 4 34,0,85,,31258,37,0,33 4 34,0,85,,31261,37,0,33 4 34,0,45,,31264,37,0,33 4 34,0,85,,31267,37,0,33 4 34,0,85,,31270,37,0,33 4 34,0,35,,31273,37,0,33 4 34,0,76,,31276,37,0,33 4 34,0,76,,31279,37,0,33 4 34,0,36,,31282,37,0,33 4 34,0,76,,31285,37,0,33 4 34,0,36,,31288,37,0,33 4 34,0,76,,31291,37,0,33 4 34,0,76,,31294,37,0,33 4 34,0,36,,31297,37,0,33 4 34,0,76,,31300,37,0,33 4 34,0,36,,31303,37,0,33 4 34,0,76,,31306,37,0,33 4 34,0,76,,31309,37,0,33 4 34,0,36,,31312,37,0,33 4 34,0,75,,31315,37,0,33 4 34,0,36,,31318,37,0,33 4 34,0,78,,31321,37,0,33 4 34,0,85,,31324,37,0,33 4 34,0,45,,31327,37,0,33 4 34,0,88,,31330,37,0,33 4 34,0,85,,31333,37,0,33 4 34,0,85,,31336,37,0,33 4 34,0,30,,31338,37,0,33 4 34,0
578301,'4',540,,31407,37,0,33 4 34,0,66,,31344,37,0,33 4 34,0,26,,31347,37,0,33 4 34,0,85,,31350,37,0,33 4 34,0,85,,31353,37,0,33 4 34,0,45,,31356,37,0,33 4 34,0,85,,31359,37,0,33 4 34,0,83,,31362,37,0,33 4 34,0,85,,31365,37,0,33 4 34,0,45,,31368,37,0,33 4 34,0,85,,31371,37,0,33 4 34,0,85,,31374,37,0,33 4 34,0,85,,31377,37,0,33 4 34,0,45,,31380,37,0,33 4 34,0,85,,31383,37,0,33 4 34,0,85,,31386,37,0,33 4 34,0,85,,31389,37,0,33 4 34,0,48,,31392,37,0,33 4 34,0,85,,31395,37,0,33 4 34,0,85,,31398,37,0,33 4 34,0,85,,31401,37,0,33 4 34,0,45,,31405,37,0,33 4 34,0
578301,'6',532,,31411,37,0,33 4 34,0,85,,31415,37,0,33 4 34,0,85,,31418,37,0,33 4 34,0,45,,31421,37,0,33 4 34,0,85,,31424,37,0,33 4 34,0,85,,31427,37,0,33 4 34,0,35,,31430,37,0,33 4 34,0,76,,31433,37,0,33 4 34,0,76,,31436,37,0,33 4 34,0,36,,31439,37,0,33 4 34,0,76,,31442,37,0,33 4 34,0,36,,31445,37,0,33 4 34,0,76,,31448,37,0,33 4 34,0,76,,31451,37,0,33 4 34,0,36,,31454,37,0,33 4 34,0,76,,31457,37,0,33 4 34,0,36,,31460,37,0,33 4 34,0,76,,31463,37,0,33 4 34,0,76,,31466,37,0,33 4 34,0,36,,31469,37,0,33 4 34,0,75,,31472,37,0,33 4 34,0,36,,31475,37,0,33 4 34,0,78,,31478,37,0,33 4 34,0,85,,31481,37,0,33 4 34,0,45,,31484,37,0,33 4 34,0,88,,31487,37,0,33 4 34,0,85,,31490,37,0,33 4 34,0,85,,31493,37,0,33 4 34,0,30,,31495,37,0,33 4 34,0
580801,'14601',521,,39528,26,,,0,20,,39522,26,,,0,60,,39523,26,,,0,20,,39524,26,,,0,20,,39525,26,,,0,60,,39526,26,,,0,20,,39527,26,,,0,20,,39520,26,,,0,59,,39521,26,,,0,10,,39423,26,,,0,10,,39454,26,,,0,10,,39424,26,,,0,8,,39455,26,,,0,7,,39425,26,,,0,8,,39456,26,,,0,49,,39426,26,,,0,8,,39457,26,,,0,8,,39427,26,,,0,8,,39458,26,,,0,5,,39428,26,,,0,8,,39459,26,,,0,7,,39460,26,,,0,8,,39461,26,,,0,53,,39462,26,,,0,12,,39429,26,,,0,10,,39430,26,,,0,10,,39431,26,,,0,10,,39432,26,,,0,10,,39433,26,,,0,50,,39434,26,,,0,10,,39435,26,,,0,10,,39436,26,,,0,10,,39437,26,,,0,10,,39438,26,,,0,10,,39439,26,,,0,50,,39440,26,,,0,10,,39441,26,,,0,10,,39442,26,,,0,10,,39443,26,,,0,10,,39444,26,,,0,10,,39445,26,,,0,50,,39446,26,,,0,10,,39447,26,,,0,10,,39448,26,,,0,10,,39449,26,,,0,10,,39450,26,,,0,10,,39451,26,,,0,50,,39452,26,,,0,10,,39453,26,,,0,10,,39488,26,,,0,9,,39489,26,,,0,8,,39492,26,,,0,7,,39490,26,,,0,48,,39493,26,,,0,7,,39491,26,,,0,8,,39463,26,,,0,7,,39476,26,,,0,8,,39464,26,,,0,7,,39477,26,,,0,8,,39465,26,,,0,7,,39478,26,,,0,48,,39466,26,,,0,7,,39479,26,,,0,8,,39467,26,,,0,7,,39480,26,,,0,8,,39468,26,,,0,7,,39481,26,,,0,8,,39469,26,,,0,7,,39482,26,,,0,48,,39470,26,,,0,7,,39483,26,,,0,8,,39471,26,,,0,7,,39484,26,,,0,8,,39472,26,,,0,7,,39485,26,,,0,8,,39473,26,,,0,8,,39486,26,,,0,48,,39474,26,,,0,7,,39487,26,,,0,8,,39475,26,,,0,8,,39503,26,,,0,10,,39504,26,,,0,10,,39505,26,,,0,10,,39506,26,,,0,50,,39507,26,,,0,10,,39494,26,,,0,14,,39495,26,,,0,15,,39496,26,,,0,15,,39498,26,,,0,55,,39499,26,,,0,15,,39500,26,,,0,15,,39501,26,,,0,15,,39502,26,,,0,55,,39497,26,,,0,15,,39515,26,,,0,15,,39516,26,,,0,15,,39519,26,,,0,57,,39517,26,,,0,22,,39518,26,,,0,70,,39508,26,,,0,30,,39509,26,,,0,70,,39510,26,,,0,30,,39511,26,,,0,70,,39512,26,,,0,30,,39513,26,,,0,70,,39514,26,,,0
580801,'14602',537,,39559,26,,,0,70,,39560,26,,,0,30,,39561,26,,,0,70,,39562,26,,,0,30,,39563,26,,,0,70,,39564,26,,,0,30,,39565,26,,,0,70,,39566,26,,,0,29,,39567,26,,,0,70,,39568,26,,,0,30,,39569,26,,,0,70,,39570,26,,,0,30,,39558,26,,,0,70,,39541,26,,,0,30,,39542,26,,,0,70,,39543,26,,,0,30,,39544,26,,,0,70,,39545,26,,,0,30,,39546,26,,,0,70,,39547,26,,,0,30,,39548,26,,,0,70,,39549,26,,,0,30,,39550,26,,,0,70,,39551,26,,,0,30,,39552,26,,,0,70,,39553,26,,,0,30,,39554,26,,,0,71,,39555,26,,,0,30,,39556,26,,,0,70,,39557,26,,,0,30,,39540,26,,,0,70,,39539,26,,,0,30,,39538,26,,,0,70,,39537,26,,,0,31,,39536,26,,,0,70,,39535,26,,,0,30,,39534,26,,,0,70,,39533,26,,,0,30,,39532,26,,,0,70,,39531,26,,,0,30,,39530,26,,,0,70,,39529,26,,,0
580801,'14603',637,,39596,26,,,0,70,,39597,26,,,0,30,,39598,26,,,0,70,,39599,26,,,0,30,,39600,26,,,0,70,,39601,26,,,0,29,,39602,26,,,0,70,,39603,26,,,0,30,,39604,26,,,0,70,,39605,26,,,0,30,,39571,26,,,0,70,,39588,26,,,0,30,,39587,26,,,0,70,,39586,26,,,0,30,,39585,26,,,0,70,,39584,26,,,0,30,,39583,26,,,0,70,,39582,26,,,0,30,,39581,26,,,0,70,,39580,26,,,0,30,,39579,26,,,0,70,,39578,26,,,0,30,,39577,26,,,0,70,,39576,26,,,0,30,,39575,26,,,0,71,,39574,26,,,0,30,,39573,26,,,0,70,,39572,26,,,0,30,,39589,26,,,0,70,,39590,26,,,0,30,,39591,26,,,0,70,,39592,26,,,0,31,,39593,26,,,0,70,,39594,26,,,0,30,,39595,26,,,0,70,,39606,26,,,0
580801,'14604',637,,39627,26,,,0,70,,39628,26,,,0,30,,39629,26,,,0,70,,39630,26,,,0,30,,39631,26,,,0,70,,39632,26,,,0,29,,39633,26,,,0,70,,39634,26,,,0,30,,39635,26,,,0,70,,39636,26,,,0,30,,39607,26,,,0,70,,39624,26,,,0,30,,39623,26,,,0,70,,39622,26,,,0,30,,39621,26,,,0,70,,39620,26,,,0,30,,39619,26,,,0,70,,39618,26,,,0,30,,39617,26,,,0,70,,39616,26,,,0,30,,39615,26,,,0,70,,39614,26,,,0,30,,39613,26,,,0,70,,39612,26,,,0,30,,39611,26,,,0,71,,39610,26,,,0,30,,39609,26,,,0,70,,39608,26,,,0,30,,39625,26,,,0,70,,39626,26,,,0
580801,'14606',637,,39662,26,,,0,70,,39663,26,,,0,30,,39664,26,,,0,70,,39665,26,,,0,30,,39666,26,,,0,70,,39667,26,,,0,29,,39668,26,,,0,70,,39669,26,,,0,30,,39670,26,,,0,70,,39671,26,,,0,30,,39637,26,,,0,70,,39654,26,,,0,30,,39653,26,,,0,70,,39652,26,,,0,30,,39651,26,,,0,70,,39650,26,,,0,30,,39649,26,,,0,70,,39648,26,,,0,30,,39647,26,,,0,70,,39646,26,,,0,30,,39645,26,,,0,70,,39644,26,,,0,30,,39643,26,,,0,70,,39642,26,,,0,30,,39641,26,,,0,71,,39640,26,,,0,30,,39639,26,,,0,70,,39638,26,,,0,30,,39655,26,,,0,70,,39656,26,,,0,30,,39657,26,,,0,70,,39658,26,,,0,31,,39659,26,,,0,70,,39660,26,,,0,30,,39661,26,,,0,70,,39672,26,,,0
582800,'1',656,,40229,20,,,0,55,,40231,20,,,0,15,,40233,20,,,0,15,,40235,20,,,0,15,,40237,20,,,0,55,,40239,20,,,0,15,,40241,20,,,0,15,,40243,20,,,0,14,,40245,20,,,0,52,,40247,20,,,0,12,,40249,20,,,0,12,,40251,20,,,0,12,,40253,20,,,0,12,,40255,20,,,0,52,,40257,20,,,0,12,,40259,20,,,0,12,,40261,20,,,0,12,,40263,20,,,0,12,,40265,20,,,0,52,,40267,20,,,0,12,,40269,20,,,0,12,,40271,20,,,0,12,,40273,20,,,0,12,,40275,20,,,0,52,,40277,20,,,0,12,,40279,20,,,0,12,,40281,20,,,0,12,,40283,20,,,0,12,,40285,20,,,0,52,,40287,20,,,0,12,,40289,20,,,0,12,,40291,20,,,0,12,,40293,20,,,0,12,,40295,20,,,0,49,,40297,20,,,0,12,,40299,20,,,0,12,,40301,20,,,0,12,,40303,20,,,0,12,,40305,20,,,0,52,,40307,20,,,0,12,,40309,20,,,0,12,,40311,20,,,0,12,,40313,20,,,0,13,,40315,20,,,0,52,,40317,20,,,0,12,,40319,20,,,0,12,,40321,20,,,0,12,,40323,20,,,0,12,,40325,20,,,0,52,,40327,20,,,0,12,,40329,20,,,0,15,,40331,20,,,0,12,,40333,20,,,0,12,,40335,20,,,0,52,,40337,20,,,0,12,,40215,20,,,0,12,,40339,20,,,0,12,,40341,20,,,0
