580101,'1',504,,37315,2,,,0,20,,37316,2,,,0,20,,37317,2,,,0,60,,37318,2,,,0,20,,37319,2,,,0,20,,37320,2,,,0,15,,37321,2,,,0,55,,37322,2,,,0,15,,37323,2,,,0,15,,37324,2,,,0,58,,37325,2,,,0,20,,37326,2,,,0,20,,37327,2,,,0,60,,37328,2,,,0,20,,37329,2,,,0,20,,37330,2,,,0,60,,37331,2,,,0,20,,37332,2,,,0,20,,37333,2,,,0,60,,37334,2,,,0,20,,37335,2,,,0,20,,37336,2,,,0,60,,37337,2,,,0,20,,37338,2,,,0,20,,37339,2,,,0,60,,37340,2,,,0,20,,37341,2,,,0,20,,37342,2,,,0,15,,37343,2,,,0,55,,37344,2,,,0,15,,37345,2,,,0,15,,37346,2,,,0,15,,37347,2,,,0,55,,37348,2,,,0,15,,37349,2,,,0,15,,37350,2,,,0,15,,37351,2,,,0,55,,37352,2,,,0,15,,37353,2,,,0,15,,37354,2,,,0,15,,37355,2,,,0,55,,37356,2,,,0,15,,37357,2,,,0,15,,37358,2,,,0,70,,37359,2,,,0,30,,37360,2,,,0,70,,37361,2,,,0,30,,37362,2,,,0,70,,37363,2,,,0,30,,37364,2,,,0,85,,37365,2,,,0,80,,37366,2,,,0,40,,37367,2,,,0,80,,37368,2,,,0,80,,37369,2,,,0,40,,37370,2,,,0
580101,'2',504,,37406,2,,,0,30,,37407,2,,,0,70,,37371,2,,,0,30,,37372,2,,,0,70,,37373,2,,,0,30,,37374,2,,,0,70,,37375,2,,,0,30,,37376,2,,,0,70,,37377,2,,,0,30,,37378,2,,,0,70,,37379,2,,,0,30,,37380,2,,,0,70,,37381,2,,,0,30,,37382,2,,,0,70,,37383,2,,,0,30,,37384,2,,,0,70,,37385,2,,,0,30,,37386,2,,,0,70,,37387,2,,,0,30,,37388,2,,,0,70,,37389,2,,,0,30,,37390,2,,,0,70,,37391,2,,,0,30,,37392,2,,,0,70,,37393,2,,,0,30,,37394,2,,,0,70,,37395,2,,,0,30,,37396,2,,,0,70,,37397,2,,,0,30,,37398,2,,,0,70,,37399,2,,,0,30,,37400,2,,,0,70,,37401,2,,,0,30,,37402,2,,,0,70,,37403,2,,,0,40,,37404,2,,,0,80,,37405,2,,,0,80,,37408,2,,,0,40,,37409,2,,,0
580101,'3',550,,37410,2,,,0,70,,37411,2,,,0,30,,37412,2,,,0,70,,37413,2,,,0,30,,37414,2,,,0,70,,37415,2,,,0,30,,37416,2,,,0,70,,37417,2,,,0,30,,37418,2,,,0,70,,37419,2,,,0,30,,37420,2,,,0,70,,37421,2,,,0,30,,37422,2,,,0,70,,37423,2,,,0,30,,37424,2,,,0,70,,37425,2,,,0,30,,37426,2,,,0,70,,37427,2,,,0,30,,37428,2,,,0,70,,37429,2,,,0,30,,37430,2,,,0,70,,37431,2,,,0,30,,37432,2,,,0,70,,37433,2,,,0,30,,37434,2,,,0,70,,37435,2,,,0,30,,37436,2,,,0,70,,37437,2,,,0,30,,37438,2,,,0,70,,37439,2,,,0,30,,37440,2,,,0,75,,37441,2,,,0,80,,37442,2,,,0,40,,37443,2,,,0,80,,37444,2,,,0,75,,37445,2,,,0
580101,'4',626,,37467,2,,,0,80,,37466,2,,,0,40,,37446,2,,,0,80,,37447,2,,,0,80,,37448,2,,,0,40,,37449,2,,,0,80,,37450,2,,,0,80,,37451,2,,,0,40,,37452,2,,,0,80,,37453,2,,,0,80,,37454,2,,,0,40,,37455,2,,,0,80,,37456,2,,,0,80,,37457,2,,,0,40,,37458,2,,,0,80,,37459,2,,,0,80,,37460,2,,,0,40,,37461,2,,,0,80,,37462,2,,,0,80,,37463,2,,,0,40,,37464,2,,,0,80,,37465,2,,,0
580101,'6',550,,37468,2,,,0,70,,37469,2,,,0,30,,37470,2,,,0,70,,37471,2,,,0,30,,37472,2,,,0,70,,37473,2,,,0,30,,37474,2,,,0,70,,37475,2,,,0,30,,37476,2,,,0,70,,37477,2,,,0,30,,37478,2,,,0,70,,37479,2,,,0,30,,37480,2,,,0,70,,37481,2,,,0,30,,37482,2,,,0,70,,37483,2,,,0,30,,37484,2,,,0,70,,37485,2,,,0,30,,37486,2,,,0,70,,37487,2,,,0,30,,37488,2,,,0,70,,37489,2,,,0,30,,37490,2,,,0,70,,37491,2,,,0,30,,37492,2,,,0,70,,37493,2,,,0,30,,37494,2,,,0,70,,37495,2,,,0,30,,37496,2,,,0,70,,37497,2,,,0,30,,37498,2,,,0,75,,37499,2,,,0,80,,37500,2,,,0,40,,37501,2,,,0,80,,37502,2,,,0,75,,37503,2,,,0
583001,'1601',808,,41956,6,,,0,602,,41955,6,0,42 43 44 10,0,124,,41949,6,0,42 43 44 10,0,7,,41952,6,0,42 43 44 10,0
583001,'1',440,,41985,6,,,0,15,,41992,6,,,0,55,,41984,6,,,0,20,,42011,6,,,0,20,,41991,6,,,0,60,,41990,6,,,0,10,,41988,6,,,0,30,,41989,6,,,0,55,,41983,6,,,0,15,,41978,6,,,0,15,,41982,6,,,0,15,,41977,6,,,0,55,,41981,6,,,0,15,,41976,6,,,0,15,,41980,6,,,0,15,,41975,6,,,0,55,,41979,6,,,0,20,,41993,6,,,0,20,,41994,6,,,0,59,,42012,6,,,0,20,,41995,6,,,0,20,,41996,6,,,0,60,,41997,6,,,0,20,,41998,6,,,0,20,,41999,6,,,0,60,,42000,6,,,0,20,,42001,6,,,0,20,,42002,6,,,0,60,,42003,6,,,0,20,,41987,6,,,0,15,,41986,6,,,0,14,,41974,6,,,0,55,,41966,6,,,0,15,,41973,6,,,0,15,,41965,6,,,0,15,,41972,6,,,0,55,,41964,6,,,0,15,,41971,6,,,0,15,,41963,6,,,0,15,,41970,6,,,0,55,,41962,6,,,0,15,,41969,6,,,0,15,,41961,6,,,0,15,,41968,6,,,0,55,,41960,6,,,0,15,,41967,6,,,0,15,,41959,6,,,0,15,,41957,6,,,0,55,,42004,6,,,0,15,,42005,6,,,0,20,,42006,6,,,0,62,,42007,6,,,0,20,,42008,6,,,0,20,,42009,6,,,0,60,,42010,6,,,0,20,,42026,6,,,0,20,,42025,6,,,0,60,,42024,6,,,0,20,,42023,6,,,0,20,,42022,6,,,0,61,,42021,6,,,0,20,,42020,6,,,0,20,,42019,6,,,0,60,,42018,6,,,0,20,,42017,6,,,0,20,,42016,6,,,0,60,,42015,6,,,0,20,,42014,6,,,0,82,,42013,6,0,41 4 8 9 10,0
583001,'2',502,,42082,6,,,0,36,,42081,6,,,0,75,,42080,6,,,0,29,,42079,6,,,0,71,,42078,6,,,0,30,,42077,6,,,0,83,,42076,6,,,0,20,,42074,6,,,0,60,,42073,6,,,0,20,,42072,6,,,0,20,,42071,6,,,0,60,,42070,6,,,0,20,,42069,6,,,0,20,,42068,6,,,0,60,,42067,6,,,0,20,,42066,6,,,0,20,,42065,6,,,0,60,,42064,6,,,0,20,,42063,6,,,0,20,,42062,6,,,0,60,,42061,6,,,0,20,,42060,6,,,0,20,,42059,6,,,0,60,,42058,6,,,0,20,,42057,6,,,0,20,,42056,6,,,0,60,,42055,6,,,0,20,,42054,6,,,0,20,,42053,6,,,0,60,,42052,6,,,0,20,,42051,6,,,0,20,,42050,6,,,0,60,,42049,6,,,0,20,,42048,6,,,0,20,,42047,6,,,0,60,,42046,6,,,0,20,,42045,6,,,0,20,,42044,6,,,0,62,,42043,6,,,0,20,,42042,6,,,0,20,,42041,6,,,0,60,,42040,6,,,0,20,,42039,6,,,0,20,,42038,6,,,0,60,,42037,6,,,0,20,,42036,6,,,0,20,,42035,6,,,0,60,,42034,6,,,0,20,,42033,6,,,0,20,,42032,6,,,0,61,,42031,6,,,0,20,,42030,6,,,0,20,,42029,6,,,0,60,,42028,6,,,0,18,,42027,6,,,0
583001,'3',521,,42097,6,,,0,80,,42111,6,,,0,40,,42096,6,,,0,80,,42112,6,,,0,80,,42088,6,,,0,40,,42103,6,,,0,60,,42113,6,,,0,20,,42099,6,,,0,20,,42114,6,,,0,18,,42100,6,,,0,60,,42115,6,,,0,20,,42098,6,,,0,20,,42116,6,,,0,60,,42095,6,,,0,20,,42117,6,,,0,20,,42106,6,,,0,60,,42118,6,,,0,20,,42090,6,,,0,20,,42119,6,,,0,60,,42108,6,,,0,20,,42120,6,,,0,20,,42107,6,,,0,60,,42121,6,,,0,20,,42092,6,,,0,20,,42122,6,,,0,60,,42109,6,,,0,20,,42123,6,,,0,20,,42091,6,,,0,60,,42124,6,,,0,20,,42104,6,,,0,20,,42125,6,,,0,60,,42102,6,,,0,20,,42126,6,,,0,20,,42101,6,,,0,60,,42127,6,,,0,20,,42105,6,,,0,62,,42128,6,,,0,25,,42110,6,,,0,20,,42129,6,,,0,60,,42094,6,,,0,20,,42089,6,,,0,20,,42093,6,,,0,70,,42087,6,,,0,30,,42085,6,,,0,70,,42086,6,,,0,31,,42084,6,,,0,69,,42083,6,,,0
583001,'4',621,,42130,6,,,0,30,,42131,6,,,0,70,,42132,6,,,0,30,,42133,6,,,0,70,,42134,6,,,0,30,,42135,6,,,0,70,,42136,6,,,0,30,,42137,6,,,0,70,,42138,6,,,0,30,,42139,6,,,0,70,,42140,6,,,0,30,,42141,6,,,0,70,,42142,6,,,0,30,,42143,6,,,0,70,,42144,6,,,0,30,,42145,6,,,0,70,,42146,6,,,0,30,,42147,6,,,0,70,,42148,6,,,0,30,,42149,6,,,0,70,,42150,6,,,0,30,,42151,6,,,0,70,,42152,6,,,0,30,,42153,6,,,0,70,,42154,6,,,0,30,,42155,6,,,0,70,,42156,6,,,0,30,,42157,6,,,0,70,,42158,6,,,0,30,,42159,6,,,0,71,,42161,6,0,41 4 8 9 10,0
583001,'6',502,,42217,6,,,0,36,,42216,6,,,0,75,,42215,6,,,0,29,,42214,6,,,0,71,,42213,6,,,0,30,,42212,6,,,0,83,,42211,6,,,0,20,,42209,6,,,0,60,,42208,6,,,0,20,,42207,6,,,0,20,,42206,6,,,0,60,,42205,6,,,0,20,,42204,6,,,0,20,,42203,6,,,0,60,,42202,6,,,0,20,,42201,6,,,0,20,,42200,6,,,0,60,,42199,6,,,0,20,,42198,6,,,0,20,,42197,6,,,0,60,,42196,6,,,0,20,,42195,6,,,0,20,,42194,6,,,0,60,,42193,6,,,0,20,,42192,6,,,0,20,,42191,6,,,0,60,,42190,6,,,0,20,,42189,6,,,0,20,,42188,6,,,0,60,,42187,6,,,0,20,,42186,6,,,0,20,,42185,6,,,0,60,,42184,6,,,0,20,,42183,6,,,0,20,,42182,6,,,0,60,,42181,6,,,0,20,,42180,6,,,0,20,,42179,6,,,0,62,,42178,6,,,0,20,,42177,6,,,0,20,,42176,6,,,0,60,,42175,6,,,0,20,,42174,6,,,0,20,,42173,6,,,0,60,,42172,6,,,0,20,,42171,6,,,0,20,,42170,6,,,0,60,,42169,6,,,0,20,,42168,6,,,0,20,,42167,6,,,0,61,,42166,6,,,0,20,,42165,6,,,0,20,,42164,6,,,0,60,,42163,6,,,0,18,,42162,6,,,0
