579300,'1',534,,33626,19,,,0,20,,33603,19,,,0,55,,33616,19,,,0,15,,33617,19,,,0,15,,33604,19,,,0,15,,33554,19,,,0,55,,33618,19,,,0,17,,33555,19,,,0,15,,33619,19,,,0,15,,33556,19,,,0,55,,33557,19,,,0,15,,33559,19,,,0,15,,33558,19,,,0,10,,33581,19,,,0,50,,33553,19,,,0,10,,33552,19,,,0,10,,33582,19,,,0,10,,33551,19,,,0,10,,33550,19,,,0,11,,33583,19,,,0,50,,33549,19,,,0,10,,33548,19,,,0,10,,33584,19,,,0,10,,33580,19,,,0,10,,33547,19,,,0,10,,33585,19,,,0,60,,33605,19,,,0,20,,33606,19,,,0,20,,33607,19,,,0,60,,33608,19,,,0,20,,33609,19,,,0,20,,33610,19,,,0,60,,33611,19,,,0,20,,33612,19,,,0,20,,33613,19,,,0,60,,33614,19,,,0,20,,33615,19,,,0,20,,33544,19,,,0,60,,33586,19,,,0,20,,33579,19,,,0,10,,33578,19,,,0,10,,33587,19,,,0,50,,33577,19,,,0,10,,33576,19,,,0,10,,33588,19,,,0,10,,33575,19,,,0,10,,33574,19,,,0,10,,33589,19,,,0,50,,33573,19,,,0,10,,33572,19,,,0,10,,33590,19,,,0,10,,33571,19,,,0,10,,33570,19,,,0,10,,33591,19,,,0,50,,33569,19,,,0,10,,33568,19,,,0,10,,33592,19,,,0,10,,33567,19,,,0,10,,33566,19,,,0,8,,33593,19,,,0,50,,33565,19,,,0,10,,33564,19,,,0,10,,33594,19,,,0,10,,33563,19,,,0,15,,33602,19,,,0,55,,33562,19,,,0,20,,33561,19,,,0,20,,33560,19,,,0,60,,33620,19,,,0,20,,33546,19,,,0,20,,33621,19,,,0,19,,33545,19,,,0,60,,33595,19,,,0,20,,33622,19,,,0,20,,33596,19,,,0,60,,33597,19,,,0,20,,33623,19,,,0,20,,33598,19,,,0,60,,33599,19,,,0,20,,33624,19,,,0,20,,33600,19,,,0,60,,33625,19,,,0,13,,33601,19,,,0
579300,'2',544,,33687,19,,,0,60,,33627,19,,,0,20,,33688,19,,,0,20,,33628,19,,,0,60,,33689,19,,,0,20,,33629,19,,,0,20,,33630,19,,,0,60,,33690,19,,,0,22,,33631,19,,,0,20,,33632,19,,,0,60,,33633,19,,,0,15,,33634,19,,,0,15,,33635,19,,,0,15,,33636,19,,,0,55,,33637,19,,,0,15,,33638,19,,,0,15,,33639,19,,,0,15,,33640,19,,,0,55,,33641,19,,,0,15,,33642,19,,,0,15,,33643,19,,,0,15,,33644,19,,,0,55,,33645,19,,,0,15,,33646,19,,,0,15,,33647,19,,,0,15,,33648,19,,,0,55,,33649,19,,,0,15,,33650,19,,,0,15,,33651,19,,,0,15,,33652,19,,,0,55,,33653,19,,,0,15,,33654,19,,,0,15,,33655,19,,,0,15,,33656,19,,,0,55,,33657,19,,,0,15,,33658,19,,,0,15,,33659,19,,,0,15,,33660,19,,,0,55,,33661,19,,,0,15,,33662,19,,,0,15,,33663,19,,,0,15,,33664,19,,,0,55,,33665,19,,,0,15,,33666,19,,,0,15,,33667,19,,,0,15,,33668,19,,,0,55,,33669,19,,,0,15,,33670,19,,,0,15,,33671,19,,,0,15,,33672,19,,,0,55,,33673,19,,,0,15,,33674,19,,,0,19,,33691,19,,,0,60,,33675,19,,,0,20,,33676,19,,,0,20,,33692,19,,,0,60,,33677,19,,,0,20,,33678,19,,,0,20,,33693,19,,,0,60,,33679,19,,,0,20,,33680,19,,,0,19,,33694,19,,,0,20,,33681,19,,,0,60,,33682,19,,,0,20,,33695,19,,,0,20,,33683,19,,,0,60,,33684,19,,,0,20,,33696,19,,,0,20,,33685,19,,,0,60,,33686,19,,,0,20,,33697,19,,,0
579300,'3',554,,33744,19,,,0,70,,33728,19,,,0,30,,33729,19,,,0,70,,33730,19,,,0,30,,33731,19,,,0,70,,33732,19,,,0,30,,33733,19,,,0,72,,33734,19,,,0,30,,33735,19,,,0,70,,33736,19,,,0,30,,33737,19,,,0,60,,33738,19,,,0,20,,33739,19,,,0,20,,33740,19,,,0,60,,33741,19,,,0,20,,33742,19,,,0,20,,33743,19,,,0,60,,33698,19,,,0,20,,33699,19,,,0,20,,33700,19,,,0,60,,33701,19,,,0,20,,33702,19,,,0,20,,33703,19,,,0,60,,33704,19,,,0,20,,33705,19,,,0,20,,33706,19,,,0,60,,33707,19,,,0,20,,33708,19,,,0,20,,33709,19,,,0,60,,33710,19,,,0,20,,33711,19,,,0,20,,33712,19,,,0,60,,33713,19,,,0,19,,33714,19,,,0,20,,33715,19,,,0,60,,33716,19,,,0,20,,33717,19,,,0,70,,33718,19,,,0,30,,33719,19,,,0,70,,33720,19,,,0,29,,33721,19,,,0,70,,33722,19,,,0,30,,33723,19,,,0,70,,33724,19,,,0,30,,33725,19,,,0,70,,33726,19,,,0,30,,33727,19,,,0
579300,'4',601,,33784,19,,,0,50,,33783,19,,,0,70,,33782,19,,,0,30,,33781,19,,,0,70,,33780,19,,,0,30,,33779,19,,,0,70,,33778,19,,,0,30,,33777,19,,,0,70,,33776,19,,,0,30,,33775,19,,,0,70,,33774,19,,,0,20,,33773,19,,,0,60,,33772,19,,,0,20,,33771,19,,,0,20,,33770,19,,,0,60,,33769,19,,,0,20,,33768,19,,,0,20,,33767,19,,,0,60,,33766,19,,,0,20,,33765,19,,,0,20,,33764,19,,,0,60,,33763,19,,,0,20,,33762,19,,,0,20,,33761,19,,,0,60,,33760,19,,,0,20,,33759,19,,,0,20,,33758,19,,,0,60,,33757,19,,,0,20,,33756,19,,,0,20,,33755,19,,,0,60,,33754,19,,,0,20,,33753,19,,,0,20,,33752,19,,,0,60,,33751,19,,,0,20,,33750,19,,,0,20,,33749,19,,,0,60,,33748,19,,,0,25,,33747,19,,,0,30,,33746,19,,,0,70,,33745,19,,,0
579300,'6',554,,33831,19,,,0,70,,33815,19,,,0,30,,33816,19,,,0,70,,33817,19,,,0,30,,33818,19,,,0,70,,33819,19,,,0,30,,33820,19,,,0,72,,33821,19,,,0,30,,33822,19,,,0,70,,33823,19,,,0,30,,33824,19,,,0,60,,33825,19,,,0,20,,33826,19,,,0,20,,33827,19,,,0,60,,33828,19,,,0,20,,33829,19,,,0,20,,33830,19,,,0,60,,33785,19,,,0,20,,33786,19,,,0,20,,33787,19,,,0,60,,33788,19,,,0,20,,33789,19,,,0,20,,33790,19,,,0,60,,33791,19,,,0,20,,33792,19,,,0,20,,33793,19,,,0,60,,33794,19,,,0,20,,33795,19,,,0,20,,33796,19,,,0,60,,33797,19,,,0,20,,33798,19,,,0,20,,33799,19,,,0,60,,33800,19,,,0,19,,33801,19,,,0,20,,33802,19,,,0,60,,33803,19,,,0,20,,33804,19,,,0,70,,33805,19,,,0,30,,33806,19,,,0,70,,33807,19,,,0,29,,33808,19,,,0,70,,33809,19,,,0,30,,33810,19,,,0,70,,33811,19,,,0,30,,33812,19,,,0,70,,33813,19,,,0,30,,33814,19,,,0
580000,'1',512,,36693,20,,,0,35,,36695,20,,,0,60,,36696,20,,,0,20,,36697,20,,,0,20,,36698,20,,,0,57,,36699,20,,,0,15,,36700,20,,,0,15,,36701,20,,,0,15,,36702,20,,,0,55,,36703,20,,,0,15,,36704,20,,,0,15,,36705,20,,,0,15,,36706,20,,,0,71,,36707,20,,,0,30,,36708,20,,,0,70,,36709,20,,,0,30,,36710,20,,,0,70,,36711,20,,,0,30,,36712,20,,,0,70,,36713,20,,,0,30,,36714,20,,,0,70,,36715,20,,,0,30,,36716,20,,,0,70,,36717,20,,,0,34,,36718,20,,,0,55,,36719,20,,,0,15,,36720,20,,,0,15,,36721,20,,,0,15,,36722,20,,,0,55,,36723,20,,,0,15,,36724,20,,,0,15,,36725,20,,,0,15,,36726,20,,,0,55,,36727,20,,,0,15,,36728,20,,,0,15,,36729,20,,,0,15,,36730,20,,,0,55,,36731,20,,,0,15,,36732,20,,,0,15,,36733,20,,,0,70,,36734,20,,,0,27,,36735,20,,,0,70,,36736,20,,,0,30,,36737,20,,,0,70,,36738,20,,,0,30,,36739,20,,,0,70,,36740,20,,,0,30,,36741,20,,,0,70,,36742,20,,,0,25,,36743,20,,,0,70,,36744,20,,,0,30,,36745,20,,,0,70,,36746,20,,,0,35,,36747,20,,,0
580000,'2',545,,36750,20,,,0,70,,36796,20,,,0,15,,36748,20,,,0,15,,36795,20,,,0,70,,36794,20,,,0,30,,36793,20,,,0,70,,36792,20,,,0,30,,36791,20,,,0,73,,36779,20,,,0,20,,36782,20,,,0,20,,36780,20,,,0,60,,36781,20,,,0,20,,36785,20,,,0,20,,36789,20,,,0,60,,36790,20,,,0,20,,36778,20,,,0,20,,36775,20,,,0,60,,36776,20,,,0,20,,36777,20,,,0,20,,36767,20,,,0,60,,36765,20,,,0,20,,36770,20,,,0,20,,36768,20,,,0,60,,36769,20,,,0,20,,36774,20,,,0,20,,36761,20,,,0,60,,36763,20,,,0,20,,36766,20,,,0,20,,36764,20,,,0,60,,36798,20,,,0,20,,36797,20,,,0,20,,36760,20,,,0,60,,36762,20,,,0,20,,36773,20,,,0,20,,36759,20,,,0,60,,36758,20,,,0,20,,36757,20,,,0,20,,36749,20,,,0,60,,36772,20,,,0,30,,36771,20,,,0,70,,36756,20,,,0,30,,36755,20,,,0,70,,36788,20,,,0,30,,36787,20,,,0,70,,36786,20,,,0,30,,36784,20,,,0,67,,36783,20,,,0,30,,36754,20,,,0,70,,36753,20,,,0,30,,36752,20,,,0,70,,36751,20,,,0
580000,'3',543,,36808,20,,,0,71,,36825,20,,,0,30,,36807,20,,,0,70,,36826,20,,,0,30,,36806,20,,,0,70,,36827,20,,,0,30,,36805,20,,,0,76,,36828,20,,,0,30,,36804,20,,,0,70,,36830,20,,,0,30,,36813,20,,,0,70,,36820,20,,,0,30,,36824,20,,,0,70,,36821,20,,,0,30,,36810,20,,,0,70,,36809,20,,,0,30,,36831,20,,,0,70,,36822,20,,,0,30,,36814,20,,,0,70,,36823,20,,,0,30,,36816,20,,,0,70,,36815,20,,,0,30,,36829,20,,,0,70,,36817,20,,,0,30,,36818,20,,,0,70,,36819,20,,,0,30,,36832,20,,,0,66,,36811,20,,,0,30,,36833,20,,,0,70,,36812,20,,,0,30,,36838,20,,,0,70,,36839,20,,,0,30,,36840,20,,,0,68,,36841,20,,,0,30,,36842,20,,,0,70,,36843,20,,,0,30,,36844,20,,,0,70,,36845,20,,,0
580000,'4',614,,36846,20,,,0,45,,36847,20,,,0,85,,36848,20,,,0,85,,36849,20,,,0,85,,36850,20,,,0,45,,36851,20,,,0,86,,36852,20,,,0,85,,36853,20,,,0,85,,36854,20,,,0,85,,36855,20,,,0,45,,36856,20,,,0,85,,36857,20,,,0,85,,36858,20,,,0,85,,36859,20,,,0,45,,36860,20,,,0,85,,36861,20,,,0,84,,36862,20,,,0,45,,36863,20,,,0,85,,36864,20,,,0,85,,36865,20,,,0,85,,36866,20,,,0
580000,'6',543,,36872,20,,,0,71,,36889,20,,,0,30,,36871,20,,,0,70,,36890,20,,,0,30,,36870,20,,,0,70,,36891,20,,,0,30,,36869,20,,,0,76,,36892,20,,,0,30,,36868,20,,,0,70,,36894,20,,,0,30,,36877,20,,,0,70,,36884,20,,,0,30,,36888,20,,,0,70,,36885,20,,,0,30,,36874,20,,,0,70,,36873,20,,,0,30,,36895,20,,,0,70,,36886,20,,,0,30,,36878,20,,,0,70,,36887,20,,,0,30,,36880,20,,,0,70,,36879,20,,,0,30,,36893,20,,,0,70,,36881,20,,,0,30,,36882,20,,,0,70,,36883,20,,,0,30,,36896,20,,,0,66,,36875,20,,,0,30,,36897,20,,,0,70,,36876,20,,,0,30,,36902,20,,,0,70,,36903,20,,,0,30,,36904,20,,,0,68,,36905,20,,,0,30,,36906,20,,,0,70,,36907,20,,,0,30,,36908,20,,,0,70,,36909,20,,,0
