578301,'1',506,,31014,13,0,33 4 34,0,35,,31017,13,0,33 4 34,0,63,,31020,13,0,33 4 34,0,15,,31022,13,0,33 4 34,0,14,,31024,13,0,33 4 34,0,15,,31026,13,0,33 4 34,0,55,,31028,13,0,33 4 34,0,15,,31030,13,0,33 4 34,0,15,,31032,13,0,33 4 34,0,15,,31034,13,0,33 4 34,0,55,,31036,13,0,33 4 34,0,15,,31038,13,0,33 4 34,0,15,,31040,13,0,33 4 34,0,15,,31042,13,0,33 4 34,0,55,,31044,13,0,33 4 34,0,15,,31046,13,0,33 4 34,0,15,,31048,13,0,17 18 4 19,0,17,,31050,13,0,33 4 34,0,70,,31053,13,0,33 4 34,0,30,,31056,13,0,33 4 34,0,70,,31059,13,0,33 4 34,0,30,,31062,13,0,33 4 34,0,70,,31065,13,0,33 4 34,0,30,,31068,13,0,33 4 34,0,70,,31071,13,0,33 4 34,0,27,,31074,13,0,33 4 34,0,58,,31076,13,0,33 4 34,0,15,,31078,13,0,33 4 34,0,15,,31080,13,0,33 4 34,0,15,,31082,13,0,33 4 34,0,55,,31084,13,0,33 4 34,0,15,,31086,13,0,33 4 34,0,15,,31088,13,0,33 4 34,0,15,,31090,13,0,33 4 34,0,55,,31092,13,0,33 4 34,0,15,,31094,13,0,33 4 34,0,15,,31096,13,0,33 4 34,0,15,,31098,13,0,33 4 34,0,55,,31100,13,0,33 4 34,0,14,,31102,13,0,33 4 34,0,19,,31104,13,0,33 4 34,0,15,,31106,13,0,33 4 34,0,49,,31108,13,0,17 18 4 19,0,22,,31110,13,0,33 4 34,0,11,,31112,13,0,17 18 4 19,0,23,,31114,13,0,33 4 34,0,64,,31117,13,0,33 4 34,0,36,,31121,13,0,33 4 34,0,70,,31124,13,0,33 4 34,0,30,,31127,13,0,33 4 34,0,70,,31130,13,0,33 4 34,0,19,,31132,13,0,33 4 34,0,85,,31135,13,0,33 4 34,0,85,,31139,13,0,33 4 34,0,40,,31142,13,0,33 4 34,0,85,,31144,13,0,33 4 34,0
578301,'2',443,,31151,13,0,33 4 34,0,76,,31154,13,0,33 4 34,0,36,,31157,13,0,33 4 34,0,76,,31160,13,0,33 4 34,0,76,,31163,13,0,33 4 34,0,29,,31166,13,0,33 4 34,0,76,,31169,13,0,33 4 34,0,36,,31172,13,0,33 4 34,0,76,,31175,13,0,33 4 34,0,76,,31178,13,0,33 4 34,0,36,,31181,13,0,33 4 34,0,76,,31184,13,0,33 4 34,0,36,,31187,13,0,33 4 34,0,76,,31190,13,0,33 4 34,0,76,,31193,13,0,33 4 34,0,36,,31196,13,0,33 4 34,0,76,,31199,13,0,33 4 34,0,36,,31202,13,0,33 4 34,0,76,,31205,13,0,33 4 34,0,76,,31208,13,0,33 4 34,0,36,,31211,13,0,33 4 34,0,76,,31214,13,0,33 4 34,0,36,,31217,13,0,33 4 34,0,76,,31220,13,0,33 4 34,0,79,,31223,13,0,33 4 34,0,36,,31226,13,0,33 4 34,0,76,,31229,13,0,33 4 34,0,86,,31232,13,0,33 4 34,0,33,,31234,13,0,33 4 34,0,85,,31237,13,0,33 4 34,0,85,,31240,13,0,33 4 34,0,45,,31243,13,0,33 4 34,0,90,,31246,13,0,33 4 34,0
578301,'3',520,,31254,13,0,33 4 34,0,85,,31258,13,0,33 4 34,0,45,,31261,13,0,33 4 34,0,85,,31264,13,0,33 4 34,0,85,,31267,13,0,33 4 34,0,85,,31270,13,0,33 4 34,0,31,,31273,13,0,33 4 34,0,76,,31276,13,0,33 4 34,0,36,,31279,13,0,33 4 34,0,76,,31282,13,0,33 4 34,0,76,,31285,13,0,33 4 34,0,36,,31288,13,0,33 4 34,0,76,,31291,13,0,33 4 34,0,36,,31294,13,0,33 4 34,0,76,,31297,13,0,33 4 34,0,76,,31300,13,0,33 4 34,0,36,,31303,13,0,33 4 34,0,76,,31306,13,0,33 4 34,0,36,,31309,13,0,33 4 34,0,76,,31312,13,0,33 4 34,0,77,,31315,13,0,33 4 34,0,36,,31318,13,0,33 4 34,0,78,,31321,13,0,33 4 34,0,85,,31324,13,0,33 4 34,0,45,,31327,13,0,33 4 34,0,90,,31330,13,0,33 4 34,0,85,,31333,13,0,33 4 34,0,85,,31336,13,0,33 4 34,0,30,,31338,13,0,33 4 34,0
578301,'4',528,,31407,13,0,33 4 34,0,26,,31344,13,0,33 4 34,0,66,,31347,13,0,33 4 34,0,85,,31350,13,0,33 4 34,0,45,,31353,13,0,33 4 34,0,85,,31356,13,0,33 4 34,0,85,,31359,13,0,33 4 34,0,80,,31362,13,0,33 4 34,0,45,,31365,13,0,33 4 34,0,85,,31368,13,0,33 4 34,0,85,,31371,13,0,33 4 34,0,85,,31374,13,0,33 4 34,0,45,,31377,13,0,33 4 34,0,85,,31380,13,0,33 4 34,0,85,,31383,13,0,33 4 34,0,85,,31386,13,0,33 4 34,0,45,,31389,13,0,33 4 34,0,91,,31392,13,0,33 4 34,0,85,,31395,13,0,33 4 34,0,85,,31398,13,0,33 4 34,0,45,,31401,13,0,33 4 34,0,85,,31405,13,0,33 4 34,0
578301,'6',520,,31411,13,0,33 4 34,0,85,,31415,13,0,33 4 34,0,45,,31418,13,0,33 4 34,0,85,,31421,13,0,33 4 34,0,85,,31424,13,0,33 4 34,0,85,,31427,13,0,33 4 34,0,31,,31430,13,0,33 4 34,0,76,,31433,13,0,33 4 34,0,36,,31436,13,0,33 4 34,0,76,,31439,13,0,33 4 34,0,76,,31442,13,0,33 4 34,0,36,,31445,13,0,33 4 34,0,76,,31448,13,0,33 4 34,0,36,,31451,13,0,33 4 34,0,76,,31454,13,0,33 4 34,0,76,,31457,13,0,33 4 34,0,36,,31460,13,0,33 4 34,0,76,,31463,13,0,33 4 34,0,36,,31466,13,0,33 4 34,0,76,,31469,13,0,33 4 34,0,77,,31472,13,0,33 4 34,0,36,,31475,13,0,33 4 34,0,78,,31478,13,0,33 4 34,0,85,,31481,13,0,33 4 34,0,45,,31484,13,0,33 4 34,0,90,,31487,13,0,33 4 34,0,85,,31490,13,0,33 4 34,0,85,,31493,13,0,33 4 34,0,30,,31495,13,0,33 4 34,0
580801,'14601',504,,39528,2,,,0,20,,39522,2,,,0,20,,39523,2,,,0,60,,39524,2,,,0,20,,39525,2,,,0,20,,39526,2,,,0,60,,39527,2,,,0,20,,39520,2,,,0,19,,39521,2,,,0,10,,39423,2,,,0,50,,39454,2,,,0,10,,39424,2,,,0,8,,39455,2,,,0,7,,39425,2,,,0,8,,39456,2,,,0,9,,39426,2,,,0,8,,39457,2,,,0,47,,39427,2,,,0,8,,39458,2,,,0,5,,39428,2,,,0,8,,39459,2,,,0,7,,39460,2,,,0,8,,39461,2,,,0,13,,39462,2,,,0,52,,39429,2,,,0,10,,39430,2,,,0,10,,39431,2,,,0,10,,39432,2,,,0,10,,39433,2,,,0,10,,39434,2,,,0,50,,39435,2,,,0,10,,39436,2,,,0,10,,39437,2,,,0,10,,39438,2,,,0,10,,39439,2,,,0,10,,39440,2,,,0,50,,39441,2,,,0,10,,39442,2,,,0,10,,39443,2,,,0,10,,39444,2,,,0,10,,39445,2,,,0,10,,39446,2,,,0,50,,39447,2,,,0,10,,39448,2,,,0,10,,39449,2,,,0,10,,39450,2,,,0,10,,39451,2,,,0,10,,39452,2,,,0,50,,39453,2,,,0,10,,39488,2,,,0,9,,39489,2,,,0,8,,39492,2,,,0,7,,39490,2,,,0,8,,39493,2,,,0,7,,39491,2,,,0,8,,39463,2,,,0,47,,39476,2,,,0,8,,39464,2,,,0,7,,39477,2,,,0,8,,39465,2,,,0,7,,39478,2,,,0,8,,39466,2,,,0,7,,39479,2,,,0,8,,39467,2,,,0,47,,39480,2,,,0,8,,39468,2,,,0,7,,39481,2,,,0,8,,39469,2,,,0,7,,39482,2,,,0,8,,39470,2,,,0,7,,39483,2,,,0,8,,39471,2,,,0,47,,39484,2,,,0,8,,39472,2,,,0,7,,39485,2,,,0,8,,39473,2,,,0,8,,39486,2,,,0,8,,39474,2,,,0,7,,39487,2,,,0,8,,39475,2,,,0,48,,39503,2,,,0,10,,39504,2,,,0,10,,39505,2,,,0,10,,39506,2,,,0,10,,39507,2,,,0,10,,39494,2,,,0,56,,39495,2,,,0,15,,39496,2,,,0,15,,39498,2,,,0,15,,39499,2,,,0,55,,39500,2,,,0,15,,39501,2,,,0,15,,39502,2,,,0,15,,39497,2,,,0,55,,39515,2,,,0,15,,39516,2,,,0,15,,39519,2,,,0,58,,39517,2,,,0,22,,39518,2,,,0,30,,39508,2,,,0,70,,39509,2,,,0,30,,39510,2,,,0,70,,39511,2,,,0,30,,39512,2,,,0,70,,39513,2,,,0,30,,39514,2,,,0
580801,'14602',520,,39559,2,,,0,30,,39560,2,,,0,70,,39561,2,,,0,30,,39562,2,,,0,70,,39563,2,,,0,30,,39564,2,,,0,70,,39565,2,,,0,30,,39566,2,,,0,68,,39567,2,,,0,30,,39568,2,,,0,70,,39569,2,,,0,30,,39570,2,,,0,70,,39558,2,,,0,30,,39541,2,,,0,70,,39542,2,,,0,30,,39543,2,,,0,70,,39544,2,,,0,30,,39545,2,,,0,70,,39546,2,,,0,30,,39547,2,,,0,70,,39548,2,,,0,30,,39549,2,,,0,70,,39550,2,,,0,30,,39551,2,,,0,70,,39552,2,,,0,30,,39553,2,,,0,70,,39554,2,,,0,33,,39555,2,,,0,70,,39556,2,,,0,30,,39557,2,,,0,70,,39540,2,,,0,30,,39539,2,,,0,70,,39538,2,,,0,30,,39537,2,,,0,72,,39536,2,,,0,30,,39535,2,,,0,70,,39534,2,,,0,30,,39533,2,,,0,70,,39532,2,,,0,30,,39531,2,,,0,70,,39530,2,,,0,30,,39529,2,,,0
580801,'14603',620,,39596,2,,,0,30,,39597,2,,,0,70,,39598,2,,,0,30,,39599,2,,,0,70,,39600,2,,,0,30,,39601,2,,,0,68,,39602,2,,,0,30,,39603,2,,,0,70,,39604,2,,,0,30,,39605,2,,,0,70,,39571,2,,,0,30,,39588,2,,,0,70,,39587,2,,,0,30,,39586,2,,,0,70,,39585,2,,,0,30,,39584,2,,,0,70,,39583,2,,,0,30,,39582,2,,,0,70,,39581,2,,,0,30,,39580,2,,,0,70,,39579,2,,,0,30,,39578,2,,,0,70,,39577,2,,,0,30,,39576,2,,,0,70,,39575,2,,,0,33,,39574,2,,,0,70,,39573,2,,,0,30,,39572,2,,,0,70,,39589,2,,,0,30,,39590,2,,,0,70,,39591,2,,,0,30,,39592,2,,,0,72,,39593,2,,,0,30,,39594,2,,,0,70,,39595,2,,,0,30,,39606,2,,,0
580801,'14604',620,,39627,2,,,0,30,,39628,2,,,0,70,,39629,2,,,0,30,,39630,2,,,0,70,,39631,2,,,0,30,,39632,2,,,0,68,,39633,2,,,0,30,,39634,2,,,0,70,,39635,2,,,0,30,,39636,2,,,0,70,,39607,2,,,0,30,,39624,2,,,0,70,,39623,2,,,0,30,,39622,2,,,0,70,,39621,2,,,0,30,,39620,2,,,0,70,,39619,2,,,0,30,,39618,2,,,0,70,,39617,2,,,0,30,,39616,2,,,0,70,,39615,2,,,0,30,,39614,2,,,0,70,,39613,2,,,0,30,,39612,2,,,0,70,,39611,2,,,0,33,,39610,2,,,0,70,,39609,2,,,0,30,,39608,2,,,0,70,,39625,2,,,0,30,,39626,2,,,0
580801,'14606',620,,39662,2,,,0,30,,39663,2,,,0,70,,39664,2,,,0,30,,39665,2,,,0,70,,39666,2,,,0,30,,39667,2,,,0,68,,39668,2,,,0,30,,39669,2,,,0,70,,39670,2,,,0,30,,39671,2,,,0,70,,39637,2,,,0,30,,39654,2,,,0,70,,39653,2,,,0,30,,39652,2,,,0,70,,39651,2,,,0,30,,39650,2,,,0,70,,39649,2,,,0,30,,39648,2,,,0,70,,39647,2,,,0,30,,39646,2,,,0,70,,39645,2,,,0,30,,39644,2,,,0,70,,39643,2,,,0,30,,39642,2,,,0,70,,39641,2,,,0,33,,39640,2,,,0,70,,39639,2,,,0,30,,39638,2,,,0,70,,39655,2,,,0,30,,39656,2,,,0,70,,39657,2,,,0,30,,39658,2,,,0,72,,39659,2,,,0,30,,39660,2,,,0,70,,39661,2,,,0,30,,39672,2,,,0
582800,'1',641,,40229,2,,,0,15,,40231,2,,,0,55,,40233,2,,,0,15,,40235,2,,,0,15,,40237,2,,,0,15,,40239,2,,,0,55,,40241,2,,,0,15,,40243,2,,,0,14,,40245,2,,,0,11,,40247,2,,,0,52,,40249,2,,,0,12,,40251,2,,,0,12,,40253,2,,,0,12,,40255,2,,,0,12,,40257,2,,,0,52,,40259,2,,,0,12,,40261,2,,,0,12,,40263,2,,,0,12,,40265,2,,,0,12,,40267,2,,,0,52,,40269,2,,,0,12,,40271,2,,,0,12,,40273,2,,,0,12,,40275,2,,,0,12,,40277,2,,,0,52,,40279,2,,,0,12,,40281,2,,,0,12,,40283,2,,,0,12,,40285,2,,,0,12,,40287,2,,,0,52,,40289,2,,,0,12,,40291,2,,,0,12,,40293,2,,,0,12,,40295,2,,,0,8,,40297,2,,,0,12,,40299,2,,,0,52,,40301,2,,,0,12,,40303,2,,,0,12,,40305,2,,,0,12,,40307,2,,,0,12,,40309,2,,,0,52,,40311,2,,,0,12,,40313,2,,,0,13,,40315,2,,,0,12,,40317,2,,,0,52,,40319,2,,,0,12,,40321,2,,,0,12,,40323,2,,,0,12,,40325,2,,,0,12,,40327,2,,,0,52,,40329,2,,,0,16,,40331,2,,,0,12,,40333,2,,,0,12,,40335,2,,,0,12,,40337,2,,,0,52,,40215,2,,,0,12,,40339,2,,,0,12,,40341,2,,,0
