579800,'1',536,,35757,22,4,,0,20,,35758,22,4,,0,60,,35759,22,4,,0,21,,35760,22,4,,0,12,,35761,22,4,,0,56,,35762,22,4,,0,12,,35763,22,4,,0,12,,35764,22,4,,0,12,,35765,22,4,,0,12,,35766,22,4,,0,52,,35767,22,4,,0,12,,35768,22,4,,0,12,,35769,22,4,,0,12,,35770,22,4,,0,10,,35771,22,4,,0,52,,35772,22,4,,0,15,,35773,22,4,,0,15,,35774,22,4,,0,15,,35775,22,4,,0,55,,35776,22,4,,0,15,,35777,22,4,,0,15,,35778,22,4,,0,15,,35779,22,4,,0,55,,35780,22,4,,0,15,,35781,22,4,,0,15,,35782,22,4,,0,15,,35783,22,4,,0,55,,35784,22,4,,0,15,,35785,22,4,,0,15,,35786,22,4,,0,15,,35787,22,4,,0,55,,35788,22,4,,0,15,,35789,22,4,,0,15,,35790,22,4,,0,15,,35791,22,4,,0,58,,35792,22,4,,0,15,,35793,22,4,,0,15,,35794,22,4,,0,12,,35795,22,4,,0,52,,35796,22,4,,0,12,,35797,22,4,,0,12,,35798,22,4,,0,12,,35799,22,4,,0,12,,35800,22,4,,0,52,,35801,22,4,,0,12,,35802,22,4,,0,12,,35803,22,4,,0,12,,35804,22,4,,0,12,,35805,22,4,,0,52,,35806,22,4,,0,12,,35807,22,4,,0,12,,35808,22,4,,0,12,,35809,22,4,,0,12,,35810,22,4,,0,52,,35811,22,4,,0,12,,35812,22,4,,0,10,,35813,22,4,,0,12,,35814,22,4,,0,15,,35815,22,4,,0,55,,35816,22,4,,0,15,,35817,22,4,,0,15,,35818,22,4,,0,15,,35819,22,4,,0,54,,35820,22,4,,0,15,,35821,22,4,,0,20,,35822,22,4,,0,20,,35823,22,4,,0,60,,35824,22,4,,0,30,,35825,22,4,,0,69,,35826,22,4,,0,30,,35827,22,4,,0,70,,35828,22,4,,0,30,,35829,22,4,,0,70,,35830,22,4,,0,30,,35831,22,4,,0,90,,35832,22,4,,0
579800,'2',551,,35842,22,4,,0,71,,35843,22,4,,0,30,,35844,22,4,,0,70,,35845,22,4,,0,30,,35846,22,4,,0,70,,35847,22,4,,0,25,,35848,22,4,,0,60,,35849,22,4,,0,20,,35850,22,4,,0,20,,35851,22,4,,0,60,,35852,22,4,,0,20,,35853,22,4,,0,20,,35854,22,4,,0,60,,35855,22,4,,0,20,,35856,22,4,,0,20,,35857,22,4,,0,60,,35858,22,4,,0,24,,35859,22,4,,0,20,,35860,22,4,,0,60,,35861,22,4,,0,20,,35862,22,4,,0,20,,35863,22,4,,0,60,,35864,22,4,,0,20,,35865,22,4,,0,20,,35866,22,4,,0,60,,35867,22,4,,0,20,,35868,22,4,,0,20,,35869,22,4,,0,60,,35870,22,4,,0,20,,35871,22,4,,0,20,,35872,22,4,,0,60,,35873,22,4,,0,20,,35874,22,4,,0,20,,35875,22,4,,0,70,,35876,22,4,,0,30,,35877,22,4,,0,70,,35878,22,4,,0,30,,35879,22,4,,0,70,,35833,22,4,,0,30,,35834,22,4,,0,66,,35835,22,4,,0,30,,35836,22,4,,0,70,,35837,22,4,,0,30,,35838,22,4,,0,70,,35839,22,4,,0,30,,35840,22,4,,0,70,,35880,22,4,,0,30,,35841,22,4,,0
579800,'3',616,,35914,22,4,,0,30,,35881,22,4,,0,70,,35882,22,4,,0,30,,35883,22,4,,0,70,,35884,22,4,,0,30,,35885,22,4,,0,72,,35886,22,4,,0,30,,35887,22,4,,0,70,,35888,22,4,,0,32,,35889,22,4,,0,70,,35890,22,4,,0,30,,35891,22,4,,0,70,,35892,22,4,,0,30,,35893,22,4,,0,70,,35894,22,4,,0,30,,35895,22,4,,0,70,,35896,22,4,,0,30,,35897,22,4,,0,70,,35898,22,4,,0,30,,35899,22,4,,0,70,,35900,22,4,,0,30,,35901,22,4,,0,70,,35902,22,4,,0,30,,35903,22,4,,0,70,,35904,22,4,,0,30,,35911,22,4,,0,70,,35905,22,4,,0,30,,35912,22,4,,0,70,,35906,22,4,,0,30,,35913,22,4,,0,67,,35907,22,4,,0,30,,35915,22,4,,0,70,,35908,22,4,,0,30,,35916,22,4,,0,70,,35909,22,4,,0,30,,35917,22,4,,0,70,,35910,22,4,,0
579800,'4',546,,35918,22,4,,0,70,,35919,22,4,,0,30,,35920,22,4,,0,70,,35921,22,4,,0,30,,35922,22,4,,0,70,,35923,22,4,,0,30,,35924,22,4,,0,72,,35925,22,4,,0,30,,35926,22,4,,0,70,,35927,22,4,,0,30,,35928,22,4,,0,70,,35929,22,4,,0,30,,35930,22,4,,0,70,,35931,22,4,,0,30,,35932,22,4,,0,70,,35933,22,4,,0,30,,35934,22,4,,0,70,,35935,22,4,,0,100,,35936,22,4,,0,100,,35937,22,4,,0,100,,35938,22,4,,0,100,,35939,22,4,,0,100,,35940,22,4,,0,100,,35941,22,4,,0,100,,35942,22,4,,0
579800,'6',551,,35952,22,4,,0,71,,35953,22,4,,0,30,,35954,22,4,,0,70,,35955,22,4,,0,30,,35956,22,4,,0,70,,35957,22,4,,0,25,,35958,22,4,,0,60,,35959,22,4,,0,20,,35960,22,4,,0,20,,35961,22,4,,0,60,,35962,22,4,,0,20,,35963,22,4,,0,20,,35964,22,4,,0,60,,35965,22,4,,0,20,,35966,22,4,,0,20,,35967,22,4,,0,60,,35968,22,4,,0,24,,35969,22,4,,0,20,,35970,22,4,,0,60,,35971,22,4,,0,20,,35972,22,4,,0,20,,35973,22,4,,0,60,,35974,22,4,,0,20,,35975,22,4,,0,20,,35976,22,4,,0,60,,35977,22,4,,0,20,,35978,22,4,,0,20,,35979,22,4,,0,60,,35980,22,4,,0,20,,35981,22,4,,0,20,,35982,22,4,,0,60,,35983,22,4,,0,20,,35984,22,4,,0,20,,35985,22,4,,0,70,,35986,22,4,,0,30,,35987,22,4,,0,70,,35988,22,4,,0,30,,35989,22,4,,0,70,,35943,22,4,,0,30,,35944,22,4,,0,66,,35945,22,4,,0,30,,35946,22,4,,0,70,,35947,22,4,,0,30,,35948,22,4,,0,70,,35949,22,4,,0,30,,35950,22,4,,0,70,,35990,22,4,,0,30,,35951,22,4,,0
579901,'1',522,,36452,1,,,0,20,,36453,1,,,0,60,,36454,1,,,0,22,,36455,1,,,0,24,,36456,1,,,0,52,,36457,1,,,0,12,,36458,1,,,0,11,,36459,1,,,0,12,,36460,1,,,0,12,,36461,1,,,0,12,,36462,1,,,0,52,,36463,1,,,0,12,,36464,1,,,0,12,,36465,1,,,0,12,,36466,1,,,0,12,,36467,1,,,0,52,,36468,1,,,0,15,,36469,1,,,0,15,,36470,1,,,0,15,,36471,1,,,0,55,,36472,1,,,0,15,,36473,1,,,0,15,,36474,1,,,0,15,,36475,1,,,0,55,,36476,1,,,0,15,,36477,1,,,0,15,,36478,1,,,0,15,,36479,1,,,0,55,,36480,1,,,0,15,,36481,1,,,0,15,,36482,1,,,0,15,,36483,1,,,0,55,,36484,1,,,0,15,,36485,1,,,0,15,,36486,1,,,0,15,,36487,1,,,0,54,,36488,1,,,0,15,,36489,1,,,0,14,,36490,1,,,0,13,,36491,1,,,0,52,,36492,1,,,0,12,,36493,1,,,0,12,,36494,1,,,0,12,,36495,1,,,0,12,,36496,1,,,0,52,,36497,1,,,0,12,,36498,1,,,0,12,,36499,1,,,0,12,,36500,1,,,0,12,,36501,1,,,0,52,,36502,1,,,0,12,,36503,1,,,0,12,,36504,1,,,0,12,,36505,1,,,0,14,,36506,1,,,0,52,,36507,1,,,0,15,,36508,1,,,0,13,,36509,1,0,7 4 8 45 10,0,3,,36510,1,,,0,16,,36511,1,,,0,57,,36512,1,,,0,17,,36513,1,,,0,19,,36514,1,,,0,54,,36515,1,,,0,3,,36516,1,0,7 4 8 45 10,0,17,,36517,1,,,0,20,,36518,1,,,0,60,,36519,1,,,0,20,,36520,1,,,0,33,,36521,1,,,0,71,,36522,1,,,0,23,,36523,1,,,0,81,,36524,1,,,0,30,,36525,1,,,0,59,,36526,1,0,7 4 8 45 10,0,32,,36527,1,,,0,88,,36528,1,0,7 4 8 45 10,0
579901,'2',537,,36540,1,,,0,66,,36541,1,,,0,26,,36542,1,,,0,30,,36543,1,,,0,70,,36544,1,,,0,30,,36545,1,,,0,70,,36546,1,,,0,71,,36547,1,,,0,20,,36548,1,,,0,20,,36549,1,,,0,60,,36550,1,,,0,20,,36551,1,,,0,20,,36552,1,,,0,60,,36553,1,,,0,20,,36554,1,,,0,22,,36555,1,,,0,60,,36556,1,,,0,18,,36557,1,,,0,20,,36558,1,,,0,60,,36559,1,,,0,20,,36560,1,,,0,20,,36561,1,,,0,60,,36562,1,,,0,20,,36563,1,,,0,20,,36564,1,,,0,60,,36565,1,,,0,20,,36566,1,,,0,20,,36567,1,,,0,60,,36568,1,,,0,20,,36569,1,,,0,20,,36570,1,,,0,60,,36571,1,,,0,20,,36572,1,,,0,20,,36573,1,,,0,15,,36574,1,,,0,70,,36575,1,,,0,30,,36576,1,,,0,70,,36577,1,,,0,30,,36531,1,,,0,70,,36532,1,,,0,30,,36533,1,,,0,70,,36534,1,,,0,30,,36535,1,,,0,70,,36536,1,,,0,30,,36537,1,,,0,70,,36538,1,,,0,75,,36539,1,,,0,17,,36529,1,0,7 4 8 45 10,0,30,,36530,1,0,7 4 8 45 10,0
579901,'3',555,,36580,1,,,0,70,,36612,1,,,0,30,,36581,1,,,0,70,,36582,1,,,0,30,,36583,1,,,0,70,,36584,1,,,0,30,,36585,1,,,0,70,,36586,1,,,0,30,,36587,1,,,0,70,,36588,1,,,0,30,,36589,1,,,0,70,,36590,1,,,0,30,,36591,1,,,0,70,,36592,1,,,0,30,,36593,1,,,0,70,,36594,1,,,0,30,,36595,1,,,0,70,,36596,1,,,0,30,,36597,1,,,0,70,,36598,1,,,0,30,,36599,1,,,0,70,,36600,1,,,0,30,,36601,1,,,0,70,,36605,1,,,0,30,,36606,1,,,0,70,,36607,1,,,0,30,,36608,1,,,0,70,,36609,1,,,0,30,,36610,1,,,0,70,,36611,1,,,0,30,,36613,1,,,0,75,,36602,1,,,0,70,,36614,1,,,0,30,,36603,1,,,0,70,,36615,1,,,0,30,,36604,1,,,0,17,,36579,1,0,7 4 8 45 10,0,70,,36578,1,0,7 4 8 45 10,0
579901,'4',550,,36616,1,,,0,70,,36617,1,,,0,30,,36618,1,,,0,70,,36619,1,,,0,30,,36620,1,,,0,70,,36621,1,,,0,34,,36622,1,,,0,74,,36623,1,,,0,30,,36624,1,,,0,70,,36625,1,,,0,30,,36626,1,,,0,70,,36627,1,,,0,30,,36628,1,,,0,70,,36629,1,,,0,30,,36630,1,,,0,70,,36631,1,,,0,100,,36632,1,,,0,100,,36633,1,,,0,100,,36634,1,,,0,100,,36635,1,,,0,100,,36636,1,,,0,100,,36637,1,,,0,100,,36638,1,,,0
579901,'6',537,,36650,1,,,0,66,,36651,1,,,0,26,,36652,1,,,0,30,,36653,1,,,0,70,,36654,1,,,0,30,,36655,1,,,0,70,,36656,1,,,0,71,,36657,1,,,0,20,,36658,1,,,0,20,,36659,1,,,0,60,,36660,1,,,0,20,,36661,1,,,0,20,,36662,1,,,0,60,,36663,1,,,0,20,,36664,1,,,0,22,,36665,1,,,0,60,,36666,1,,,0,18,,36667,1,,,0,20,,36668,1,,,0,60,,36669,1,,,0,20,,36670,1,,,0,20,,36671,1,,,0,60,,36672,1,,,0,20,,36673,1,,,0,20,,36674,1,,,0,60,,36675,1,,,0,20,,36676,1,,,0,20,,36677,1,,,0,60,,36678,1,,,0,20,,36679,1,,,0,20,,36680,1,,,0,60,,36681,1,,,0,20,,36682,1,,,0,20,,36683,1,,,0,15,,36684,1,,,0,70,,36685,1,,,0,30,,36686,1,,,0,70,,36687,1,,,0,30,,36641,1,,,0,70,,36642,1,,,0,30,,36643,1,,,0,70,,36644,1,,,0,30,,36645,1,,,0,70,,36646,1,,,0,30,,36647,1,,,0,70,,36648,1,,,0,75,,36649,1,,,0,17,,36639,1,0,7 4 8 45 10,0,30,,36640,1,0,7 4 8 45 10,0
