579501,'1',513,,34741,18,,,0,20,,34742,18,,,0,20,,34743,18,,,0,60,,34744,18,,,0,18,,34745,18,,,0,15,,34746,18,,,0,55,,34747,18,,,0,11,,34748,18,,,0,15,,34749,18,,,0,15,,34750,18,,,0,15,,34751,18,,,0,55,,34752,18,,,0,15,,34753,18,,,0,15,,34754,18,,,0,15,,34755,18,,,0,56,,34756,18,,,0,15,,34757,18,,,0,15,,34758,18,,,0,15,,34759,18,,,0,57,,34760,18,,,0,20,,34761,18,,,0,20,,34762,18,,,0,60,,34763,18,,,0,20,,34764,18,,,0,20,,34765,18,,,0,60,,34766,18,,,0,20,,34767,18,,,0,20,,34768,18,,,0,60,,34769,18,,,0,20,,34770,18,,,0,21,,34771,18,,,0,59,,34772,18,,,0,14,,34773,18,,,0,16,,34774,18,,,0,14,,34775,18,,,0,55,,34776,18,,,0,15,,34777,18,,,0,15,,34778,18,,,0,15,,34779,18,,,0,55,,34780,18,,,0,15,,34781,18,,,0,15,,34782,18,,,0,15,,34783,18,,,0,55,,34784,18,,,0,15,,34785,18,,,0,15,,34786,18,,,0,60,,34787,18,,,0,30,,34788,18,,,0,69,,34789,18,,,0,30,,34790,18,,,0,70,,34791,18,,,0,30,,34792,18,,,0,70,,34793,18,,,0,30,,34794,18,,,0,70,,34795,18,,,0,30,,34796,18,,,0,70,,34797,18,,,0,30,,34798,18,,,0,70,,34799,18,,,0,47,,34800,18,,,0,73,,34801,18,,,0
579501,'2',554,,34835,18,,,0,74,,34833,18,,,0,30,,34830,18,,,0,70,,34813,18,,,0,30,,34826,18,,,0,70,,34827,18,,,0,30,,34832,18,,,0,65,,34837,18,,,0,30,,34838,18,,,0,70,,34831,18,,,0,30,,34836,18,,,0,70,,34834,18,,,0,30,,34840,18,,,0,70,,34802,18,,,0,30,,34806,18,,,0,70,,34805,18,,,0,30,,34839,18,,,0,70,,34803,18,,,0,30,,34804,18,,,0,70,,34807,18,,,0,30,,34811,18,,,0,70,,34812,18,,,0,30,,34815,18,,,0,70,,34818,18,,,0,30,,34819,18,,,0,74,,34809,18,,,0,30,,34808,18,,,0,70,,34810,18,,,0,30,,34820,18,,,0,70,,34821,18,,,0,30,,34823,18,,,0,70,,34816,18,,,0,30,,34817,18,,,0,70,,34814,18,,,0,30,,34828,18,,,0,70,,34829,18,,,0,30,,34822,18,,,0,70,,34824,18,,,0,30,,34825,18,,,0
579501,'3',558,,34846,18,,,0,75,,34845,18,,,0,73,,34847,18,,,0,30,,34844,18,,,0,70,,34848,18,,,0,30,,34843,18,,,0,70,,34849,18,,,0,28,,34850,18,,,0,70,,34851,18,,,0,30,,34852,18,,,0,70,,34853,18,,,0,30,,34854,18,,,0,70,,34855,18,,,0,30,,34856,18,,,0,70,,34857,18,,,0,30,,34858,18,,,0,70,,34859,18,,,0,30,,34860,18,,,0,70,,34861,18,,,0,30,,34862,18,,,0,70,,34863,18,,,0,30,,34864,18,,,0,70,,34865,18,,,0,30,,34866,18,,,0,70,,34867,18,,,0,30,,34868,18,,,0,70,,34842,18,,,0,30,,34869,18,,,0,70,,34841,18,,,0,30,,34870,18,,,0,70,,34871,18,,,0,30,,34872,18,,,0,70,,34873,18,,,0,32,,34874,18,,,0,70,,34875,18,,,0,30,,34876,18,,,0
579501,'4',638,,34899,18,,,0,100,,34898,18,,,0,70,,34897,18,,,0,30,,34896,18,,,0,70,,34895,18,,,0,30,,34894,18,,,0,70,,34893,18,,,0,30,,34892,18,,,0,70,,34891,18,,,0,30,,34890,18,,,0,70,,34889,18,,,0,30,,34888,18,,,0,70,,34887,18,,,0,30,,34886,18,,,0,70,,34885,18,,,0,30,,34884,18,,,0,70,,34883,18,,,0,30,,34882,18,,,0,70,,34881,18,,,0,45,,34880,18,,,0,85,,34900,18,,,0,85,,34879,18,,,0,85,,34878,18,,,0,45,,34877,18,,,0,85,,34901,18,,,0
579501,'6',558,,34907,18,,,0,75,,34906,18,,,0,73,,34908,18,,,0,30,,34905,18,,,0,70,,34909,18,,,0,30,,34904,18,,,0,70,,34910,18,,,0,28,,34911,18,,,0,70,,34912,18,,,0,30,,34913,18,,,0,70,,34914,18,,,0,30,,34915,18,,,0,70,,34916,18,,,0,30,,34917,18,,,0,70,,34918,18,,,0,30,,34919,18,,,0,70,,34920,18,,,0,30,,34921,18,,,0,70,,34922,18,,,0,30,,34923,18,,,0,70,,34924,18,,,0,30,,34925,18,,,0,70,,34926,18,,,0,30,,34927,18,,,0,70,,34928,18,,,0,30,,34929,18,,,0,70,,34903,18,,,0,30,,34930,18,,,0,70,,34902,18,,,0,30,,34931,18,,,0,70,,34932,18,,,0,30,,34933,18,,,0,70,,34934,18,,,0,32,,34935,18,,,0,70,,34936,18,,,0,30,,34937,18,,,0
583001,'1601',837,,41956,47,,,0,720,,41951,35,,,0
583001,'1',508,,41985,47,,,0,15,,41992,47,,,0,15,,41984,47,,,0,20,,42011,47,,,0,60,,41991,47,,,0,20,,41990,47,,,0,10,,41988,47,,,0,55,,41958,27,,,0,16,,41989,47,,,0,15,,41983,47,,,0,15,,41978,47,,,0,55,,41982,47,,,0,15,,41977,47,,,0,15,,41981,47,,,0,15,,41976,47,,,0,55,,41980,47,,,0,15,,41975,47,,,0,15,,41979,47,,,0,20,,41993,47,,,0,60,,41994,47,,,0,22,,42012,47,,,0,20,,41995,47,,,0,60,,41996,47,,,0,20,,41997,47,,,0,20,,41998,47,,,0,60,,41999,47,,,0,20,,42000,47,,,0,20,,42001,47,,,0,60,,42002,47,,,0,20,,42003,47,,,0,20,,41987,47,,,0,55,,41986,47,,,0,16,,41974,47,,,0,15,,41966,47,,,0,15,,41973,47,,,0,55,,41965,47,,,0,15,,41972,47,,,0,15,,41964,47,,,0,15,,41971,47,,,0,55,,41963,47,,,0,15,,41970,47,,,0,15,,41962,47,,,0,15,,41969,47,,,0,55,,41961,47,,,0,15,,41968,47,,,0,15,,41960,47,,,0,15,,41967,47,,,0,55,,41959,47,,,0,15,,41957,47,,,0,15,,42004,47,,,0,15,,42005,47,,,0,60,,42006,47,,,0,16,,42007,47,,,0,20,,42008,47,,,0,60,,42009,47,,,0,20,,42010,47,,,0,20,,42026,47,,,0,60,,42025,47,,,0,20,,42024,47,,,0,20,,42023,47,,,0,60,,42022,47,,,0,17,,42021,47,,,0,20,,42020,47,,,0,60,,42019,47,,,0,20,,42018,47,,,0,20,,42017,47,,,0,60,,42016,47,,,0,20,,42015,47,,,0,20,,42014,47,,,0
583001,'2',530,,42082,47,,,0,76,,42081,47,,,0,35,,42080,47,,,0,69,,42079,47,,,0,31,,42078,47,,,0,70,,42077,47,,,0,28,,42075,27,,,0,20,,42076,47,,,0,60,,42074,47,,,0,20,,42073,47,,,0,20,,42072,47,,,0,60,,42071,47,,,0,20,,42070,47,,,0,20,,42069,47,,,0,60,,42068,47,,,0,20,,42067,47,,,0,20,,42066,47,,,0,60,,42065,47,,,0,20,,42064,47,,,0,20,,42063,47,,,0,60,,42062,47,,,0,20,,42061,47,,,0,20,,42060,47,,,0,60,,42059,47,,,0,20,,42058,47,,,0,20,,42057,47,,,0,60,,42056,47,,,0,20,,42055,47,,,0,20,,42054,47,,,0,60,,42053,47,,,0,20,,42052,47,,,0,20,,42051,47,,,0,60,,42050,47,,,0,20,,42049,47,,,0,20,,42048,47,,,0,60,,42047,47,,,0,20,,42046,47,,,0,20,,42045,47,,,0,60,,42044,47,,,0,16,,42043,47,,,0,20,,42042,47,,,0,60,,42041,47,,,0,20,,42040,47,,,0,20,,42039,47,,,0,60,,42038,47,,,0,20,,42037,47,,,0,20,,42036,47,,,0,60,,42035,47,,,0,19,,42034,47,,,0,20,,42033,47,,,0,60,,42032,47,,,0,21,,42031,47,,,0,20,,42030,47,,,0,60,,42029,47,,,0,20,,42028,47,,,0,18,,42027,47,,,0
583001,'3',547,,42097,47,,,0,80,,42111,47,,,0,80,,42096,47,,,0,40,,42112,47,,,0,80,,42088,47,,,0,80,,42103,47,,,0,20,,42113,47,,,0,20,,42099,47,,,0,60,,42114,47,,,0,23,,42100,47,,,0,20,,42115,47,,,0,60,,42098,47,,,0,20,,42116,47,,,0,20,,42095,47,,,0,60,,42117,47,,,0,20,,42106,47,,,0,20,,42118,47,,,0,60,,42090,47,,,0,20,,42119,47,,,0,20,,42108,47,,,0,60,,42120,47,,,0,20,,42107,47,,,0,20,,42121,47,,,0,60,,42092,47,,,0,20,,42122,47,,,0,20,,42109,47,,,0,60,,42123,47,,,0,20,,42091,47,,,0,20,,42124,47,,,0,60,,42104,47,,,0,20,,42125,47,,,0,20,,42102,47,,,0,60,,42126,47,,,0,20,,42101,47,,,0,20,,42127,47,,,0,60,,42105,47,,,0,17,,42128,47,,,0,25,,42110,47,,,0,60,,42129,47,,,0,20,,42094,47,,,0,20,,42089,47,,,0,60,,42093,47,,,0,30,,42087,47,,,0,70,,42085,47,,,0,29,,42086,47,,,0,70,,42084,47,,,0,30,,42083,47,,,0
583001,'4',619,,42160,27,,,0,24,,42130,47,,,0,70,,42131,47,,,0,30,,42132,47,,,0,70,,42133,47,,,0,30,,42134,47,,,0,70,,42135,47,,,0,30,,42136,47,,,0,70,,42137,47,,,0,30,,42138,47,,,0,70,,42139,47,,,0,30,,42140,47,,,0,70,,42141,47,,,0,30,,42142,47,,,0,70,,42143,47,,,0,30,,42144,47,,,0,70,,42145,47,,,0,30,,42146,47,,,0,70,,42147,47,,,0,30,,42148,47,,,0,70,,42149,47,,,0,30,,42150,47,,,0,70,,42151,47,,,0,30,,42152,47,,,0,70,,42153,47,,,0,30,,42154,47,,,0,70,,42155,47,,,0,30,,42156,47,,,0,70,,42157,47,,,0,30,,42158,47,,,0,70,,42159,47,,,0
583001,'6',530,,42217,47,,,0,76,,42216,47,,,0,35,,42215,47,,,0,69,,42214,47,,,0,31,,42213,47,,,0,70,,42212,47,,,0,28,,42210,27,,,0,20,,42211,47,,,0,60,,42209,47,,,0,20,,42208,47,,,0,20,,42207,47,,,0,60,,42206,47,,,0,20,,42205,47,,,0,20,,42204,47,,,0,60,,42203,47,,,0,20,,42202,47,,,0,20,,42201,47,,,0,60,,42200,47,,,0,20,,42199,47,,,0,20,,42198,47,,,0,60,,42197,47,,,0,20,,42196,47,,,0,20,,42195,47,,,0,60,,42194,47,,,0,20,,42193,47,,,0,20,,42192,47,,,0,60,,42191,47,,,0,20,,42190,47,,,0,20,,42189,47,,,0,60,,42188,47,,,0,20,,42187,47,,,0,20,,42186,47,,,0,60,,42185,47,,,0,20,,42184,47,,,0,20,,42183,47,,,0,60,,42182,47,,,0,20,,42181,47,,,0,20,,42180,47,,,0,60,,42179,47,,,0,16,,42178,47,,,0,20,,42177,47,,,0,60,,42176,47,,,0,20,,42175,47,,,0,20,,42174,47,,,0,60,,42173,47,,,0,20,,42172,47,,,0,20,,42171,47,,,0,60,,42170,47,,,0,19,,42169,47,,,0,20,,42168,47,,,0,60,,42167,47,,,0,21,,42166,47,,,0,20,,42165,47,,,0,60,,42164,47,,,0,20,,42163,47,,,0,18,,42162,47,,,0
