579401,'1601',900,,34328,29,,,0,58,,34329,29,,,0
579401,'1',538,,34330,50,,,0,20,,34331,50,,,0,60,,34332,50,,,0,20,,34333,50,,,0,20,,34334,50,,,0,56,,34335,50,,,0,16,,34336,50,,,0,19,,34337,50,,,0,55,,34338,50,,,0,15,,34339,50,,,0,15,,34340,50,,,0,15,,34341,50,,,0,55,,34342,50,,,0,15,,34343,50,,,0,16,,34344,50,,,0,16,,34345,50,,,0,53,,34346,50,,,0,15,,34347,50,,,0,15,,34348,50,,,0,15,,34349,50,,,0,55,,34350,50,,,0,15,,34351,50,,,0,15,,34352,50,,,0,15,,34353,50,,,0,55,,34354,50,,,0,15,,34355,50,,,0,15,,34356,50,,,0,15,,34357,50,,,0,55,,34358,50,,,0,15,,34359,50,,,0,15,,34360,50,,,0,15,,34361,50,,,0,55,,34362,50,,,0,17,,34363,50,,,0,15,,34364,50,,,0,15,,34365,50,,,0,55,,34366,50,,,0,15,,34367,50,,,0,15,,34368,50,,,0,15,,34369,50,,,0,55,,34370,50,,,0,15,,34371,50,,,0,15,,34372,50,,,0,15,,34373,50,,,0,55,,34374,50,,,0,15,,34375,50,,,0,15,,34376,50,,,0,15,,34377,50,,,0,55,,34378,50,,,0,15,,34379,50,,,0,15,,34380,50,,,0,15,,34381,50,,,0,70,,34382,50,,,0,31,,34383,50,,,0,70,,34384,50,,,0,30,,34385,50,,,0,70,,34386,50,,,0,30,,34387,50,,,0,70,,34388,50,,,0,28,,34389,50,,,0,70,,34390,50,,,0,30,,34391,50,,,0,70,,34392,50,,,0,30,,34393,50,,,0,61,,34394,50,,,0
579401,'2',547,,34433,50,,,0,70,,34432,50,,,0,30,,34431,50,,,0,70,,34430,50,,,0,30,,34429,50,,,0,70,,34428,50,,,0,30,,34427,50,,,0,70,,34426,50,,,0,33,,34425,50,,,0,70,,34424,50,,,0,30,,34423,50,,,0,70,,34422,50,,,0,30,,34421,50,,,0,70,,34420,50,,,0,30,,34419,50,,,0,70,,34418,50,,,0,30,,34417,50,,,0,70,,34416,50,,,0,30,,34415,50,,,0,70,,34414,50,,,0,30,,34413,50,,,0,70,,34412,50,,,0,30,,34411,50,,,0,70,,34410,50,,,0,30,,34409,50,,,0,70,,34408,50,,,0,30,,34407,50,,,0,72,,34406,50,,,0,30,,34405,50,,,0,70,,34404,50,,,0,30,,34403,50,,,0,70,,34402,50,,,0,30,,34401,50,,,0,70,,34400,50,,,0,30,,34399,50,,,0,70,,34398,50,,,0,30,,34397,50,,,0,70,,34396,50,,,0,30,,34395,50,,,0
579401,'3',606,,34470,50,,,0,30,,34469,50,,,0,70,,34468,50,,,0,30,,34467,50,,,0,70,,34466,50,,,0,30,,34465,50,,,0,70,,34464,50,,,0,30,,34463,50,,,0,70,,34462,50,,,0,30,,34461,50,,,0,70,,34460,50,,,0,30,,34459,50,,,0,70,,34458,50,,,0,30,,34457,50,,,0,70,,34456,50,,,0,30,,34455,50,,,0,70,,34454,50,,,0,30,,34453,50,,,0,70,,34452,50,,,0,30,,34451,50,,,0,70,,34450,50,,,0,30,,34449,50,,,0,70,,34448,50,,,0,30,,34447,50,,,0,70,,34446,50,,,0,30,,34445,50,,,0,70,,34444,50,,,0,28,,34443,50,,,0,70,,34442,50,,,0,30,,34441,50,,,0,70,,34440,50,,,0,30,,34439,50,,,0,70,,34438,50,,,0,30,,34437,50,,,0,70,,34436,50,,,0,25,,34435,50,,,0,22,,34434,50,,,0
579401,'4',626,,34471,50,,,0,25,,34472,50,,,0,70,,34473,50,,,0,30,,34474,50,,,0,70,,34475,50,,,0,30,,34476,50,,,0,69,,34477,50,,,0,30,,34478,50,,,0,70,,34479,50,,,0,30,,34480,50,,,0,70,,34481,50,,,0,30,,34482,50,,,0,70,,34483,50,,,0,30,,34484,50,,,0,70,,34485,50,,,0,30,,34486,50,,,0,70,,34487,50,,,0,30,,34488,50,,,0,70,,34489,50,,,0,30,,34490,50,,,0,70,,34491,50,,,0,30,,34492,50,,,0,70,,34493,50,,,0,30,,34494,50,,,0,70,,34500,50,,,0,31,,34495,50,,,0,70,,34496,50,,,0,30,,34497,50,,,0,70,,34498,50,,,0,30,,34499,50,,,0,63,,34501,50,,,0
579401,'6',547,,34540,50,,,0,70,,34539,50,,,0,30,,34538,50,,,0,70,,34537,50,,,0,30,,34536,50,,,0,70,,34535,50,,,0,30,,34534,50,,,0,70,,34533,50,,,0,33,,34532,50,,,0,70,,34531,50,,,0,30,,34530,50,,,0,70,,34529,50,,,0,30,,34528,50,,,0,70,,34527,50,,,0,30,,34526,50,,,0,70,,34525,50,,,0,30,,34524,50,,,0,70,,34523,50,,,0,30,,34522,50,,,0,70,,34521,50,,,0,30,,34520,50,,,0,70,,34519,50,,,0,30,,34518,50,,,0,70,,34517,50,,,0,30,,34516,50,,,0,70,,34515,50,,,0,30,,34514,50,,,0,72,,34513,50,,,0,30,,34512,50,,,0,70,,34511,50,,,0,30,,34510,50,,,0,70,,34509,50,,,0,30,,34508,50,,,0,70,,34507,50,,,0,30,,34506,50,,,0,70,,34505,50,,,0,30,,34504,50,,,0,70,,34503,50,,,0,30,,34502,50,,,0
579501,'1',528,,34741,38,,,0,20,,34742,38,,,0,60,,34743,38,,,0,20,,34744,38,,,0,18,,34745,38,,,0,55,,34746,38,,,0,15,,34747,38,,,0,13,,34748,38,,,0,15,,34749,38,,,0,15,,34750,38,,,0,55,,34751,38,,,0,15,,34752,38,,,0,15,,34753,38,,,0,15,,34754,38,,,0,55,,34755,38,,,0,15,,34756,38,,,0,15,,34757,38,,,0,15,,34758,38,,,0,55,,34759,38,,,0,17,,34760,38,,,0,20,,34761,38,,,0,60,,34762,38,,,0,20,,34763,38,,,0,20,,34764,38,,,0,60,,34765,38,,,0,20,,34766,38,,,0,20,,34767,38,,,0,60,,34768,38,,,0,20,,34769,38,,,0,20,,34770,38,,,0,61,,34771,38,,,0,19,,34772,38,,,0,14,,34773,38,,,0,56,,34774,38,,,0,14,,34775,38,,,0,15,,34776,38,,,0,15,,34777,38,,,0,55,,34778,38,,,0,15,,34779,38,,,0,15,,34780,38,,,0,15,,34781,38,,,0,55,,34782,38,,,0,15,,34783,38,,,0,15,,34784,38,,,0,15,,34785,38,,,0,55,,34786,38,,,0,20,,34787,38,,,0,30,,34788,38,,,0,69,,34789,38,,,0,30,,34790,38,,,0,70,,34791,38,,,0,30,,34792,38,,,0,70,,34793,38,,,0,30,,34794,38,,,0,70,,34795,38,,,0,30,,34796,38,,,0,70,,34797,38,,,0,30,,34798,38,,,0,70,,34799,38,,,0,87,,34800,38,,,0,33,,34801,38,,,0
579501,'2',606,,34835,38,,,0,34,,34833,38,,,0,70,,34830,38,,,0,30,,34813,38,,,0,70,,34826,38,,,0,30,,34827,38,,,0,70,,34832,38,,,0,29,,34837,38,,,0,70,,34838,38,,,0,30,,34831,38,,,0,70,,34836,38,,,0,30,,34834,38,,,0,70,,34840,38,,,0,30,,34802,38,,,0,70,,34806,38,,,0,30,,34805,38,,,0,70,,34839,38,,,0,30,,34803,38,,,0,70,,34804,38,,,0,30,,34807,38,,,0,70,,34811,38,,,0,30,,34812,38,,,0,70,,34815,38,,,0,30,,34818,38,,,0,70,,34819,38,,,0,31,,34809,38,,,0,70,,34808,38,,,0,30,,34810,38,,,0,70,,34820,38,,,0,30,,34821,38,,,0,70,,34823,38,,,0,30,,34816,38,,,0,70,,34817,38,,,0,30,,34814,38,,,0,70,,34828,38,,,0,30,,34829,38,,,0,70,,34822,38,,,0,30,,34824,38,,,0,70,,34825,38,,,0
579501,'3',611,,34846,38,,,0,35,,34845,38,,,0,73,,34847,38,,,0,30,,34844,38,,,0,70,,34848,38,,,0,30,,34843,38,,,0,70,,34849,38,,,0,29,,34850,38,,,0,70,,34851,38,,,0,30,,34852,38,,,0,70,,34853,38,,,0,30,,34854,38,,,0,70,,34855,38,,,0,30,,34856,38,,,0,70,,34857,38,,,0,30,,34858,38,,,0,70,,34859,38,,,0,30,,34860,38,,,0,70,,34861,38,,,0,30,,34862,38,,,0,70,,34863,38,,,0,30,,34864,38,,,0,70,,34865,38,,,0,30,,34866,38,,,0,70,,34867,38,,,0,30,,34868,38,,,0,70,,34842,38,,,0,30,,34869,38,,,0,70,,34841,38,,,0,30,,34870,38,,,0,70,,34871,38,,,0,30,,34872,38,,,0,70,,34873,38,,,0,31,,34874,38,,,0,70,,34875,38,,,0,30,,34876,38,,,0
579501,'4',648,,34899,38,,,0,100,,34898,38,,,0,70,,34897,38,,,0,30,,34896,38,,,0,70,,34895,38,,,0,30,,34894,38,,,0,70,,34893,38,,,0,30,,34892,38,,,0,70,,34891,38,,,0,30,,34890,38,,,0,70,,34889,38,,,0,30,,34888,38,,,0,70,,34887,38,,,0,30,,34886,38,,,0,70,,34885,38,,,0,30,,34884,38,,,0,70,,34883,38,,,0,30,,34882,38,,,0,70,,34881,38,,,0,85,,34880,38,,,0,45,,34900,38,,,0,85,,34879,38,,,0,85,,34878,38,,,0,85,,34877,38,,,0,45,,34901,38,,,0
579501,'6',611,,34907,38,,,0,35,,34906,38,,,0,73,,34908,38,,,0,30,,34905,38,,,0,70,,34909,38,,,0,30,,34904,38,,,0,70,,34910,38,,,0,29,,34911,38,,,0,70,,34912,38,,,0,30,,34913,38,,,0,70,,34914,38,,,0,30,,34915,38,,,0,70,,34916,38,,,0,30,,34917,38,,,0,70,,34918,38,,,0,30,,34919,38,,,0,70,,34920,38,,,0,30,,34921,38,,,0,70,,34922,38,,,0,30,,34923,38,,,0,70,,34924,38,,,0,30,,34925,38,,,0,70,,34926,38,,,0,30,,34927,38,,,0,70,,34928,38,,,0,30,,34929,38,,,0,70,,34903,38,,,0,30,,34930,38,,,0,70,,34902,38,,,0,30,,34931,38,,,0,70,,34932,38,,,0,30,,34933,38,,,0,70,,34934,38,,,0,31,,34935,38,,,0,70,,34936,38,,,0,30,,34937,38,,,0
579601,'1',500,,35143,39,,,0,20,,35144,39,,,0,20,,35145,39,,,0,18,,35146,39,,,0,54,,35147,39,,,0,15,,35148,39,,,0,15,,35149,39,,,0,16,,35150,39,,,0,55,,35151,39,,,0,15,,35152,39,,,0,15,,35153,39,,,0,15,,35154,39,,,0,55,,35155,39,,,0,15,,35156,39,,,0,15,,35157,39,,,0,15,,35158,39,,,0,55,,35159,39,,,0,15,,35160,39,,,0,16,,35161,39,,,0,57,,35162,39,,,0,20,,35163,39,,,0,20,,35164,39,,,0,60,,35165,39,,,0,20,,35166,39,,,0,20,,35167,39,,,0,60,,35168,39,,,0,20,,35169,39,,,0,20,,35170,39,,,0,60,,35171,39,,,0,20,,35172,39,,,0,20,,35173,39,,,0,60,,35174,39,,,0,20,,35175,39,,,0,20,,35176,39,,,0,15,,35177,39,,,0,55,,35178,39,,,0,15,,35179,39,,,0,15,,35180,39,,,0,15,,35181,39,,,0,55,,35182,39,,,0,15,,35183,39,,,0,15,,35184,39,,,0,15,,35185,39,,,0,55,,35186,39,,,0,15,,35187,39,,,0,20,,35188,39,,,0,60,,35189,39,,,0,28,,35190,39,,,0,70,,35191,39,,,0,26,,35192,39,,,0,70,,35193,39,,,0,30,,35194,39,,,0,70,,35195,39,,,0,30,,35196,39,,,0,28,,35197,39,,,0,65,,35198,39,,,0,30,,35199,39,,,0,70,,35200,39,,,0,25,,35201,39,,,0,70,,35202,39,,,0,28,,35203,39,,,0,70,,35204,39,,,0
579601,'2',541,,35217,39,,,0,70,,35218,39,,,0,32,,35219,39,,,0,70,,35220,39,,,0,30,,35221,39,,,0,70,,35222,39,,,0,30,,35223,39,,,0,66,,35224,39,,,0,20,,35225,39,,,0,20,,35226,39,,,0,60,,35227,39,,,0,20,,35228,39,,,0,20,,35229,39,,,0,60,,35230,39,,,0,20,,35231,39,,,0,20,,35232,39,,,0,60,,35233,39,,,0,20,,35234,39,,,0,20,,35235,39,,,0,60,,35236,39,,,0,20,,35237,39,,,0,20,,35238,39,,,0,60,,35239,39,,,0,20,,35240,39,,,0,20,,35241,39,,,0,60,,35242,39,,,0,20,,35243,39,,,0,20,,35244,39,,,0,60,,35245,39,,,0,20,,35246,39,,,0,20,,35247,39,,,0,60,,35248,39,,,0,22,,35253,39,,,0,70,,35249,39,,,0,28,,35250,39,,,0,30,,35251,39,,,0,70,,35252,39,,,0,30,,35205,39,,,0,70,,35206,39,,,0,30,,35207,39,,,0,70,,35208,39,,,0,28,,35209,39,,,0,66,,35210,39,,,0,30,,35211,39,,,0,70,,35212,39,,,0,30,,35213,39,,,0,70,,35214,39,,,0,30,,35215,39,,,0,70,,35216,39,,,0
579601,'3',608,,35278,39,,,0,30,,35279,39,,,0,70,,35277,39,,,0,30,,35280,39,,,0,70,,35276,39,,,0,30,,35281,39,,,0,65,,35274,39,,,0,26,,35275,39,,,0,30,,35273,39,,,0,70,,35272,39,,,0,30,,35271,39,,,0,70,,35270,39,,,0,30,,35269,39,,,0,70,,35268,39,,,0,30,,35267,39,,,0,70,,35266,39,,,0,30,,35265,39,,,0,70,,35264,39,,,0,30,,35263,39,,,0,70,,35262,39,,,0,30,,35261,39,,,0,70,,35260,39,,,0,30,,35259,39,,,0,70,,35258,39,,,0,27,,35254,39,,,0,70,,35257,39,,,0,30,,35282,39,,,0,70,,35256,39,,,0,30,,35283,39,,,0,70,,35255,39,,,0,31,,35284,39,,,0,67,,35285,39,,,0,30,,35286,39,,,0,59,,35288,39,,,0,30,,35287,39,,,0,70,,35289,39,,,0,30,,35290,39,,,0
579601,'4',621,,35291,39,,,0,100,,35292,39,,,0,85,,35293,39,,,0,30,,35294,39,,,0,70,,35295,39,,,0,33,,35296,39,,,0,70,,35297,39,,,0,30,,35298,39,,,0,70,,35299,39,,,0,30,,35300,39,,,0,70,,35301,39,,,0,30,,35302,39,,,0,70,,35303,39,,,0,30,,35304,39,,,0,70,,35305,39,,,0,30,,35306,39,,,0,70,,35307,39,,,0,30,,35308,39,,,0,82,,35309,39,,,0,100,,35310,39,,,0,98,,35311,39,,,0,100,,35312,39,,,0,100,,35313,39,,,0
579601,'6',608,,35338,39,,,0,30,,35339,39,,,0,70,,35337,39,,,0,30,,35340,39,,,0,70,,35336,39,,,0,30,,35341,39,,,0,65,,35334,39,,,0,26,,35335,39,,,0,30,,35333,39,,,0,70,,35332,39,,,0,30,,35331,39,,,0,70,,35330,39,,,0,30,,35329,39,,,0,70,,35328,39,,,0,30,,35327,39,,,0,70,,35326,39,,,0,30,,35325,39,,,0,70,,35324,39,,,0,30,,35323,39,,,0,70,,35322,39,,,0,30,,35321,39,,,0,70,,35320,39,,,0,30,,35319,39,,,0,70,,35318,39,,,0,27,,35314,39,,,0,70,,35317,39,,,0,30,,35342,39,,,0,70,,35316,39,,,0,30,,35343,39,,,0,70,,35315,39,,,0,31,,35344,39,,,0,67,,35345,39,,,0,30,,35346,39,,,0,59,,35348,39,,,0,30,,35347,39,,,0,70,,35349,39,,,0,30,,35350,39,,,0
579701,'1601',1518,,35553,34,,,0,30,,35552,34,,,0
579701,'1',524,,35554,34,,,0,22,,35555,34,,,0,60,,35556,34,,,0,20,,35557,34,,,0,20,,35558,34,,,0,60,,35559,34,,,0,15,,35560,34,,,0,15,,35561,34,,,0,15,,35562,34,,,0,55,,35563,34,,,0,15,,35564,34,,,0,15,,35565,34,,,0,15,,35566,34,,,0,60,,35567,34,,,0,20,,35568,34,,,0,20,,35569,34,,,0,59,,35570,34,,,0,20,,35571,34,,,0,20,,35572,34,,,0,60,,35573,34,,,0,20,,35574,34,,,0,20,,35575,34,,,0,60,,35576,34,,,0,20,,35577,34,,,0,20,,35578,34,,,0,60,,35579,34,,,0,20,,35580,34,,,0,20,,35581,34,,,0,56,,35582,34,,,0,15,,35583,34,,,0,15,,35584,34,,,0,15,,35585,34,,,0,55,,35586,34,,,0,15,,35587,34,,,0,15,,35588,34,,,0,15,,35589,34,,,0,55,,35590,34,,,0,15,,35591,34,,,0,15,,35592,34,,,0,15,,35593,34,,,0,55,,35594,34,,,0,15,,35595,34,,,0,15,,35596,34,,,0,15,,35597,34,,,0,69,,35598,34,,,0,30,,35599,34,,,0,65,,35600,34,,,0,28,,35601,34,,,0,70,,35602,34,,,0,30,,35603,34,,,0,70,,35604,34,,,0,30,,35605,34,,,0,69,,35606,34,,,0,25,,35607,34,,,0,70,,35608,34,,,0,30,,35609,34,,,0,70,,35610,34,,,0,32,,35611,34,,,0,70,,35612,34,,,0
579701,'2',556,,35656,34,,,0,72,,35657,34,,,0,30,,35658,34,,,0,70,,35659,34,,,0,30,,35613,34,,,0,70,,35614,34,,,0,31,,35615,34,,,0,60,,35616,34,,,0,20,,35617,34,,,0,20,,35618,34,,,0,60,,35619,34,,,0,20,,35620,34,,,0,20,,35621,34,,,0,60,,35622,34,,,0,20,,35623,34,,,0,20,,35624,34,,,0,60,,35625,34,,,0,20,,35626,34,,,0,20,,35627,34,,,0,60,,35628,34,,,0,20,,35629,34,,,0,20,,35630,34,,,0,60,,35631,34,,,0,20,,35632,34,,,0,20,,35633,34,,,0,60,,35634,34,,,0,20,,35635,34,,,0,20,,35636,34,,,0,60,,35637,34,,,0,20,,35638,34,,,0,20,,35639,34,,,0,60,,35640,34,,,0,20,,35660,34,,,0,20,,35661,34,,,0,60,,35641,34,,,0,25,,35642,34,,,0,70,,35643,34,,,0,30,,35644,34,,,0,70,,35645,34,,,0,30,,35646,34,,,0,70,,35647,34,,,0,30,,35648,34,,,0,64,,35649,34,,,0,30,,35650,34,,,0,70,,35651,34,,,0,30,,35652,34,,,0,70,,35653,34,,,0,30,,35654,34,,,0,73,,35655,34,,,0
579701,'3',630,,35667,34,,,0,29,,35666,34,,,0,70,,35668,34,,,0,30,,35665,34,,,0,70,,35669,34,,,0,30,,35670,34,,,0,80,,35671,34,,,0,70,,35672,34,,,0,30,,35673,34,,,0,70,,35674,34,,,0,30,,35675,34,,,0,70,,35676,34,,,0,30,,35677,34,,,0,70,,35678,34,,,0,30,,35679,34,,,0,70,,35680,34,,,0,30,,35681,34,,,0,70,,35682,34,,,0,30,,35683,34,,,0,70,,35684,34,,,0,30,,35685,34,,,0,70,,35686,34,,,0,30,,35687,34,,,0,67,,35664,34,,,0,30,,35688,34,,,0,70,,35663,34,,,0,30,,35689,34,,,0,70,,35662,34,,,0,30,,35690,34,,,0,68,,35691,34,,,0,30,,35692,34,,,0,68,,35693,34,,,0,30,,35694,34,,,0,70,,35695,34,,,0,30,,35696,34,,,0,24,,35697,34,,,0
579701,'4',651,,35698,34,,,0,100,,35699,34,,,0,70,,35700,34,,,0,30,,35701,34,,,0,70,,35702,34,,,0,34,,35703,34,,,0,70,,35704,34,,,0,30,,35705,34,,,0,70,,35706,34,,,0,30,,35707,34,,,0,70,,35708,34,,,0,30,,35709,34,,,0,70,,35710,34,,,0,30,,35711,34,,,0,70,,35712,34,,,0,30,,35713,34,,,0,65,,35714,34,,,0,30,,35715,34,,,0,100,,35716,34,,,0,98,,35717,34,,,0,100,,35718,34,,,0,100,,35719,34,,,0,100,,35720,34,,,0
579701,'6',630,,35726,34,,,0,29,,35725,34,,,0,70,,35727,34,,,0,30,,35724,34,,,0,70,,35728,34,,,0,30,,35729,34,,,0,80,,35730,34,,,0,70,,35731,34,,,0,30,,35732,34,,,0,70,,35733,34,,,0,30,,35734,34,,,0,70,,35735,34,,,0,30,,35736,34,,,0,70,,35737,34,,,0,30,,35738,34,,,0,70,,35739,34,,,0,30,,35740,34,,,0,70,,35741,34,,,0,30,,35742,34,,,0,70,,35743,34,,,0,30,,35744,34,,,0,70,,35745,34,,,0,30,,35746,34,,,0,67,,35723,34,,,0,30,,35747,34,,,0,70,,35722,34,,,0,30,,35748,34,,,0,70,,35721,34,,,0,30,,35749,34,,,0,68,,35750,34,,,0,30,,35751,34,,,0,68,,35752,34,,,0,30,,35753,34,,,0,70,,35754,34,,,0,30,,35755,34,,,0,24,,35756,34,,,0
579801,'1',529,,35991,19,,,0,20,,35992,19,,,0,60,,35993,19,,,0,20,,35994,19,,,0,20,,35995,19,,,0,58,,35996,19,,,0,16,,35997,19,,,0,14,,35998,19,,,0,12,,35999,19,,,0,52,,36000,19,,,0,12,,36001,19,,,0,12,,36002,19,,,0,12,,36003,19,,,0,14,,36004,19,,,0,52,,36005,19,,,0,12,,36006,19,,,0,12,,36007,19,,,0,13,,36008,19,,,0,15,,36009,19,,,0,55,,36010,19,,,0,15,,36011,19,,,0,15,,36012,19,,,0,15,,36013,19,,,0,55,,36014,19,,,0,15,,36015,19,,,0,15,,36016,19,,,0,15,,36017,19,,,0,55,,36018,19,,,0,15,,36019,19,,,0,15,,36020,19,,,0,15,,36021,19,,,0,55,,36022,19,,,0,15,,36023,19,,,0,15,,36024,19,,,0,15,,36025,19,,,0,56,,36026,19,,,0,15,,36027,19,,,0,15,,36028,19,,,0,15,,36029,19,,,0,55,,36030,19,,,0,12,,36031,19,,,0,12,,36032,19,,,0,12,,36033,19,,,0,12,,36034,19,,,0,52,,36035,19,,,0,12,,36036,19,,,0,12,,36037,19,,,0,12,,36038,19,,,0,12,,36039,19,,,0,52,,36040,19,,,0,12,,36041,19,,,0,12,,36042,19,,,0,12,,36043,19,,,0,12,,36044,19,,,0,52,,36045,19,,,0,11,,36046,19,,,0,12,,36047,19,,,0,12,,36048,19,,,0,12,,36049,19,,,0,54,,36050,19,,,0,14,,36051,19,,,0,15,,36052,19,,,0,15,,36053,19,,,0,53,,36054,19,,,0,18,,36055,19,,,0,12,,36056,19,,,0,14,,36057,19,,,0,60,,36058,19,,,0,20,,36059,19,,,0,20,,36060,19,,,0,61,,36061,19,,,0,20,,36062,19,,,0,20,,36063,19,,,0,70,,36064,19,,,0,30,,36065,19,,,0,97,,36066,19,,,0
579801,'2',530,,36098,19,,,0,29,,36099,19,,,0,72,,36100,19,,,0,70,,36101,19,,,0,30,,36102,19,,,0,70,,36103,19,,,0,30,,36104,19,,,0,70,,36105,19,,,0,30,,36106,19,,,0,20,,36107,19,,,0,65,,36108,19,,,0,20,,36109,19,,,0,20,,36110,19,,,0,60,,36111,19,,,0,20,,36112,19,,,0,20,,36113,19,,,0,62,,36114,19,,,0,20,,36067,19,,,0,20,,36068,19,,,0,55,,36069,19,,,0,20,,36070,19,,,0,20,,36071,19,,,0,60,,36072,19,,,0,20,,36073,19,,,0,20,,36074,19,,,0,60,,36075,19,,,0,20,,36076,19,,,0,20,,36077,19,,,0,60,,36078,19,,,0,20,,36079,19,,,0,20,,36080,19,,,0,60,,36081,19,,,0,20,,36082,19,,,0,20,,36083,19,,,0,60,,36084,19,,,0,21,,36085,19,,,0,70,,36086,19,,,0,30,,36087,19,,,0,70,,36088,19,,,0,30,,36089,19,,,0,70,,36090,19,,,0,27,,36091,19,,,0,70,,36092,19,,,0,30,,36093,19,,,0,70,,36094,19,,,0,30,,36095,19,,,0,22,,36096,19,,,0,100,,36097,19,,,0
579801,'3',623,,36115,19,,,0,36,,36146,19,,,0,70,,36116,19,,,0,30,,36117,19,,,0,70,,36118,19,,,0,30,,36119,19,,,0,71,,36120,19,,,0,70,,36121,19,,,0,34,,36122,19,,,0,70,,36123,19,,,0,30,,36124,19,,,0,70,,36125,19,,,0,30,,36126,19,,,0,70,,36127,19,,,0,30,,36128,19,,,0,70,,36129,19,,,0,30,,36130,19,,,0,70,,36131,19,,,0,30,,36132,19,,,0,70,,36133,19,,,0,30,,36134,19,,,0,70,,36135,19,,,0,30,,36139,19,,,0,70,,36140,19,,,0,30,,36141,19,,,0,70,,36142,19,,,0,30,,36143,19,,,0,70,,36144,19,,,0,30,,36145,19,,,0,70,,36136,19,,,0,32,,36149,19,,,0,70,,36137,19,,,0,30,,36147,19,,,0,70,,36138,19,,,0,30,,36148,19,,,0
579801,'4',524,,36150,19,,,0,100,,36151,19,,,0,30,,36152,19,,,0,70,,36153,19,,,0,30,,36154,19,,,0,70,,36155,19,,,0,30,,36156,19,,,0,73,,36157,19,,,0,74,,36158,19,,,0,34,,36159,19,,,0,70,,36160,19,,,0,30,,36161,19,,,0,70,,36162,19,,,0,30,,36163,19,,,0,70,,36164,19,,,0,30,,36165,19,,,0,90,,36166,19,,,0,95,,36167,19,,,0,100,,36168,19,,,0,100,,36169,19,,,0,100,,36170,19,,,0,100,,36171,19,,,0,100,,36172,19,,,0
579801,'6',530,,36204,19,,,0,29,,36205,19,,,0,72,,36206,19,,,0,70,,36207,19,,,0,30,,36208,19,,,0,70,,36209,19,,,0,30,,36210,19,,,0,70,,36211,19,,,0,30,,36212,19,,,0,20,,36213,19,,,0,65,,36214,19,,,0,20,,36215,19,,,0,20,,36216,19,,,0,60,,36217,19,,,0,20,,36218,19,,,0,20,,36219,19,,,0,62,,36220,19,,,0,20,,36173,19,,,0,20,,36174,19,,,0,55,,36175,19,,,0,20,,36176,19,,,0,20,,36177,19,,,0,60,,36178,19,,,0,20,,36179,19,,,0,20,,36180,19,,,0,60,,36181,19,,,0,20,,36182,19,,,0,20,,36183,19,,,0,60,,36184,19,,,0,20,,36185,19,,,0,20,,36186,19,,,0,60,,36187,19,,,0,20,,36188,19,,,0,20,,36189,19,,,0,60,,36190,19,,,0,21,,36191,19,,,0,70,,36192,19,,,0,30,,36193,19,,,0,70,,36194,19,,,0,30,,36195,19,,,0,70,,36196,19,,,0,27,,36197,19,,,0,70,,36198,19,,,0,30,,36199,19,,,0,70,,36200,19,,,0,30,,36201,19,,,0,22,,36202,19,,,0,100,,36203,19,,,0
579901,'1',544,,36452,33,,,0,60,,36453,33,,,0,20,,36454,33,,,0,22,,36455,33,,,0,64,,36456,33,,,0,15,,36457,33,,,0,12,,36458,33,,,0,11,,36459,33,,,0,52,,36460,33,,,0,12,,36461,33,,,0,12,,36462,33,,,0,12,,36463,33,,,0,12,,36464,33,,,0,11,,36465,33,,,0,52,,36466,33,,,0,12,,36467,33,,,0,12,,36468,33,,,0,15,,36469,33,,,0,55,,36470,33,,,0,15,,36471,33,,,0,15,,36472,33,,,0,15,,36473,33,,,0,55,,36474,33,,,0,15,,36475,33,,,0,15,,36476,33,,,0,15,,36477,33,,,0,55,,36478,33,,,0,15,,36479,33,,,0,15,,36480,33,,,0,15,,36481,33,,,0,55,,36482,33,,,0,15,,36483,33,,,0,15,,36484,33,,,0,15,,36485,33,,,0,55,,36486,33,,,0,15,,36487,33,,,0,15,,36488,33,,,0,15,,36489,33,,,0,54,,36490,33,,,0,13,,36491,33,,,0,12,,36492,33,,,0,12,,36493,33,,,0,12,,36494,33,,,0,52,,36495,33,,,0,12,,36496,33,,,0,12,,36497,33,,,0,12,,36498,33,,,0,12,,36499,33,,,0,52,,36500,33,,,0,12,,36501,33,,,0,12,,36502,33,,,0,12,,36503,33,,,0,12,,36504,33,,,0,52,,36505,33,,,0,14,,36506,33,,,0,12,,36507,33,,,0,15,,36508,33,,,0,56,,36510,33,,,0,16,,36511,33,,,0,17,,36512,33,,,0,15,,36513,33,,,0,59,,36514,33,,,0,14,,36515,33,,,0,20,,36517,33,,,0,60,,36518,33,,,0,20,,36519,33,,,0,20,,36520,33,,,0,73,,36521,33,,,0,30,,36522,33,,,0,63,,36523,33,,,0,41,,36524,33,,,0,70,,36525,33,,,0,91,,36527,33,,,0
579901,'2',556,,36540,33,,,0,69,,36541,33,,,0,26,,36542,33,,,0,70,,36543,33,,,0,30,,36544,33,,,0,70,,36545,33,,,0,30,,36546,33,,,0,71,,36547,33,,,0,20,,36548,33,,,0,60,,36549,33,,,0,20,,36550,33,,,0,20,,36551,33,,,0,60,,36552,33,,,0,20,,36553,33,,,0,20,,36554,33,,,0,62,,36555,33,,,0,22,,36556,33,,,0,18,,36557,33,,,0,60,,36558,33,,,0,20,,36559,33,,,0,20,,36560,33,,,0,60,,36561,33,,,0,20,,36562,33,,,0,20,,36563,33,,,0,60,,36564,33,,,0,20,,36565,33,,,0,20,,36566,33,,,0,60,,36567,33,,,0,20,,36568,33,,,0,20,,36569,33,,,0,60,,36570,33,,,0,20,,36571,33,,,0,20,,36572,33,,,0,60,,36573,33,,,0,15,,36574,33,,,0,30,,36575,33,,,0,70,,36576,33,,,0,30,,36577,33,,,0,70,,36531,33,,,0,30,,36532,33,,,0,70,,36533,33,,,0,27,,36534,33,,,0,70,,36535,33,,,0,28,,36536,33,,,0,70,,36537,33,,,0,30,,36538,33,,,0,75,,36539,33,,,0
579901,'3',615,,36580,33,,,0,30,,36612,33,,,0,70,,36581,33,,,0,30,,36582,33,,,0,70,,36583,33,,,0,30,,36584,33,,,0,70,,36585,33,,,0,30,,36586,33,,,0,70,,36587,33,,,0,30,,36588,33,,,0,73,,36589,33,,,0,30,,36590,33,,,0,70,,36591,33,,,0,30,,36592,33,,,0,70,,36593,33,,,0,30,,36594,33,,,0,70,,36595,33,,,0,30,,36596,33,,,0,70,,36597,33,,,0,30,,36598,33,,,0,70,,36599,33,,,0,30,,36600,33,,,0,70,,36601,33,,,0,30,,36605,33,,,0,70,,36606,33,,,0,30,,36607,33,,,0,70,,36608,33,,,0,30,,36609,33,,,0,70,,36610,33,,,0,30,,36611,33,,,0,70,,36613,33,,,0,33,,36602,33,,,0,70,,36614,33,,,0,30,,36603,33,,,0,70,,36615,33,,,0,30,,36604,33,,,0
579901,'4',609,,36616,33,,,0,30,,36617,33,,,0,70,,36618,33,,,0,30,,36619,33,,,0,70,,36620,33,,,0,30,,36621,33,,,0,74,,36622,33,,,0,34,,36623,33,,,0,70,,36624,33,,,0,30,,36625,33,,,0,70,,36626,33,,,0,30,,36627,33,,,0,70,,36628,33,,,0,30,,36629,33,,,0,70,,36630,33,,,0,30,,36631,33,,,0,100,,36632,33,,,0,100,,36633,33,,,0,100,,36634,33,,,0,100,,36635,33,,,0,100,,36636,33,,,0,100,,36637,33,,,0,100,,36638,33,,,0
579901,'6',556,,36650,33,,,0,69,,36651,33,,,0,26,,36652,33,,,0,70,,36653,33,,,0,30,,36654,33,,,0,70,,36655,33,,,0,30,,36656,33,,,0,71,,36657,33,,,0,20,,36658,33,,,0,60,,36659,33,,,0,20,,36660,33,,,0,20,,36661,33,,,0,60,,36662,33,,,0,20,,36663,33,,,0,20,,36664,33,,,0,62,,36665,33,,,0,22,,36666,33,,,0,18,,36667,33,,,0,60,,36668,33,,,0,20,,36669,33,,,0,20,,36670,33,,,0,60,,36671,33,,,0,20,,36672,33,,,0,20,,36673,33,,,0,60,,36674,33,,,0,20,,36675,33,,,0,20,,36676,33,,,0,60,,36677,33,,,0,20,,36678,33,,,0,20,,36679,33,,,0,60,,36680,33,,,0,20,,36681,33,,,0,20,,36682,33,,,0,60,,36683,33,,,0,15,,36684,33,,,0,30,,36685,33,,,0,70,,36686,33,,,0,30,,36687,33,,,0,70,,36641,33,,,0,30,,36642,33,,,0,70,,36643,33,,,0,27,,36644,33,,,0,70,,36645,33,,,0,28,,36646,33,,,0,70,,36647,33,,,0,30,,36648,33,,,0,75,,36649,33,,,0
580001,'1',446,,36910,34,,,0,56,,36911,34,,,0,6,,36912,34,,,0,9,,36913,34,,,0,20,,36914,34,,,0,10,,36915,34,,,0,2,,36916,34,,,0,8,,36917,34,,,0,1,,36918,34,,,0,53,,36919,34,,,0,13,,36920,34,,,0,15,,36921,34,,,0,15,,36922,34,,,0,55,,36923,34,,,0,15,,36924,34,,,0,15,,36925,34,,,0,15,,36926,34,,,0,55,,36927,34,,,0,15,,36928,34,,,0,15,,36929,34,,,0,15,,36930,34,,,0,56,,36931,34,,,0,15,,36932,34,,,0,25,,36933,34,,,0,70,,36934,34,,,0,30,,36935,34,,,0,70,,36936,34,,,0,30,,36937,34,,,0,70,,36938,34,,,0,30,,36939,34,,,0,70,,36940,34,,,0,30,,36941,34,,,0,70,,36942,34,,,0,30,,36943,34,,,0,69,,36944,34,,,0,15,,36945,34,,,0,15,,36946,34,,,0,55,,36947,34,,,0,15,,36948,34,,,0,15,,36949,34,,,0,15,,36950,34,,,0,55,,36951,34,,,0,15,,36952,34,,,0,15,,36953,34,,,0,15,,36954,34,,,0,55,,36955,34,,,0,30,,36956,34,,,0,68,,36957,34,,,0,30,,36958,34,,,0,72,,36959,34,,,0,30,,36960,34,,,0,70,,36961,34,,,0,30,,36962,34,,,0,70,,36963,34,,,0,30,,36964,34,,,0,70,,36965,34,,,0,33,,36966,34,,,0,70,,36967,34,,,0,30,,36968,34,,,0,76,,36969,34,,,0
580001,'2',504,,37020,34,,,0,4,,37014,34,,,0,30,,37013,34,,,0,70,,37012,34,,,0,30,,37011,34,,,0,70,,37010,34,,,0,30,,37009,34,,,0,70,,37008,34,,,0,30,,37007,34,,,0,70,,37006,34,,,0,20,,37005,34,,,0,20,,37004,34,,,0,60,,37003,34,,,0,20,,37002,34,,,0,20,,36996,34,,,0,60,,36997,34,,,0,20,,36985,34,,,0,20,,36988,34,,,0,60,,36989,34,,,0,20,,36987,34,,,0,20,,36993,34,,,0,60,,36995,34,,,0,20,,36994,34,,,0,20,,36992,34,,,0,60,,36980,34,,,0,20,,36981,34,,,0,20,,36982,34,,,0,60,,36983,34,,,0,20,,36984,34,,,0,20,,36986,34,,,0,60,,37001,34,,,0,20,,36998,34,,,0,20,,36999,34,,,0,60,,37000,34,,,0,20,,36978,34,,,0,20,,36977,34,,,0,60,,36979,34,,,0,20,,36970,34,,,0,20,,36990,34,,,0,70,,36991,34,,,0,30,,36976,34,,,0,70,,36975,34,,,0,30,,36974,34,,,0,70,,36973,34,,,0,30,,36972,34,,,0,70,,36971,34,,,0,30,,37019,34,,,0,75,,37018,34,,,0,30,,37017,34,,,0,70,,37016,34,,,0,30,,37015,34,,,0
580001,'3',503,,37053,34,,,0,18,,37026,34,,,0,23,,37021,34,,,0,7,,37035,34,,,0,56,,37054,34,,,0,13,,37025,34,,,0,30,,37044,34,,,0,70,,37024,34,,,0,30,,37045,34,,,0,70,,37023,34,,,0,30,,37046,34,,,0,70,,37022,34,,,0,29,,37027,34,,,0,70,,37049,34,,,0,30,,37029,34,,,0,70,,37043,34,,,0,30,,37032,34,,,0,70,,37042,34,,,0,30,,37041,34,,,0,70,,37047,34,,,0,30,,37048,34,,,0,70,,37028,34,,,0,30,,37033,34,,,0,70,,37030,34,,,0,30,,37034,34,,,0,70,,37031,34,,,0,30,,37036,34,,,0,70,,37039,34,,,0,30,,37037,34,,,0,70,,37050,34,,,0,30,,37038,34,,,0,71,,37051,34,,,0,30,,37040,34,,,0,70,,37052,34,,,0,30,,37055,34,,,0,70,,37056,34,,,0,30,,37057,34,,,0,71,,37058,34,,,0,30,,37059,34,,,0,70,,37060,34,,,0,30,,37061,34,,,0
580001,'4',547,,37062,34,,,0,86,,37063,34,,,0,85,,37064,34,,,0,85,,37065,34,,,0,45,,37066,34,,,0,85,,37067,34,,,0,85,,37068,34,,,0,85,,37069,34,,,0,45,,37070,34,,,0,85,,37071,34,,,0,85,,37072,34,,,0,85,,37073,34,,,0,45,,37074,34,,,0,85,,37075,34,,,0,85,,37076,34,,,0,85,,37077,34,,,0,45,,37078,34,,,0,85,,37079,34,,,0,85,,37080,34,,,0,85,,37081,34,,,0,45,,37082,34,,,0
580001,'6',503,,37115,34,,,0,18,,37088,34,,,0,23,,37083,34,,,0,7,,37097,34,,,0,56,,37116,34,,,0,13,,37087,34,,,0,30,,37106,34,,,0,70,,37086,34,,,0,30,,37107,34,,,0,70,,37085,34,,,0,30,,37108,34,,,0,70,,37084,34,,,0,29,,37089,34,,,0,70,,37111,34,,,0,30,,37091,34,,,0,70,,37105,34,,,0,30,,37094,34,,,0,70,,37104,34,,,0,30,,37103,34,,,0,70,,37109,34,,,0,30,,37110,34,,,0,70,,37090,34,,,0,30,,37095,34,,,0,70,,37092,34,,,0,30,,37096,34,,,0,70,,37093,34,,,0,30,,37098,34,,,0,70,,37101,34,,,0,30,,37099,34,,,0,70,,37112,34,,,0,30,,37100,34,,,0,71,,37113,34,,,0,30,,37102,34,,,0,70,,37114,34,,,0,30,,37117,34,,,0,70,,37118,34,,,0,30,,37119,34,,,0,71,,37120,34,,,0,30,,37121,34,,,0,70,,37122,34,,,0,30,,37123,34,,,0
580101,'1',529,,37315,41,,,0,20,,37316,41,,,0,60,,37317,41,,,0,20,,37318,41,,,0,20,,37319,41,,,0,60,,37320,41,,,0,15,,37321,41,,,0,19,,37322,41,,,0,15,,37323,41,,,0,55,,37324,41,,,0,18,,37325,41,,,0,20,,37326,41,,,0,60,,37327,41,,,0,20,,37328,41,,,0,20,,37329,41,,,0,60,,37330,41,,,0,20,,37331,41,,,0,20,,37332,41,,,0,60,,37333,41,,,0,20,,37334,41,,,0,20,,37335,41,,,0,60,,37336,41,,,0,20,,37337,41,,,0,20,,37338,41,,,0,60,,37339,41,,,0,20,,37340,41,,,0,20,,37341,41,,,0,60,,37342,41,,,0,15,,37343,41,,,0,15,,37344,41,,,0,15,,37345,41,,,0,55,,37346,41,,,0,15,,37347,41,,,0,15,,37348,41,,,0,15,,37349,41,,,0,55,,37350,41,,,0,15,,37351,41,,,0,15,,37352,41,,,0,15,,37353,41,,,0,55,,37354,41,,,0,15,,37355,41,,,0,15,,37356,41,,,0,15,,37357,41,,,0,55,,37358,41,,,0,30,,37359,41,,,0,70,,37360,41,,,0,30,,37361,41,,,0,70,,37362,41,,,0,25,,37363,41,,,0,70,,37364,41,,,0,45,,37365,41,,,0,80,,37366,41,,,0,80,,37367,41,,,0,40,,37368,41,,,0,80,,37369,41,,,0,80,,37370,41,,,0
580101,'2',529,,37406,41,,,0,30,,37407,41,,,0,70,,37371,41,,,0,30,,37372,41,,,0,70,,37373,41,,,0,30,,37374,41,,,0,70,,37375,41,,,0,30,,37376,41,,,0,75,,37377,41,,,0,70,,37378,41,,,0,30,,37379,41,,,0,70,,37380,41,,,0,30,,37381,41,,,0,70,,37382,41,,,0,30,,37383,41,,,0,70,,37384,41,,,0,30,,37385,41,,,0,70,,37386,41,,,0,30,,37387,41,,,0,70,,37388,41,,,0,30,,37389,41,,,0,70,,37390,41,,,0,30,,37391,41,,,0,70,,37392,41,,,0,30,,37393,41,,,0,70,,37394,41,,,0,30,,37395,41,,,0,70,,37396,41,,,0,30,,37397,41,,,0,70,,37398,41,,,0,26,,37399,41,,,0,70,,37400,41,,,0,30,,37401,41,,,0,70,,37402,41,,,0,30,,37403,41,,,0,80,,37404,41,,,0,40,,37405,41,,,0,80,,37408,41,,,0,80,,37409,41,,,0
580101,'3',616,,37410,41,,,0,30,,37411,41,,,0,70,,37412,41,,,0,30,,37413,41,,,0,70,,37414,41,,,0,30,,37415,41,,,0,70,,37416,41,,,0,33,,37417,41,,,0,70,,37418,41,,,0,30,,37419,41,,,0,70,,37420,41,,,0,30,,37421,41,,,0,70,,37422,41,,,0,30,,37423,41,,,0,70,,37424,41,,,0,30,,37425,41,,,0,70,,37426,41,,,0,30,,37427,41,,,0,70,,37428,41,,,0,30,,37429,41,,,0,70,,37430,41,,,0,30,,37431,41,,,0,70,,37432,41,,,0,30,,37433,41,,,0,70,,37434,41,,,0,30,,37435,41,,,0,70,,37436,41,,,0,30,,37437,41,,,0,70,,37438,41,,,0,26,,37439,41,,,0,70,,37440,41,,,0,35,,37441,41,,,0,80,,37442,41,,,0,80,,37443,41,,,0,40,,37444,41,,,0,75,,37445,41,,,0
580101,'4',652,,37467,41,,,0,80,,37466,41,,,0,80,,37446,41,,,0,40,,37447,41,,,0,80,,37448,41,,,0,80,,37449,41,,,0,40,,37450,41,,,0,80,,37451,41,,,0,80,,37452,41,,,0,40,,37453,41,,,0,80,,37454,41,,,0,80,,37455,41,,,0,40,,37456,41,,,0,80,,37457,41,,,0,80,,37458,41,,,0,40,,37459,41,,,0,80,,37460,41,,,0,80,,37461,41,,,0,40,,37462,41,,,0,80,,37463,41,,,0,80,,37464,41,,,0,40,,37465,41,,,0
580101,'6',616,,37468,41,,,0,30,,37469,41,,,0,70,,37470,41,,,0,30,,37471,41,,,0,70,,37472,41,,,0,30,,37473,41,,,0,70,,37474,41,,,0,33,,37475,41,,,0,70,,37476,41,,,0,30,,37477,41,,,0,70,,37478,41,,,0,30,,37479,41,,,0,70,,37480,41,,,0,30,,37481,41,,,0,70,,37482,41,,,0,30,,37483,41,,,0,70,,37484,41,,,0,30,,37485,41,,,0,70,,37486,41,,,0,30,,37487,41,,,0,70,,37488,41,,,0,30,,37489,41,,,0,70,,37490,41,,,0,30,,37491,41,,,0,70,,37492,41,,,0,30,,37493,41,,,0,70,,37494,41,,,0,30,,37495,41,,,0,70,,37496,41,,,0,26,,37497,41,,,0,70,,37498,41,,,0,35,,37499,41,,,0,80,,37500,41,,,0,80,,37501,41,,,0,40,,37502,41,,,0,75,,37503,41,,,0
580301,'1',501,,38076,31,,,0,35,,38077,31,,,0,23,,38078,34,,,0,62,,38079,31,,,0,19,,38080,34,,,0,60,,38081,31,,,0,20,,38082,34,,,0,17,,38083,31,,,0,15,,38084,34,,,0,55,,38085,31,,,0,15,,38086,34,,,0,15,,38087,31,,,0,15,,38088,34,,,0,55,,38089,31,,,0,15,,38090,34,,,0,15,,38091,31,,,0,15,,38092,34,,,0,55,,38093,31,,,0,17,,38094,34,,,0,20,,38095,31,,,0,60,,38096,34,,,0,20,,38097,31,,,0,20,,38098,34,,,0,60,,38099,31,,,0,20,,38100,34,,,0,20,,38101,31,,,0,60,,38102,34,,,0,20,,38103,31,,,0,20,,38104,34,,,0,60,,38105,31,,,0,16,,38106,34,,,0,13,,38107,31,,,0,15,,38108,34,,,0,55,,38109,31,,,0,15,,38110,34,,,0,15,,38111,31,,,0,15,,38112,34,,,0,55,,38113,31,,,0,15,,38114,34,,,0,15,,38115,31,,,0,15,,38116,34,,,0,55,,38117,31,,,0,15,,38118,34,,,0,17,,38119,31,,,0,15,,38120,34,,,0,55,,38121,31,,,0,15,,38122,34,,,0,15,,38123,31,,,0,15,,38124,34,,,0,55,,38125,31,,,0,15,,38126,34,,,0,15,,38127,31,,,0,20,,38128,34,,,0,60,,38129,31,,,0,20,,38130,34,,,0,20,,38131,31,,,0,60,,38132,34,,,0,20,,38133,31,,,0,16,,38134,34,,,0,70,,38135,31,,,0,30,,38136,34,,,0,70,,38137,31,,,0,30,,38138,34,,,0,68,,38139,31,,,0,28,,38140,34,,,0,68,,38141,31,,,0
580301,'2',538,,38165,34,,,0,70,,38158,31,,,0,30,,38178,34,,,0,70,,38179,31,,,0,30,,38180,34,,,0,70,,38181,31,,,0,30,,38163,34,,,0,70,,38164,31,,,0,29,,38147,34,,,0,70,,38175,31,,,0,24,,38176,34,,,0,20,,38177,31,,,0,60,,38172,34,,,0,20,,38173,31,,,0,20,,38174,34,,,0,60,,38166,31,,,0,20,,38167,34,,,0,20,,38168,31,,,0,60,,38169,34,,,0,20,,38170,31,,,0,20,,38171,34,,,0,60,,38182,31,,,0,20,,38185,34,,,0,20,,38156,31,,,0,60,,38157,34,,,0,20,,38155,31,,,0,20,,38152,34,,,0,60,,38153,31,,,0,20,,38150,34,,,0,20,,38151,31,,,0,60,,38154,34,,,0,21,,38145,31,,,0,20,,38159,34,,,0,60,,38161,31,,,0,20,,38162,34,,,0,20,,38160,31,,,0,60,,38186,34,,,0,30,,38187,31,,,0,70,,38183,34,,,0,30,,38184,31,,,0,70,,38149,34,,,0,30,,38146,31,,,0,70,,38190,34,,,0,30,,38142,31,,,0,70,,38143,34,,,0,30,,38144,31,,,0,70,,38188,34,,,0,30,,38189,31,,,0,70,,38148,34,,,0
580301,'3',620,,38208,34,,,0,30,,38207,31,,,0,70,,38206,34,,,0,30,,38205,31,,,0,70,,38204,34,,,0,30,,38203,31,,,0,70,,38202,34,,,0,30,,38201,31,,,0,72,,38209,34,,,0,20,,38222,31,,,0,60,,38210,31,,,0,20,,38223,34,,,0,20,,38211,31,,,0,60,,38224,34,,,0,20,,38212,31,,,0,20,,38225,34,,,0,60,,38213,31,,,0,20,,38226,34,,,0,20,,38214,31,,,0,60,,38227,34,,,0,20,,38215,31,,,0,20,,38228,34,,,0,60,,38216,31,,,0,20,,38229,34,,,0,20,,38217,31,,,0,60,,38230,34,,,0,20,,38218,31,,,0,20,,38231,34,,,0,60,,38219,31,,,0,20,,38232,34,,,0,20,,38220,31,,,0,60,,38233,34,,,0,20,,38221,31,,,0,20,,38234,34,,,0,59,,38235,31,,,0,19,,38200,34,,,0,31,,38199,31,,,0,69,,38198,34,,,0,31,,38197,31,,,0,69,,38196,34,,,0,31,,38195,31,,,0,66,,38194,34,,,0,31,,38193,31,,,0,69,,38192,34,,,0,31,,38191,31,,,0
580301,'4',621,,38236,34,,,0,30,,38251,31,,,0,70,,38237,34,,,0,30,,38252,31,,,0,70,,38238,34,,,0,30,,38253,31,,,0,70,,38239,34,,,0,30,,38254,31,,,0,70,,38240,34,,,0,30,,38255,31,,,0,70,,38241,34,,,0,30,,38256,31,,,0,70,,38242,34,,,0,30,,38257,31,,,0,70,,38243,34,,,0,30,,38258,31,,,0,70,,38244,34,,,0,30,,38259,31,,,0,70,,38245,34,,,0,30,,38260,31,,,0,70,,38246,34,,,0,30,,38261,31,,,0,70,,38247,34,,,0,30,,38262,31,,,0,70,,38248,34,,,0,30,,38263,31,,,0,70,,38249,34,,,0,30,,38264,31,,,0,70,,38250,34,,,0,30,,38265,31,,,0
580301,'6',620,,38283,34,,,0,30,,38282,31,,,0,70,,38281,34,,,0,30,,38280,31,,,0,70,,38279,34,,,0,30,,38278,31,,,0,70,,38277,34,,,0,30,,38276,31,,,0,72,,38284,34,,,0,20,,38297,31,,,0,60,,38285,31,,,0,20,,38298,34,,,0,20,,38286,31,,,0,60,,38299,34,,,0,20,,38287,31,,,0,20,,38300,34,,,0,60,,38288,31,,,0,20,,38301,34,,,0,20,,38289,31,,,0,60,,38302,34,,,0,20,,38290,31,,,0,20,,38303,34,,,0,60,,38291,31,,,0,20,,38304,34,,,0,20,,38292,31,,,0,60,,38305,34,,,0,20,,38293,31,,,0,20,,38306,34,,,0,60,,38294,31,,,0,20,,38307,34,,,0,20,,38295,31,,,0,60,,38308,34,,,0,20,,38296,31,,,0,20,,38309,34,,,0,59,,38310,31,,,0,19,,38275,34,,,0,31,,38274,31,,,0,69,,38273,34,,,0,31,,38272,31,,,0,69,,38271,34,,,0,31,,38270,31,,,0,66,,38269,34,,,0,31,,38268,31,,,0,69,,38267,34,,,0,31,,38266,31,,,0
