578300,'1',527,,30529,29,0,23 24,0,25,,30532,72,0,23 24,0,70,,30535,72,0,23 24,0,30,,30538,72,0,23 24,0,55,,30540,72,0,23 24,0,15,,30542,72,0,23 24,0,15,,30544,72,0,23 24,0,15,,30546,72,0,23 24,0,55,,30548,72,0,23 24,0,15,,30550,72,0,23 24,0,15,,30552,72,0,23 24,0,15,,30554,72,0,23 24,0,55,,30556,72,0,23 24,0,20,,30558,72,0,23 24,0,15,,30560,72,0,23 24,0,15,,30562,72,0,23 24,0,70,,30566,72,0,23 24,0,30,,30569,72,0,23 24,0,70,,30572,72,0,23 24,0,30,,30575,72,0,23 24,0,70,,30578,72,0,23 24,0,30,,30581,72,0,23 24,0,70,,30584,72,0,23 24,0,30,,30587,72,0,23 24,0,71,,30590,72,0,23 24,0,15,,30592,72,0,23 24,0,15,,30594,72,0,23 24,0,55,,30596,72,0,23 24,0,15,,30598,72,0,23 24,0,15,,30600,72,0,23 24,0,15,,30602,72,0,23 24,0,55,,30604,72,0,23 24,0,15,,30606,72,0,23 24,0,15,,30608,72,0,23 24,0,15,,30610,72,0,23 24,0,55,,30612,72,0,23 24,0,15,,30614,72,0,23 24,0,15,,30616,72,0,23 24,0,15,,30618,72,0,23 24,0,55,,30620,72,0,23 24,0,15,,30622,72,0,23 24,0,15,,30624,72,0,23 24,0,9,,30626,72,0,23 24,0,70,,30629,72,0,23 24,0,30,,30632,72,0,23 24,0,70,,30635,72,0,23 24,0,30,,30638,72,0,23 24,0,70,,30641,72,0,23 24,0,30,,30644,72,0,23 24,0,66,,30647,72,0,23 24,0,85,,30650,72,0,23 24,0,45,,30653,72,0,23 24,0,85,,30656,72,0,23 24,0,85,,30659,72,0,23 24,0,21,,30662,72,0,23 24,0
578300,'2',449,,30665,29,0,23 24,0,70,,30667,29,0,23 24,0,85,,30670,72,0,23 24,0,27,,30672,72,0,23 24,0,76,,30675,72,0,23 24,0,36,,30678,72,0,23 24,0,70,,30681,29,0,23 24,0,14,,30682,72,0,23 24,0,76,,30685,72,0,23 24,0,36,,30688,72,0,23 24,0,76,,30691,72,0,23 24,0,36,,30694,72,0,23 24,0,76,,30697,72,0,23 24,0,76,,30700,72,0,23 24,0,36,,30703,72,0,23 24,0,76,,30706,72,0,23 24,0,36,,30709,72,0,23 24,0,76,,30712,72,0,23 24,0,76,,30715,72,0,23 24,0,36,,30718,72,0,23 24,0,76,,30721,72,0,23 24,0,36,,30724,72,0,23 24,0,76,,30727,72,0,23 24,0,76,,30730,72,0,23 24,0,32,,30733,72,0,23 24,0,76,,30736,72,0,23 24,0,32,,30739,72,0,23 24,0,76,,30742,72,0,23 24,0,36,,30745,72,0,23 24,0,76,,30748,72,0,23 24,0,77,,30751,72,0,23 24,0,43,,30754,72,0,23 24,0,70,,30756,72,0,23 24,0,85,,30759,72,0,23 24,0,45,,30762,72,0,23 24,0,90,,30766,72,0,23 24,0
578300,'3',535,,30769,29,0,23 24,0,85,,30772,72,0,23 24,0,23,,30774,29,0,23 24,0,62,,30776,72,0,23 24,0,45,,30779,72,0,23 24,0,85,,30782,72,0,23 24,0,85,,30785,72,0,23 24,0,36,,30788,72,0,23 24,0,83,,30791,72,0,23 24,0,76,,30794,72,0,23 24,0,36,,30797,72,0,23 24,0,76,,30800,72,0,23 24,0,76,,30803,72,0,23 24,0,36,,30806,72,0,23 24,0,76,,30809,72,0,23 24,0,36,,30812,72,0,23 24,0,76,,30815,72,0,23 24,0,76,,30818,72,0,23 24,0,36,,30821,72,0,23 24,0,76,,30824,72,0,23 24,0,36,,30827,72,0,23 24,0,73,,30830,72,0,23 24,0,85,,30833,72,0,23 24,0,45,,30836,72,0,23 24,0,85,,30839,72,0,23 24,0,85,,30842,72,0,23 24,0,85,,30845,72,0,23 24,0,42,,30848,72,0,23 24,0,85,,30851,72,0,23 24,0,85,,30855,72,0,23 24,0
578300,'4',550,,30921,29,0,23 24,0,80,,30857,29,0,23 24,0,75,,30860,72,0,23 24,0,45,,30863,72,0,23 24,0,85,,30866,72,0,23 24,0,85,,30869,72,0,23 24,0,85,,30872,72,0,23 24,0,50,,30875,72,0,23 24,0,85,,30878,72,0,23 24,0,85,,30881,72,0,23 24,0,85,,30884,72,0,23 24,0,45,,30887,72,0,23 24,0,85,,30890,72,0,23 24,0,85,,30893,72,0,23 24,0,85,,30896,72,0,23 24,0,45,,30899,72,0,23 24,0,85,,30902,72,0,23 24,0,80,,30905,72,0,23 24,0,85,,30908,72,0,23 24,0,45,,30911,72,0,23 24,0,85,,30914,72,0,23 24,0,85,,30918,72,0,23 24,0
578300,'6',535,,30923,29,0,23 24,0,85,,30926,72,0,23 24,0,23,,30928,29,0,23 24,0,62,,30930,72,0,23 24,0,45,,30933,72,0,23 24,0,85,,30936,72,0,23 24,0,85,,30939,72,0,23 24,0,36,,30942,72,0,23 24,0,83,,30945,72,0,23 24,0,76,,30948,72,0,23 24,0,36,,30951,72,0,23 24,0,76,,30954,72,0,23 24,0,76,,30957,72,0,23 24,0,36,,30960,72,0,23 24,0,76,,30963,72,0,23 24,0,36,,30966,72,0,23 24,0,76,,30969,72,0,23 24,0,76,,30972,72,0,23 24,0,36,,30975,72,0,23 24,0,76,,30978,72,0,23 24,0,36,,30981,72,0,23 24,0,73,,30984,72,0,23 24,0,85,,30987,72,0,23 24,0,45,,30990,72,0,23 24,0,85,,30993,72,0,23 24,0,85,,30996,72,0,23 24,0,85,,30999,72,0,23 24,0,42,,31002,72,0,23 24,0,85,,31005,72,0,23 24,0,85,,31009,72,0,23 24,0
580800,'14601',529,,39276,32,,,0,20,,39270,32,,,0,60,,39271,32,,,0,20,,39272,32,,,0,20,,39273,32,,,0,60,,39274,32,,,0,20,,39275,32,,,0,20,,39174,32,,,0,58,,39175,32,,,0,7,,39188,32,,,0,7,,39189,32,,,0,8,,39196,32,,,0,7,,39190,32,,,0,8,,39197,32,,,0,7,,39191,32,,,0,8,,39198,32,,,0,47,,39192,32,,,0,8,,39199,32,,,0,7,,39193,32,,,0,10,,39200,32,,,0,7,,39194,32,,,0,8,,39201,32,,,0,7,,39195,32,,,0,50,,39202,32,,,0,10,,39203,32,,,0,10,,39204,32,,,0,10,,39205,32,,,0,10,,39206,32,,,0,10,,39207,32,,,0,50,,39208,32,,,0,10,,39209,32,,,0,10,,39210,32,,,0,10,,39211,32,,,0,10,,39212,32,,,0,10,,39213,32,,,0,50,,39214,32,,,0,10,,39215,32,,,0,10,,39216,32,,,0,10,,39217,32,,,0,10,,39218,32,,,0,10,,39219,32,,,0,50,,39220,32,,,0,10,,39221,32,,,0,10,,39222,32,,,0,10,,39223,32,,,0,10,,39224,32,,,0,10,,39225,32,,,0,50,,39226,32,,,0,10,,39227,32,,,0,10,,39228,32,,,0,10,,39229,32,,,0,10,,39230,32,,,0,10,,39231,32,,,0,50,,39232,32,,,0,10,,39233,32,,,0,10,,39247,32,,,0,7,,39234,32,,,0,8,,39248,32,,,0,7,,39235,32,,,0,8,,39249,32,,,0,47,,39236,32,,,0,8,,39250,32,,,0,7,,39237,32,,,0,8,,39251,32,,,0,7,,39238,32,,,0,8,,39252,32,,,0,7,,39239,32,,,0,8,,39253,32,,,0,47,,39240,32,,,0,8,,39254,32,,,0,7,,39241,32,,,0,8,,39255,32,,,0,7,,39242,32,,,0,8,,39256,32,,,0,7,,39243,32,,,0,8,,39257,32,,,0,47,,39244,32,,,0,8,,39258,32,,,0,7,,39245,32,,,0,8,,39259,32,,,0,7,,39246,32,,,0,8,,39260,32,,,0,11,,39261,32,,,0,55,,39176,32,,,0,15,,39177,32,,,0,11,,39178,32,,,0,15,,39171,32,,,0,55,,39172,32,,,0,15,,39173,32,,,0,15,,39262,32,,,0,15,,39263,32,,,0,55,,39264,32,,,0,15,,39265,32,,,0,15,,39266,32,,,0,15,,39267,32,,,0,55,,39268,32,,,0,23,,39269,32,,,0,27,,39179,32,,,0,70,,39180,32,,,0,30,,39181,32,,,0,70,,39182,32,,,0,30,,39183,32,,,0,70,,39184,32,,,0,30,,39185,32,,,0,70,,39186,32,,,0,30,,39187,32,,,0
580800,'14602',529,,39308,32,,,0,30,,39309,32,,,0,70,,39310,32,,,0,30,,39311,32,,,0,70,,39312,32,,,0,30,,39313,32,,,0,70,,39314,32,,,0,30,,39315,32,,,0,72,,39316,32,,,0,70,,39317,32,,,0,30,,39318,32,,,0,70,,39319,32,,,0,30,,39320,32,,,0,70,,39291,32,,,0,30,,39292,32,,,0,70,,39293,32,,,0,30,,39294,32,,,0,70,,39295,32,,,0,30,,39296,32,,,0,70,,39297,32,,,0,30,,39298,32,,,0,70,,39299,32,,,0,30,,39300,32,,,0,70,,39301,32,,,0,30,,39302,32,,,0,70,,39303,32,,,0,30,,39304,32,,,0,70,,39305,32,,,0,26,,39306,32,,,0,30,,39307,32,,,0,70,,39290,32,,,0,30,,39289,32,,,0,70,,39288,32,,,0,30,,39287,32,,,0,67,,39286,32,,,0,30,,39285,32,,,0,70,,39284,32,,,0,30,,39283,32,,,0,70,,39282,32,,,0,30,,39281,32,,,0,70,,39280,32,,,0,30,,39279,32,,,0,70,,39278,32,,,0,30,,39277,32,,,0
580800,'14603',629,,39346,32,,,0,30,,39347,32,,,0,70,,39348,32,,,0,30,,39349,32,,,0,70,,39350,32,,,0,30,,39351,32,,,0,72,,39352,32,,,0,70,,39353,32,,,0,30,,39354,32,,,0,70,,39355,32,,,0,30,,39356,32,,,0,70,,39337,32,,,0,30,,39336,32,,,0,70,,39335,32,,,0,30,,39334,32,,,0,70,,39333,32,,,0,30,,39332,32,,,0,70,,39331,32,,,0,30,,39330,32,,,0,70,,39329,32,,,0,30,,39328,32,,,0,70,,39327,32,,,0,30,,39326,32,,,0,70,,39325,32,,,0,30,,39324,32,,,0,70,,39323,32,,,0,26,,39322,32,,,0,30,,39321,32,,,0,70,,39338,32,,,0,30,,39339,32,,,0,70,,39340,32,,,0,30,,39341,32,,,0,67,,39342,32,,,0,30,,39343,32,,,0,70,,39344,32,,,0,30,,39345,32,,,0
580800,'14604',629,,39376,32,,,0,30,,39377,32,,,0,70,,39378,32,,,0,30,,39379,32,,,0,70,,39380,32,,,0,30,,39381,32,,,0,72,,39382,32,,,0,70,,39383,32,,,0,30,,39384,32,,,0,70,,39385,32,,,0,30,,39386,32,,,0,70,,39373,32,,,0,30,,39372,32,,,0,70,,39371,32,,,0,30,,39370,32,,,0,70,,39369,32,,,0,30,,39368,32,,,0,70,,39367,32,,,0,30,,39366,32,,,0,70,,39365,32,,,0,30,,39364,32,,,0,70,,39363,32,,,0,30,,39362,32,,,0,70,,39361,32,,,0,30,,39360,32,,,0,70,,39359,32,,,0,26,,39358,32,,,0,30,,39357,32,,,0,70,,39374,32,,,0,30,,39375,32,,,0
580800,'14606',629,,39412,32,,,0,30,,39413,32,,,0,70,,39414,32,,,0,30,,39415,32,,,0,70,,39416,32,,,0,30,,39417,32,,,0,72,,39418,32,,,0,70,,39419,32,,,0,30,,39420,32,,,0,70,,39421,32,,,0,30,,39422,32,,,0,70,,39403,32,,,0,30,,39402,32,,,0,70,,39401,32,,,0,30,,39400,32,,,0,70,,39399,32,,,0,30,,39398,32,,,0,70,,39397,32,,,0,30,,39396,32,,,0,70,,39395,32,,,0,30,,39394,32,,,0,70,,39393,32,,,0,30,,39392,32,,,0,70,,39391,32,,,0,30,,39390,32,,,0,70,,39389,32,,,0,26,,39388,32,,,0,30,,39387,32,,,0,70,,39404,32,,,0,30,,39405,32,,,0,70,,39406,32,,,0,30,,39407,32,,,0,67,,39408,32,,,0,30,,39409,32,,,0,70,,39410,32,,,0,30,,39411,32,,,0
582801,'1',647,,40617,68,,,0,60,,40619,68,,,0,20,,40621,68,,,0,15,,40623,68,,,0,17,,40625,68,,,0,54,,40627,68,,,0,16,,40629,68,,,0,15,,40631,68,,,0,15,,40633,68,,,0,55,,40635,68,,,0,12,,40637,68,,,0,12,,40639,68,,,0,12,,40641,68,,,0,52,,40643,68,,,0,12,,40645,68,,,0,12,,40647,68,,,0,12,,40649,68,,,0,12,,40651,68,,,0,52,,40653,68,,,0,12,,40655,68,,,0,13,,40657,68,,,0,12,,40659,68,,,0,12,,40661,68,,,0,52,,40663,68,,,0,12,,40665,68,,,0,12,,40667,68,,,0,12,,40669,68,,,0,12,,40671,68,,,0,52,,40673,68,,,0,12,,40675,68,,,0,12,,40677,68,,,0,12,,40679,68,,,0,12,,40681,68,,,0,52,,40683,68,,,0,12,,40685,68,,,0,12,,40687,68,,,0,12,,40689,68,,,0,12,,40691,68,,,0,52,,40693,68,,,0,12,,40695,68,,,0,14,,40697,68,,,0,12,,40699,68,,,0,12,,40701,68,,,0,52,,40703,68,,,0,13,,40705,68,,,0,12,,40707,68,,,0,12,,40709,68,,,0,12,,40711,68,,,0,52,,40713,68,,,0,12,,40715,68,,,0,12,,40717,68,,,0,14,,40719,68,,,0,12,,40721,68,,,0,52,,40723,68,,,0,12,,40725,68,,,0,8,,40727,68,,,0
