579600,'1601',1540,,34938,8,,,0
579600,'1',539,,34939,8,,,0,20,,34940,8,,,0,57,,34941,8,,,0,15,,34942,8,,,0,15,,34943,8,,,0,55,,34944,8,,,0,15,,34945,8,,,0,15,,34946,8,,,0,15,,34947,8,,,0,55,,34948,8,,,0,15,,34949,8,,,0,15,,34950,8,,,0,15,,34951,8,,,0,55,,34952,8,,,0,18,,34953,8,,,0,20,,34954,8,,,0,20,,34955,8,,,0,60,,34956,8,,,0,20,,34957,8,,,0,20,,34958,8,,,0,60,,34959,8,,,0,20,,34960,8,,,0,20,,34961,8,,,0,60,,34962,8,,,0,20,,34963,8,,,0,20,,34964,8,,,0,60,,34965,8,,,0,21,,34966,8,,,0,60,,34967,8,,,0,15,,34968,8,,,0,15,,34969,8,,,0,15,,34970,8,,,0,55,,34971,8,,,0,15,,34972,8,,,0,15,,34973,8,,,0,15,,34974,8,,,0,55,,34975,8,,,0,15,,34976,8,,,0,15,,34977,8,,,0,15,,34978,8,,,0,55,,34979,8,,,0,15,,34980,8,,,0,15,,34981,8,,,0,15,,34982,8,,,0,60,,34983,8,,,0,25,,34984,8,,,0,25,,34985,8,,,0,69,,34986,8,,,0,30,,34987,8,,,0,70,,34988,8,,,0,30,,34989,8,,,0,70,,34990,8,,,0,29,,34991,8,,,0,70,,34992,8,,,0,30,,34993,8,,,0,70,,34994,8,,,0,30,,34995,8,,,0,70,,34996,8,,,0,35,,34997,8,,,0,70,,34998,8,,,0
579600,'2',547,,35010,8,,,0,70,,35011,8,,,0,30,,35012,8,,,0,70,,35013,8,,,0,30,,35014,8,,,0,70,,35015,8,,,0,32,,35016,8,,,0,60,,35017,8,,,0,20,,35018,8,,,0,20,,35019,8,,,0,60,,35020,8,,,0,20,,35021,8,,,0,20,,35022,8,,,0,60,,35023,8,,,0,20,,35024,8,,,0,20,,35025,8,,,0,60,,35026,8,,,0,20,,35027,8,,,0,20,,35028,8,,,0,60,,35029,8,,,0,20,,35030,8,,,0,20,,35031,8,,,0,60,,35032,8,,,0,20,,35033,8,,,0,20,,35034,8,,,0,60,,35035,8,,,0,20,,35036,8,,,0,20,,35037,8,,,0,60,,35038,8,,,0,20,,35039,8,,,0,20,,35040,8,,,0,59,,35041,8,,,0,20,,35042,8,,,0,25,,35043,8,,,0,70,,35044,8,,,0,30,,35045,8,,,0,70,,35046,8,,,0,30,,35047,8,,,0,70,,34999,8,,,0,30,,35000,8,,,0,70,,35001,8,,,0,30,,35002,8,,,0,70,,35003,8,,,0,30,,35004,8,,,0,70,,35005,8,,,0,30,,35006,8,,,0,70,,35007,8,,,0,30,,35008,8,,,0,75,,35009,8,,,0
579600,'3',647,,35071,8,,,0,70,,35072,8,,,0,30,,35070,8,,,0,70,,35073,8,,,0,30,,35069,8,,,0,72,,35068,8,,,0,30,,35067,8,,,0,70,,35066,8,,,0,30,,35065,8,,,0,70,,35064,8,,,0,30,,35063,8,,,0,70,,35062,8,,,0,30,,35061,8,,,0,70,,35060,8,,,0,30,,35059,8,,,0,70,,35058,8,,,0,30,,35057,8,,,0,70,,35056,8,,,0,30,,35055,8,,,0,70,,35054,8,,,0,30,,35053,8,,,0,70,,35052,8,,,0,29,,35051,8,,,0,70,,35074,8,,,0,30,,35050,8,,,0,70,,35075,8,,,0,30,,35049,8,,,0,70,,35076,8,,,0,30,,35048,8,,,0,70,,35077,8,,,0,30,,35078,8,,,0,70,,35079,8,,,0,30,,35080,8,,,0,70,,35081,8,,,0,30,,35082,8,,,0,60,,35083,8,,,0
579600,'4',707,,35106,8,,,0,30,,35084,8,,,0,70,,35085,8,,,0,30,,35086,8,,,0,71,,35087,8,,,0,30,,35088,8,,,0,70,,35089,8,,,0,30,,35090,8,,,0,70,,35091,8,,,0,30,,35092,8,,,0,70,,35093,8,,,0,30,,35094,8,,,0,70,,35095,8,,,0,30,,35096,8,,,0,70,,35097,8,,,0,30,,35098,8,,,0,70,,35099,8,,,0,100,,35100,8,,,0,100,,35101,8,,,0,99,,35102,8,,,0,100,,35103,8,,,0,100,,35104,8,,,0,100,,35105,8,,,0
579600,'6',647,,35130,8,,,0,70,,35131,8,,,0,30,,35129,8,,,0,70,,35132,8,,,0,30,,35128,8,,,0,72,,35127,8,,,0,30,,35126,8,,,0,70,,35125,8,,,0,30,,35124,8,,,0,70,,35123,8,,,0,30,,35122,8,,,0,70,,35121,8,,,0,30,,35120,8,,,0,70,,35119,8,,,0,30,,35118,8,,,0,70,,35117,8,,,0,30,,35116,8,,,0,70,,35115,8,,,0,30,,35114,8,,,0,70,,35113,8,,,0,30,,35112,8,,,0,70,,35111,8,,,0,29,,35110,8,,,0,70,,35133,8,,,0,30,,35109,8,,,0,70,,35134,8,,,0,30,,35108,8,,,0,70,,35135,8,,,0,30,,35107,8,,,0,70,,35136,8,,,0,30,,35137,8,,,0,70,,35138,8,,,0,30,,35139,8,,,0,70,,35140,8,,,0,30,,35141,8,,,0,60,,35142,8,,,0
579700,'1601',1608,,35351,8,,,0
579700,'1',529,,35352,8,,,0,20,,35353,8,,,0,60,,35354,8,,,0,20,,35355,8,,,0,20,,35356,8,,,0,60,,35357,8,,,0,15,,35358,8,,,0,15,,35359,8,,,0,15,,35360,8,,,0,55,,35361,8,,,0,15,,35362,8,,,0,15,,35363,8,,,0,15,,35364,8,,,0,55,,35365,8,,,0,20,,35366,8,,,0,20,,35367,8,,,0,60,,35368,8,,,0,20,,35369,8,,,0,20,,35370,8,,,0,60,,35371,8,,,0,20,,35372,8,,,0,20,,35373,8,,,0,60,,35374,8,,,0,20,,35375,8,,,0,20,,35376,8,,,0,60,,35377,8,,,0,20,,35378,8,,,0,21,,35379,8,,,0,60,,35380,8,,,0,15,,35381,8,,,0,15,,35382,8,,,0,15,,35383,8,,,0,55,,35384,8,,,0,15,,35385,8,,,0,15,,35386,8,,,0,15,,35387,8,,,0,55,,35388,8,,,0,15,,35389,8,,,0,15,,35390,8,,,0,15,,35391,8,,,0,55,,35392,8,,,0,15,,35393,8,,,0,15,,35394,8,,,0,15,,35395,8,,,0,55,,35396,8,,,0,29,,35397,8,,,0,70,,35398,8,,,0,30,,35399,8,,,0,70,,35400,8,,,0,30,,35401,8,,,0,70,,35402,8,,,0,29,,35403,8,,,0,70,,35404,8,,,0,30,,35405,8,,,0,70,,35406,8,,,0,30,,35407,8,,,0,70,,35408,8,,,0,30,,35409,8,,,0,70,,35410,8,,,0
579700,'2',602,,35416,8,,,0,30,,35417,8,,,0,70,,35418,8,,,0,30,,35419,8,,,0,70,,35420,8,,,0,30,,35421,8,,,0,27,,35422,8,,,0,60,,35423,8,,,0,20,,35424,8,,,0,20,,35425,8,,,0,60,,35426,8,,,0,20,,35427,8,,,0,20,,35428,8,,,0,60,,35429,8,,,0,20,,35430,8,,,0,20,,35431,8,,,0,60,,35432,8,,,0,20,,35433,8,,,0,20,,35434,8,,,0,60,,35435,8,,,0,20,,35436,8,,,0,20,,35437,8,,,0,60,,35438,8,,,0,20,,35439,8,,,0,20,,35440,8,,,0,60,,35441,8,,,0,20,,35442,8,,,0,20,,35443,8,,,0,60,,35444,8,,,0,20,,35445,8,,,0,20,,35446,8,,,0,59,,35447,8,,,0,20,,35448,8,,,0,70,,35449,8,,,0,30,,35450,8,,,0,70,,35451,8,,,0,30,,35452,8,,,0,70,,35453,8,,,0,30,,35454,8,,,0,70,,35455,8,,,0,30,,35456,8,,,0,70,,35457,8,,,0,30,,35458,8,,,0,70,,35411,8,,,0,30,,35412,8,,,0,70,,35413,8,,,0,30,,35414,8,,,0,70,,35415,8,,,0
579700,'3',627,,35464,8,,,0,30,,35463,8,,,0,70,,35465,8,,,0,30,,35462,8,,,0,70,,35466,8,,,0,30,,35461,8,,,0,72,,35467,8,,,0,30,,35468,8,,,0,70,,35469,8,,,0,30,,35470,8,,,0,70,,35471,8,,,0,30,,35472,8,,,0,70,,35473,8,,,0,30,,35474,8,,,0,70,,35475,8,,,0,30,,35476,8,,,0,70,,35477,8,,,0,30,,35478,8,,,0,70,,35479,8,,,0,30,,35480,8,,,0,70,,35481,8,,,0,30,,35482,8,,,0,70,,35483,8,,,0,29,,35484,8,,,0,70,,35485,8,,,0,30,,35460,8,,,0,70,,35486,8,,,0,30,,35459,8,,,0,70,,35487,8,,,0,30,,35488,8,,,0,70,,35489,8,,,0,30,,35490,8,,,0,70,,35491,8,,,0,30,,35492,8,,,0,80,,35493,8,,,0
579700,'4',637,,35494,8,,,0,85,,35495,8,,,0,30,,35496,8,,,0,70,,35497,8,,,0,30,,35498,8,,,0,71,,35499,8,,,0,30,,35500,8,,,0,70,,35501,8,,,0,30,,35502,8,,,0,70,,35503,8,,,0,30,,35504,8,,,0,70,,35505,8,,,0,30,,35506,8,,,0,70,,35507,8,,,0,30,,35508,8,,,0,70,,35509,8,,,0,30,,35510,8,,,0,85,,35511,8,,,0,100,,35512,8,,,0,99,,35513,8,,,0,100,,35514,8,,,0,100,,35515,8,,,0,100,,35516,8,,,0
579700,'6',627,,35522,8,,,0,30,,35521,8,,,0,70,,35523,8,,,0,30,,35520,8,,,0,70,,35524,8,,,0,30,,35519,8,,,0,72,,35525,8,,,0,30,,35526,8,,,0,70,,35527,8,,,0,30,,35528,8,,,0,70,,35529,8,,,0,30,,35530,8,,,0,70,,35531,8,,,0,30,,35532,8,,,0,70,,35533,8,,,0,30,,35534,8,,,0,70,,35535,8,,,0,30,,35536,8,,,0,70,,35537,8,,,0,30,,35538,8,,,0,70,,35539,8,,,0,30,,35540,8,,,0,70,,35541,8,,,0,29,,35542,8,,,0,70,,35543,8,,,0,30,,35518,8,,,0,70,,35544,8,,,0,30,,35517,8,,,0,70,,35545,8,,,0,30,,35546,8,,,0,70,,35547,8,,,0,30,,35548,8,,,0,70,,35549,8,,,0,30,,35550,8,,,0,80,,35551,8,,,0
579800,'1',527,,35757,8,,,0,20,,35758,8,,,0,60,,35759,8,,,0,21,,35760,8,,,0,12,,35761,8,,,0,15,,35762,8,,,0,52,,35763,8,,,0,12,,35764,8,,,0,12,,35765,8,,,0,12,,35766,8,,,0,12,,35767,8,,,0,52,,35768,8,,,0,12,,35769,8,,,0,12,,35770,8,,,0,11,,35771,8,,,0,12,,35772,8,,,0,55,,35773,8,,,0,15,,35774,8,,,0,15,,35775,8,,,0,15,,35776,8,,,0,55,,35777,8,,,0,15,,35778,8,,,0,15,,35779,8,,,0,15,,35780,8,,,0,55,,35781,8,,,0,15,,35782,8,,,0,15,,35783,8,,,0,15,,35784,8,,,0,55,,35785,8,,,0,15,,35786,8,,,0,15,,35787,8,,,0,15,,35788,8,,,0,55,,35789,8,,,0,15,,35790,8,,,0,15,,35791,8,,,0,16,,35792,8,,,0,55,,35793,8,,,0,15,,35794,8,,,0,12,,35795,8,,,0,12,,35796,8,,,0,52,,35797,8,,,0,12,,35798,8,,,0,12,,35799,8,,,0,12,,35800,8,,,0,12,,35801,8,,,0,52,,35802,8,,,0,12,,35803,8,,,0,12,,35804,8,,,0,12,,35805,8,,,0,12,,35806,8,,,0,52,,35807,8,,,0,12,,35808,8,,,0,12,,35809,8,,,0,12,,35810,8,,,0,12,,35811,8,,,0,52,,35812,8,,,0,12,,35813,8,,,0,12,,35814,8,,,0,15,,35815,8,,,0,15,,35816,8,,,0,55,,35817,8,,,0,15,,35818,8,,,0,15,,35819,8,,,0,14,,35820,8,,,0,55,,35821,8,,,0,20,,35822,8,,,0,20,,35823,8,,,0,60,,35824,8,,,0,30,,35825,8,,,0,69,,35826,8,,,0,30,,35827,8,,,0,70,,35828,8,,,0,30,,35829,8,,,0,70,,35830,8,,,0,30,,35831,8,,,0,90,,35832,8,,,0
579800,'2',542,,35842,8,,,0,71,,35843,8,,,0,30,,35844,8,,,0,70,,35845,8,,,0,30,,35846,8,,,0,70,,35847,8,,,0,25,,35848,8,,,0,20,,35849,8,,,0,60,,35850,8,,,0,20,,35851,8,,,0,20,,35852,8,,,0,60,,35853,8,,,0,20,,35854,8,,,0,20,,35855,8,,,0,60,,35856,8,,,0,20,,35857,8,,,0,20,,35858,8,,,0,61,,35859,8,,,0,20,,35860,8,,,0,20,,35861,8,,,0,60,,35862,8,,,0,20,,35863,8,,,0,20,,35864,8,,,0,60,,35865,8,,,0,20,,35866,8,,,0,20,,35867,8,,,0,60,,35868,8,,,0,20,,35869,8,,,0,20,,35870,8,,,0,60,,35871,8,,,0,20,,35872,8,,,0,20,,35873,8,,,0,60,,35874,8,,,0,20,,35875,8,,,0,70,,35876,8,,,0,30,,35877,8,,,0,70,,35878,8,,,0,30,,35879,8,,,0,70,,35833,8,,,0,30,,35834,8,,,0,69,,35835,8,,,0,30,,35836,8,,,0,70,,35837,8,,,0,30,,35838,8,,,0,70,,35839,8,,,0,30,,35840,8,,,0,70,,35880,8,,,0,30,,35841,8,,,0
579800,'3',607,,35914,8,,,0,30,,35881,8,,,0,70,,35882,8,,,0,30,,35883,8,,,0,70,,35884,8,,,0,30,,35885,8,,,0,72,,35886,8,,,0,30,,35887,8,,,0,70,,35888,8,,,0,30,,35889,8,,,0,70,,35890,8,,,0,30,,35891,8,,,0,70,,35892,8,,,0,30,,35893,8,,,0,70,,35894,8,,,0,30,,35895,8,,,0,70,,35896,8,,,0,30,,35897,8,,,0,70,,35898,8,,,0,30,,35899,8,,,0,70,,35900,8,,,0,30,,35901,8,,,0,70,,35902,8,,,0,30,,35903,8,,,0,70,,35904,8,,,0,30,,35911,8,,,0,70,,35905,8,,,0,30,,35912,8,,,0,70,,35906,8,,,0,30,,35913,8,,,0,69,,35907,8,,,0,30,,35915,8,,,0,70,,35908,8,,,0,30,,35916,8,,,0,70,,35909,8,,,0,30,,35917,8,,,0,70,,35910,8,,,0
579800,'4',537,,35918,8,,,0,70,,35919,8,,,0,30,,35920,8,,,0,70,,35921,8,,,0,30,,35922,8,,,0,70,,35923,8,,,0,30,,35924,8,,,0,71,,35925,8,,,0,30,,35926,8,,,0,70,,35927,8,,,0,30,,35928,8,,,0,70,,35929,8,,,0,30,,35930,8,,,0,70,,35931,8,,,0,30,,35932,8,,,0,70,,35933,8,,,0,30,,35934,8,,,0,70,,35935,8,,,0,100,,35936,8,,,0,100,,35937,8,,,0,100,,35938,8,,,0,100,,35939,8,,,0,100,,35940,8,,,0,100,,35941,8,,,0,100,,35942,8,,,0
579800,'6',542,,35952,8,,,0,71,,35953,8,,,0,30,,35954,8,,,0,70,,35955,8,,,0,30,,35956,8,,,0,70,,35957,8,,,0,25,,35958,8,,,0,20,,35959,8,,,0,60,,35960,8,,,0,20,,35961,8,,,0,20,,35962,8,,,0,60,,35963,8,,,0,20,,35964,8,,,0,20,,35965,8,,,0,60,,35966,8,,,0,20,,35967,8,,,0,20,,35968,8,,,0,61,,35969,8,,,0,20,,35970,8,,,0,20,,35971,8,,,0,60,,35972,8,,,0,20,,35973,8,,,0,20,,35974,8,,,0,60,,35975,8,,,0,20,,35976,8,,,0,20,,35977,8,,,0,60,,35978,8,,,0,20,,35979,8,,,0,20,,35980,8,,,0,60,,35981,8,,,0,20,,35982,8,,,0,20,,35983,8,,,0,60,,35984,8,,,0,20,,35985,8,,,0,70,,35986,8,,,0,30,,35987,8,,,0,70,,35988,8,,,0,30,,35989,8,,,0,70,,35943,8,,,0,30,,35944,8,,,0,69,,35945,8,,,0,30,,35946,8,,,0,70,,35947,8,,,0,30,,35948,8,,,0,70,,35949,8,,,0,30,,35950,8,,,0,70,,35990,8,,,0,30,,35951,8,,,0
