578300,'1601',1505,,30527,1,0,27 28,0
578300,'1',444,,30528,1,0,27 28,0,66,,30530,1,0,27 28,0,4,,30531,1,0,31 4 32,0,26,,30533,59,0,31 4 32,0,10,,30534,66,0,27 28,0,65,,30536,59,0,31 4 32,0,7,,30537,66,0,27 28,0,15,,30539,59,0,31 4 32,0,15,,30541,66,0,27 28,0,55,,30543,59,0,31 4 32,0,15,,30545,66,0,27 28,0,15,,30547,59,0,31 4 32,0,15,,30549,66,0,27 28,0,55,,30551,59,0,31 4 32,0,15,,30553,66,0,27 28,0,15,,30555,59,0,31 4 32,0,15,,30557,66,0,27 28,0,55,,30559,59,0,31 4 32,0,15,,30561,66,0,27 28,0,18,,30563,59,0,31 4 32,0,10,,30565,66,0,27 28,0,60,,30567,59,0,31 4 32,0,10,,30568,66,0,27 28,0,20,,30570,59,0,31 4 32,0,10,,30571,66,0,27 28,0,60,,30573,59,0,31 4 32,0,10,,30574,66,0,27 28,0,20,,30576,59,0,31 4 32,0,10,,30577,66,0,27 28,0,60,,30579,59,0,31 4 32,0,10,,30580,66,0,27 28,0,20,,30582,59,0,31 4 32,0,10,,30583,66,0,27 28,0,60,,30585,59,0,31 4 32,0,10,,30586,66,0,27 28,0,20,,30588,59,0,31 4 32,0,10,,30589,66,0,27 28,0,57,,30591,59,0,31 4 32,0,15,,30593,66,0,27 28,0,15,,30595,59,0,31 4 32,0,15,,30597,66,0,27 28,0,55,,30599,59,0,31 4 32,0,15,,30601,66,0,27 28,0,15,,30603,59,0,31 4 32,0,15,,30605,66,0,27 28,0,55,,30607,59,0,31 4 32,0,15,,30609,66,0,27 28,0,15,,30611,59,0,31 4 32,0,15,,30613,66,0,27 28,0,55,,30615,59,0,31 4 32,0,15,,30617,66,0,27 28,0,15,,30619,59,0,31 4 32,0,15,,30621,66,0,27 28,0,55,,30623,59,0,31 4 32,0,16,,30625,66,0,27 28,0,17,3,30627,59,0,31 4 32,0,10,3,30628,66,0,27 28,0,60,3,30630,59,0,31 4 32,0,10,3,30631,66,0,27 28,0,20,3,30633,59,0,31 4 32,0,10,3,30634,66,0,27 28,0,60,3,30636,59,0,31 4 32,0,10,3,30637,66,0,27 28,0,20,3,30639,59,0,31 4 32,0,10,3,30640,66,0,27 28,0,60,3,30642,59,0,31 4 32,0,10,3,30643,66,0,27 28,0,20,3,30645,59,0,31 4 32,0,10,3,30646,66,0,27 28,0,65,3,30648,66,0,27 28,0,15,3,30649,59,0,31 4 32,0,70,43,30651,66,0,27 28,0,15,3,30652,59,0,31 4 32,0,30,3,30654,66,0,27 28,0,55,43,30655,59,0,31 4 32,0,30,3,30657,66,0,27 28,0,15,3,30658,59,0,31 4 32,0,72,,30660,59,4,,0,3,3,30661,66,0,27 28,0,20,,30663,66,4,,0,80,,30664,66,4,,0
578300,'2',450,,30666,1,0,27 28,0,55,,30668,1,0,31 4 32,0,20,,30669,1,0,27 28,0,75,41,30671,59,0,31 4 32,0,24,,30673,66,0,27 28,0,12,,30674,59,0,31 4 32,0,64,41,30676,66,0,27 28,0,12,,30677,59,0,31 4 32,0,24,,30679,66,0,27 28,0,12,,30680,59,0,31 4 32,0,64,,30683,66,0,27 28,0,12,,30684,59,0,31 4 32,0,24,,30686,66,0,27 28,0,52,41,30687,59,0,31 4 32,0,24,,30689,66,0,27 28,0,12,,30690,59,0,31 4 32,0,64,41,30692,66,0,27 28,0,12,,30693,59,0,31 4 32,0,24,,30695,66,0,27 28,0,12,,30696,59,0,31 4 32,0,64,,30698,66,0,27 28,0,12,,30699,59,0,31 4 32,0,24,,30701,66,0,27 28,0,52,41,30702,59,0,31 4 32,0,24,,30704,66,0,27 28,0,12,,30705,59,0,31 4 32,0,64,41,30707,66,0,27 28,0,12,,30708,59,0,31 4 32,0,24,,30710,66,0,27 28,0,12,,30711,59,0,31 4 32,0,64,,30713,66,0,27 28,0,12,,30714,59,0,31 4 32,0,24,,30716,66,0,27 28,0,52,41,30717,59,0,31 4 32,0,24,,30719,66,0,27 28,0,12,,30720,59,0,31 4 32,0,64,41,30722,66,0,27 28,0,12,,30723,59,0,31 4 32,0,24,,30725,66,0,27 28,0,12,,30726,59,0,31 4 32,0,64,,30728,66,0,27 28,0,12,,30729,59,0,31 4 32,0,22,,30731,66,0,27 28,0,10,,30732,59,0,31 4 32,0,64,,30734,66,0,27 28,0,12,,30735,59,0,31 4 32,0,24,,30737,66,0,27 28,0,52,,30738,59,0,31 4 32,0,24,3,30740,66,0,27 28,0,12,3,30741,59,0,31 4 32,0,64,3,30743,66,0,27 28,0,12,3,30744,59,0,31 4 32,0,24,3,30746,66,0,27 28,0,12,3,30747,59,0,31 4 32,0,64,3,30749,66,0,27 28,0,12,3,30750,59,0,31 4 32,0,68,43,30752,66,0,27 28,0,15,3,30753,59,0,31 4 32,0,30,3,30755,66,0,27 28,0,70,3,30757,59,0,31 4 32,0,15,3,30758,66,0,27 28,0,70,43,30760,59,0,31 4 32,0,15,3,30761,66,0,27 28,0,30,3,30763,66,0,27 28,0,55,43,30764,59,0,31 4 32,0,17,,30765,66,4,,0,85,,30767,66,4,,0
578300,'3',452,,30768,1,0,27 28,0,63,,30770,1,0,31 4 32,0,23,,30771,1,0,27 28,0,77,3,30773,59,0,31 4 32,0,15,3,30775,66,0,27 28,0,70,43,30777,59,0,31 4 32,0,15,3,30778,66,0,27 28,0,30,3,30780,59,0,31 4 32,0,55,43,30781,66,0,27 28,0,30,3,30783,59,0,31 4 32,0,15,3,30784,66,0,27 28,0,67,3,30786,59,0,31 4 32,0,12,3,30787,66,0,27 28,0,24,3,30789,59,0,31 4 32,0,52,43,30790,66,0,27 28,0,24,3,30792,59,0,31 4 32,0,12,3,30793,66,0,27 28,0,64,43,30795,59,0,31 4 32,0,12,3,30796,66,0,27 28,0,24,3,30798,59,0,31 4 32,0,12,3,30799,66,0,27 28,0,64,3,30801,59,0,31 4 32,0,12,3,30802,66,0,27 28,0,24,3,30804,59,0,31 4 32,0,52,43,30805,66,0,27 28,0,24,3,30807,59,0,31 4 32,0,12,3,30808,66,0,27 28,0,64,43,30810,59,0,31 4 32,0,12,3,30811,66,0,27 28,0,24,3,30813,59,0,31 4 32,0,12,3,30814,66,0,27 28,0,64,3,30816,59,0,31 4 32,0,12,3,30817,66,0,27 28,0,24,3,30819,59,0,31 4 32,0,52,43,30820,66,0,27 28,0,24,3,30822,59,0,31 4 32,0,12,3,30823,66,0,27 28,0,64,43,30825,59,0,31 4 32,0,12,3,30826,66,0,27 28,0,24,3,30828,59,0,31 4 32,0,12,3,30829,66,0,27 28,0,67,3,30831,59,0,31 4 32,0,15,3,30832,66,0,27 28,0,70,43,30834,59,0,31 4 32,0,15,3,30835,66,0,27 28,0,30,3,30837,59,0,31 4 32,0,55,43,30838,66,0,27 28,0,30,3,30840,59,0,31 4 32,0,15,3,30841,66,0,27 28,0,70,3,30843,59,0,31 4 32,0,15,3,30844,66,0,27 28,0,70,43,30846,59,0,31 4 32,0,15,3,30847,66,0,27 28,0,30,3,30849,59,0,31 4 32,0,55,43,30850,66,0,27 28,0,30,3,30852,59,0,31 4 32,0,15,3,30853,66,0,27 28,0,55,43,30854,59,0,31 4 32,0
578300,'4',530,,30919,1,0,31 4 32,0,15,,30920,1,0,27 28,0,55,,30856,1,0,31 4 32,0,20,,30858,1,0,27 28,0,10,3,30859,59,0,31 4 32,0,70,43,30861,66,0,27 28,0,15,3,30862,59,0,31 4 32,0,30,3,30864,66,0,27 28,0,55,43,30865,59,0,31 4 32,0,30,3,30867,66,0,27 28,0,15,3,30868,59,0,31 4 32,0,70,3,30870,66,0,27 28,0,15,3,30871,59,0,31 4 32,0,70,43,30873,66,0,27 28,0,15,3,30874,59,0,31 4 32,0,30,3,30876,66,0,27 28,0,55,43,30877,59,0,31 4 32,0,30,3,30879,66,0,27 28,0,15,3,30880,59,0,31 4 32,0,70,3,30882,66,0,27 28,0,15,3,30883,59,0,31 4 32,0,70,43,30885,66,0,27 28,0,15,3,30886,59,0,31 4 32,0,30,3,30888,66,0,27 28,0,55,43,30889,59,0,31 4 32,0,30,3,30891,66,0,27 28,0,15,3,30892,59,0,31 4 32,0,70,3,30894,66,0,27 28,0,15,3,30895,59,0,31 4 32,0,70,43,30897,66,0,27 28,0,15,3,30898,59,0,31 4 32,0,30,3,30900,66,0,27 28,0,55,43,30901,59,0,31 4 32,0,30,3,30903,66,0,27 28,0,15,3,30904,59,0,31 4 32,0,70,3,30906,66,0,27 28,0,15,3,30907,59,0,31 4 32,0,70,43,30909,66,0,27 28,0,15,3,30910,59,0,31 4 32,0,30,3,30912,66,0,27 28,0,55,43,30913,59,0,31 4 32,0,30,3,30915,66,0,27 28,0,15,3,30916,59,0,31 4 32,0,12,,30917,66,4,,0
578300,'6',452,,30922,1,0,27 28,0,63,,30924,1,0,31 4 32,0,23,,30925,1,0,27 28,0,77,3,30927,59,0,31 4 32,0,15,3,30929,66,0,27 28,0,70,43,30931,59,0,31 4 32,0,15,3,30932,66,0,27 28,0,30,3,30934,59,0,31 4 32,0,55,43,30935,66,0,27 28,0,30,3,30937,59,0,31 4 32,0,15,3,30938,66,0,27 28,0,67,3,30940,59,0,31 4 32,0,12,3,30941,66,0,27 28,0,24,3,30943,59,0,31 4 32,0,52,43,30944,66,0,27 28,0,24,3,30946,59,0,31 4 32,0,12,3,30947,66,0,27 28,0,64,43,30949,59,0,31 4 32,0,12,3,30950,66,0,27 28,0,24,3,30952,59,0,31 4 32,0,12,3,30953,66,0,27 28,0,64,3,30955,59,0,31 4 32,0,12,3,30956,66,0,27 28,0,24,3,30958,59,0,31 4 32,0,52,43,30959,66,0,27 28,0,24,3,30961,59,0,31 4 32,0,12,3,30962,66,0,27 28,0,64,43,30964,59,0,31 4 32,0,12,3,30965,66,0,27 28,0,24,3,30967,59,0,31 4 32,0,12,3,30968,66,0,27 28,0,64,3,30970,59,0,31 4 32,0,12,3,30971,66,0,27 28,0,24,3,30973,59,0,31 4 32,0,52,43,30974,66,0,27 28,0,24,3,30976,59,0,31 4 32,0,12,3,30977,66,0,27 28,0,64,43,30979,59,0,31 4 32,0,12,3,30980,66,0,27 28,0,24,3,30982,59,0,31 4 32,0,12,3,30983,66,0,27 28,0,67,3,30985,59,0,31 4 32,0,15,3,30986,66,0,27 28,0,70,43,30988,59,0,31 4 32,0,15,3,30989,66,0,27 28,0,30,3,30991,59,0,31 4 32,0,55,43,30992,66,0,27 28,0,30,3,30994,59,0,31 4 32,0,15,3,30995,66,0,27 28,0,70,3,30997,59,0,31 4 32,0,15,3,30998,66,0,27 28,0,70,43,31000,59,0,31 4 32,0,15,3,31001,66,0,27 28,0,30,3,31003,59,0,31 4 32,0,55,43,31004,66,0,27 28,0,30,3,31006,59,0,31 4 32,0,15,3,31007,66,0,27 28,0,55,43,31008,59,0,31 4 32,0
582901,'1601',825,,41339,12,,,0,12,,41338,12,,,0
582901,'1',558,,41340,12,,,0,58,,41341,12,,,0,15,,41342,12,,,0,15,,41343,12,,,0,55,,41344,12,,,0,15,,41345,12,,,0,15,,41346,12,,,0,10,,41347,12,,,0,10,,41348,12,,,0,50,,41349,12,,,0,10,,41350,12,,,0,10,,41351,12,,,0,10,,41352,12,,,0,10,,41353,12,,,0,10,,41354,12,,,0,50,,41355,12,,,0,10,,41356,12,,,0,10,,41357,12,,,0,10,,41358,12,,,0,10,,41359,12,,,0,10,,41360,12,,,0,50,,41361,12,,,0,10,,41362,12,,,0,10,,41363,12,,,0,12,,41364,12,,,0,12,,41365,12,,,0,12,,41366,12,,,0,52,,41367,12,,,0,12,,41368,12,,,0,12,,41369,12,,,0,12,,41370,12,,,0,12,,41371,12,,,0,52,,41372,12,,,0,12,,41373,12,,,0,12,,41374,12,,,0,12,,41375,12,,,0,12,,41376,12,,,0,52,,41377,12,,,0,12,,41378,12,,,0,12,,41379,12,,,0,12,,41380,12,,,0,12,,41381,12,,,0,52,,41382,12,,,0,12,,41383,12,,,0,11,,41384,12,,,0,10,,41385,12,,,0,10,,41386,12,,,0,50,,41387,12,,,0,10,,41388,12,,,0,10,,41389,12,,,0,10,,41390,12,,,0,10,,41391,12,,,0,10,,41392,12,,,0,50,,41393,12,,,0,10,,41394,12,,,0,10,,41395,12,,,0,10,,41396,12,,,0,10,,41397,12,,,0,10,,41398,12,,,0,50,,41399,12,,,0,10,,41400,12,,,0,10,,41401,12,,,0,10,,41402,12,,,0,10,,41403,12,,,0,10,,41404,12,,,0,50,,41405,12,,,0,10,,41406,12,,,0,10,,41407,12,,,0,10,,41408,12,,,0,10,,41409,12,,,0,10,,41410,12,,,0,50,,41411,12,,,0,10,,41412,12,,,0,10,,41413,12,,,0,10,,41414,12,,,0,10,,41415,12,,,0,10,,41416,12,,,0,51,,41417,12,,,0,12,,41418,12,,,0,12,,41419,12,,,0,12,,41420,12,,,0,12,,41421,12,,,0,52,,41422,12,,,0,12,,41423,12,,,0,12,,41424,12,,,0,12,,41425,12,,,0,12,,41426,12,,,0,52,,41427,12,,,0,22,,41428,12,,,0,30,,41429,12,,,0,70,,41430,12,,,0,30,,41431,12,,,0,70,,41432,12,,,0,30,,41434,12,,,0,65,,41433,12,,,0
582901,'2',816,,41521,2,,,0,10,,41520,2,,,0,10,,41522,12,,,0,10,,41519,12,,,0,10,,41518,12,,,0,50,,41517,12,,,0,10,,41516,12,,,0,10,,41515,12,,,0,10,,41514,12,,,0,10,,41513,12,,,0,10,,41512,12,,,0,50,,41511,12,,,0,10,,41510,12,,,0,10,,41509,12,,,0,10,,41508,12,,,0,10,,41507,12,,,0,10,,41506,12,,,0,50,,41505,12,,,0,10,,41504,12,,,0,10,,41503,12,,,0,10,,41502,12,,,0,10,,41501,12,,,0,10,,41500,12,,,0,50,,41499,12,,,0,10,,41498,12,,,0,10,,41497,12,,,0,10,,41496,12,,,0,10,,41495,12,,,0,10,,41494,12,,,0,50,,41493,12,,,0,10,,41492,12,,,0,10,,41491,12,,,0,10,,41490,12,,,0,10,,41489,12,,,0,10,,41488,12,,,0,50,,41487,12,,,0,10,,41486,12,,,0,10,,41485,12,,,0,10,,41484,12,,,0,10,,41483,12,,,0,10,,41482,12,,,0,50,,41481,12,,,0,10,,41480,12,,,0,10,,41479,12,,,0,10,,41478,12,,,0,10,,41477,12,,,0,10,,41476,12,,,0,50,,41475,12,,,0,10,,41474,12,,,0,10,,41473,12,,,0,10,,41472,12,,,0,10,,41471,12,,,0,10,,41470,12,,,0,50,,41469,12,,,0,10,,41468,12,,,0,10,,41467,12,,,0,10,,41466,12,,,0,10,,41465,12,,,0,10,,41464,12,,,0,50,,41463,12,,,0,10,,41462,12,,,0,10,,41461,12,,,0,10,,41460,12,,,0,10,,41459,12,,,0,10,,41458,12,,,0,50,,41457,12,,,0,10,,41456,12,,,0,10,,41455,12,,,0,10,,41454,12,,,0,12,,41453,12,,,0,52,,41452,12,,,0,12,,41451,12,,,0,12,,41450,12,,,0,12,,41449,12,,,0,12,,41448,12,,,0,52,,41447,12,,,0,12,,41446,12,,,0,12,,41445,12,,,0,12,,41444,12,,,0,12,,41443,12,,,0,52,,41442,12,,,0,20,,41441,12,,,0,30,,41440,12,,,0,70,,41439,12,,,0,30,,41438,12,,,0,70,,41437,12,,,0,30,,41436,12,,,0,78,,41435,12,,,0
582901,'3',801,,41523,2,,,0,15,,41524,2,,,0,17,,41525,12,,,0,15,,41526,12,,,0,55,,41527,12,,,0,15,,41528,12,,,0,15,,41529,12,,,0,15,,41530,12,,,0,55,,41531,12,,,0,15,,41532,12,,,0,15,,41533,12,,,0,15,,41534,12,,,0,55,,41535,12,,,0,15,,41536,12,,,0,15,,41537,12,,,0,15,,41538,12,,,0,55,,41539,12,,,0,15,,41540,12,,,0,15,,41541,12,,,0,15,,41542,12,,,0,55,,41543,12,,,0,15,,41544,12,,,0,15,,41545,12,,,0,15,,41546,12,,,0,55,,41547,12,,,0,15,,41548,12,,,0,15,,41549,12,,,0,15,,41550,12,,,0,55,,41551,12,,,0,15,,41552,12,,,0,15,,41553,12,,,0,15,,41554,12,,,0,55,,41555,12,,,0,15,,41556,12,,,0,15,,41557,12,,,0,15,,41558,12,,,0,55,,41559,12,,,0,15,,41560,12,,,0,15,,41561,12,,,0,15,,41562,12,,,0,55,,41563,12,,,0,15,,41564,12,,,0,15,,41565,12,,,0,15,,41566,12,,,0,55,,41567,12,,,0,15,,41568,12,,,0,20,,41569,12,,,0,20,,41570,12,,,0,60,,41571,12,,,0,20,,41572,12,,,0,20,,41573,12,,,0,60,,41574,12,,,0,20,,41575,12,,,0,64,,41576,12,,,0,30,,41577,12,,,0,70,,41578,12,,,0,30,,41579,12,,,0,70,,41580,12,,,0
582901,'4',801,,41581,12,,,0,30,,41582,12,,,0,70,,41583,12,,,0,30,,41584,12,,,0,70,,41585,12,,,0,32,,41586,12,,,0,20,,41587,12,,,0,60,,41588,12,,,0,20,,41589,12,,,0,20,,41590,12,,,0,60,,41591,12,,,0,20,,41592,12,,,0,20,,41593,12,,,0,60,,41594,12,,,0,20,,41595,12,,,0,20,,41596,12,,,0,60,,41597,12,,,0,20,,41598,12,,,0,20,,41599,12,,,0,60,,41600,12,,,0,20,,41601,12,,,0,20,,41602,12,,,0,60,,41603,12,,,0,20,,41604,12,,,0,20,,41605,12,,,0,60,,41606,12,,,0,20,,41607,12,,,0,20,,41608,12,,,0,60,,41609,12,,,0,20,,41610,12,,,0,67,,41611,12,,,0,30,,41612,12,,,0,70,,41613,12,,,0,30,,41614,12,,,0,70,,41615,12,,,0
582901,'6',801,,41616,2,,,0,15,,41617,2,,,0,17,,41618,12,,,0,15,,41619,12,,,0,55,,41620,12,,,0,15,,41621,12,,,0,15,,41622,12,,,0,15,,41623,12,,,0,55,,41624,12,,,0,15,,41625,12,,,0,15,,41626,12,,,0,15,,41627,12,,,0,55,,41628,12,,,0,15,,41629,12,,,0,15,,41630,12,,,0,15,,41631,12,,,0,55,,41632,12,,,0,15,,41633,12,,,0,15,,41634,12,,,0,15,,41635,12,,,0,55,,41636,12,,,0,15,,41637,12,,,0,15,,41638,12,,,0,15,,41639,12,,,0,55,,41640,12,,,0,15,,41641,12,,,0,15,,41642,12,,,0,15,,41643,12,,,0,55,,41644,12,,,0,15,,41645,12,,,0,15,,41646,12,,,0,15,,41647,12,,,0,55,,41648,12,,,0,15,,41649,12,,,0,15,,41650,12,,,0,15,,41651,12,,,0,55,,41652,12,,,0,15,,41653,12,,,0,15,,41654,12,,,0,15,,41655,12,,,0,55,,41656,12,,,0,15,,41657,12,,,0,15,,41658,12,,,0,15,,41659,12,,,0,55,,41660,12,,,0,15,,41661,12,,,0,20,,41662,12,,,0,20,,41663,12,,,0,60,,41664,12,,,0,20,,41665,12,,,0,20,,41666,12,,,0,60,,41667,12,,,0,20,,41668,12,,,0,64,,41669,12,,,0,30,,41670,12,,,0,70,,41671,12,,,0,30,,41672,12,,,0,70,,41673,12,,,0
583501,'8501',1650,,42953,1,,,0,150,,42952,1,,,0,110,,42951,1,,,0,110,,42950,1,,,0
583501,'8502',1100,,42970,1,,,0,110,,42969,1,,,0,110,,42968,1,,,0,110,,42967,1,,,0,110,,42966,1,,,0,110,,42965,1,,,0,150,,42964,1,,,0,110,,42963,1,,,0,110,,42962,1,,,0
583501,'8503',1100,,42975,1,,,0,110,,42974,1,,,0,110,,42973,1,,,0,110,,42972,1,,,0,110,,42971,1,,,0
583600,'8202',1027,,42980,7,4,,0,600,,42976,7,4,,0,130,,42977,7,4,,0,455,,42978,7,4,,0,130,,42979,7,4,,0
583600,'8203',1027,,42985,7,4,,0,600,,42981,7,4,,0,130,,42982,7,4,,0,355,,42983,7,4,,0,130,,42984,7,4,,0
583600,'8303',1027,,42986,7,4,,0,615,,42987,7,4,,0,170,,42988,7,4,,0
583601,'8202',900,,42989,1,,,0,130,,42990,1,,,0,470,,42991,1,,,0,130,,42992,1,,,0,585,,42993,1,,,0
583601,'8203',900,,42994,1,,,0,130,,42995,1,,,0,470,,42996,1,,,0,130,,42997,1,,,0,485,,42998,1,,,0
583601,'8303',900,,42999,1,,,0,130,,43000,1,,,0,615,,43001,1,,,0
