578300,'1601',1515,,30527,8,0,27 28,0
578300,'1',452,,30528,8,0,27 28,0,61,,30529,8,0,23 24,0,5,,30530,8,0,27 28,0,4,,30531,8,0,31 4 32,0,16,,30532,51,0,23 24,0,10,,30533,66,0,31 4 32,0,10,,30534,73,0,27 28,0,50,,30535,51,0,23 24,0,15,,30536,66,0,31 4 32,0,7,,30537,73,0,27 28,0,8,,30538,51,0,23 24,0,7,,30539,66,0,31 4 32,0,8,,30540,51,0,23 24,0,47,,30541,73,0,27 28,0,8,,30542,51,0,23 24,0,7,,30543,66,0,31 4 32,0,8,,30544,51,0,23 24,0,7,,30545,73,0,27 28,0,8,,30546,51,0,23 24,0,7,,30547,66,0,31 4 32,0,8,,30548,51,0,23 24,0,47,,30549,73,0,27 28,0,8,,30550,51,0,23 24,0,7,,30551,66,0,31 4 32,0,8,,30552,51,0,23 24,0,7,,30553,73,0,27 28,0,8,,30554,51,0,23 24,0,7,,30555,66,0,31 4 32,0,8,,30556,51,0,23 24,0,47,,30557,73,0,27 28,0,10,,30558,51,0,23 24,0,7,,30559,66,0,31 4 32,0,8,,30560,51,0,23 24,0,7,,30561,73,0,27 28,0,8,,30562,51,0,23 24,0,10,,30563,66,0,31 4 32,0,50,,30565,73,0,27 28,0,10,,30566,51,0,23 24,0,10,,30567,66,0,31 4 32,0,10,,30568,73,0,27 28,0,10,,30569,51,0,23 24,0,10,,30570,66,0,31 4 32,0,50,,30571,73,0,27 28,0,10,,30572,51,0,23 24,0,10,,30573,66,0,31 4 32,0,10,,30574,73,0,27 28,0,10,,30575,51,0,23 24,0,10,,30576,66,0,31 4 32,0,50,,30577,73,0,27 28,0,10,,30578,51,0,23 24,0,10,,30579,66,0,31 4 32,0,10,,30580,73,0,27 28,0,10,,30581,51,0,23 24,0,10,,30582,66,0,31 4 32,0,50,,30583,73,0,27 28,0,10,,30584,51,0,23 24,0,10,,30585,66,0,31 4 32,0,10,,30586,73,0,27 28,0,10,,30587,51,0,23 24,0,10,,30588,66,0,31 4 32,0,50,,30589,73,0,27 28,0,10,,30590,51,0,23 24,0,7,,30591,66,0,31 4 32,0,8,,30592,51,0,23 24,0,7,,30593,73,0,27 28,0,8,,30594,51,0,23 24,0,7,,30595,66,0,31 4 32,0,8,,30596,51,0,23 24,0,47,,30597,73,0,27 28,0,8,,30598,51,0,23 24,0,7,,30599,66,0,31 4 32,0,8,,30600,51,0,23 24,0,7,,30601,73,0,27 28,0,8,,30602,51,0,23 24,0,7,,30603,66,0,31 4 32,0,8,,30604,51,0,23 24,0,47,,30605,73,0,27 28,0,8,,30606,51,0,23 24,0,7,,30607,66,0,31 4 32,0,8,,30608,51,0,23 24,0,7,,30609,73,0,27 28,0,8,,30610,51,0,23 24,0,7,,30611,66,0,31 4 32,0,8,,30612,51,0,23 24,0,47,,30613,73,0,27 28,0,8,,30614,51,0,23 24,0,7,,30615,66,0,31 4 32,0,8,,30616,51,0,23 24,0,7,,30617,73,0,27 28,0,8,,30618,51,0,23 24,0,7,,30619,66,0,31 4 32,0,8,,30620,51,0,23 24,0,47,,30621,73,0,27 28,0,8,,30622,51,0,23 24,0,7,,30623,66,0,31 4 32,0,8,,30624,51,0,23 24,0,8,,30625,73,0,27 28,0,4,,30626,51,0,23 24,0,11,,30627,66,0,31 4 32,0,10,,30628,73,0,27 28,0,49,,30629,51,0,23 24,0,11,,30630,66,0,31 4 32,0,10,,30631,73,0,27 28,0,9,,30632,51,0,23 24,0,11,,30633,66,0,31 4 32,0,10,,30634,73,0,27 28,0,49,,30635,51,0,23 24,0,11,,30636,66,0,31 4 32,0,10,,30637,73,0,27 28,0,9,,30638,51,0,23 24,0,11,,30639,66,0,31 4 32,0,10,,30640,73,0,27 28,0,49,,30641,51,0,23 24,0,11,,30642,66,0,31 4 32,0,10,,30643,73,0,27 28,0,9,,30644,51,0,23 24,0,11,,30645,66,0,31 4 32,0,10,,30646,73,0,27 28,0,48,,30647,51,0,23 24,0,15,,30648,73,0,27 28,0,15,,30649,66,0,31 4 32,0,15,,30650,51,0,23 24,0,55,,30651,73,0,27 28,0,15,,30652,66,0,31 4 32,0,15,,30653,51,0,23 24,0,15,,30654,73,0,27 28,0,55,,30655,66,0,31 4 32,0,15,,30656,51,0,23 24,0,15,,30657,73,0,27 28,0,15,,30658,66,0,31 4 32,0,55,,30659,51,0,23 24,0,20,,30661,73,0,27 28,0,1,,30662,51,0,23 24,0
578300,'2',437,,30665,8,0,23 24,0,20,,30666,8,0,27 28,0,50,,30667,8,0,23 24,0,5,,30668,8,0,31 4 32,0,20,,30669,8,0,27 28,0,20,,30670,51,0,23 24,0,55,,30671,66,0,31 4 32,0,12,,30672,51,0,23 24,0,12,,30673,73,0,27 28,0,12,,30674,66,0,31 4 32,0,12,,30675,51,0,23 24,0,52,,30676,73,0,27 28,0,12,,30677,66,0,31 4 32,0,12,,30678,51,0,23 24,0,12,,30679,73,0,27 28,0,12,,30680,66,0,31 4 32,0,46,,30681,8,0,23 24,0,9,,30682,51,0,23 24,0,12,,30683,73,0,27 28,0,12,,30684,66,0,31 4 32,0,12,,30685,51,0,23 24,0,12,,30686,73,0,27 28,0,52,,30687,66,0,31 4 32,0,12,,30688,51,0,23 24,0,12,,30689,73,0,27 28,0,12,,30690,66,0,31 4 32,0,12,,30691,51,0,23 24,0,52,,30692,73,0,27 28,0,12,,30693,66,0,31 4 32,0,12,,30694,51,0,23 24,0,12,,30695,73,0,27 28,0,12,,30696,66,0,31 4 32,0,52,,30697,51,0,23 24,0,12,,30698,73,0,27 28,0,12,,30699,66,0,31 4 32,0,12,,30700,51,0,23 24,0,12,,30701,73,0,27 28,0,52,,30702,66,0,31 4 32,0,12,,30703,51,0,23 24,0,12,,30704,73,0,27 28,0,12,,30705,66,0,31 4 32,0,12,,30706,51,0,23 24,0,52,,30707,73,0,27 28,0,12,,30708,66,0,31 4 32,0,12,,30709,51,0,23 24,0,12,,30710,73,0,27 28,0,12,,30711,66,0,31 4 32,0,52,,30712,51,0,23 24,0,12,,30713,73,0,27 28,0,12,,30714,66,0,31 4 32,0,12,,30715,51,0,23 24,0,12,,30716,73,0,27 28,0,52,,30717,66,0,31 4 32,0,12,,30718,51,0,23 24,0,12,,30719,73,0,27 28,0,12,,30720,66,0,31 4 32,0,12,,30721,51,0,23 24,0,52,,30722,73,0,27 28,0,12,,30723,66,0,31 4 32,0,12,,30724,51,0,23 24,0,12,,30725,73,0,27 28,0,12,,30726,66,0,31 4 32,0,52,,30727,51,0,23 24,0,12,,30728,73,0,27 28,0,12,,30729,66,0,31 4 32,0,12,,30730,51,0,23 24,0,10,,30731,73,0,27 28,0,50,,30732,66,0,31 4 32,0,12,,30733,51,0,23 24,0,12,,30734,73,0,27 28,0,12,,30735,66,0,31 4 32,0,12,,30736,51,0,23 24,0,52,,30737,73,0,27 28,0,12,,30738,66,0,31 4 32,0,11,,30739,51,0,23 24,0,12,,30740,73,0,27 28,0,12,,30741,66,0,31 4 32,0,52,,30742,51,0,23 24,0,12,,30743,73,0,27 28,0,12,,30744,66,0,31 4 32,0,12,,30745,51,0,23 24,0,12,,30746,73,0,27 28,0,52,,30747,66,0,31 4 32,0,12,,30748,51,0,23 24,0,12,,30749,73,0,27 28,0,12,,30750,66,0,31 4 32,0,13,,30751,51,0,23 24,0,55,,30752,73,0,27 28,0,15,,30753,66,0,31 4 32,0,15,,30754,51,0,23 24,0,15,,30755,73,0,27 28,0,55,,30756,51,0,23 24,0,15,,30757,66,0,31 4 32,0,15,,30758,73,0,27 28,0,15,,30759,51,0,23 24,0,55,,30760,66,0,31 4 32,0,15,,30761,73,0,27 28,0,15,,30762,51,0,23 24,0,15,,30763,73,0,27 28,0,55,,30764,66,0,31 4 32,0,20,,30766,51,0,23 24,0
578300,'3',459,,30768,8,0,27 28,0,63,,30770,8,0,31 4 32,0,23,,30771,8,0,27 28,0,62,,30772,51,0,23 24,0,15,,30773,66,0,31 4 32,0,8,,30774,8,0,23 24,0,7,,30775,73,0,27 28,0,15,,30776,51,0,23 24,0,55,,30777,66,0,31 4 32,0,15,,30778,73,0,27 28,0,15,,30779,51,0,23 24,0,15,,30780,66,0,31 4 32,0,55,,30781,73,0,27 28,0,15,,30782,51,0,23 24,0,15,,30783,66,0,31 4 32,0,15,,30784,73,0,27 28,0,55,,30785,51,0,23 24,0,12,,30786,66,0,31 4 32,0,12,,30787,73,0,27 28,0,12,,30788,51,0,23 24,0,12,,30789,66,0,31 4 32,0,56,,30790,73,0,27 28,0,12,,30791,51,0,23 24,0,12,,30792,66,0,31 4 32,0,12,,30793,73,0,27 28,0,12,,30794,51,0,23 24,0,52,,30795,66,0,31 4 32,0,12,,30796,73,0,27 28,0,12,,30797,51,0,23 24,0,12,,30798,66,0,31 4 32,0,12,,30799,73,0,27 28,0,52,,30800,51,0,23 24,0,12,,30801,66,0,31 4 32,0,12,,30802,73,0,27 28,0,12,,30803,51,0,23 24,0,12,,30804,66,0,31 4 32,0,52,,30805,73,0,27 28,0,12,,30806,51,0,23 24,0,12,,30807,66,0,31 4 32,0,12,,30808,73,0,27 28,0,12,,30809,51,0,23 24,0,52,,30810,66,0,31 4 32,0,12,,30811,73,0,27 28,0,12,,30812,51,0,23 24,0,12,,30813,66,0,31 4 32,0,12,,30814,73,0,27 28,0,52,,30815,51,0,23 24,0,12,,30816,66,0,31 4 32,0,12,,30817,73,0,27 28,0,12,,30818,51,0,23 24,0,12,,30819,66,0,31 4 32,0,52,,30820,73,0,27 28,0,12,,30821,51,0,23 24,0,12,,30822,66,0,31 4 32,0,12,,30823,73,0,27 28,0,12,,30824,51,0,23 24,0,52,,30825,66,0,31 4 32,0,12,,30826,73,0,27 28,0,12,,30827,51,0,23 24,0,12,,30828,66,0,31 4 32,0,12,,30829,73,0,27 28,0,50,,30830,51,0,23 24,0,15,,30831,66,0,31 4 32,0,15,,30832,73,0,27 28,0,15,,30833,51,0,23 24,0,55,,30834,66,0,31 4 32,0,15,,30835,73,0,27 28,0,15,,30836,51,0,23 24,0,15,,30837,66,0,31 4 32,0,55,,30838,73,0,27 28,0,15,,30839,51,0,23 24,0,15,,30840,66,0,31 4 32,0,15,,30841,73,0,27 28,0,55,,30842,51,0,23 24,0,15,,30843,66,0,31 4 32,0,15,,30844,73,0,27 28,0,15,,30845,51,0,23 24,0,54,,30846,66,0,31 4 32,0,15,,30847,73,0,27 28,0,15,,30848,51,0,23 24,0,15,,30849,66,0,31 4 32,0,55,,30850,73,0,27 28,0,15,,30851,51,0,23 24,0,15,,30852,66,0,31 4 32,0,15,,30853,73,0,27 28,0,55,,30855,51,0,23 24,0
578300,'4',537,,30919,8,0,31 4 32,0,15,,30920,8,0,27 28,0,55,,30856,8,0,31 4 32,0,10,,30857,8,0,23 24,0,10,,30858,8,0,27 28,0,10,,30859,66,0,31 4 32,0,15,,30860,51,0,23 24,0,55,,30861,73,0,27 28,0,15,,30862,66,0,31 4 32,0,15,,30863,51,0,23 24,0,15,,30864,73,0,27 28,0,55,,30865,66,0,31 4 32,0,15,,30866,51,0,23 24,0,15,,30867,73,0,27 28,0,15,,30868,66,0,31 4 32,0,55,,30869,51,0,23 24,0,15,,30870,73,0,27 28,0,15,,30871,66,0,31 4 32,0,15,,30872,51,0,23 24,0,57,,30873,73,0,27 28,0,16,,30874,66,0,31 4 32,0,14,,30875,51,0,23 24,0,15,,30876,73,0,27 28,0,56,,30877,66,0,31 4 32,0,14,,30878,51,0,23 24,0,15,,30879,73,0,27 28,0,16,,30880,66,0,31 4 32,0,54,,30881,51,0,23 24,0,15,,30882,73,0,27 28,0,16,,30883,66,0,31 4 32,0,14,,30884,51,0,23 24,0,55,,30885,73,0,27 28,0,16,,30886,66,0,31 4 32,0,14,,30887,51,0,23 24,0,15,,30888,73,0,27 28,0,56,,30889,66,0,31 4 32,0,14,,30890,51,0,23 24,0,15,,30891,73,0,27 28,0,16,,30892,66,0,31 4 32,0,54,,30893,51,0,23 24,0,15,,30894,73,0,27 28,0,16,,30895,66,0,31 4 32,0,14,,30896,51,0,23 24,0,55,,30897,73,0,27 28,0,16,,30898,66,0,31 4 32,0,14,,30899,51,0,23 24,0,15,,30900,73,0,27 28,0,56,,30901,66,0,31 4 32,0,14,,30902,51,0,23 24,0,15,,30903,73,0,27 28,0,16,,30904,66,0,31 4 32,0,52,,30905,51,0,23 24,0,15,,30906,73,0,27 28,0,15,,30907,66,0,31 4 32,0,15,,30908,51,0,23 24,0,55,,30909,73,0,27 28,0,15,,30910,66,0,31 4 32,0,15,,30911,51,0,23 24,0,15,,30912,73,0,27 28,0,55,,30913,66,0,31 4 32,0,15,,30914,51,0,23 24,0,15,,30915,73,0,27 28,0,15,,30916,66,0,31 4 32,0,55,,30918,51,0,23 24,0
578300,'6',459,,30922,8,0,27 28,0,63,,30924,8,0,31 4 32,0,23,,30925,8,0,27 28,0,62,,30926,51,0,23 24,0,15,,30927,66,0,31 4 32,0,8,,30928,8,0,23 24,0,7,,30929,73,0,27 28,0,15,,30930,51,0,23 24,0,55,,30931,66,0,31 4 32,0,15,,30932,73,0,27 28,0,15,,30933,51,0,23 24,0,15,,30934,66,0,31 4 32,0,55,,30935,73,0,27 28,0,15,,30936,51,0,23 24,0,15,,30937,66,0,31 4 32,0,15,,30938,73,0,27 28,0,55,,30939,51,0,23 24,0,12,,30940,66,0,31 4 32,0,12,,30941,73,0,27 28,0,12,,30942,51,0,23 24,0,12,,30943,66,0,31 4 32,0,56,,30944,73,0,27 28,0,12,,30945,51,0,23 24,0,12,,30946,66,0,31 4 32,0,12,,30947,73,0,27 28,0,12,,30948,51,0,23 24,0,52,,30949,66,0,31 4 32,0,12,,30950,73,0,27 28,0,12,,30951,51,0,23 24,0,12,,30952,66,0,31 4 32,0,12,,30953,73,0,27 28,0,52,,30954,51,0,23 24,0,12,,30955,66,0,31 4 32,0,12,,30956,73,0,27 28,0,12,,30957,51,0,23 24,0,12,,30958,66,0,31 4 32,0,52,,30959,73,0,27 28,0,12,,30960,51,0,23 24,0,12,,30961,66,0,31 4 32,0,12,,30962,73,0,27 28,0,12,,30963,51,0,23 24,0,52,,30964,66,0,31 4 32,0,12,,30965,73,0,27 28,0,12,,30966,51,0,23 24,0,12,,30967,66,0,31 4 32,0,12,,30968,73,0,27 28,0,52,,30969,51,0,23 24,0,12,,30970,66,0,31 4 32,0,12,,30971,73,0,27 28,0,12,,30972,51,0,23 24,0,12,,30973,66,0,31 4 32,0,52,,30974,73,0,27 28,0,12,,30975,51,0,23 24,0,12,,30976,66,0,31 4 32,0,12,,30977,73,0,27 28,0,12,,30978,51,0,23 24,0,52,,30979,66,0,31 4 32,0,12,,30980,73,0,27 28,0,12,,30981,51,0,23 24,0,12,,30982,66,0,31 4 32,0,12,,30983,73,0,27 28,0,50,,30984,51,0,23 24,0,15,,30985,66,0,31 4 32,0,15,,30986,73,0,27 28,0,15,,30987,51,0,23 24,0,55,,30988,66,0,31 4 32,0,15,,30989,73,0,27 28,0,15,,30990,51,0,23 24,0,15,,30991,66,0,31 4 32,0,55,,30992,73,0,27 28,0,15,,30993,51,0,23 24,0,15,,30994,66,0,31 4 32,0,15,,30995,73,0,27 28,0,55,,30996,51,0,23 24,0,15,,30997,66,0,31 4 32,0,15,,30998,73,0,27 28,0,15,,30999,51,0,23 24,0,54,,31000,66,0,31 4 32,0,15,,31001,73,0,27 28,0,15,,31002,51,0,23 24,0,15,,31003,66,0,31 4 32,0,55,,31004,73,0,27 28,0,15,,31005,51,0,23 24,0,15,,31006,66,0,31 4 32,0,15,,31007,73,0,27 28,0,55,,31009,51,0,23 24,0
580800,'14601',512,,39276,11,,,0,20,,39270,11,,,0,20,,39271,11,,,0,60,,39272,11,,,0,20,,39273,11,,,0,20,,39274,11,,,0,60,,39275,11,,,0,20,,39174,11,,,0,18,,39175,11,,,0,7,,39188,11,,,0,47,,39189,11,,,0,8,,39196,11,,,0,7,,39190,11,,,0,8,,39197,11,,,0,7,,39191,11,,,0,8,,39198,11,,,0,7,,39192,11,,,0,8,,39199,11,,,0,47,,39193,11,,,0,9,,39200,11,,,0,7,,39194,11,,,0,8,,39201,11,,,0,7,,39195,11,,,0,10,,39202,11,,,0,10,,39203,11,,,0,50,,39204,11,,,0,10,,39205,11,,,0,10,,39206,11,,,0,10,,39207,11,,,0,10,,39208,11,,,0,10,,39209,11,,,0,50,,39210,11,,,0,10,,39211,11,,,0,10,,39212,11,,,0,10,,39213,11,,,0,10,,39214,11,,,0,10,,39215,11,,,0,50,,39216,11,,,0,10,,39217,11,,,0,10,,39218,11,,,0,10,,39219,11,,,0,10,,39220,11,,,0,10,,39221,11,,,0,50,,39222,11,,,0,10,,39223,11,,,0,10,,39224,11,,,0,10,,39225,11,,,0,10,,39226,11,,,0,10,,39227,11,,,0,50,,39228,11,,,0,10,,39229,11,,,0,10,,39230,11,,,0,10,,39231,11,,,0,10,,39232,11,,,0,10,,39233,11,,,0,50,,39247,11,,,0,7,,39234,11,,,0,8,,39248,11,,,0,7,,39235,11,,,0,8,,39249,11,,,0,7,,39236,11,,,0,8,,39250,11,,,0,7,,39237,11,,,0,48,,39251,11,,,0,7,,39238,11,,,0,8,,39252,11,,,0,7,,39239,11,,,0,8,,39253,11,,,0,7,,39240,11,,,0,8,,39254,11,,,0,7,,39241,11,,,0,48,,39255,11,,,0,7,,39242,11,,,0,8,,39256,11,,,0,7,,39243,11,,,0,8,,39257,11,,,0,7,,39244,11,,,0,8,,39258,11,,,0,7,,39245,11,,,0,48,,39259,11,,,0,7,,39246,11,,,0,8,,39260,11,,,0,11,,39261,11,,,0,15,,39176,11,,,0,55,,39177,11,,,0,13,,39178,11,,,0,15,,39171,11,,,0,15,,39172,11,,,0,15,,39173,11,,,0,55,,39262,11,,,0,15,,39263,11,,,0,15,,39264,11,,,0,15,,39265,11,,,0,55,,39266,11,,,0,15,,39267,11,,,0,15,,39268,11,,,0,63,,39269,11,,,0,28,,39179,11,,,0,70,,39180,11,,,0,30,,39181,11,,,0,70,,39182,11,,,0,30,,39183,11,,,0,70,,39184,11,,,0,30,,39185,11,,,0,70,,39186,11,,,0,30,,39187,11,,,0
580800,'14602',512,,39308,11,,,0,30,,39309,11,,,0,70,,39310,11,,,0,30,,39311,11,,,0,70,,39312,11,,,0,30,,39313,11,,,0,70,,39314,11,,,0,30,,39315,11,,,0,71,,39316,11,,,0,30,,39317,11,,,0,70,,39318,11,,,0,30,,39319,11,,,0,70,,39320,11,,,0,30,,39291,11,,,0,70,,39292,11,,,0,30,,39293,11,,,0,70,,39294,11,,,0,30,,39295,11,,,0,70,,39296,11,,,0,30,,39297,11,,,0,70,,39298,11,,,0,30,,39299,11,,,0,70,,39300,11,,,0,30,,39301,11,,,0,70,,39302,11,,,0,30,,39303,11,,,0,70,,39304,11,,,0,30,,39305,11,,,0,68,,39306,11,,,0,30,,39307,11,,,0,70,,39290,11,,,0,30,,39289,11,,,0,70,,39288,11,,,0,30,,39287,11,,,0,68,,39286,11,,,0,30,,39285,11,,,0,70,,39284,11,,,0,30,,39283,11,,,0,70,,39282,11,,,0,30,,39281,11,,,0,70,,39280,11,,,0,30,,39279,11,,,0,70,,39278,11,,,0,30,,39277,11,,,0
580800,'14603',612,,39346,11,,,0,30,,39347,11,,,0,70,,39348,11,,,0,30,,39349,11,,,0,70,,39350,11,,,0,30,,39351,11,,,0,71,,39352,11,,,0,30,,39353,11,,,0,70,,39354,11,,,0,30,,39355,11,,,0,70,,39356,11,,,0,30,,39337,11,,,0,70,,39336,11,,,0,30,,39335,11,,,0,70,,39334,11,,,0,30,,39333,11,,,0,70,,39332,11,,,0,30,,39331,11,,,0,70,,39330,11,,,0,30,,39329,11,,,0,70,,39328,11,,,0,30,,39327,11,,,0,70,,39326,11,,,0,30,,39325,11,,,0,70,,39324,11,,,0,30,,39323,11,,,0,68,,39322,11,,,0,30,,39321,11,,,0,70,,39338,11,,,0,30,,39339,11,,,0,70,,39340,11,,,0,30,,39341,11,,,0,68,,39342,11,,,0,30,,39343,11,,,0,70,,39344,11,,,0,30,,39345,11,,,0
580800,'14604',612,,39376,11,,,0,30,,39377,11,,,0,70,,39378,11,,,0,30,,39379,11,,,0,70,,39380,11,,,0,30,,39381,11,,,0,71,,39382,11,,,0,30,,39383,11,,,0,70,,39384,11,,,0,30,,39385,11,,,0,70,,39386,11,,,0,30,,39373,11,,,0,70,,39372,11,,,0,30,,39371,11,,,0,70,,39370,11,,,0,30,,39369,11,,,0,70,,39368,11,,,0,30,,39367,11,,,0,70,,39366,11,,,0,30,,39365,11,,,0,70,,39364,11,,,0,30,,39363,11,,,0,70,,39362,11,,,0,30,,39361,11,,,0,70,,39360,11,,,0,30,,39359,11,,,0,68,,39358,11,,,0,30,,39357,11,,,0,70,,39374,11,,,0,30,,39375,11,,,0
580800,'14606',612,,39412,11,,,0,30,,39413,11,,,0,70,,39414,11,,,0,30,,39415,11,,,0,70,,39416,11,,,0,30,,39417,11,,,0,71,,39418,11,,,0,30,,39419,11,,,0,70,,39420,11,,,0,30,,39421,11,,,0,70,,39422,11,,,0,30,,39403,11,,,0,70,,39402,11,,,0,30,,39401,11,,,0,70,,39400,11,,,0,30,,39399,11,,,0,70,,39398,11,,,0,30,,39397,11,,,0,70,,39396,11,,,0,30,,39395,11,,,0,70,,39394,11,,,0,30,,39393,11,,,0,70,,39392,11,,,0,30,,39391,11,,,0,70,,39390,11,,,0,30,,39389,11,,,0,68,,39388,11,,,0,30,,39387,11,,,0,70,,39404,11,,,0,30,,39405,11,,,0,70,,39406,11,,,0,30,,39407,11,,,0,68,,39408,11,,,0,30,,39409,11,,,0,70,,39410,11,,,0,30,,39411,11,,,0
582801,'1',634,,40617,49,,,0,20,,40619,49,,,0,60,,40621,49,,,0,15,,40623,49,,,0,17,,40625,49,,,0,54,,40627,49,,,0,16,,40629,49,,,0,15,,40631,49,,,0,15,,40633,49,,,0,55,,40635,49,,,0,12,,40637,49,,,0,12,,40639,49,,,0,10,,40641,49,,,0,12,,40643,49,,,0,12,,40645,49,,,0,52,,40647,49,,,0,12,,40649,49,,,0,12,,40651,49,,,0,12,,40653,49,,,0,12,,40655,49,,,0,52,,40657,49,,,0,12,,40659,49,,,0,12,,40661,49,,,0,12,,40663,49,,,0,12,,40665,49,,,0,52,,40667,49,,,0,12,,40669,49,,,0,12,,40671,49,,,0,12,,40673,49,,,0,12,,40675,49,,,0,52,,40677,49,,,0,12,,40679,49,,,0,12,,40681,49,,,0,12,,40683,49,,,0,12,,40685,49,,,0,52,,40687,49,,,0,12,,40689,49,,,0,12,,40691,49,,,0,12,,40693,49,,,0,12,,40695,49,,,0,54,,40697,49,,,0,12,,40699,49,,,0,12,,40701,49,,,0,12,,40703,49,,,0,53,,40705,49,,,0,12,,40707,49,,,0,12,,40709,49,,,0,12,,40711,49,,,0,12,,40713,49,,,0,52,,40715,49,,,0,12,,40717,49,,,0,14,,40719,49,,,0,12,,40721,49,,,0,12,,40723,49,,,0,52,,40725,49,,,0,10,,40727,49,,,0
