578301,'1',519,,31014,35,0,33 4 34,0,35,,31017,35,0,33 4 34,0,63,,31020,35,0,33 4 34,0,15,,31022,35,0,33 4 34,0,15,,31024,35,0,33 4 34,0,55,,31026,35,0,33 4 34,0,15,,31028,35,0,33 4 34,0,15,,31030,35,0,33 4 34,0,15,,31032,35,0,33 4 34,0,55,,31034,35,0,33 4 34,0,15,,31036,35,0,33 4 34,0,15,,31038,35,0,33 4 34,0,15,,31040,35,0,33 4 34,0,55,,31042,35,0,33 4 34,0,15,,31044,35,0,33 4 34,0,15,,31046,35,0,33 4 34,0,15,,31048,35,0,17 18 4 19,0,56,,31050,35,0,33 4 34,0,30,,31053,35,0,33 4 34,0,70,,31056,35,0,33 4 34,0,30,,31059,35,0,33 4 34,0,70,,31062,35,0,33 4 34,0,30,,31065,35,0,33 4 34,0,70,,31068,35,0,33 4 34,0,30,,31071,35,0,33 4 34,0,69,,31074,35,0,33 4 34,0,18,,31076,35,0,33 4 34,0,15,,31078,35,0,33 4 34,0,15,,31080,35,0,33 4 34,0,55,,31082,35,0,33 4 34,0,15,,31084,35,0,33 4 34,0,15,,31086,35,0,33 4 34,0,15,,31088,35,0,33 4 34,0,55,,31090,35,0,33 4 34,0,15,,31092,35,0,33 4 34,0,15,,31094,35,0,33 4 34,0,15,,31096,35,0,33 4 34,0,55,,31098,35,0,33 4 34,0,15,,31100,35,0,33 4 34,0,14,,31102,35,0,33 4 34,0,16,,31104,35,0,33 4 34,0,55,,31106,35,0,33 4 34,0,12,,31108,35,0,17 18 4 19,0,19,,31110,35,0,33 4 34,0,14,,31112,35,0,17 18 4 19,0,60,,31114,35,0,33 4 34,0,24,,31117,35,0,33 4 34,0,76,,31121,35,0,33 4 34,0,30,,31124,35,0,33 4 34,0,70,,31127,35,0,33 4 34,0,30,,31130,35,0,33 4 34,0,19,,31132,35,0,33 4 34,0,85,,31135,35,0,33 4 34,0,85,,31139,35,0,33 4 34,0,80,,31142,35,0,33 4 34,0,45,,31144,35,0,33 4 34,0
578301,'2',453,,31151,35,0,33 4 34,0,76,,31154,35,0,33 4 34,0,76,,31157,35,0,33 4 34,0,36,,31160,35,0,33 4 34,0,76,,31163,35,0,33 4 34,0,33,,31166,35,0,33 4 34,0,76,,31169,35,0,33 4 34,0,76,,31172,35,0,33 4 34,0,36,,31175,35,0,33 4 34,0,76,,31178,35,0,33 4 34,0,36,,31181,35,0,33 4 34,0,76,,31184,35,0,33 4 34,0,76,,31187,35,0,33 4 34,0,36,,31190,35,0,33 4 34,0,76,,31193,35,0,33 4 34,0,36,,31196,35,0,33 4 34,0,76,,31199,35,0,33 4 34,0,76,,31202,35,0,33 4 34,0,36,,31205,35,0,33 4 34,0,76,,31208,35,0,33 4 34,0,36,,31211,35,0,33 4 34,0,76,,31214,35,0,33 4 34,0,76,,31217,35,0,33 4 34,0,36,,31220,35,0,33 4 34,0,78,,31223,35,0,33 4 34,0,36,,31226,35,0,33 4 34,0,76,,31229,35,0,33 4 34,0,86,,31232,35,0,33 4 34,0,31,,31234,35,0,33 4 34,0,85,,31237,35,0,33 4 34,0,85,,31240,35,0,33 4 34,0,85,,31243,35,0,33 4 34,0,50,,31246,35,0,33 4 34,0
578301,'3',530,,31254,35,0,33 4 34,0,85,,31258,35,0,33 4 34,0,85,,31261,35,0,33 4 34,0,45,,31264,35,0,33 4 34,0,85,,31267,35,0,33 4 34,0,85,,31270,35,0,33 4 34,0,35,,31273,35,0,33 4 34,0,76,,31276,35,0,33 4 34,0,76,,31279,35,0,33 4 34,0,36,,31282,35,0,33 4 34,0,76,,31285,35,0,33 4 34,0,36,,31288,35,0,33 4 34,0,76,,31291,35,0,33 4 34,0,76,,31294,35,0,33 4 34,0,36,,31297,35,0,33 4 34,0,76,,31300,35,0,33 4 34,0,36,,31303,35,0,33 4 34,0,76,,31306,35,0,33 4 34,0,76,,31309,35,0,33 4 34,0,36,,31312,35,0,33 4 34,0,75,,31315,35,0,33 4 34,0,36,,31318,35,0,33 4 34,0,78,,31321,35,0,33 4 34,0,85,,31324,35,0,33 4 34,0,45,,31327,35,0,33 4 34,0,88,,31330,35,0,33 4 34,0,85,,31333,35,0,33 4 34,0,85,,31336,35,0,33 4 34,0,30,,31338,35,0,33 4 34,0
578301,'4',538,,31407,35,0,33 4 34,0,66,,31344,35,0,33 4 34,0,26,,31347,35,0,33 4 34,0,85,,31350,35,0,33 4 34,0,85,,31353,35,0,33 4 34,0,45,,31356,35,0,33 4 34,0,85,,31359,35,0,33 4 34,0,83,,31362,35,0,33 4 34,0,45,,31365,35,0,33 4 34,0,85,,31368,35,0,33 4 34,0,85,,31371,35,0,33 4 34,0,85,,31374,35,0,33 4 34,0,45,,31377,35,0,33 4 34,0,85,,31380,35,0,33 4 34,0,85,,31383,35,0,33 4 34,0,85,,31386,35,0,33 4 34,0,45,,31389,35,0,33 4 34,0,88,,31392,35,0,33 4 34,0,85,,31395,35,0,33 4 34,0,85,,31398,35,0,33 4 34,0,85,,31401,35,0,33 4 34,0,45,,31405,35,0,33 4 34,0
578301,'6',530,,31411,35,0,33 4 34,0,85,,31415,35,0,33 4 34,0,85,,31418,35,0,33 4 34,0,45,,31421,35,0,33 4 34,0,85,,31424,35,0,33 4 34,0,85,,31427,35,0,33 4 34,0,35,,31430,35,0,33 4 34,0,76,,31433,35,0,33 4 34,0,76,,31436,35,0,33 4 34,0,36,,31439,35,0,33 4 34,0,76,,31442,35,0,33 4 34,0,36,,31445,35,0,33 4 34,0,76,,31448,35,0,33 4 34,0,76,,31451,35,0,33 4 34,0,36,,31454,35,0,33 4 34,0,76,,31457,35,0,33 4 34,0,36,,31460,35,0,33 4 34,0,76,,31463,35,0,33 4 34,0,76,,31466,35,0,33 4 34,0,36,,31469,35,0,33 4 34,0,75,,31472,35,0,33 4 34,0,36,,31475,35,0,33 4 34,0,78,,31478,35,0,33 4 34,0,85,,31481,35,0,33 4 34,0,45,,31484,35,0,33 4 34,0,88,,31487,35,0,33 4 34,0,85,,31490,35,0,33 4 34,0,85,,31493,35,0,33 4 34,0,30,,31495,35,0,33 4 34,0
580801,'14601',518,,39528,24,,,0,20,,39522,24,,,0,20,,39523,24,,,0,60,,39524,24,,,0,20,,39525,24,,,0,20,,39526,24,,,0,60,,39527,24,,,0,20,,39520,24,,,0,19,,39521,24,,,0,50,,39423,24,,,0,10,,39454,24,,,0,10,,39424,24,,,0,8,,39455,24,,,0,7,,39425,24,,,0,8,,39456,24,,,0,9,,39426,24,,,0,48,,39457,24,,,0,8,,39427,24,,,0,8,,39458,24,,,0,5,,39428,24,,,0,8,,39459,24,,,0,7,,39460,24,,,0,8,,39461,24,,,0,53,,39462,24,,,0,12,,39429,24,,,0,10,,39430,24,,,0,10,,39431,24,,,0,10,,39432,24,,,0,10,,39433,24,,,0,50,,39434,24,,,0,10,,39435,24,,,0,10,,39436,24,,,0,10,,39437,24,,,0,10,,39438,24,,,0,10,,39439,24,,,0,50,,39440,24,,,0,10,,39441,24,,,0,10,,39442,24,,,0,10,,39443,24,,,0,10,,39444,24,,,0,10,,39445,24,,,0,50,,39446,24,,,0,10,,39447,24,,,0,10,,39448,24,,,0,10,,39449,24,,,0,10,,39450,24,,,0,10,,39451,24,,,0,50,,39452,24,,,0,10,,39453,24,,,0,10,,39488,24,,,0,9,,39489,24,,,0,8,,39492,24,,,0,7,,39490,24,,,0,8,,39493,24,,,0,47,,39491,24,,,0,8,,39463,24,,,0,7,,39476,24,,,0,8,,39464,24,,,0,7,,39477,24,,,0,8,,39465,24,,,0,7,,39478,24,,,0,8,,39466,24,,,0,47,,39479,24,,,0,8,,39467,24,,,0,7,,39480,24,,,0,8,,39468,24,,,0,7,,39481,24,,,0,8,,39469,24,,,0,7,,39482,24,,,0,8,,39470,24,,,0,47,,39483,24,,,0,8,,39471,24,,,0,7,,39484,24,,,0,8,,39472,24,,,0,7,,39485,24,,,0,8,,39473,24,,,0,8,,39486,24,,,0,8,,39474,24,,,0,47,,39487,24,,,0,8,,39475,24,,,0,8,,39503,24,,,0,10,,39504,24,,,0,10,,39505,24,,,0,10,,39506,24,,,0,50,,39507,24,,,0,10,,39494,24,,,0,15,,39495,24,,,0,15,,39496,24,,,0,15,,39498,24,,,0,55,,39499,24,,,0,15,,39500,24,,,0,15,,39501,24,,,0,15,,39502,24,,,0,55,,39497,24,,,0,15,,39515,24,,,0,15,,39516,24,,,0,15,,39519,24,,,0,57,,39517,24,,,0,22,,39518,24,,,0,70,,39508,24,,,0,30,,39509,24,,,0,70,,39510,24,,,0,30,,39511,24,,,0,70,,39512,24,,,0,30,,39513,24,,,0,70,,39514,24,,,0
580801,'14602',534,,39559,24,,,0,70,,39560,24,,,0,30,,39561,24,,,0,70,,39562,24,,,0,30,,39563,24,,,0,70,,39564,24,,,0,30,,39565,24,,,0,70,,39566,24,,,0,29,,39567,24,,,0,70,,39568,24,,,0,30,,39569,24,,,0,70,,39570,24,,,0,30,,39558,24,,,0,70,,39541,24,,,0,30,,39542,24,,,0,70,,39543,24,,,0,30,,39544,24,,,0,70,,39545,24,,,0,30,,39546,24,,,0,70,,39547,24,,,0,30,,39548,24,,,0,70,,39549,24,,,0,30,,39550,24,,,0,70,,39551,24,,,0,30,,39552,24,,,0,70,,39553,24,,,0,30,,39554,24,,,0,72,,39555,24,,,0,30,,39556,24,,,0,70,,39557,24,,,0,30,,39540,24,,,0,70,,39539,24,,,0,30,,39538,24,,,0,70,,39537,24,,,0,31,,39536,24,,,0,70,,39535,24,,,0,30,,39534,24,,,0,70,,39533,24,,,0,30,,39532,24,,,0,70,,39531,24,,,0,30,,39530,24,,,0,70,,39529,24,,,0
580801,'14603',634,,39596,24,,,0,70,,39597,24,,,0,30,,39598,24,,,0,70,,39599,24,,,0,30,,39600,24,,,0,70,,39601,24,,,0,29,,39602,24,,,0,70,,39603,24,,,0,30,,39604,24,,,0,70,,39605,24,,,0,30,,39571,24,,,0,70,,39588,24,,,0,30,,39587,24,,,0,70,,39586,24,,,0,30,,39585,24,,,0,70,,39584,24,,,0,30,,39583,24,,,0,70,,39582,24,,,0,30,,39581,24,,,0,70,,39580,24,,,0,30,,39579,24,,,0,70,,39578,24,,,0,30,,39577,24,,,0,70,,39576,24,,,0,30,,39575,24,,,0,72,,39574,24,,,0,30,,39573,24,,,0,70,,39572,24,,,0,30,,39589,24,,,0,70,,39590,24,,,0,30,,39591,24,,,0,70,,39592,24,,,0,31,,39593,24,,,0,70,,39594,24,,,0,30,,39595,24,,,0,70,,39606,24,,,0
580801,'14604',634,,39627,24,,,0,70,,39628,24,,,0,30,,39629,24,,,0,70,,39630,24,,,0,30,,39631,24,,,0,70,,39632,24,,,0,29,,39633,24,,,0,70,,39634,24,,,0,30,,39635,24,,,0,70,,39636,24,,,0,30,,39607,24,,,0,70,,39624,24,,,0,30,,39623,24,,,0,70,,39622,24,,,0,30,,39621,24,,,0,70,,39620,24,,,0,30,,39619,24,,,0,70,,39618,24,,,0,30,,39617,24,,,0,70,,39616,24,,,0,30,,39615,24,,,0,70,,39614,24,,,0,30,,39613,24,,,0,70,,39612,24,,,0,30,,39611,24,,,0,72,,39610,24,,,0,30,,39609,24,,,0,70,,39608,24,,,0,30,,39625,24,,,0,70,,39626,24,,,0
580801,'14606',634,,39662,24,,,0,70,,39663,24,,,0,30,,39664,24,,,0,70,,39665,24,,,0,30,,39666,24,,,0,70,,39667,24,,,0,29,,39668,24,,,0,70,,39669,24,,,0,30,,39670,24,,,0,70,,39671,24,,,0,30,,39637,24,,,0,70,,39654,24,,,0,30,,39653,24,,,0,70,,39652,24,,,0,30,,39651,24,,,0,70,,39650,24,,,0,30,,39649,24,,,0,70,,39648,24,,,0,30,,39647,24,,,0,70,,39646,24,,,0,30,,39645,24,,,0,70,,39644,24,,,0,30,,39643,24,,,0,70,,39642,24,,,0,30,,39641,24,,,0,72,,39640,24,,,0,30,,39639,24,,,0,70,,39638,24,,,0,30,,39655,24,,,0,70,,39656,24,,,0,30,,39657,24,,,0,70,,39658,24,,,0,31,,39659,24,,,0,70,,39660,24,,,0,30,,39661,24,,,0,70,,39672,24,,,0
582800,'1',653,,40229,18,,,0,55,,40231,18,,,0,15,,40233,18,,,0,15,,40235,18,,,0,15,,40237,18,,,0,55,,40239,18,,,0,15,,40241,18,,,0,15,,40243,18,,,0,14,,40245,18,,,0,52,,40247,18,,,0,12,,40249,18,,,0,12,,40251,18,,,0,12,,40253,18,,,0,12,,40255,18,,,0,52,,40257,18,,,0,12,,40259,18,,,0,12,,40261,18,,,0,12,,40263,18,,,0,12,,40265,18,,,0,52,,40267,18,,,0,12,,40269,18,,,0,12,,40271,18,,,0,12,,40273,18,,,0,12,,40275,18,,,0,52,,40277,18,,,0,12,,40279,18,,,0,12,,40281,18,,,0,12,,40283,18,,,0,12,,40285,18,,,0,52,,40287,18,,,0,12,,40289,18,,,0,12,,40291,18,,,0,12,,40293,18,,,0,12,,40295,18,,,0,49,,40297,18,,,0,12,,40299,18,,,0,12,,40301,18,,,0,12,,40303,18,,,0,12,,40305,18,,,0,52,,40307,18,,,0,12,,40309,18,,,0,12,,40311,18,,,0,12,,40313,18,,,0,13,,40315,18,,,0,52,,40317,18,,,0,12,,40319,18,,,0,12,,40321,18,,,0,12,,40323,18,,,0,12,,40325,18,,,0,52,,40327,18,,,0,12,,40329,18,,,0,15,,40331,18,,,0,12,,40333,18,,,0,12,,40335,18,,,0,52,,40337,18,,,0,12,,40215,18,,,0,12,,40339,18,,,0,12,,40341,18,,,0
