580301,'1',545,,38078,15,,,0,78,,38080,15,,,0,80,,38082,15,,,0,32,,38084,15,,,0,70,,38086,15,,,0,30,,38088,15,,,0,71,,38090,15,,,0,30,,38092,15,,,0,72,,38094,15,,,0,40,,38096,15,,,0,80,,38098,15,,,0,80,,38100,15,,,0,40,,38102,15,,,0,80,,38104,15,,,0,76,,38106,15,,,0,26,,38108,15,,,0,70,,38110,15,,,0,30,,38112,15,,,0,70,,38114,15,,,0,30,,38116,15,,,0,70,,38118,15,,,0,36,,38120,15,,,0,70,,38122,15,,,0,30,,38124,15,,,0,70,,38126,15,,,0,35,,38128,15,,,0,80,,38130,15,,,0,80,,38132,15,,,0,36,,38134,15,,,0,101,,38136,15,,,0,100,,38138,15,,,0,96,,38140,15,,,0
580301,'2',526,,38165,15,,,0,100,,38178,15,,,0,100,,38180,15,,,0,100,,38163,15,,,0,97,,38147,15,,,0,94,,38176,15,,,0,40,,38172,15,,,0,80,,38174,15,,,0,80,,38167,15,,,0,40,,38169,15,,,0,80,,38171,15,,,0,80,,38185,15,,,0,40,,38157,15,,,0,80,,38152,15,,,0,80,,38150,15,,,0,40,,38154,15,,,0,83,,38159,15,,,0,80,,38162,15,,,0,80,,38186,15,,,0,100,,38183,15,,,0,100,,38149,15,,,0,100,,38190,15,,,0,101,,38143,15,,,0,100,,38188,15,,,0,100,,38148,15,,,0
580301,'3',607,,38208,15,,,0,100,,38206,15,,,0,100,,38204,15,,,0,100,,38202,15,,,0,102,,38209,15,,,0,100,,38223,15,,,0,40,,38224,15,,,0,80,,38225,15,,,0,80,,38226,15,,,0,40,,38227,15,,,0,80,,38228,15,,,0,80,,38229,15,,,0,40,,38230,15,,,0,80,,38231,15,,,0,80,,38232,15,,,0,40,,38233,15,,,0,80,,38234,15,,,0,78,,38200,15,,,0,100,,38198,15,,,0,100,,38196,15,,,0,99,,38194,15,,,0,100,,38192,15,,,0
580301,'4',607,,38236,15,,,0,100,,38237,15,,,0,100,,38238,15,,,0,100,,38239,15,,,0,100,,38240,15,,,0,100,,38241,15,,,0,100,,38242,15,,,0,100,,38243,15,,,0,100,,38244,15,,,0,100,,38245,15,,,0,100,,38246,15,,,0,100,,38247,15,,,0,100,,38248,15,,,0,100,,38249,15,,,0,100,,38250,15,,,0
580301,'6',607,,38283,15,,,0,100,,38281,15,,,0,100,,38279,15,,,0,100,,38277,15,,,0,102,,38284,15,,,0,100,,38298,15,,,0,40,,38299,15,,,0,80,,38300,15,,,0,80,,38301,15,,,0,40,,38302,15,,,0,80,,38303,15,,,0,80,,38304,15,,,0,40,,38305,15,,,0,80,,38306,15,,,0,80,,38307,15,,,0,40,,38308,15,,,0,80,,38309,15,,,0,78,,38275,15,,,0,100,,38273,15,,,0,100,,38271,15,,,0,99,,38269,15,,,0,100,,38267,15,,,0
580601,'1601',737,,38545,39,0,8 40 10,0
580601,'1',542,,38600,39,,,0,69,,38599,39,,,0,18,,38547,11,,,0,12,,38598,39,,,0,70,,38597,39,,,0,30,,38596,39,,,0,70,,38595,39,,,0,20,,38594,39,,,0,20,,38593,39,,,0,60,,38592,39,,,0,15,,38591,39,,,0,15,,38590,39,,,0,15,,38589,39,,,0,56,,38588,39,,,0,30,,38587,39,,,0,70,,38586,39,,,0,30,,38585,39,,,0,70,,38584,39,,,0,30,,38583,39,,,0,70,,38582,39,,,0,30,,38581,39,,,0,70,,38580,39,,,0,30,,38579,39,,,0,70,,38578,39,,,0,15,,38577,39,,,0,15,,38576,39,,,0,15,,38575,39,,,0,55,,38574,39,,,0,15,,38573,39,,,0,15,,38548,39,,,0,15,,38572,39,,,0,55,,38571,39,,,0,15,,38570,39,,,0,15,,38569,39,,,0,15,,38568,39,,,0,55,,38567,39,,,0,15,,38566,39,,,0,15,,38565,39,,,0,15,,38564,39,,,0,54,,38563,39,,,0,15,,38562,39,,,0,20,,38561,39,,,0,65,,38560,39,,,0,30,,38559,39,,,0,70,,38558,39,,,0,30,,38557,39,,,0,70,,38556,39,,,0,30,,38551,39,,,0,69,,38555,39,,,0,30,,38554,39,,,0,70,,38550,39,,,0,30,,38553,39,,,0,70,,38549,39,,,0,37,,38552,39,,,0
580601,'2',533,,38638,39,,,0,70,,38639,39,,,0,30,,38640,39,,,0,26,,38619,39,,,0,70,,38621,39,,,0,30,,38620,39,,,0,70,,38622,39,,,0,30,,38618,39,,,0,70,,38623,39,,,0,30,,38615,39,,,0,70,,38624,39,,,0,30,,38607,39,,,0,70,,38625,39,,,0,30,,38608,39,,,0,70,,38626,39,,,0,30,,38609,39,,,0,70,,38627,39,,,0,30,,38610,39,,,0,70,,38628,39,,,0,30,,38611,39,,,0,70,,38629,39,,,0,30,,38612,39,,,0,70,,38630,39,,,0,30,,38613,39,,,0,70,,38631,39,,,0,30,,38614,39,,,0,70,,38632,39,,,0,30,,38616,39,,,0,70,,38617,39,,,0,30,,38633,39,,,0,70,,38606,39,,,0,30,,38605,39,,,0,70,,38604,39,,,0,30,,38603,39,,,0,70,,38602,39,,,0,30,,38634,39,,,0,70,,38635,39,,,0,30,,38636,39,,,0,70,,38601,39,,,0,30,,38637,39,,,0,70,,38641,39,,,0
580601,'3',659,,38660,39,,,0,70,,38662,39,,,0,30,,38661,39,,,0,70,,38663,39,,,0,30,,38659,39,,,0,70,,38664,39,,,0,30,,38656,39,,,0,70,,38665,39,,,0,30,,38648,39,,,0,70,,38666,39,,,0,30,,38649,39,,,0,70,,38667,39,,,0,30,,38650,39,,,0,70,,38668,39,,,0,30,,38651,39,,,0,70,,38669,39,,,0,30,,38652,39,,,0,70,,38670,39,,,0,30,,38653,39,,,0,70,,38671,39,,,0,30,,38654,39,,,0,70,,38672,39,,,0,30,,38655,39,,,0,70,,38673,39,,,0,30,,38657,39,,,0,70,,38658,39,,,0,30,,38674,39,,,0,70,,38647,39,,,0,30,,38646,39,,,0,70,,38645,39,,,0,30,,38644,39,,,0,70,,38643,39,,,0,30,,38675,39,,,0,70,,38676,39,,,0,30,,38677,39,,,0,79,,38642,39,,,0
580601,'4',659,,38693,39,,,0,70,,38695,39,,,0,30,,38694,39,,,0,70,,38696,39,,,0,30,,38692,39,,,0,70,,38697,39,,,0,30,,38689,39,,,0,70,,38698,39,,,0,30,,38681,39,,,0,70,,38699,39,,,0,30,,38682,39,,,0,70,,38700,39,,,0,30,,38683,39,,,0,70,,38701,39,,,0,30,,38684,39,,,0,70,,38702,39,,,0,30,,38685,39,,,0,70,,38703,39,,,0,30,,38686,39,,,0,70,,38704,39,,,0,30,,38687,39,,,0,70,,38705,39,,,0,30,,38688,39,,,0,70,,38706,39,,,0,30,,38690,39,,,0,70,,38691,39,,,0,30,,38707,39,,,0,70,,38680,39,,,0,30,,38679,39,,,0,70,,38678,39,,,0
580601,'6',533,,38745,39,,,0,70,,38746,39,,,0,30,,38747,39,,,0,26,,38726,39,,,0,70,,38728,39,,,0,30,,38727,39,,,0,70,,38729,39,,,0,30,,38725,39,,,0,70,,38730,39,,,0,30,,38722,39,,,0,70,,38731,39,,,0,30,,38714,39,,,0,70,,38732,39,,,0,30,,38715,39,,,0,70,,38733,39,,,0,30,,38716,39,,,0,70,,38734,39,,,0,30,,38717,39,,,0,70,,38735,39,,,0,30,,38718,39,,,0,70,,38736,39,,,0,30,,38719,39,,,0,70,,38737,39,,,0,30,,38720,39,,,0,70,,38738,39,,,0,30,,38721,39,,,0,70,,38739,39,,,0,30,,38723,39,,,0,70,,38724,39,,,0,30,,38740,39,,,0,70,,38713,39,,,0,30,,38712,39,,,0,70,,38711,39,,,0,30,,38710,39,,,0,70,,38709,39,,,0,30,,38741,39,,,0,70,,38742,39,,,0,30,,38743,39,,,0,70,,38708,39,,,0,30,,38744,39,,,0,70,,38748,39,,,0
