579300,'1',529,,33626,17,,,0,20,,33603,17,,,0,55,,33616,17,,,0,15,,33617,17,,,0,15,,33604,17,,,0,15,,33554,17,,,0,55,,33618,17,,,0,17,,33555,17,,,0,15,,33619,17,,,0,15,,33556,17,,,0,55,,33557,17,,,0,15,,33559,17,,,0,15,,33558,17,,,0,10,,33581,17,,,0,10,,33553,17,,,0,50,,33552,17,,,0,10,,33582,17,,,0,10,,33551,17,,,0,10,,33550,17,,,0,10,,33583,17,,,0,10,,33549,17,,,0,50,,33548,17,,,0,10,,33584,17,,,0,10,,33580,17,,,0,10,,33547,17,,,0,10,,33585,17,,,0,60,,33605,17,,,0,20,,33606,17,,,0,20,,33607,17,,,0,60,,33608,17,,,0,20,,33609,17,,,0,20,,33610,17,,,0,60,,33611,17,,,0,20,,33612,17,,,0,20,,33613,17,,,0,60,,33614,17,,,0,20,,33615,17,,,0,20,,33544,17,,,0,60,,33586,17,,,0,20,,33579,17,,,0,10,,33578,17,,,0,10,,33587,17,,,0,10,,33577,17,,,0,50,,33576,17,,,0,10,,33588,17,,,0,10,,33575,17,,,0,10,,33574,17,,,0,10,,33589,17,,,0,10,,33573,17,,,0,50,,33572,17,,,0,10,,33590,17,,,0,10,,33571,17,,,0,10,,33570,17,,,0,10,,33591,17,,,0,10,,33569,17,,,0,50,,33568,17,,,0,10,,33592,17,,,0,10,,33567,17,,,0,10,,33566,17,,,0,8,,33593,17,,,0,10,,33565,17,,,0,50,,33564,17,,,0,10,,33594,17,,,0,10,,33563,17,,,0,15,,33602,17,,,0,15,,33562,17,,,0,60,,33561,17,,,0,20,,33560,17,,,0,20,,33620,17,,,0,60,,33546,17,,,0,20,,33621,17,,,0,20,,33545,17,,,0,60,,33595,17,,,0,20,,33622,17,,,0,20,,33596,17,,,0,60,,33597,17,,,0,20,,33623,17,,,0,20,,33598,17,,,0,60,,33599,17,,,0,20,,33624,17,,,0,20,,33600,17,,,0,60,,33625,17,,,0,13,,33601,17,,,0
579300,'2',539,,33687,17,,,0,20,,33627,17,,,0,60,,33688,17,,,0,20,,33628,17,,,0,20,,33689,17,,,0,60,,33629,17,,,0,20,,33630,17,,,0,20,,33690,17,,,0,61,,33631,17,,,0,20,,33632,17,,,0,60,,33633,17,,,0,15,,33634,17,,,0,15,,33635,17,,,0,15,,33636,17,,,0,55,,33637,17,,,0,15,,33638,17,,,0,15,,33639,17,,,0,15,,33640,17,,,0,55,,33641,17,,,0,15,,33642,17,,,0,15,,33643,17,,,0,15,,33644,17,,,0,55,,33645,17,,,0,15,,33646,17,,,0,15,,33647,17,,,0,15,,33648,17,,,0,55,,33649,17,,,0,15,,33650,17,,,0,15,,33651,17,,,0,15,,33652,17,,,0,55,,33653,17,,,0,15,,33654,17,,,0,15,,33655,17,,,0,15,,33656,17,,,0,55,,33657,17,,,0,15,,33658,17,,,0,15,,33659,17,,,0,15,,33660,17,,,0,55,,33661,17,,,0,15,,33662,17,,,0,15,,33663,17,,,0,15,,33664,17,,,0,55,,33665,17,,,0,15,,33666,17,,,0,15,,33667,17,,,0,15,,33668,17,,,0,55,,33669,17,,,0,15,,33670,17,,,0,15,,33671,17,,,0,15,,33672,17,,,0,55,,33673,17,,,0,15,,33674,17,,,0,19,,33691,17,,,0,20,,33675,17,,,0,60,,33676,17,,,0,20,,33692,17,,,0,20,,33677,17,,,0,60,,33678,17,,,0,20,,33693,17,,,0,20,,33679,17,,,0,60,,33680,17,,,0,20,,33694,17,,,0,20,,33681,17,,,0,60,,33682,17,,,0,20,,33695,17,,,0,20,,33683,17,,,0,60,,33684,17,,,0,20,,33696,17,,,0,20,,33685,17,,,0,60,,33686,17,,,0,20,,33697,17,,,0
579300,'3',549,,33744,17,,,0,70,,33728,17,,,0,30,,33729,17,,,0,70,,33730,17,,,0,30,,33731,17,,,0,70,,33732,17,,,0,30,,33733,17,,,0,71,,33734,17,,,0,30,,33735,17,,,0,70,,33736,17,,,0,30,,33737,17,,,0,60,,33738,17,,,0,20,,33739,17,,,0,20,,33740,17,,,0,60,,33741,17,,,0,20,,33742,17,,,0,20,,33743,17,,,0,60,,33698,17,,,0,20,,33699,17,,,0,20,,33700,17,,,0,60,,33701,17,,,0,20,,33702,17,,,0,20,,33703,17,,,0,60,,33704,17,,,0,20,,33705,17,,,0,20,,33706,17,,,0,60,,33707,17,,,0,20,,33708,17,,,0,20,,33709,17,,,0,60,,33710,17,,,0,20,,33711,17,,,0,20,,33712,17,,,0,60,,33713,17,,,0,19,,33714,17,,,0,20,,33715,17,,,0,60,,33716,17,,,0,20,,33717,17,,,0,30,,33718,17,,,0,70,,33719,17,,,0,30,,33720,17,,,0,70,,33721,17,,,0,30,,33722,17,,,0,70,,33723,17,,,0,30,,33724,17,,,0,70,,33725,17,,,0,30,,33726,17,,,0,70,,33727,17,,,0
579300,'4',556,,33784,17,,,0,90,,33783,17,,,0,70,,33782,17,,,0,30,,33781,17,,,0,70,,33780,17,,,0,30,,33779,17,,,0,70,,33778,17,,,0,30,,33777,17,,,0,70,,33776,17,,,0,30,,33775,17,,,0,70,,33774,17,,,0,20,,33773,17,,,0,20,,33772,17,,,0,60,,33771,17,,,0,20,,33770,17,,,0,20,,33769,17,,,0,60,,33768,17,,,0,20,,33767,17,,,0,20,,33766,17,,,0,60,,33765,17,,,0,20,,33764,17,,,0,20,,33763,17,,,0,60,,33762,17,,,0,20,,33761,17,,,0,20,,33760,17,,,0,60,,33759,17,,,0,20,,33758,17,,,0,20,,33757,17,,,0,60,,33756,17,,,0,20,,33755,17,,,0,20,,33754,17,,,0,60,,33753,17,,,0,20,,33752,17,,,0,20,,33751,17,,,0,60,,33750,17,,,0,20,,33749,17,,,0,20,,33748,17,,,0,65,,33747,17,,,0,30,,33746,17,,,0,70,,33745,17,,,0
579300,'6',549,,33831,17,,,0,70,,33815,17,,,0,30,,33816,17,,,0,70,,33817,17,,,0,30,,33818,17,,,0,70,,33819,17,,,0,30,,33820,17,,,0,71,,33821,17,,,0,30,,33822,17,,,0,70,,33823,17,,,0,30,,33824,17,,,0,60,,33825,17,,,0,20,,33826,17,,,0,20,,33827,17,,,0,60,,33828,17,,,0,20,,33829,17,,,0,20,,33830,17,,,0,60,,33785,17,,,0,20,,33786,17,,,0,20,,33787,17,,,0,60,,33788,17,,,0,20,,33789,17,,,0,20,,33790,17,,,0,60,,33791,17,,,0,20,,33792,17,,,0,20,,33793,17,,,0,60,,33794,17,,,0,20,,33795,17,,,0,20,,33796,17,,,0,60,,33797,17,,,0,20,,33798,17,,,0,20,,33799,17,,,0,60,,33800,17,,,0,19,,33801,17,,,0,20,,33802,17,,,0,60,,33803,17,,,0,20,,33804,17,,,0,30,,33805,17,,,0,70,,33806,17,,,0,30,,33807,17,,,0,70,,33808,17,,,0,30,,33809,17,,,0,70,,33810,17,,,0,30,,33811,17,,,0,70,,33812,17,,,0,30,,33813,17,,,0,70,,33814,17,,,0
579400,'1',513,,34117,7,,,0,25,,34118,7,,,0,20,,34119,7,,,0,60,,34120,7,,,0,20,,34121,7,,,0,15,,34122,7,,,0,57,,34123,7,,,0,15,,34124,7,,,0,15,,34125,7,,,0,15,,34126,7,,,0,55,,34127,7,,,0,15,,34128,7,,,0,15,,34129,7,,,0,15,,34130,7,,,0,55,,34131,7,,,0,15,,34132,7,,,0,15,,34133,7,,,0,15,,34134,7,,,0,55,,34135,7,,,0,15,,34136,7,,,0,15,,34137,7,,,0,15,,34138,7,,,0,55,,34139,7,,,0,15,,34140,7,,,0,15,,34141,7,,,0,15,,34142,7,,,0,55,,34143,7,,,0,15,,34144,7,,,0,15,,34145,7,,,0,15,,34146,7,,,0,55,,34147,7,,,0,15,,34148,7,,,0,15,,34149,7,,,0,15,,34150,7,,,0,57,,34151,7,,,0,15,,34152,7,,,0,15,,34153,7,,,0,15,,34154,7,,,0,55,,34155,7,,,0,15,,34156,7,,,0,15,,34157,7,,,0,15,,34158,7,,,0,55,,34159,7,,,0,15,,34160,7,,,0,15,,34161,7,,,0,15,,34162,7,,,0,55,,34163,7,,,0,15,,34164,7,,,0,15,,34165,7,,,0,15,,34166,7,,,0,55,,34167,7,,,0,30,,34168,7,,,0,67,,34169,7,,,0,30,,34170,7,,,0,70,,34171,7,,,0,30,,34172,7,,,0,70,,34173,7,,,0,30,,34174,7,,,0,69,,34175,7,,,0,30,,34176,7,,,0,70,,34177,7,,,0,30,,34178,7,,,0,70,,34179,7,,,0,30,,34180,7,,,0,70,,34181,7,,,0,20,,34182,7,,,0
579400,'2',609,,34216,7,,,0,30,,34215,7,,,0,70,,34214,7,,,0,30,,34210,7,,,0,70,,34209,7,,,0,30,,34213,7,,,0,71,,34212,7,,,0,30,,34211,7,,,0,70,,34218,7,,,0,30,,34217,7,,,0,70,,34198,7,,,0,30,,34197,7,,,0,70,,34195,7,,,0,30,,34208,7,,,0,70,,34207,7,,,0,30,,34206,7,,,0,70,,34205,7,,,0,30,,34204,7,,,0,70,,34200,7,,,0,30,,34199,7,,,0,70,,34196,7,,,0,30,,34194,7,,,0,70,,34188,7,,,0,30,,34187,7,,,0,70,,34186,7,,,0,29,,34193,7,,,0,70,,34192,7,,,0,30,,34191,7,,,0,70,,34184,7,,,0,30,,34183,7,,,0,70,,34220,7,,,0,29,,34185,7,,,0,70,,34203,7,,,0,30,,34202,7,,,0,70,,34201,7,,,0,30,,34219,7,,,0,70,,34190,7,,,0,100,,34189,7,,,0
579400,'3',554,,34228,7,,,0,70,,34248,7,,,0,30,,34251,7,,,0,70,,34250,7,,,0,30,,34249,7,,,0,70,,34246,7,,,0,30,,34247,7,,,0,71,,34254,7,,,0,30,,34253,7,,,0,70,,34256,7,,,0,30,,34255,7,,,0,70,,34258,7,,,0,30,,34257,7,,,0,70,,34241,7,,,0,30,,34245,7,,,0,70,,34244,7,,,0,30,,34243,7,,,0,70,,34242,7,,,0,30,,34236,7,,,0,70,,34240,7,,,0,30,,34239,7,,,0,70,,34238,7,,,0,30,,34237,7,,,0,70,,34234,7,,,0,30,,34226,7,,,0,70,,34233,7,,,0,30,,34232,7,,,0,68,,34235,7,,,0,30,,34225,7,,,0,70,,34252,7,,,0,30,,34224,7,,,0,70,,34231,7,,,0,30,,34223,7,,,0,70,,34230,7,,,0,30,,34222,7,,,0,70,,34229,7,,,0,25,,34221,7,,,0,60,,34227,7,,,0
579400,'4',609,,34259,7,,,0,30,,34260,7,,,0,70,,34261,7,,,0,30,,34262,7,,,0,70,,34263,7,,,0,30,,34264,7,,,0,71,,34265,7,,,0,30,,34266,7,,,0,70,,34267,7,,,0,30,,34268,7,,,0,70,,34269,7,,,0,30,,34270,7,,,0,70,,34271,7,,,0,30,,34272,7,,,0,70,,34273,7,,,0,30,,34274,7,,,0,70,,34275,7,,,0,30,,34276,7,,,0,70,,34277,7,,,0,30,,34278,7,,,0,70,,34279,7,,,0,30,,34280,7,,,0,70,,34281,7,,,0,30,,34282,7,,,0,68,,34283,7,,,0,30,,34284,7,,,0,70,,34285,7,,,0,30,,34286,7,,,0,70,,34287,7,,,0,30,,34288,7,,,0,70,,34289,7,,,0
579400,'6',609,,34323,7,,,0,30,,34322,7,,,0,70,,34321,7,,,0,30,,34317,7,,,0,70,,34316,7,,,0,30,,34320,7,,,0,71,,34319,7,,,0,30,,34318,7,,,0,70,,34325,7,,,0,30,,34324,7,,,0,70,,34305,7,,,0,30,,34304,7,,,0,70,,34302,7,,,0,30,,34315,7,,,0,70,,34314,7,,,0,30,,34313,7,,,0,70,,34312,7,,,0,30,,34311,7,,,0,70,,34307,7,,,0,30,,34306,7,,,0,70,,34303,7,,,0,30,,34301,7,,,0,70,,34295,7,,,0,30,,34294,7,,,0,70,,34293,7,,,0,29,,34300,7,,,0,70,,34299,7,,,0,30,,34298,7,,,0,70,,34291,7,,,0,30,,34290,7,,,0,70,,34327,7,,,0,29,,34292,7,,,0,70,,34310,7,,,0,30,,34309,7,,,0,70,,34308,7,,,0,30,,34326,7,,,0,70,,34297,7,,,0,100,,34296,7,,,0
