578201,'1',458,,30350,5,,,0,60,,30336,5,,,0,20,,30349,5,,,0,20,,30348,5,,,0,60,,30351,5,,,0,20,,30352,5,,,0,16,,30353,5,,,0,60,,30354,5,,,0,20,,30355,5,,,0,20,,30356,5,,,0,60,,30357,5,,,0,20,,30358,5,,,0,20,,30359,5,,,0,60,,30360,5,,,0,20,,30361,5,,,0,20,,30362,5,,,0,64,,30363,5,,,0,20,,30364,5,,,0,20,,30365,5,,,0,60,,30366,5,,,0,20,,30367,5,,,0,20,,30368,5,,,0,60,,30369,5,,,0,20,,30370,5,,,0,20,,30371,5,,,0,60,,30372,5,,,0,20,,30373,5,,,0,20,,30374,5,,,0,56,,30375,5,,,0,20,,30376,5,,,0,20,,30377,5,,,0,60,,30378,5,,,0,20,,30379,5,,,0,20,,30380,5,,,0,60,,30381,5,,,0,20,,30382,5,,,0,20,,30383,5,,,0,60,,30384,5,,,0,20,,30385,5,,,0,25,,30386,5,,,0,70,,30337,5,,,0,30,,30338,5,,,0,74,,30339,5,,,0,70,,30340,5,,,0,30,,30341,5,,,0,70,,30342,5,,,0,30,,30343,5,,,0,75,,30344,5,,,0,30,,30345,5,,,0,70,,30335,5,,,0,30,,30346,5,,,0,80,,30334,5,,,0,25,,30347,5,,,0
578201,'2',541,,30388,5,,,0,70,,30389,5,,,0,30,,30390,5,,,0,70,,30391,5,,,0,30,,30392,5,,,0,69,,30393,5,,,0,29,,30394,5,,,0,64,,30395,5,,,0,20,,30396,5,,,0,20,,30397,5,,,0,60,,30398,5,,,0,20,,30399,5,,,0,20,,30400,5,,,0,60,,30401,5,,,0,20,,30402,5,,,0,20,,30403,5,,,0,60,,30404,5,,,0,20,,30405,5,,,0,20,,30406,5,,,0,60,,30407,5,,,0,20,,30408,5,,,0,20,,30409,5,,,0,60,,30410,5,,,0,20,,30411,5,,,0,20,,30412,5,,,0,60,,30413,5,,,0,20,,30414,5,,,0,20,,30415,5,,,0,60,,30416,5,,,0,20,,30417,5,,,0,20,,30418,5,,,0,69,,30419,5,,,0,30,,30420,5,,,0,70,,30421,5,,,0,30,,30422,5,,,0,70,,30423,5,,,0,30,,30424,5,,,0,70,,30425,5,,,0,30,,30426,5,,,0,70,,30427,5,,,0,30,,30428,5,,,0,72,,30429,5,,,0,30,,30430,5,,,0,70,,30431,5,,,0,30,,30432,5,,,0,90,,30433,5,,,0
578201,'3',605,,30469,5,,,0,35,,30468,5,,,0,70,,30467,5,,,0,30,,30466,5,,,0,70,,30465,5,,,0,30,,30464,5,,,0,69,,30463,5,,,0,30,,30462,5,,,0,70,,30461,5,,,0,30,,30460,5,,,0,70,,30459,5,,,0,30,,30458,5,,,0,70,,30457,5,,,0,30,,30456,5,,,0,70,,30455,5,,,0,30,,30454,5,,,0,70,,30453,5,,,0,30,,30452,5,,,0,70,,30451,5,,,0,30,,30450,5,,,0,70,,30449,5,,,0,30,,30448,5,,,0,70,,30447,5,,,0,30,,30446,5,,,0,70,,30445,5,,,0,30,,30444,5,,,0,70,,30443,5,,,0,30,,30442,5,,,0,73,,30441,5,,,0,30,,30440,5,,,0,70,,30439,5,,,0,30,,30438,5,,,0,70,,30437,5,,,0,30,,30436,5,,,0,70,,30435,5,,,0,30,,30434,5,,,0
578201,'4',644,,30471,5,,,0,80,,30472,5,,,0,80,,30473,5,,,0,40,,30474,5,,,0,80,,30475,5,,,0,80,,30476,5,,,0,40,,30477,5,,,0,80,,30478,5,,,0,80,,30479,5,,,0,40,,30480,5,,,0,80,,30481,5,,,0,80,,30482,5,,,0,105,,30483,5,,,0,100,,30484,5,,,0,100,,30485,5,,,0,100,,30486,5,,,0,100,,30487,5,,,0,100,,30488,5,,,0,50,,30489,5,,,0
578201,'6',605,,30525,5,,,0,35,,30524,5,,,0,70,,30523,5,,,0,30,,30522,5,,,0,70,,30521,5,,,0,30,,30520,5,,,0,69,,30519,5,,,0,30,,30518,5,,,0,70,,30517,5,,,0,30,,30516,5,,,0,70,,30515,5,,,0,30,,30514,5,,,0,70,,30513,5,,,0,30,,30512,5,,,0,70,,30511,5,,,0,30,,30510,5,,,0,70,,30509,5,,,0,30,,30508,5,,,0,70,,30507,5,,,0,30,,30506,5,,,0,70,,30505,5,,,0,30,,30504,5,,,0,70,,30503,5,,,0,30,,30502,5,,,0,70,,30501,5,,,0,30,,30500,5,,,0,70,,30499,5,,,0,30,,30498,5,,,0,73,,30497,5,,,0,30,,30496,5,,,0,70,,30495,5,,,0,30,,30494,5,,,0,70,,30493,5,,,0,30,,30492,5,,,0,70,,30491,5,,,0,30,,30490,5,,,0
578300,'1',503,,30533,5,0,31 4 32,0,35,,30536,5,0,31 4 32,0,62,,30539,5,0,31 4 32,0,29,,30543,5,0,31 4 32,0,30,,30547,5,0,31 4 32,0,70,,30551,5,0,31 4 32,0,30,,30555,5,0,31 4 32,0,69,,30559,5,0,31 4 32,0,73,,30563,5,0,31 4 32,0,30,,30567,5,0,31 4 32,0,70,,30570,5,0,31 4 32,0,30,,30573,5,0,31 4 32,0,70,,30576,5,0,31 4 32,0,30,,30579,5,0,31 4 32,0,70,,30582,5,0,31 4 32,0,30,,30585,5,0,31 4 32,0,70,,30588,5,0,31 4 32,0,27,,30591,5,0,31 4 32,0,29,,30595,5,0,31 4 32,0,70,,30599,5,0,31 4 32,0,30,,30603,5,0,31 4 32,0,70,,30607,5,0,31 4 32,0,30,,30611,5,0,31 4 32,0,70,,30615,5,0,31 4 32,0,30,,30619,5,0,31 4 32,0,70,,30623,5,0,31 4 32,0,73,,30627,5,0,31 4 32,0,30,,30630,5,0,31 4 32,0,70,,30633,5,0,31 4 32,0,30,,30636,5,0,31 4 32,0,70,,30639,5,0,31 4 32,0,30,,30642,5,0,31 4 32,0,70,,30645,5,0,31 4 32,0,52,,30649,5,0,31 4 32,0,85,,30652,5,0,31 4 32,0,85,,30655,5,0,31 4 32,0,85,,30658,5,0,31 4 32,0,35,,30660,5,0,17 25 4 26,0
578300,'2',529,,30671,5,0,31 4 32,0,76,,30674,5,0,31 4 32,0,36,,30677,5,0,31 4 32,0,76,,30680,5,0,31 4 32,0,28,,30684,5,0,31 4 32,0,76,,30687,5,0,31 4 32,0,36,,30690,5,0,31 4 32,0,76,,30693,5,0,31 4 32,0,76,,30696,5,0,31 4 32,0,36,,30699,5,0,31 4 32,0,76,,30702,5,0,31 4 32,0,36,,30705,5,0,31 4 32,0,76,,30708,5,0,31 4 32,0,76,,30711,5,0,31 4 32,0,36,,30714,5,0,31 4 32,0,76,,30717,5,0,31 4 32,0,36,,30720,5,0,31 4 32,0,76,,30723,5,0,31 4 32,0,76,,30726,5,0,31 4 32,0,36,,30729,5,0,31 4 32,0,77,,30732,5,0,31 4 32,0,36,,30735,5,0,31 4 32,0,76,,30738,5,0,31 4 32,0,77,,30741,5,0,31 4 32,0,36,,30744,5,0,31 4 32,0,76,,30747,5,0,31 4 32,0,36,,30750,5,0,31 4 32,0,83,,30753,5,0,31 4 32,0,100,,30757,5,0,31 4 32,0,85,,30760,5,0,31 4 32,0,100,,30764,5,0,31 4 32,0
578300,'3',543,,30773,5,0,31 4 32,0,85,,30777,5,0,31 4 32,0,85,,30780,5,0,31 4 32,0,45,,30783,5,0,31 4 32,0,82,,30786,5,0,31 4 32,0,76,,30789,5,0,31 4 32,0,30,,30792,5,0,31 4 32,0,76,,30795,5,0,31 4 32,0,36,,30798,5,0,31 4 32,0,76,,30801,5,0,31 4 32,0,76,,30804,5,0,31 4 32,0,36,,30807,5,0,31 4 32,0,76,,30810,5,0,31 4 32,0,36,,30813,5,0,31 4 32,0,76,,30816,5,0,31 4 32,0,76,,30819,5,0,31 4 32,0,36,,30822,5,0,31 4 32,0,76,,30825,5,0,31 4 32,0,36,,30828,5,0,31 4 32,0,80,,30831,5,0,31 4 32,0,85,,30834,5,0,31 4 32,0,85,,30837,5,0,31 4 32,0,45,,30840,5,0,31 4 32,0,85,,30843,5,0,31 4 32,0,90,,30846,5,0,31 4 32,0,85,,30849,5,0,31 4 32,0,45,,30852,5,0,31 4 32,0,70,,30854,5,0,31 4 32,0
578300,'4',557,,30859,5,0,31 4 32,0,85,,30862,5,0,31 4 32,0,85,,30865,5,0,31 4 32,0,85,,30868,5,0,31 4 32,0,45,,30871,5,0,31 4 32,0,79,,30874,5,0,31 4 32,0,85,,30877,5,0,31 4 32,0,85,,30880,5,0,31 4 32,0,45,,30883,5,0,31 4 32,0,85,,30886,5,0,31 4 32,0,85,,30889,5,0,31 4 32,0,85,,30892,5,0,31 4 32,0,45,,30895,5,0,31 4 32,0,85,,30898,5,0,31 4 32,0,85,,30901,5,0,31 4 32,0,85,,30904,5,0,31 4 32,0,51,,30907,5,0,31 4 32,0,85,,30910,5,0,31 4 32,0,85,,30913,5,0,31 4 32,0,85,,30916,5,0,31 4 32,0
578300,'6',543,,30927,5,0,31 4 32,0,85,,30931,5,0,31 4 32,0,85,,30934,5,0,31 4 32,0,45,,30937,5,0,31 4 32,0,82,,30940,5,0,31 4 32,0,76,,30943,5,0,31 4 32,0,30,,30946,5,0,31 4 32,0,76,,30949,5,0,31 4 32,0,36,,30952,5,0,31 4 32,0,76,,30955,5,0,31 4 32,0,76,,30958,5,0,31 4 32,0,36,,30961,5,0,31 4 32,0,76,,30964,5,0,31 4 32,0,36,,30967,5,0,31 4 32,0,76,,30970,5,0,31 4 32,0,76,,30973,5,0,31 4 32,0,36,,30976,5,0,31 4 32,0,76,,30979,5,0,31 4 32,0,36,,30982,5,0,31 4 32,0,80,,30985,5,0,31 4 32,0,85,,30988,5,0,31 4 32,0,85,,30991,5,0,31 4 32,0,45,,30994,5,0,31 4 32,0,85,,30997,5,0,31 4 32,0,90,,31000,5,0,31 4 32,0,85,,31003,5,0,31 4 32,0,45,,31006,5,0,31 4 32,0,70,,31008,5,0,31 4 32,0
