579500,'1601',1446,,34541,3,0,47 48 2 8 49 4 7,0
579500,'1',518,,34542,25,,,0,20,,34543,25,,,0,21,,34544,25,,,0,60,,34545,25,,,0,20,,34546,25,,,0,20,,34547,25,,,0,55,,34548,25,,,0,15,,34549,25,,,0,15,,34550,25,,,0,15,,34551,25,,,0,55,,34552,25,,,0,15,,34553,25,,,0,15,,34554,25,,,0,15,,34555,25,,,0,55,,34556,25,,,0,15,,34557,25,,,0,15,,34558,25,,,0,60,,34559,25,,,0,23,,34560,25,,,0,17,,34561,25,,,0,60,,34562,25,,,0,20,,34563,25,,,0,20,,34564,25,,,0,60,,34565,25,,,0,20,,34566,25,,,0,20,,34567,25,,,0,60,,34568,25,,,0,20,,34569,25,,,0,20,,34570,25,,,0,64,,34571,25,,,0,20,,34572,25,,,0,20,,34573,25,,,0,60,,34574,25,,,0,15,,34575,25,,,0,15,,34576,25,,,0,15,,34577,25,,,0,55,,34578,25,,,0,15,,34579,25,,,0,15,,34580,25,,,0,15,,34581,25,,,0,55,,34582,25,,,0,15,,34583,25,,,0,15,,34584,25,,,0,15,,34585,25,,,0,55,,34586,25,,,0,15,,34587,25,,,0,26,,34588,25,,,0,70,,34589,25,,,0,30,,34590,25,,,0,70,,34591,25,,,0,30,,34592,25,,,0,70,,34593,25,,,0,30,,34594,25,,,0,69,,34595,25,,,0,30,,34596,25,,,0,70,,34597,25,,,0,30,,34598,25,,,0,70,,34599,25,,,0,30,,34600,25,,,0,90,,34601,25,,,0
579500,'2',609,,34622,25,,,0,30,,34631,25,,,0,70,,34633,25,,,0,30,,34637,25,,,0,70,,34614,25,,,0,30,,34638,25,,,0,70,,34613,25,,,0,31,,34628,25,,,0,70,,34626,25,,,0,30,,34629,25,,,0,70,,34603,25,,,0,30,,34640,25,,,0,70,,34609,25,,,0,30,,34623,25,,,0,70,,34632,25,,,0,30,,34607,25,,,0,70,,34604,25,,,0,30,,34606,25,,,0,70,,34602,25,,,0,30,,34608,25,,,0,70,,34615,25,,,0,30,,34605,25,,,0,70,,34612,25,,,0,30,,34610,25,,,0,70,,34611,25,,,0,30,,34616,25,,,0,70,,34636,25,,,0,28,,34627,25,,,0,70,,34617,25,,,0,30,,34619,25,,,0,70,,34634,25,,,0,30,,34630,25,,,0,70,,34618,25,,,0,30,,34620,25,,,0,70,,34621,25,,,0,30,,34635,25,,,0,70,,34639,25,,,0,40,,34625,25,,,0,90,,34624,25,,,0
579500,'3',618,,34653,25,,,0,30,,34645,25,,,0,70,,34652,25,,,0,30,,34644,25,,,0,70,,34654,25,,,0,30,,34643,25,,,0,72,,34646,25,,,0,30,,34647,25,,,0,70,,34648,25,,,0,30,,34649,25,,,0,70,,34650,25,,,0,30,,34655,25,,,0,70,,34657,25,,,0,30,,34669,25,,,0,70,,34656,25,,,0,30,,34658,25,,,0,70,,34661,25,,,0,30,,34660,25,,,0,70,,34659,25,,,0,30,,34662,25,,,0,70,,34663,25,,,0,30,,34664,25,,,0,70,,34666,25,,,0,30,,34668,25,,,0,70,,34667,25,,,0,30,,34665,25,,,0,68,,34642,25,,,0,30,,34651,25,,,0,70,,34641,25,,,0,30,,34670,25,,,0,70,,34671,25,,,0,30,,34672,25,,,0,70,,34673,25,,,0,30,,34674,25,,,0,70,,34675,25,,,0,30,,34676,25,,,0,70,,34677,25,,,0
579500,'4',647,,34703,25,,,0,70,,34700,25,,,0,30,,34699,25,,,0,70,,34698,25,,,0,30,,34697,25,,,0,71,,34696,25,,,0,30,,34695,25,,,0,70,,34694,25,,,0,30,,34693,25,,,0,70,,34692,25,,,0,30,,34691,25,,,0,70,,34690,25,,,0,30,,34689,25,,,0,70,,34688,25,,,0,30,,34687,25,,,0,70,,34686,25,,,0,30,,34685,25,,,0,70,,34684,25,,,0,85,,34680,25,,,0,45,,34679,25,,,0,85,,34701,25,,,0,84,,34678,25,,,0,85,,34683,25,,,0,45,,34682,25,,,0,85,,34702,25,,,0,85,,34681,25,,,0
579500,'6',618,,34716,25,,,0,30,,34708,25,,,0,70,,34715,25,,,0,30,,34707,25,,,0,70,,34717,25,,,0,30,,34706,25,,,0,72,,34709,25,,,0,30,,34710,25,,,0,70,,34711,25,,,0,30,,34712,25,,,0,70,,34713,25,,,0,30,,34718,25,,,0,70,,34720,25,,,0,30,,34732,25,,,0,70,,34719,25,,,0,30,,34721,25,,,0,70,,34724,25,,,0,30,,34723,25,,,0,70,,34722,25,,,0,30,,34725,25,,,0,70,,34726,25,,,0,30,,34727,25,,,0,70,,34729,25,,,0,30,,34731,25,,,0,70,,34730,25,,,0,30,,34728,25,,,0,68,,34705,25,,,0,30,,34714,25,,,0,70,,34704,25,,,0,30,,34733,25,,,0,70,,34734,25,,,0,30,,34735,25,,,0,70,,34736,25,,,0,30,,34737,25,,,0,70,,34738,25,,,0,30,,34739,25,,,0,70,,34740,25,,,0
583000,'1',605,,41714,31,,,0,20,,41713,31,,,0,15,,41710,31,,,0,60,,41709,31,,,0,20,,41707,31,,,0,15,,41702,31,,,0,15,,41706,31,,,0,55,,41701,31,,,0,15,,41705,31,,,0,15,,41700,31,,,0,15,,41704,31,,,0,55,,41699,31,,,0,15,,41703,31,,,0,15,,41682,31,,,0,15,,41708,31,,,0,55,,41749,31,,,0,15,,41748,31,,,0,20,,41747,31,,,0,60,,41746,31,,,0,20,,41716,31,,,0,20,,41717,31,,,0,60,,41718,31,,,0,20,,41719,31,,,0,20,,41720,31,,,0,60,,41721,31,,,0,20,,41722,31,,,0,20,,41723,31,,,0,60,,41724,31,,,0,20,,41698,31,,,0,15,,41690,31,,,0,15,,41697,31,,,0,55,,41689,31,,,0,15,,41696,31,,,0,15,,41688,31,,,0,15,,41695,31,,,0,55,,41687,31,,,0,15,,41694,31,,,0,15,,41686,31,,,0,15,,41693,31,,,0,55,,41685,31,,,0,15,,41692,31,,,0,15,,41684,31,,,0,15,,41691,31,,,0,55,,41683,31,,,0,15,,41712,31,,,0,15,,41681,31,,,0,20,,41725,31,,,0,60,,41726,31,,,0,20,,41727,31,,,0,20,,41745,31,,,0,60,,41744,31,,,0,20,,41743,31,,,0,20,,41742,31,,,0,60,,41741,31,,,0,20,,41740,31,,,0,20,,41739,31,,,0,60,,41738,31,,,0,23,,41737,31,,,0,20,,41736,31,,,0,60,,41735,31,,,0,20,,41734,31,,,0,20,,41733,31,,,0,60,,41732,31,,,0,20,,41731,31,,,0,20,,41730,31,,,0,60,,41729,31,,,0,20,,41728,31,,,0
583000,'2',627,,41807,31,,,0,75,,41806,31,,,0,35,,41805,31,,,0,74,,41804,31,,,0,35,,41754,31,,,0,70,,41803,31,,,0,30,,41802,31,,,0,60,,41801,31,,,0,20,,41800,31,,,0,20,,41799,31,,,0,60,,41798,31,,,0,20,,41797,31,,,0,20,,41796,31,,,0,60,,41795,31,,,0,20,,41794,31,,,0,20,,41793,31,,,0,60,,41792,31,,,0,20,,41791,31,,,0,20,,41790,31,,,0,60,,41789,31,,,0,20,,41788,31,,,0,20,,41787,31,,,0,60,,41786,31,,,0,20,,41785,31,,,0,20,,41784,31,,,0,60,,41783,31,,,0,20,,41782,31,,,0,20,,41781,31,,,0,60,,41780,31,,,0,20,,41779,31,,,0,20,,41778,31,,,0,60,,41777,31,,,0,20,,41776,31,,,0,20,,41775,31,,,0,55,,41774,31,,,0,21,,41773,31,,,0,20,,41772,31,,,0,60,,41771,31,,,0,20,,41770,31,,,0,20,,41769,31,,,0,60,,41768,31,,,0,20,,41767,31,,,0,20,,41766,31,,,0,60,,41765,31,,,0,27,,41764,31,,,0,20,,41763,31,,,0,60,,41762,31,,,0,20,,41761,31,,,0,20,,41760,31,,,0,60,,41759,31,,,0,20,,41758,31,,,0,20,,41757,31,,,0,68,,41756,31,,,0
583000,'3',643,,41851,31,,,0,80,,41841,31,,,0,80,,41848,31,,,0,40,,41849,31,,,0,80,,41822,31,,,0,80,,41824,31,,,0,25,,41823,31,,,0,20,,41846,31,,,0,60,,41821,31,,,0,20,,41847,31,,,0,20,,41836,31,,,0,60,,41834,31,,,0,20,,41835,31,,,0,20,,41817,31,,,0,60,,41832,31,,,0,20,,41837,31,,,0,20,,41838,31,,,0,60,,41839,31,,,0,20,,41840,31,,,0,20,,41820,31,,,0,60,,41844,31,,,0,20,,41842,31,,,0,20,,41816,31,,,0,60,,41854,31,,,0,20,,41859,31,,,0,20,,41852,31,,,0,60,,41853,31,,,0,20,,41843,31,,,0,20,,41818,31,,,0,60,,41856,31,,,0,15,,41826,31,,,0,21,,41830,31,,,0,60,,41825,31,,,0,20,,41819,31,,,0,20,,41855,31,,,0,60,,41857,31,,,0,20,,41828,31,,,0,20,,41831,31,,,0,60,,41833,31,,,0,20,,41829,31,,,0,21,,41827,31,,,0,63,,41858,31,,,0,25,,41815,31,,,0,70,,41813,31,,,0,30,,41814,31,,,0,80,,41812,31,,,0
583000,'4',704,,41875,31,,,0,28,,41888,31,,,0,70,,41874,31,,,0,30,,41887,31,,,0,70,,41873,31,,,0,30,,41886,31,,,0,70,,41872,31,,,0,30,,41885,31,,,0,70,,41871,31,,,0,30,,41884,31,,,0,70,,41870,31,,,0,30,,41883,31,,,0,70,,41869,31,,,0,30,,41868,31,,,0,70,,41867,31,,,0,30,,41866,31,,,0,70,,41882,31,,,0,30,,41865,31,,,0,70,,41881,31,,,0,30,,41864,31,,,0,70,,41880,31,,,0,30,,41863,31,,,0,70,,41879,31,,,0,30,,41862,31,,,0,70,,41878,31,,,0,30,,41861,31,,,0,70,,41877,31,,,0,30,,41860,31,,,0,70,,41876,31,,,0
583000,'6',627,,41943,31,,,0,75,,41942,31,,,0,35,,41941,31,,,0,74,,41940,31,,,0,35,,41890,31,,,0,70,,41939,31,,,0,30,,41938,31,,,0,60,,41937,31,,,0,20,,41936,31,,,0,20,,41935,31,,,0,60,,41934,31,,,0,20,,41933,31,,,0,20,,41932,31,,,0,60,,41931,31,,,0,20,,41930,31,,,0,20,,41929,31,,,0,60,,41928,31,,,0,20,,41927,31,,,0,20,,41926,31,,,0,60,,41925,31,,,0,20,,41924,31,,,0,20,,41923,31,,,0,60,,41922,31,,,0,20,,41921,31,,,0,20,,41920,31,,,0,60,,41919,31,,,0,20,,41918,31,,,0,20,,41917,31,,,0,60,,41916,31,,,0,20,,41915,31,,,0,20,,41914,31,,,0,60,,41913,31,,,0,20,,41912,31,,,0,20,,41911,31,,,0,55,,41910,31,,,0,21,,41909,31,,,0,20,,41908,31,,,0,60,,41907,31,,,0,20,,41906,31,,,0,20,,41905,31,,,0,60,,41904,31,,,0,20,,41903,31,,,0,20,,41902,31,,,0,60,,41901,31,,,0,27,,41900,31,,,0,20,,41899,31,,,0,60,,41898,31,,,0,20,,41897,31,,,0,20,,41896,31,,,0,60,,41895,31,,,0,20,,41894,31,,,0,20,,41893,31,,,0,68,,41892,31,,,0
