579601,'1',454,,35143,31,,,0,60,,35144,31,,,0,20,,35145,31,,,0,18,,35146,31,,,0,54,,35147,31,,,0,15,,35148,31,,,0,15,,35149,31,,,0,15,,35150,31,,,0,55,,35151,31,,,0,15,,35152,31,,,0,15,,35153,31,,,0,15,,35154,31,,,0,55,,35155,31,,,0,15,,35156,31,,,0,15,,35157,31,,,0,15,,35158,31,,,0,55,,35159,31,,,0,15,,35160,31,,,0,16,,35161,31,,,0,17,,35162,31,,,0,60,,35163,31,,,0,20,,35164,31,,,0,20,,35165,31,,,0,60,,35166,31,,,0,20,,35167,31,,,0,20,,35168,31,,,0,60,,35169,31,,,0,20,,35170,31,,,0,20,,35171,31,,,0,60,,35172,31,,,0,20,,35173,31,,,0,20,,35174,31,,,0,60,,35175,31,,,0,20,,35176,31,,,0,15,,35177,31,,,0,55,,35178,31,,,0,15,,35179,31,,,0,15,,35180,31,,,0,15,,35181,31,,,0,55,,35182,31,,,0,15,,35183,31,,,0,15,,35184,31,,,0,15,,35185,31,,,0,55,,35186,31,,,0,15,,35187,31,,,0,20,,35188,31,,,0,20,,35189,31,,,0,68,,35190,31,,,0,30,,35191,31,,,0,67,,35192,31,,,0,30,,35193,31,,,0,70,,35194,31,,,0,30,,35195,31,,,0,70,,35196,31,,,0,29,,35197,31,,,0,65,,35198,31,,,0,30,,35199,31,,,0,70,,35200,31,,,0,25,,35201,31,,,0,70,,35202,31,,,0,28,,35203,31,,,0,70,,35204,31,,,0
579601,'2',536,,35217,31,,,0,70,,35218,31,,,0,32,,35219,31,,,0,70,,35220,31,,,0,30,,35221,31,,,0,70,,35222,31,,,0,30,,35223,31,,,0,64,,35224,31,,,0,20,,35225,31,,,0,20,,35226,31,,,0,60,,35227,31,,,0,20,,35228,31,,,0,20,,35229,31,,,0,60,,35230,31,,,0,20,,35231,31,,,0,20,,35232,31,,,0,60,,35233,31,,,0,20,,35234,31,,,0,20,,35235,31,,,0,60,,35236,31,,,0,20,,35237,31,,,0,20,,35238,31,,,0,60,,35239,31,,,0,20,,35240,31,,,0,20,,35241,31,,,0,60,,35242,31,,,0,20,,35243,31,,,0,20,,35244,31,,,0,60,,35245,31,,,0,20,,35246,31,,,0,20,,35247,31,,,0,60,,35248,31,,,0,22,,35253,31,,,0,30,,35249,31,,,0,70,,35250,31,,,0,30,,35251,31,,,0,70,,35252,31,,,0,30,,35205,31,,,0,70,,35206,31,,,0,30,,35207,31,,,0,70,,35208,31,,,0,28,,35209,31,,,0,66,,35210,31,,,0,30,,35211,31,,,0,70,,35212,31,,,0,30,,35213,31,,,0,70,,35214,31,,,0,30,,35215,31,,,0,70,,35216,31,,,0
579601,'3',603,,35278,31,,,0,30,,35279,31,,,0,70,,35277,31,,,0,30,,35280,31,,,0,70,,35276,31,,,0,30,,35281,31,,,0,25,,35274,31,,,0,65,,35275,31,,,0,30,,35273,31,,,0,70,,35272,31,,,0,30,,35271,31,,,0,70,,35270,31,,,0,30,,35269,31,,,0,70,,35268,31,,,0,30,,35267,31,,,0,70,,35266,31,,,0,30,,35265,31,,,0,70,,35264,31,,,0,30,,35263,31,,,0,70,,35262,31,,,0,30,,35261,31,,,0,70,,35260,31,,,0,30,,35259,31,,,0,70,,35258,31,,,0,28,,35254,31,,,0,70,,35257,31,,,0,30,,35282,31,,,0,70,,35256,31,,,0,30,,35283,31,,,0,70,,35255,31,,,0,31,,35284,31,,,0,67,,35285,31,,,0,30,,35286,31,,,0,59,,35288,31,,,0,30,,35287,31,,,0,70,,35289,31,,,0,30,,35290,31,,,0
579601,'4',617,,35291,31,,,0,100,,35292,31,,,0,85,,35293,31,,,0,30,,35294,31,,,0,70,,35295,31,,,0,33,,35296,31,,,0,70,,35297,31,,,0,30,,35298,31,,,0,70,,35299,31,,,0,30,,35300,31,,,0,70,,35301,31,,,0,30,,35302,31,,,0,70,,35303,31,,,0,30,,35304,31,,,0,70,,35305,31,,,0,30,,35306,31,,,0,70,,35307,31,,,0,30,,35308,31,,,0,82,,35309,31,,,0,100,,35310,31,,,0,98,,35311,31,,,0,100,,35312,31,,,0,100,,35313,31,,,0
579601,'6',603,,35338,31,,,0,30,,35339,31,,,0,70,,35337,31,,,0,30,,35340,31,,,0,70,,35336,31,,,0,30,,35341,31,,,0,25,,35334,31,,,0,65,,35335,31,,,0,30,,35333,31,,,0,70,,35332,31,,,0,30,,35331,31,,,0,70,,35330,31,,,0,30,,35329,31,,,0,70,,35328,31,,,0,30,,35327,31,,,0,70,,35326,31,,,0,30,,35325,31,,,0,70,,35324,31,,,0,30,,35323,31,,,0,70,,35322,31,,,0,30,,35321,31,,,0,70,,35320,31,,,0,30,,35319,31,,,0,70,,35318,31,,,0,28,,35314,31,,,0,70,,35317,31,,,0,30,,35342,31,,,0,70,,35316,31,,,0,30,,35343,31,,,0,70,,35315,31,,,0,31,,35344,31,,,0,67,,35345,31,,,0,30,,35346,31,,,0,59,,35348,31,,,0,30,,35347,31,,,0,70,,35349,31,,,0,30,,35350,31,,,0
579701,'1601',1511,,35553,26,,,0,30,,35552,26,,,0
579701,'1',518,,35554,26,,,0,22,,35555,26,,,0,60,,35556,26,,,0,20,,35557,26,,,0,20,,35558,26,,,0,19,,35559,26,,,0,55,,35560,26,,,0,15,,35561,26,,,0,15,,35562,26,,,0,15,,35563,26,,,0,55,,35564,26,,,0,15,,35565,26,,,0,15,,35566,26,,,0,60,,35567,26,,,0,20,,35568,26,,,0,20,,35569,26,,,0,59,,35570,26,,,0,20,,35571,26,,,0,20,,35572,26,,,0,60,,35573,26,,,0,20,,35574,26,,,0,20,,35575,26,,,0,60,,35576,26,,,0,20,,35577,26,,,0,20,,35578,26,,,0,60,,35579,26,,,0,20,,35580,26,,,0,20,,35581,26,,,0,16,,35582,26,,,0,55,,35583,26,,,0,15,,35584,26,,,0,15,,35585,26,,,0,15,,35586,26,,,0,55,,35587,26,,,0,15,,35588,26,,,0,15,,35589,26,,,0,15,,35590,26,,,0,55,,35591,26,,,0,15,,35592,26,,,0,15,,35593,26,,,0,15,,35594,26,,,0,55,,35595,26,,,0,15,,35596,26,,,0,15,,35597,26,,,0,69,,35598,26,,,0,30,,35599,26,,,0,66,,35600,26,,,0,28,,35601,26,,,0,70,,35602,26,,,0,30,,35603,26,,,0,70,,35604,26,,,0,30,,35605,26,,,0,70,,35606,26,,,0,25,,35607,26,,,0,70,,35608,26,,,0,30,,35609,26,,,0,70,,35610,26,,,0,32,,35611,26,,,0,70,,35612,26,,,0
579701,'2',551,,35656,26,,,0,72,,35657,26,,,0,30,,35658,26,,,0,70,,35659,26,,,0,30,,35613,26,,,0,70,,35614,26,,,0,29,,35615,26,,,0,60,,35616,26,,,0,20,,35617,26,,,0,20,,35618,26,,,0,60,,35619,26,,,0,20,,35620,26,,,0,20,,35621,26,,,0,60,,35622,26,,,0,20,,35623,26,,,0,20,,35624,26,,,0,60,,35625,26,,,0,20,,35626,26,,,0,20,,35627,26,,,0,60,,35628,26,,,0,20,,35629,26,,,0,20,,35630,26,,,0,60,,35631,26,,,0,20,,35632,26,,,0,20,,35633,26,,,0,60,,35634,26,,,0,20,,35635,26,,,0,20,,35636,26,,,0,60,,35637,26,,,0,20,,35638,26,,,0,20,,35639,26,,,0,60,,35640,26,,,0,20,,35660,26,,,0,20,,35661,26,,,0,60,,35641,26,,,0,27,,35642,26,,,0,70,,35643,26,,,0,30,,35644,26,,,0,70,,35645,26,,,0,30,,35646,26,,,0,70,,35647,26,,,0,30,,35648,26,,,0,64,,35649,26,,,0,30,,35650,26,,,0,70,,35651,26,,,0,30,,35652,26,,,0,70,,35653,26,,,0,30,,35654,26,,,0,73,,35655,26,,,0
579701,'3',625,,35667,26,,,0,29,,35666,26,,,0,70,,35668,26,,,0,30,,35665,26,,,0,70,,35669,26,,,0,30,,35670,26,,,0,79,,35671,26,,,0,70,,35672,26,,,0,30,,35673,26,,,0,70,,35674,26,,,0,30,,35675,26,,,0,70,,35676,26,,,0,30,,35677,26,,,0,70,,35678,26,,,0,30,,35679,26,,,0,70,,35680,26,,,0,30,,35681,26,,,0,70,,35682,26,,,0,30,,35683,26,,,0,70,,35684,26,,,0,30,,35685,26,,,0,70,,35686,26,,,0,30,,35687,26,,,0,68,,35664,26,,,0,30,,35688,26,,,0,70,,35663,26,,,0,30,,35689,26,,,0,70,,35662,26,,,0,30,,35690,26,,,0,28,,35691,26,,,0,70,,35692,26,,,0,28,,35693,26,,,0,70,,35694,26,,,0,30,,35695,26,,,0,70,,35696,26,,,0,24,,35697,26,,,0
579701,'4',647,,35698,26,,,0,100,,35699,26,,,0,70,,35700,26,,,0,30,,35701,26,,,0,70,,35702,26,,,0,34,,35703,26,,,0,70,,35704,26,,,0,30,,35705,26,,,0,70,,35706,26,,,0,30,,35707,26,,,0,70,,35708,26,,,0,30,,35709,26,,,0,70,,35710,26,,,0,30,,35711,26,,,0,70,,35712,26,,,0,30,,35713,26,,,0,65,,35714,26,,,0,30,,35715,26,,,0,100,,35716,26,,,0,98,,35717,26,,,0,100,,35718,26,,,0,100,,35719,26,,,0,100,,35720,26,,,0
579701,'6',625,,35726,26,,,0,29,,35725,26,,,0,70,,35727,26,,,0,30,,35724,26,,,0,70,,35728,26,,,0,30,,35729,26,,,0,79,,35730,26,,,0,70,,35731,26,,,0,30,,35732,26,,,0,70,,35733,26,,,0,30,,35734,26,,,0,70,,35735,26,,,0,30,,35736,26,,,0,70,,35737,26,,,0,30,,35738,26,,,0,70,,35739,26,,,0,30,,35740,26,,,0,70,,35741,26,,,0,30,,35742,26,,,0,70,,35743,26,,,0,30,,35744,26,,,0,70,,35745,26,,,0,30,,35746,26,,,0,68,,35723,26,,,0,30,,35747,26,,,0,70,,35722,26,,,0,30,,35748,26,,,0,70,,35721,26,,,0,30,,35749,26,,,0,28,,35750,26,,,0,70,,35751,26,,,0,28,,35752,26,,,0,70,,35753,26,,,0,30,,35754,26,,,0,70,,35755,26,,,0,24,,35756,26,,,0
