580100,'1',529,,37181,40,4,,0,20,,37180,40,4,,0,60,,37124,40,4,,0,20,,37125,40,4,,0,20,,37126,40,4,,0,60,,37127,40,4,,0,15,,37128,40,4,,0,21,,37129,40,4,,0,55,,37130,40,4,,0,15,,37131,40,4,,0,15,,37132,40,4,,0,15,,37133,40,4,,0,55,,37134,40,4,,0,15,,37135,40,4,,0,18,,37136,40,4,,0,20,,37137,40,4,,0,60,,37138,40,4,,0,20,,37139,40,4,,0,20,,37140,40,4,,0,60,,37141,40,4,,0,20,,37142,40,4,,0,20,,37143,40,4,,0,60,,37144,40,4,,0,20,,37145,40,4,,0,20,,37146,40,4,,0,60,,37147,40,4,,0,20,,37148,40,4,,0,20,,37149,40,4,,0,60,,37150,40,4,,0,20,,37151,40,4,,0,25,,37152,40,4,,0,55,,37153,40,4,,0,15,,37154,40,4,,0,17,,37155,40,4,,0,55,,37156,40,4,,0,15,,37157,40,4,,0,15,,37158,40,4,,0,15,,37159,40,4,,0,55,,37160,40,4,,0,15,,37161,40,4,,0,15,,37162,40,4,,0,15,,37163,40,4,,0,55,,37164,40,4,,0,15,,37165,40,4,,0,15,,37166,40,4,,0,20,,37167,40,4,,0,70,,37168,40,4,,0,30,,37169,40,4,,0,70,,37170,40,4,,0,30,,37171,40,4,,0,70,,37172,40,4,,0,28,,37173,40,4,,0,80,,37174,40,4,,0,80,,37175,40,4,,0,40,,37176,40,4,,0,80,,37177,40,4,,0,80,,37178,40,4,,0,40,,37179,40,4,,0
580100,'2',544,,37219,40,4,,0,70,,37182,40,4,,0,30,,37183,40,4,,0,70,,37184,40,4,,0,30,,37185,40,4,,0,70,,37186,40,4,,0,30,,37187,40,4,,0,70,,37188,40,4,,0,36,,37189,40,4,,0,70,,37190,40,4,,0,30,,37191,40,4,,0,70,,37192,40,4,,0,30,,37193,40,4,,0,70,,37194,40,4,,0,30,,37195,40,4,,0,70,,37196,40,4,,0,30,,37197,40,4,,0,70,,37198,40,4,,0,30,,37199,40,4,,0,70,,37200,40,4,,0,30,,37201,40,4,,0,70,,37202,40,4,,0,30,,37203,40,4,,0,70,,37204,40,4,,0,30,,37205,40,4,,0,70,,37206,40,4,,0,30,,37207,40,4,,0,70,,37208,40,4,,0,27,,37209,40,4,,0,70,,37210,40,4,,0,30,,37211,40,4,,0,70,,37212,40,4,,0,32,,37213,40,4,,0,80,,37214,40,4,,0,80,,37215,40,4,,0,40,,37216,40,4,,0,80,,37217,40,4,,0,80,,37220,40,4,,0,40,,37218,40,4,,0
580100,'3',629,,37221,40,4,,0,30,,37222,40,4,,0,70,,37223,40,4,,0,30,,37224,40,4,,0,70,,37225,40,4,,0,30,,37226,40,4,,0,74,,37227,40,4,,0,70,,37228,40,4,,0,30,,37229,40,4,,0,70,,37230,40,4,,0,30,,37231,40,4,,0,70,,37232,40,4,,0,30,,37233,40,4,,0,70,,37234,40,4,,0,30,,37235,40,4,,0,70,,37236,40,4,,0,30,,37237,40,4,,0,70,,37238,40,4,,0,30,,37239,40,4,,0,70,,37240,40,4,,0,30,,37241,40,4,,0,70,,37242,40,4,,0,30,,37243,40,4,,0,70,,37244,40,4,,0,30,,37245,40,4,,0,70,,37246,40,4,,0,30,,37247,40,4,,0,70,,37248,40,4,,0,26,,37249,40,4,,0,30,,37250,40,4,,0,70,,37251,40,4,,0,30,,37255,40,4,,0,70,,37252,40,4,,0,80,,37253,40,4,,0,40,,37254,40,4,,0,80,,37256,40,4,,0
580100,'4',727,,37257,40,4,,0,80,,37258,40,4,,0,40,,37259,40,4,,0,80,,37260,40,4,,0,80,,37261,40,4,,0,40,,37262,40,4,,0,80,,37263,40,4,,0,80,,37264,40,4,,0,40,,37265,40,4,,0,80,,37266,40,4,,0,80,,37267,40,4,,0,40,,37268,40,4,,0,80,,37269,40,4,,0,80,,37270,40,4,,0,40,,37271,40,4,,0,80,,37272,40,4,,0,80,,37273,40,4,,0,40,,37274,40,4,,0,80,,37275,40,4,,0,80,,37276,40,4,,0,40,,37277,40,4,,0,80,,37278,40,4,,0
580100,'6',629,,37279,40,4,,0,30,,37280,40,4,,0,70,,37281,40,4,,0,30,,37282,40,4,,0,70,,37283,40,4,,0,30,,37284,40,4,,0,74,,37285,40,4,,0,70,,37286,40,4,,0,30,,37287,40,4,,0,70,,37288,40,4,,0,30,,37289,40,4,,0,70,,37290,40,4,,0,30,,37291,40,4,,0,70,,37292,40,4,,0,30,,37293,40,4,,0,70,,37294,40,4,,0,30,,37295,40,4,,0,70,,37296,40,4,,0,30,,37297,40,4,,0,70,,37298,40,4,,0,30,,37299,40,4,,0,70,,37300,40,4,,0,30,,37301,40,4,,0,70,,37302,40,4,,0,30,,37303,40,4,,0,70,,37304,40,4,,0,30,,37305,40,4,,0,70,,37306,40,4,,0,26,,37307,40,4,,0,30,,37308,40,4,,0,70,,37309,40,4,,0,30,,37313,40,4,,0,70,,37310,40,4,,0,80,,37311,40,4,,0,40,,37312,40,4,,0,80,,37314,40,4,,0
580101,'1',504,,37315,1,,,0,20,,37316,1,,,0,20,,37317,1,,,0,60,,37318,1,,,0,20,,37319,1,,,0,20,,37320,1,,,0,15,,37321,1,,,0,55,,37322,1,,,0,15,,37323,1,,,0,15,,37324,1,,,0,58,,37325,1,,,0,20,,37326,1,,,0,20,,37327,1,,,0,60,,37328,1,,,0,20,,37329,1,,,0,20,,37330,1,,,0,60,,37331,1,,,0,20,,37332,1,,,0,20,,37333,1,,,0,60,,37334,1,,,0,20,,37335,1,,,0,20,,37336,1,,,0,60,,37337,1,,,0,20,,37338,1,,,0,20,,37339,1,,,0,60,,37340,1,,,0,20,,37341,1,,,0,20,,37342,1,,,0,15,,37343,1,,,0,55,,37344,1,,,0,15,,37345,1,,,0,15,,37346,1,,,0,15,,37347,1,,,0,55,,37348,1,,,0,15,,37349,1,,,0,15,,37350,1,,,0,15,,37351,1,,,0,55,,37352,1,,,0,15,,37353,1,,,0,15,,37354,1,,,0,15,,37355,1,,,0,55,,37356,1,,,0,15,,37357,1,,,0,15,,37358,1,,,0,70,,37359,1,,,0,30,,37360,1,,,0,70,,37361,1,,,0,30,,37362,1,,,0,70,,37363,1,,,0,30,,37364,1,,,0,85,,37365,1,,,0,80,,37366,1,,,0,40,,37367,1,,,0,80,,37368,1,,,0,80,,37369,1,,,0,40,,37370,1,,,0
580101,'2',504,,37406,1,,,0,30,,37407,1,,,0,70,,37371,1,,,0,30,,37372,1,,,0,70,,37373,1,,,0,30,,37374,1,,,0,70,,37375,1,,,0,30,,37376,1,,,0,70,,37377,1,,,0,30,,37378,1,,,0,70,,37379,1,,,0,30,,37380,1,,,0,70,,37381,1,,,0,30,,37382,1,,,0,70,,37383,1,,,0,30,,37384,1,,,0,70,,37385,1,,,0,30,,37386,1,,,0,70,,37387,1,,,0,30,,37388,1,,,0,70,,37389,1,,,0,30,,37390,1,,,0,70,,37391,1,,,0,30,,37392,1,,,0,70,,37393,1,,,0,30,,37394,1,,,0,70,,37395,1,,,0,30,,37396,1,,,0,70,,37397,1,,,0,30,,37398,1,,,0,70,,37399,1,,,0,30,,37400,1,,,0,70,,37401,1,,,0,30,,37402,1,,,0,70,,37403,1,,,0,40,,37404,1,,,0,80,,37405,1,,,0,80,,37408,1,,,0,40,,37409,1,,,0
580101,'3',550,,37410,1,,,0,70,,37411,1,,,0,30,,37412,1,,,0,70,,37413,1,,,0,30,,37414,1,,,0,70,,37415,1,,,0,30,,37416,1,,,0,70,,37417,1,,,0,30,,37418,1,,,0,70,,37419,1,,,0,30,,37420,1,,,0,70,,37421,1,,,0,30,,37422,1,,,0,70,,37423,1,,,0,30,,37424,1,,,0,70,,37425,1,,,0,30,,37426,1,,,0,70,,37427,1,,,0,30,,37428,1,,,0,70,,37429,1,,,0,30,,37430,1,,,0,70,,37431,1,,,0,30,,37432,1,,,0,70,,37433,1,,,0,30,,37434,1,,,0,70,,37435,1,,,0,30,,37436,1,,,0,70,,37437,1,,,0,30,,37438,1,,,0,70,,37439,1,,,0,30,,37440,1,,,0,75,,37441,1,,,0,80,,37442,1,,,0,40,,37443,1,,,0,80,,37444,1,,,0,75,,37445,1,,,0
580101,'4',626,,37467,1,,,0,80,,37466,1,,,0,40,,37446,1,,,0,80,,37447,1,,,0,80,,37448,1,,,0,40,,37449,1,,,0,80,,37450,1,,,0,80,,37451,1,,,0,40,,37452,1,,,0,80,,37453,1,,,0,80,,37454,1,,,0,40,,37455,1,,,0,80,,37456,1,,,0,80,,37457,1,,,0,40,,37458,1,,,0,80,,37459,1,,,0,80,,37460,1,,,0,40,,37461,1,,,0,80,,37462,1,,,0,80,,37463,1,,,0,40,,37464,1,,,0,80,,37465,1,,,0
580101,'6',550,,37468,1,,,0,70,,37469,1,,,0,30,,37470,1,,,0,70,,37471,1,,,0,30,,37472,1,,,0,70,,37473,1,,,0,30,,37474,1,,,0,70,,37475,1,,,0,30,,37476,1,,,0,70,,37477,1,,,0,30,,37478,1,,,0,70,,37479,1,,,0,30,,37480,1,,,0,70,,37481,1,,,0,30,,37482,1,,,0,70,,37483,1,,,0,30,,37484,1,,,0,70,,37485,1,,,0,30,,37486,1,,,0,70,,37487,1,,,0,30,,37488,1,,,0,70,,37489,1,,,0,30,,37490,1,,,0,70,,37491,1,,,0,30,,37492,1,,,0,70,,37493,1,,,0,30,,37494,1,,,0,70,,37495,1,,,0,30,,37496,1,,,0,70,,37497,1,,,0,30,,37498,1,,,0,75,,37499,1,,,0,80,,37500,1,,,0,40,,37501,1,,,0,80,,37502,1,,,0,75,,37503,1,,,0
