579901,'1',529,,36452,10,,,0,20,,36453,10,,,0,60,,36454,10,,,0,22,,36455,10,,,0,24,,36456,10,,,0,54,,36457,10,,,0,12,,36458,10,,,0,11,,36459,10,,,0,12,,36460,10,,,0,12,,36461,10,,,0,52,,36462,10,,,0,12,,36463,10,,,0,12,,36464,10,,,0,11,,36465,10,,,0,12,,36466,10,,,0,52,,36467,10,,,0,12,,36468,10,,,0,15,,36469,10,,,0,15,,36470,10,,,0,55,,36471,10,,,0,15,,36472,10,,,0,15,,36473,10,,,0,15,,36474,10,,,0,55,,36475,10,,,0,15,,36476,10,,,0,15,,36477,10,,,0,15,,36478,10,,,0,55,,36479,10,,,0,15,,36480,10,,,0,15,,36481,10,,,0,15,,36482,10,,,0,55,,36483,10,,,0,15,,36484,10,,,0,15,,36485,10,,,0,15,,36486,10,,,0,55,,36487,10,,,0,15,,36488,10,,,0,15,,36489,10,,,0,14,,36490,10,,,0,53,,36491,10,,,0,12,,36492,10,,,0,12,,36493,10,,,0,12,,36494,10,,,0,12,,36495,10,,,0,52,,36496,10,,,0,12,,36497,10,,,0,12,,36498,10,,,0,12,,36499,10,,,0,12,,36500,10,,,0,52,,36501,10,,,0,12,,36502,10,,,0,12,,36503,10,,,0,12,,36504,10,,,0,12,,36505,10,,,0,54,,36506,10,,,0,12,,36507,10,,,0,15,,36508,10,,,0,11,,36509,10,4,,0,5,,36510,10,,,0,56,,36511,10,,,0,17,,36512,10,,,0,16,,36513,10,,,0,19,,36514,10,,,0,54,,36515,10,,,0,2,,36516,10,4,,0,18,,36517,10,,,0,20,,36518,10,,,0,60,,36519,10,,,0,20,,36520,10,,,0,73,,36521,10,,,0,30,,36522,10,,,0,23,,36523,10,,,0,81,,36524,10,,,0,70,,36525,10,,,0,19,,36526,10,4,,0,32,,36527,10,,,0,88,,36528,10,4,,0
579901,'2',542,,36540,10,,,0,68,,36541,10,,,0,26,,36542,10,,,0,70,,36543,10,,,0,30,,36544,10,,,0,70,,36545,10,,,0,30,,36546,10,,,0,71,,36547,10,,,0,20,,36548,10,,,0,20,,36549,10,,,0,60,,36550,10,,,0,20,,36551,10,,,0,20,,36552,10,,,0,60,,36553,10,,,0,20,,36554,10,,,0,22,,36555,10,,,0,61,,36556,10,,,0,18,,36557,10,,,0,20,,36558,10,,,0,60,,36559,10,,,0,20,,36560,10,,,0,20,,36561,10,,,0,60,,36562,10,,,0,20,,36563,10,,,0,20,,36564,10,,,0,60,,36565,10,,,0,20,,36566,10,,,0,20,,36567,10,,,0,60,,36568,10,,,0,20,,36569,10,,,0,20,,36570,10,,,0,60,,36571,10,,,0,20,,36572,10,,,0,20,,36573,10,,,0,55,,36574,10,,,0,30,,36575,10,,,0,70,,36576,10,,,0,30,,36577,10,,,0,70,,36531,10,,,0,30,,36532,10,,,0,70,,36533,10,,,0,29,,36534,10,,,0,70,,36535,10,,,0,28,,36536,10,,,0,70,,36537,10,,,0,30,,36538,10,,,0,75,,36539,10,,,0,17,,36529,10,4,,0,30,,36530,10,4,,0
579901,'3',602,,36580,10,,,0,30,,36612,10,,,0,70,,36581,10,,,0,30,,36582,10,,,0,70,,36583,10,,,0,30,,36584,10,,,0,70,,36585,10,,,0,30,,36586,10,,,0,70,,36587,10,,,0,30,,36588,10,,,0,71,,36589,10,,,0,30,,36590,10,,,0,70,,36591,10,,,0,30,,36592,10,,,0,70,,36593,10,,,0,30,,36594,10,,,0,70,,36595,10,,,0,30,,36596,10,,,0,70,,36597,10,,,0,30,,36598,10,,,0,70,,36599,10,,,0,30,,36600,10,,,0,70,,36601,10,,,0,30,,36605,10,,,0,70,,36606,10,,,0,30,,36607,10,,,0,70,,36608,10,,,0,30,,36609,10,,,0,70,,36610,10,,,0,30,,36611,10,,,0,70,,36613,10,,,0,34,,36602,10,,,0,70,,36614,10,,,0,30,,36603,10,,,0,70,,36615,10,,,0,30,,36604,10,,,0,15,,36579,10,4,,0,70,,36578,10,4,,0
579901,'4',557,,36616,10,,,0,70,,36617,10,,,0,30,,36618,10,,,0,70,,36619,10,,,0,30,,36620,10,,,0,70,,36621,10,,,0,74,,36622,10,,,0,34,,36623,10,,,0,70,,36624,10,,,0,30,,36625,10,,,0,70,,36626,10,,,0,30,,36627,10,,,0,70,,36628,10,,,0,30,,36629,10,,,0,70,,36630,10,,,0,30,,36631,10,,,0,100,,36632,10,,,0,100,,36633,10,,,0,100,,36634,10,,,0,100,,36635,10,,,0,100,,36636,10,,,0,100,,36637,10,,,0,100,,36638,10,,,0
579901,'6',542,,36650,10,,,0,68,,36651,10,,,0,26,,36652,10,,,0,70,,36653,10,,,0,30,,36654,10,,,0,70,,36655,10,,,0,30,,36656,10,,,0,71,,36657,10,,,0,20,,36658,10,,,0,20,,36659,10,,,0,60,,36660,10,,,0,20,,36661,10,,,0,20,,36662,10,,,0,60,,36663,10,,,0,20,,36664,10,,,0,22,,36665,10,,,0,61,,36666,10,,,0,18,,36667,10,,,0,20,,36668,10,,,0,60,,36669,10,,,0,20,,36670,10,,,0,20,,36671,10,,,0,60,,36672,10,,,0,20,,36673,10,,,0,20,,36674,10,,,0,60,,36675,10,,,0,20,,36676,10,,,0,20,,36677,10,,,0,60,,36678,10,,,0,20,,36679,10,,,0,20,,36680,10,,,0,60,,36681,10,,,0,20,,36682,10,,,0,20,,36683,10,,,0,55,,36684,10,,,0,30,,36685,10,,,0,70,,36686,10,,,0,30,,36687,10,,,0,70,,36641,10,,,0,30,,36642,10,,,0,70,,36643,10,,,0,29,,36644,10,,,0,70,,36645,10,,,0,28,,36646,10,,,0,70,,36647,10,,,0,30,,36648,10,,,0,75,,36649,10,,,0,17,,36639,10,4,,0,30,,36640,10,4,,0
580700,'1601',1505,,38749,9,0,5 6,0
580700,'1',612,,38810,54,,,0,30,,38808,54,,,0,59,,38806,54,,,0,15,,38805,54,,,0,15,,38804,54,,,0,15,,38803,54,,,0,55,,38802,54,,,0,15,,38801,54,,,0,15,,38800,54,,,0,15,,38799,54,,,0,55,,38798,54,,,0,15,,38797,54,,,0,15,,38796,54,,,0,15,,38795,54,,,0,61,,38794,54,,,0,20,,38793,54,,,0,30,,38792,54,,,0,70,,38791,54,,,0,30,,38790,54,,,0,70,,38789,54,,,0,30,,38788,54,,,0,70,,38787,54,,,0,29,,38785,54,,,0,70,,38783,54,,,0,25,,38781,54,,,0,55,,38780,54,,,0,15,,38779,54,,,0,15,,38778,54,,,0,15,,38777,54,,,0,55,,38776,54,,,0,15,,38775,54,,,0,15,,38774,54,,,0,15,,38773,54,,,0,55,,38772,54,,,0,15,,38771,54,,,0,15,,38770,54,,,0,15,,38769,54,,,0,55,,38768,54,,,0,15,,38767,54,,,0,15,,38766,54,,,0,15,,38765,54,,,0,66,,38764,54,,,0,30,,38763,54,,,0,70,,38762,54,,,0,30,,38761,54,,,0,70,,38760,54,,,0,30,,38759,54,,,0,70,,38758,54,,,0,30,,38757,54,,,0,70,,38756,54,,,0,30,,38755,54,,,0,70,,38754,54,,,0,30,,38750,54,,,0,70,,38753,54,,,0,25,,38752,54,0,5 6,0,97,,38751,54,0,7 4 8 9 10,0
580700,'2',553,,38854,54,,,0,70,,38816,54,,,0,30,,38817,54,,,0,75,,38818,54,,,0,30,,38819,54,,,0,70,,38820,54,,,0,30,,38821,54,,,0,70,,38822,54,,,0,30,,38823,54,,,0,70,,38824,54,,,0,30,,38825,54,,,0,70,,38826,54,,,0,30,,38827,54,,,0,70,,38828,54,,,0,30,,38829,54,,,0,70,,38830,54,,,0,30,,38831,54,,,0,70,,38832,54,,,0,30,,38833,54,,,0,70,,38834,54,,,0,30,,38835,54,,,0,70,,38836,54,,,0,30,,38837,54,,,0,70,,38838,54,,,0,30,,38839,54,,,0,70,,38840,54,,,0,30,,38841,54,,,0,70,,38842,54,,,0,30,,38843,54,,,0,70,,38844,54,,,0,30,,38845,54,,,0,70,,38846,54,,,0,30,,38847,54,,,0,70,,38848,54,,,0,30,,38849,54,,,0,70,,38850,54,,,0,30,,38851,54,,,0,70,,38852,54,,,0,83,,38853,54,,,0
580700,'3',644,,38855,54,,,0,70,,38868,54,,,0,40,,38856,54,,,0,70,,38869,54,,,0,30,,38857,54,,,0,70,,38870,54,,,0,30,,38858,54,,,0,70,,38871,54,,,0,34,,38859,54,,,0,70,,38872,54,,,0,30,,38860,54,,,0,70,,38873,54,,,0,30,,38861,54,,,0,70,,38874,54,,,0,30,,38862,54,,,0,70,,38875,54,,,0,30,,38863,54,,,0,70,,38876,54,,,0,30,,38864,54,,,0,70,,38877,54,,,0,30,,38865,54,,,0,70,,38878,54,,,0,30,,38866,54,,,0,70,,38879,54,,,0,30,,38867,54,,,0,70,,38889,54,,,0,30,,38880,54,,,0,70,,38886,54,,,0,30,,38881,54,,,0,70,,38887,54,,,0,30,,38882,54,,,0,70,,38888,54,,,0,30,,38883,54,,,0,70,,38890,54,,,0,30,,38884,54,,,0,70,,38891,54,,,0,30,,38885,54,0,7 4 8 9 10,0
580700,'4',703,,38907,54,,,0,30,,38892,54,,,0,70,,38908,54,,,0,30,,38893,54,,,0,70,,38909,54,,,0,30,,38894,54,,,0,70,,38910,54,,,0,30,,38895,54,,,0,70,,38911,54,,,0,30,,38896,54,,,0,70,,38912,54,,,0,30,,38897,54,,,0,70,,38913,54,,,0,30,,38898,54,,,0,70,,38914,54,,,0,30,,38899,54,,,0,70,,38915,54,,,0,30,,38900,54,,,0,70,,38916,54,,,0,30,,38901,54,,,0,70,,38917,54,,,0,30,,38902,54,,,0,70,,38918,54,,,0,30,,38903,54,,,0,70,,38919,54,,,0,30,,38904,54,,,0,70,,38920,54,,,0,30,,38905,54,,,0,70,,38921,54,,,0,30,,38906,54,0,7 4 8 9 10,0
580700,'6',644,,38924,54,,,0,70,,38937,54,,,0,40,,38925,54,,,0,70,,38938,54,,,0,30,,38926,54,,,0,70,,38939,54,,,0,30,,38927,54,,,0,70,,38940,54,,,0,34,,38928,54,,,0,70,,38941,54,,,0,30,,38929,54,,,0,70,,38942,54,,,0,30,,38930,54,,,0,70,,38943,54,,,0,30,,38931,54,,,0,70,,38944,54,,,0,30,,38932,54,,,0,70,,38945,54,,,0,30,,38933,54,,,0,70,,38946,54,,,0,30,,38934,54,,,0,70,,38947,54,,,0,30,,38935,54,,,0,70,,38948,54,,,0,30,,38936,54,,,0,70,,38958,54,,,0,30,,38949,54,,,0,70,,38955,54,,,0,30,,38950,54,,,0,70,,38956,54,,,0,30,,38951,54,,,0,70,,38957,54,,,0,30,,38952,54,,,0,70,,38959,54,,,0,30,,38953,54,,,0,70,,38960,54,,,0,30,,38954,54,0,7 4 8 9 10,0
