578300,'1601',1528,,30527,22,0,27 28,0
578300,'1',501,,30528,22,0,27 28,0,26,,30530,22,0,27 28,0,4,,30531,22,0,31 4 32,0,26,,30533,80,0,31 4 32,0,50,,30534,87,0,27 28,0,25,,30536,80,0,31 4 32,0,7,,30537,87,0,27 28,0,15,,30539,80,0,31 4 32,0,55,,30541,87,0,27 28,0,17,,30543,80,0,31 4 32,0,15,,30545,87,0,27 28,0,15,,30547,80,0,31 4 32,0,55,,30549,87,0,27 28,0,15,,30551,80,0,31 4 32,0,15,,30553,87,0,27 28,0,15,,30555,80,0,31 4 32,0,55,,30557,87,0,27 28,0,17,,30559,80,0,31 4 32,0,15,,30561,87,0,27 28,0,58,,30563,80,0,31 4 32,0,10,,30565,87,0,27 28,0,20,,30567,80,0,31 4 32,0,10,,30568,87,0,27 28,0,60,,30570,80,0,31 4 32,0,10,,30571,87,0,27 28,0,20,,30573,80,0,31 4 32,0,10,,30574,87,0,27 28,0,60,,30576,80,0,31 4 32,0,10,,30577,87,0,27 28,0,20,,30579,80,0,31 4 32,0,10,,30580,87,0,27 28,0,60,,30582,80,0,31 4 32,0,10,,30583,87,0,27 28,0,20,,30585,80,0,31 4 32,0,10,,30586,87,0,27 28,0,60,,30588,80,0,31 4 32,0,10,,30589,87,0,27 28,0,17,,30591,80,0,31 4 32,0,17,,30593,87,0,27 28,0,55,,30595,80,0,31 4 32,0,15,,30597,87,0,27 28,0,15,,30599,80,0,31 4 32,0,15,,30601,87,0,27 28,0,55,,30603,80,0,31 4 32,0,15,,30605,87,0,27 28,0,15,,30607,80,0,31 4 32,0,15,,30609,87,0,27 28,0,55,,30611,80,0,31 4 32,0,15,,30613,87,0,27 28,0,15,,30615,80,0,31 4 32,0,15,,30617,87,0,27 28,0,55,,30619,80,0,31 4 32,0,15,,30621,87,0,27 28,0,15,,30623,80,0,31 4 32,0,16,,30625,87,0,27 28,0,12,,30627,80,0,31 4 32,0,50,,30628,87,0,27 28,0,20,,30630,80,0,31 4 32,0,10,,30631,87,0,27 28,0,20,,30633,80,0,31 4 32,0,50,,30634,87,0,27 28,0,20,,30636,80,0,31 4 32,0,10,,30637,87,0,27 28,0,20,,30639,80,0,31 4 32,0,50,,30640,87,0,27 28,0,20,,30642,80,0,31 4 32,0,10,,30643,87,0,27 28,0,20,,30645,80,0,31 4 32,0,50,,30646,87,0,27 28,0,23,,30648,87,0,27 28,0,15,,30649,80,0,31 4 32,0,70,,30651,87,0,27 28,0,15,,30652,80,0,31 4 32,0,70,,30654,87,0,27 28,0,15,,30655,80,0,31 4 32,0,30,,30657,87,0,27 28,0,55,,30658,80,0,31 4 32,0,35,,30661,87,0,27 28,0
578300,'2',506,,30666,22,0,27 28,0,15,,30668,22,0,31 4 32,0,20,,30669,22,0,27 28,0,75,,30671,80,0,31 4 32,0,24,,30673,87,0,27 28,0,12,,30674,80,0,31 4 32,0,64,,30676,87,0,27 28,0,12,,30677,80,0,31 4 32,0,24,,30679,87,0,27 28,0,52,,30680,80,0,31 4 32,0,29,,30683,87,0,27 28,0,12,,30684,80,0,31 4 32,0,64,,30686,87,0,27 28,0,12,,30687,80,0,31 4 32,0,24,,30689,87,0,27 28,0,12,,30690,80,0,31 4 32,0,64,,30692,87,0,27 28,0,12,,30693,80,0,31 4 32,0,24,,30695,87,0,27 28,0,52,,30696,80,0,31 4 32,0,24,,30698,87,0,27 28,0,12,,30699,80,0,31 4 32,0,64,,30701,87,0,27 28,0,12,,30702,80,0,31 4 32,0,24,,30704,87,0,27 28,0,12,,30705,80,0,31 4 32,0,64,,30707,87,0,27 28,0,12,,30708,80,0,31 4 32,0,24,,30710,87,0,27 28,0,52,,30711,80,0,31 4 32,0,24,,30713,87,0,27 28,0,12,,30714,80,0,31 4 32,0,64,,30716,87,0,27 28,0,12,,30717,80,0,31 4 32,0,24,,30719,87,0,27 28,0,12,,30720,80,0,31 4 32,0,64,,30722,87,0,27 28,0,12,,30723,80,0,31 4 32,0,24,,30725,87,0,27 28,0,52,,30726,80,0,31 4 32,0,24,,30728,87,0,27 28,0,12,,30729,80,0,31 4 32,0,62,,30731,87,0,27 28,0,10,,30732,80,0,31 4 32,0,24,,30734,87,0,27 28,0,12,,30735,80,0,31 4 32,0,64,,30737,87,0,27 28,0,12,,30738,80,0,31 4 32,0,23,,30740,87,0,27 28,0,52,,30741,80,0,31 4 32,0,24,,30743,87,0,27 28,0,12,,30744,80,0,31 4 32,0,64,,30746,87,0,27 28,0,12,,30747,80,0,31 4 32,0,24,,30749,87,0,27 28,0,12,,30750,80,0,31 4 32,0,66,,30752,87,0,27 28,0,15,,30753,80,0,31 4 32,0,70,,30755,87,0,27 28,0,30,,30757,80,0,31 4 32,0,15,,30758,87,0,27 28,0,70,,30760,80,0,31 4 32,0,15,,30761,87,0,27 28,0,70,,30763,87,0,27 28,0,15,,30764,80,0,31 4 32,0
578300,'3',508,,30768,22,0,27 28,0,23,,30770,22,0,31 4 32,0,23,,30771,22,0,27 28,0,77,,30773,80,0,31 4 32,0,15,,30775,87,0,27 28,0,70,,30777,80,0,31 4 32,0,15,,30778,87,0,27 28,0,70,,30780,80,0,31 4 32,0,15,,30781,87,0,27 28,0,30,,30783,80,0,31 4 32,0,55,,30784,87,0,27 28,0,27,,30786,80,0,31 4 32,0,12,,30787,87,0,27 28,0,64,,30789,80,0,31 4 32,0,19,,30790,87,0,27 28,0,24,,30792,80,0,31 4 32,0,12,,30793,87,0,27 28,0,64,,30795,80,0,31 4 32,0,12,,30796,87,0,27 28,0,24,,30798,80,0,31 4 32,0,52,,30799,87,0,27 28,0,24,,30801,80,0,31 4 32,0,12,,30802,87,0,27 28,0,64,,30804,80,0,31 4 32,0,12,,30805,87,0,27 28,0,24,,30807,80,0,31 4 32,0,12,,30808,87,0,27 28,0,64,,30810,80,0,31 4 32,0,12,,30811,87,0,27 28,0,24,,30813,80,0,31 4 32,0,52,,30814,87,0,27 28,0,24,,30816,80,0,31 4 32,0,12,,30817,87,0,27 28,0,64,,30819,80,0,31 4 32,0,12,,30820,87,0,27 28,0,24,,30822,80,0,31 4 32,0,12,,30823,87,0,27 28,0,64,,30825,80,0,31 4 32,0,12,,30826,87,0,27 28,0,24,,30828,80,0,31 4 32,0,52,,30829,87,0,27 28,0,25,,30831,80,0,31 4 32,0,15,,30832,87,0,27 28,0,70,,30834,80,0,31 4 32,0,15,,30835,87,0,27 28,0,70,,30837,80,0,31 4 32,0,15,,30838,87,0,27 28,0,30,,30840,80,0,31 4 32,0,55,,30841,87,0,27 28,0,30,,30843,80,0,31 4 32,0,15,,30844,87,0,27 28,0,67,,30846,80,0,31 4 32,0,15,,30847,87,0,27 28,0,70,,30849,80,0,31 4 32,0,15,,30850,87,0,27 28,0,30,,30852,80,0,31 4 32,0,55,,30853,87,0,27 28,0,15,,30854,80,0,31 4 32,0
578300,'4',545,,30919,22,0,31 4 32,0,55,,30920,22,0,27 28,0,15,,30856,22,0,31 4 32,0,20,,30858,22,0,27 28,0,10,,30859,80,0,31 4 32,0,70,,30861,87,0,27 28,0,15,,30862,80,0,31 4 32,0,70,,30864,87,0,27 28,0,15,,30865,80,0,31 4 32,0,30,,30867,87,0,27 28,0,55,,30868,80,0,31 4 32,0,30,,30870,87,0,27 28,0,15,,30871,80,0,31 4 32,0,74,,30873,87,0,27 28,0,16,,30874,80,0,31 4 32,0,69,,30876,87,0,27 28,0,16,,30877,80,0,31 4 32,0,29,,30879,87,0,27 28,0,56,,30880,80,0,31 4 32,0,29,,30882,87,0,27 28,0,16,,30883,80,0,31 4 32,0,69,,30885,87,0,27 28,0,16,,30886,80,0,31 4 32,0,69,,30888,87,0,27 28,0,16,,30889,80,0,31 4 32,0,29,,30891,87,0,27 28,0,56,,30892,80,0,31 4 32,0,29,,30894,87,0,27 28,0,16,,30895,80,0,31 4 32,0,69,,30897,87,0,27 28,0,16,,30898,80,0,31 4 32,0,69,,30900,87,0,27 28,0,16,,30901,80,0,31 4 32,0,29,,30903,87,0,27 28,0,56,,30904,80,0,31 4 32,0,25,,30906,87,0,27 28,0,15,,30907,80,0,31 4 32,0,70,,30909,87,0,27 28,0,15,,30910,80,0,31 4 32,0,70,,30912,87,0,27 28,0,15,,30913,80,0,31 4 32,0,30,,30915,87,0,27 28,0,55,,30916,80,0,31 4 32,0
578300,'6',508,,30922,22,0,27 28,0,23,,30924,22,0,31 4 32,0,23,,30925,22,0,27 28,0,77,,30927,80,0,31 4 32,0,15,,30929,87,0,27 28,0,70,,30931,80,0,31 4 32,0,15,,30932,87,0,27 28,0,70,,30934,80,0,31 4 32,0,15,,30935,87,0,27 28,0,30,,30937,80,0,31 4 32,0,55,,30938,87,0,27 28,0,27,,30940,80,0,31 4 32,0,12,,30941,87,0,27 28,0,64,,30943,80,0,31 4 32,0,19,,30944,87,0,27 28,0,24,,30946,80,0,31 4 32,0,12,,30947,87,0,27 28,0,64,,30949,80,0,31 4 32,0,12,,30950,87,0,27 28,0,24,,30952,80,0,31 4 32,0,52,,30953,87,0,27 28,0,24,,30955,80,0,31 4 32,0,12,,30956,87,0,27 28,0,64,,30958,80,0,31 4 32,0,12,,30959,87,0,27 28,0,24,,30961,80,0,31 4 32,0,12,,30962,87,0,27 28,0,64,,30964,80,0,31 4 32,0,12,,30965,87,0,27 28,0,24,,30967,80,0,31 4 32,0,52,,30968,87,0,27 28,0,24,,30970,80,0,31 4 32,0,12,,30971,87,0,27 28,0,64,,30973,80,0,31 4 32,0,12,,30974,87,0,27 28,0,24,,30976,80,0,31 4 32,0,12,,30977,87,0,27 28,0,64,,30979,80,0,31 4 32,0,12,,30980,87,0,27 28,0,24,,30982,80,0,31 4 32,0,52,,30983,87,0,27 28,0,25,,30985,80,0,31 4 32,0,15,,30986,87,0,27 28,0,70,,30988,80,0,31 4 32,0,15,,30989,87,0,27 28,0,70,,30991,80,0,31 4 32,0,15,,30992,87,0,27 28,0,30,,30994,80,0,31 4 32,0,55,,30995,87,0,27 28,0,30,,30997,80,0,31 4 32,0,15,,30998,87,0,27 28,0,67,,31000,80,0,31 4 32,0,15,,31001,87,0,27 28,0,70,,31003,80,0,31 4 32,0,15,,31004,87,0,27 28,0,30,,31006,80,0,31 4 32,0,55,,31007,87,0,27 28,0,15,,31008,80,0,31 4 32,0
582901,'1601',842,,41339,17,,,0,12,,41338,17,,,0
582901,'1',613,,41340,17,,,0,18,,41341,17,,,0,15,,41342,17,,,0,55,,41343,17,,,0,15,,41344,17,,,0,17,,41345,17,,,0,15,,41346,17,,,0,10,,41347,17,,,0,50,,41348,17,,,0,10,,41349,17,,,0,10,,41350,17,,,0,10,,41351,17,,,0,10,,41352,17,,,0,10,,41353,17,,,0,50,,41354,17,,,0,10,,41355,17,,,0,10,,41356,17,,,0,10,,41357,17,,,0,10,,41358,17,,,0,10,,41359,17,,,0,50,,41360,17,,,0,10,,41361,17,,,0,10,,41362,17,,,0,10,,41363,17,,,0,12,,41364,17,,,0,52,,41365,17,,,0,12,,41366,17,,,0,12,,41367,17,,,0,12,,41368,17,,,0,12,,41369,17,,,0,52,,41370,17,,,0,12,,41371,17,,,0,12,,41372,17,,,0,12,,41373,17,,,0,12,,41374,17,,,0,52,,41375,17,,,0,12,,41376,17,,,0,12,,41377,17,,,0,12,,41378,17,,,0,12,,41379,17,,,0,52,,41380,17,,,0,12,,41381,17,,,0,12,,41382,17,,,0,12,,41383,17,,,0,11,,41384,17,,,0,10,,41385,17,,,0,50,,41386,17,,,0,10,,41387,17,,,0,10,,41388,17,,,0,10,,41389,17,,,0,10,,41390,17,,,0,10,,41391,17,,,0,50,,41392,17,,,0,10,,41393,17,,,0,10,,41394,17,,,0,10,,41395,17,,,0,10,,41396,17,,,0,10,,41397,17,,,0,50,,41398,17,,,0,10,,41399,17,,,0,10,,41400,17,,,0,10,,41401,17,,,0,10,,41402,17,,,0,10,,41403,17,,,0,50,,41404,17,,,0,10,,41405,17,,,0,10,,41406,17,,,0,10,,41407,17,,,0,10,,41408,17,,,0,10,,41409,17,,,0,50,,41410,17,,,0,8,,41411,17,,,0,10,,41412,17,,,0,10,,41413,17,,,0,10,,41414,17,,,0,10,,41415,17,,,0,50,,41416,17,,,0,11,,41417,17,,,0,12,,41418,17,,,0,12,,41419,17,,,0,12,,41420,17,,,0,52,,41421,17,,,0,12,,41422,17,,,0,12,,41423,17,,,0,12,,41424,17,,,0,12,,41425,17,,,0,52,,41426,17,,,0,12,,41427,17,,,0,22,,41428,17,,,0,70,,41429,17,,,0,30,,41430,17,,,0,70,,41431,17,,,0,30,,41432,17,,,0,70,,41434,17,,,0,25,,41433,17,,,0
582901,'2',830,,41521,7,,,0,10,,41520,7,,,0,10,,41522,17,,,0,50,,41519,17,,,0,10,,41518,17,,,0,10,,41517,17,,,0,10,,41516,17,,,0,10,,41515,17,,,0,10,,41514,17,,,0,50,,41513,17,,,0,10,,41512,17,,,0,10,,41511,17,,,0,10,,41510,17,,,0,10,,41509,17,,,0,10,,41508,17,,,0,50,,41507,17,,,0,10,,41506,17,,,0,10,,41505,17,,,0,10,,41504,17,,,0,12,,41503,17,,,0,10,,41502,17,,,0,50,,41501,17,,,0,10,,41500,17,,,0,10,,41499,17,,,0,10,,41498,17,,,0,10,,41497,17,,,0,10,,41496,17,,,0,50,,41495,17,,,0,10,,41494,17,,,0,10,,41493,17,,,0,10,,41492,17,,,0,10,,41491,17,,,0,10,,41490,17,,,0,50,,41489,17,,,0,10,,41488,17,,,0,10,,41487,17,,,0,10,,41486,17,,,0,10,,41485,17,,,0,10,,41484,17,,,0,50,,41483,17,,,0,10,,41482,17,,,0,10,,41481,17,,,0,10,,41480,17,,,0,10,,41479,17,,,0,10,,41478,17,,,0,50,,41477,17,,,0,10,,41476,17,,,0,10,,41475,17,,,0,10,,41474,17,,,0,10,,41473,17,,,0,10,,41472,17,,,0,50,,41471,17,,,0,10,,41470,17,,,0,10,,41469,17,,,0,10,,41468,17,,,0,10,,41467,17,,,0,10,,41466,17,,,0,50,,41465,17,,,0,10,,41464,17,,,0,10,,41463,17,,,0,10,,41462,17,,,0,10,,41461,17,,,0,10,,41460,17,,,0,50,,41459,17,,,0,10,,41458,17,,,0,10,,41457,17,,,0,10,,41456,17,,,0,8,,41455,17,,,0,10,,41454,17,,,0,52,,41453,17,,,0,12,,41452,17,,,0,12,,41451,17,,,0,12,,41450,17,,,0,12,,41449,17,,,0,52,,41448,17,,,0,12,,41447,17,,,0,12,,41446,17,,,0,12,,41445,17,,,0,12,,41444,17,,,0,52,,41443,17,,,0,12,,41442,17,,,0,20,,41441,17,,,0,70,,41440,17,,,0,30,,41439,17,,,0,70,,41438,17,,,0,30,,41437,17,,,0,70,,41436,17,,,0,38,,41435,17,,,0
582901,'3',815,,41523,7,,,0,15,,41524,7,,,0,17,,41525,17,,,0,55,,41526,17,,,0,15,,41527,17,,,0,15,,41528,17,,,0,15,,41529,17,,,0,55,,41530,17,,,0,16,,41531,17,,,0,15,,41532,17,,,0,15,,41533,17,,,0,55,,41534,17,,,0,15,,41535,17,,,0,15,,41536,17,,,0,15,,41537,17,,,0,55,,41538,17,,,0,15,,41539,17,,,0,15,,41540,17,,,0,15,,41541,17,,,0,55,,41542,17,,,0,15,,41543,17,,,0,15,,41544,17,,,0,15,,41545,17,,,0,55,,41546,17,,,0,15,,41547,17,,,0,15,,41548,17,,,0,15,,41549,17,,,0,55,,41550,17,,,0,15,,41551,17,,,0,15,,41552,17,,,0,15,,41553,17,,,0,55,,41554,17,,,0,15,,41555,17,,,0,15,,41556,17,,,0,15,,41557,17,,,0,55,,41558,17,,,0,15,,41559,17,,,0,15,,41560,17,,,0,15,,41561,17,,,0,55,,41562,17,,,0,15,,41563,17,,,0,15,,41564,17,,,0,15,,41565,17,,,0,55,,41566,17,,,0,14,,41567,17,,,0,15,,41568,17,,,0,20,,41569,17,,,0,60,,41570,17,,,0,20,,41571,17,,,0,20,,41572,17,,,0,60,,41573,17,,,0,20,,41574,17,,,0,20,,41575,17,,,0,64,,41576,17,,,0,30,,41577,17,,,0,70,,41578,17,,,0,30,,41579,17,,,0,70,,41580,17,,,0
582901,'4',815,,41581,17,,,0,30,,41582,17,,,0,70,,41583,17,,,0,30,,41584,17,,,0,70,,41585,17,,,0,32,,41586,17,,,0,60,,41587,17,,,0,20,,41588,17,,,0,20,,41589,17,,,0,60,,41590,17,,,0,20,,41591,17,,,0,20,,41592,17,,,0,60,,41593,17,,,0,20,,41594,17,,,0,20,,41595,17,,,0,60,,41596,17,,,0,20,,41597,17,,,0,20,,41598,17,,,0,60,,41599,17,,,0,20,,41600,17,,,0,20,,41601,17,,,0,60,,41602,17,,,0,20,,41603,17,,,0,20,,41604,17,,,0,60,,41605,17,,,0,20,,41606,17,,,0,20,,41607,17,,,0,60,,41608,17,,,0,20,,41609,17,,,0,20,,41610,17,,,0,67,,41611,17,,,0,30,,41612,17,,,0,70,,41613,17,,,0,30,,41614,17,,,0,70,,41615,17,,,0
582901,'6',815,,41616,7,,,0,15,,41617,7,,,0,17,,41618,17,,,0,55,,41619,17,,,0,15,,41620,17,,,0,15,,41621,17,,,0,15,,41622,17,,,0,55,,41623,17,,,0,16,,41624,17,,,0,15,,41625,17,,,0,15,,41626,17,,,0,55,,41627,17,,,0,15,,41628,17,,,0,15,,41629,17,,,0,15,,41630,17,,,0,55,,41631,17,,,0,15,,41632,17,,,0,15,,41633,17,,,0,15,,41634,17,,,0,55,,41635,17,,,0,15,,41636,17,,,0,15,,41637,17,,,0,15,,41638,17,,,0,55,,41639,17,,,0,15,,41640,17,,,0,15,,41641,17,,,0,15,,41642,17,,,0,55,,41643,17,,,0,15,,41644,17,,,0,15,,41645,17,,,0,15,,41646,17,,,0,55,,41647,17,,,0,15,,41648,17,,,0,15,,41649,17,,,0,15,,41650,17,,,0,55,,41651,17,,,0,15,,41652,17,,,0,15,,41653,17,,,0,15,,41654,17,,,0,55,,41655,17,,,0,15,,41656,17,,,0,15,,41657,17,,,0,15,,41658,17,,,0,55,,41659,17,,,0,14,,41660,17,,,0,15,,41661,17,,,0,20,,41662,17,,,0,60,,41663,17,,,0,20,,41664,17,,,0,20,,41665,17,,,0,60,,41666,17,,,0,20,,41667,17,,,0,20,,41668,17,,,0,64,,41669,17,,,0,30,,41670,17,,,0,70,,41671,17,,,0,30,,41672,17,,,0,70,,41673,17,,,0
