578300,'1',523,,30529,23,0,23 24,0,25,,30532,66,0,23 24,0,70,,30535,66,0,23 24,0,30,,30538,66,0,23 24,0,55,,30540,66,0,23 24,0,15,,30542,66,0,23 24,0,15,,30544,66,0,23 24,0,15,,30546,66,0,23 24,0,55,,30548,66,0,23 24,0,15,,30550,66,0,23 24,0,15,,30552,66,0,23 24,0,15,,30554,66,0,23 24,0,55,,30556,66,0,23 24,0,20,,30558,66,0,23 24,0,15,,30560,66,0,23 24,0,15,,30562,66,0,23 24,0,70,,30566,66,0,23 24,0,30,,30569,66,0,23 24,0,70,,30572,66,0,23 24,0,30,,30575,66,0,23 24,0,70,,30578,66,0,23 24,0,30,,30581,66,0,23 24,0,70,,30584,66,0,23 24,0,30,,30587,66,0,23 24,0,71,,30590,66,0,23 24,0,15,,30592,66,0,23 24,0,15,,30594,66,0,23 24,0,55,,30596,66,0,23 24,0,15,,30598,66,0,23 24,0,15,,30600,66,0,23 24,0,15,,30602,66,0,23 24,0,55,,30604,66,0,23 24,0,15,,30606,66,0,23 24,0,15,,30608,66,0,23 24,0,15,,30610,66,0,23 24,0,55,,30612,66,0,23 24,0,15,,30614,66,0,23 24,0,15,,30616,66,0,23 24,0,15,,30618,66,0,23 24,0,55,,30620,66,0,23 24,0,15,,30622,66,0,23 24,0,15,,30624,66,0,23 24,0,9,,30626,66,0,23 24,0,70,,30629,66,0,23 24,0,30,,30632,66,0,23 24,0,70,,30635,66,0,23 24,0,30,,30638,66,0,23 24,0,70,,30641,66,0,23 24,0,30,,30644,66,0,23 24,0,66,,30647,66,0,23 24,0,45,,30650,66,0,23 24,0,85,,30653,66,0,23 24,0,85,,30656,66,0,23 24,0,85,,30659,66,0,23 24,0,21,,30662,66,0,23 24,0
578300,'2',446,,30665,23,0,23 24,0,70,,30667,23,0,23 24,0,85,,30670,66,0,23 24,0,27,,30672,66,0,23 24,0,76,,30675,66,0,23 24,0,36,,30678,66,0,23 24,0,70,,30681,23,0,23 24,0,13,,30682,66,0,23 24,0,36,,30685,66,0,23 24,0,76,,30688,66,0,23 24,0,76,,30691,66,0,23 24,0,36,,30694,66,0,23 24,0,76,,30697,66,0,23 24,0,36,,30700,66,0,23 24,0,76,,30703,66,0,23 24,0,76,,30706,66,0,23 24,0,36,,30709,66,0,23 24,0,76,,30712,66,0,23 24,0,36,,30715,66,0,23 24,0,76,,30718,66,0,23 24,0,76,,30721,66,0,23 24,0,36,,30724,66,0,23 24,0,76,,30727,66,0,23 24,0,36,,30730,66,0,23 24,0,72,,30733,66,0,23 24,0,76,,30736,66,0,23 24,0,32,,30739,66,0,23 24,0,76,,30742,66,0,23 24,0,36,,30745,66,0,23 24,0,76,,30748,66,0,23 24,0,77,,30751,66,0,23 24,0,43,,30754,66,0,23 24,0,70,,30756,66,0,23 24,0,85,,30759,66,0,23 24,0,45,,30762,66,0,23 24,0,90,,30766,66,0,23 24,0
578300,'3',531,,30769,23,0,23 24,0,85,,30772,66,0,23 24,0,23,,30774,23,0,23 24,0,62,,30776,66,0,23 24,0,45,,30779,66,0,23 24,0,85,,30782,66,0,23 24,0,85,,30785,66,0,23 24,0,36,,30788,66,0,23 24,0,83,,30791,66,0,23 24,0,76,,30794,66,0,23 24,0,36,,30797,66,0,23 24,0,76,,30800,66,0,23 24,0,36,,30803,66,0,23 24,0,76,,30806,66,0,23 24,0,76,,30809,66,0,23 24,0,36,,30812,66,0,23 24,0,76,,30815,66,0,23 24,0,36,,30818,66,0,23 24,0,76,,30821,66,0,23 24,0,76,,30824,66,0,23 24,0,36,,30827,66,0,23 24,0,73,,30830,66,0,23 24,0,85,,30833,66,0,23 24,0,45,,30836,66,0,23 24,0,85,,30839,66,0,23 24,0,85,,30842,66,0,23 24,0,85,,30845,66,0,23 24,0,42,,30848,66,0,23 24,0,85,,30851,66,0,23 24,0,85,,30855,66,0,23 24,0
578300,'4',546,,30921,23,0,23 24,0,80,,30857,23,0,23 24,0,75,,30860,66,0,23 24,0,45,,30863,66,0,23 24,0,85,,30866,66,0,23 24,0,85,,30869,66,0,23 24,0,85,,30872,66,0,23 24,0,50,,30875,66,0,23 24,0,85,,30878,66,0,23 24,0,85,,30881,66,0,23 24,0,85,,30884,66,0,23 24,0,45,,30887,66,0,23 24,0,85,,30890,66,0,23 24,0,85,,30893,66,0,23 24,0,85,,30896,66,0,23 24,0,45,,30899,66,0,23 24,0,85,,30902,66,0,23 24,0,80,,30905,66,0,23 24,0,85,,30908,66,0,23 24,0,45,,30911,66,0,23 24,0,85,,30914,66,0,23 24,0,85,,30918,66,0,23 24,0
578300,'6',531,,30923,23,0,23 24,0,85,,30926,66,0,23 24,0,23,,30928,23,0,23 24,0,62,,30930,66,0,23 24,0,45,,30933,66,0,23 24,0,85,,30936,66,0,23 24,0,85,,30939,66,0,23 24,0,36,,30942,66,0,23 24,0,83,,30945,66,0,23 24,0,76,,30948,66,0,23 24,0,36,,30951,66,0,23 24,0,76,,30954,66,0,23 24,0,36,,30957,66,0,23 24,0,76,,30960,66,0,23 24,0,76,,30963,66,0,23 24,0,36,,30966,66,0,23 24,0,76,,30969,66,0,23 24,0,36,,30972,66,0,23 24,0,76,,30975,66,0,23 24,0,76,,30978,66,0,23 24,0,36,,30981,66,0,23 24,0,73,,30984,66,0,23 24,0,85,,30987,66,0,23 24,0,45,,30990,66,0,23 24,0,85,,30993,66,0,23 24,0,85,,30996,66,0,23 24,0,85,,30999,66,0,23 24,0,42,,31002,66,0,23 24,0,85,,31005,66,0,23 24,0,85,,31009,66,0,23 24,0
580800,'14601',525,,39276,26,,,0,20,,39270,26,,,0,60,,39271,26,,,0,20,,39272,26,,,0,20,,39273,26,,,0,60,,39274,26,,,0,20,,39275,26,,,0,20,,39174,26,,,0,58,,39175,26,,,0,7,,39188,26,,,0,7,,39189,26,,,0,8,,39196,26,,,0,7,,39190,26,,,0,8,,39197,26,,,0,7,,39191,26,,,0,8,,39198,26,,,0,47,,39192,26,,,0,8,,39199,26,,,0,7,,39193,26,,,0,10,,39200,26,,,0,7,,39194,26,,,0,8,,39201,26,,,0,7,,39195,26,,,0,10,,39202,26,,,0,50,,39203,26,,,0,10,,39204,26,,,0,10,,39205,26,,,0,10,,39206,26,,,0,10,,39207,26,,,0,10,,39208,26,,,0,50,,39209,26,,,0,10,,39210,26,,,0,10,,39211,26,,,0,10,,39212,26,,,0,10,,39213,26,,,0,10,,39214,26,,,0,50,,39215,26,,,0,10,,39216,26,,,0,10,,39217,26,,,0,10,,39218,26,,,0,10,,39219,26,,,0,10,,39220,26,,,0,50,,39221,26,,,0,10,,39222,26,,,0,10,,39223,26,,,0,10,,39224,26,,,0,10,,39225,26,,,0,10,,39226,26,,,0,50,,39227,26,,,0,10,,39228,26,,,0,10,,39229,26,,,0,10,,39230,26,,,0,10,,39231,26,,,0,10,,39232,26,,,0,50,,39233,26,,,0,10,,39247,26,,,0,7,,39234,26,,,0,8,,39248,26,,,0,7,,39235,26,,,0,8,,39249,26,,,0,7,,39236,26,,,0,48,,39250,26,,,0,7,,39237,26,,,0,8,,39251,26,,,0,7,,39238,26,,,0,8,,39252,26,,,0,7,,39239,26,,,0,8,,39253,26,,,0,7,,39240,26,,,0,48,,39254,26,,,0,7,,39241,26,,,0,8,,39255,26,,,0,7,,39242,26,,,0,8,,39256,26,,,0,7,,39243,26,,,0,8,,39257,26,,,0,7,,39244,26,,,0,48,,39258,26,,,0,7,,39245,26,,,0,8,,39259,26,,,0,7,,39246,26,,,0,8,,39260,26,,,0,11,,39261,26,,,0,55,,39176,26,,,0,15,,39177,26,,,0,11,,39178,26,,,0,15,,39171,26,,,0,15,,39172,26,,,0,55,,39173,26,,,0,15,,39262,26,,,0,15,,39263,26,,,0,15,,39264,26,,,0,55,,39265,26,,,0,15,,39266,26,,,0,15,,39267,26,,,0,15,,39268,26,,,0,63,,39269,26,,,0,27,,39179,26,,,0,70,,39180,26,,,0,30,,39181,26,,,0,70,,39182,26,,,0,30,,39183,26,,,0,70,,39184,26,,,0,30,,39185,26,,,0,70,,39186,26,,,0,30,,39187,26,,,0
580800,'14602',525,,39308,26,,,0,30,,39309,26,,,0,70,,39310,26,,,0,30,,39311,26,,,0,70,,39312,26,,,0,30,,39313,26,,,0,70,,39314,26,,,0,30,,39315,26,,,0,72,,39316,26,,,0,30,,39317,26,,,0,70,,39318,26,,,0,30,,39319,26,,,0,70,,39320,26,,,0,30,,39291,26,,,0,70,,39292,26,,,0,30,,39293,26,,,0,70,,39294,26,,,0,30,,39295,26,,,0,70,,39296,26,,,0,30,,39297,26,,,0,70,,39298,26,,,0,30,,39299,26,,,0,70,,39300,26,,,0,30,,39301,26,,,0,70,,39302,26,,,0,30,,39303,26,,,0,70,,39304,26,,,0,30,,39305,26,,,0,66,,39306,26,,,0,30,,39307,26,,,0,70,,39290,26,,,0,30,,39289,26,,,0,70,,39288,26,,,0,30,,39287,26,,,0,67,,39286,26,,,0,30,,39285,26,,,0,70,,39284,26,,,0,30,,39283,26,,,0,70,,39282,26,,,0,30,,39281,26,,,0,70,,39280,26,,,0,30,,39279,26,,,0,70,,39278,26,,,0,30,,39277,26,,,0
580800,'14603',625,,39346,26,,,0,30,,39347,26,,,0,70,,39348,26,,,0,30,,39349,26,,,0,70,,39350,26,,,0,30,,39351,26,,,0,72,,39352,26,,,0,30,,39353,26,,,0,70,,39354,26,,,0,30,,39355,26,,,0,70,,39356,26,,,0,30,,39337,26,,,0,70,,39336,26,,,0,30,,39335,26,,,0,70,,39334,26,,,0,30,,39333,26,,,0,70,,39332,26,,,0,30,,39331,26,,,0,70,,39330,26,,,0,30,,39329,26,,,0,70,,39328,26,,,0,30,,39327,26,,,0,70,,39326,26,,,0,30,,39325,26,,,0,70,,39324,26,,,0,30,,39323,26,,,0,66,,39322,26,,,0,30,,39321,26,,,0,70,,39338,26,,,0,30,,39339,26,,,0,70,,39340,26,,,0,30,,39341,26,,,0,67,,39342,26,,,0,30,,39343,26,,,0,70,,39344,26,,,0,30,,39345,26,,,0
580800,'14604',625,,39376,26,,,0,30,,39377,26,,,0,70,,39378,26,,,0,30,,39379,26,,,0,70,,39380,26,,,0,30,,39381,26,,,0,72,,39382,26,,,0,30,,39383,26,,,0,70,,39384,26,,,0,30,,39385,26,,,0,70,,39386,26,,,0,30,,39373,26,,,0,70,,39372,26,,,0,30,,39371,26,,,0,70,,39370,26,,,0,30,,39369,26,,,0,70,,39368,26,,,0,30,,39367,26,,,0,70,,39366,26,,,0,30,,39365,26,,,0,70,,39364,26,,,0,30,,39363,26,,,0,70,,39362,26,,,0,30,,39361,26,,,0,70,,39360,26,,,0,30,,39359,26,,,0,66,,39358,26,,,0,30,,39357,26,,,0,70,,39374,26,,,0,30,,39375,26,,,0
580800,'14606',625,,39412,26,,,0,30,,39413,26,,,0,70,,39414,26,,,0,30,,39415,26,,,0,70,,39416,26,,,0,30,,39417,26,,,0,72,,39418,26,,,0,30,,39419,26,,,0,70,,39420,26,,,0,30,,39421,26,,,0,70,,39422,26,,,0,30,,39403,26,,,0,70,,39402,26,,,0,30,,39401,26,,,0,70,,39400,26,,,0,30,,39399,26,,,0,70,,39398,26,,,0,30,,39397,26,,,0,70,,39396,26,,,0,30,,39395,26,,,0,70,,39394,26,,,0,30,,39393,26,,,0,70,,39392,26,,,0,30,,39391,26,,,0,70,,39390,26,,,0,30,,39389,26,,,0,66,,39388,26,,,0,30,,39387,26,,,0,70,,39404,26,,,0,30,,39405,26,,,0,70,,39406,26,,,0,30,,39407,26,,,0,67,,39408,26,,,0,30,,39409,26,,,0,70,,39410,26,,,0,30,,39411,26,,,0
