579900,'1',512,,36221,8,,,0,20,,36222,8,,,0,19,,36223,34,,,0,65,,36224,34,,,0,20,,36225,34,,,0,12,,36226,34,,,0,52,,36227,34,,,0,20,,36228,34,,,0,12,,36229,34,,,0,12,,36230,34,,,0,12,,36231,34,,,0,52,,36232,34,,,0,12,,36233,34,,,0,12,,36234,34,,,0,12,,36235,34,,,0,12,,36236,34,,,0,52,,36237,34,,,0,9,,36238,34,,,0,14,,36239,34,,,0,15,,36240,34,,,0,55,,36241,34,,,0,15,,36242,34,,,0,15,,36243,34,,,0,15,,36244,34,,,0,55,,36245,34,,,0,15,,36246,34,,,0,15,,36247,34,,,0,15,,36248,34,,,0,55,,36249,34,,,0,15,,36250,34,,,0,15,,36251,34,,,0,15,,36252,34,,,0,55,,36253,34,,,0,15,,36254,34,,,0,15,,36255,34,,,0,15,,36256,34,,,0,55,,36257,34,,,0,15,,36258,34,,,0,15,,36259,34,,,0,18,,36260,34,,,0,53,,36261,34,,,0,12,,36262,34,,,0,12,,36263,34,,,0,12,,36264,34,,,0,12,,36265,34,,,0,52,,36266,34,,,0,12,,36267,34,,,0,12,,36268,34,,,0,12,,36269,34,,,0,12,,36270,34,,,0,52,,36271,34,,,0,12,,36272,34,,,0,12,,36273,34,,,0,12,,36274,34,,,0,12,,36275,34,,,0,52,,36276,34,,,0,12,,36277,34,,,0,12,,36278,34,,,0,12,,36279,34,,,0,14,,36280,34,,,0,54,,36281,34,,,0,15,,36282,34,,,0,15,,36283,34,,,0,15,,36284,34,,,0,55,,36285,34,,,0,10,,36286,34,,,0,18,,36287,34,,,0,20,,36288,34,,,0,60,,36289,34,,,0,20,,36290,34,,,0,20,,36291,34,,,0,60,,36292,34,,,0,18,,36293,34,,,0,70,,36294,34,,,0,30,,36295,34,,,0,70,,36298,34,,,0,30,,36296,34,,,0,90,,36297,34,,,0
579900,'2',610,,36313,34,,,0,32,,36314,34,,,0,70,,36315,34,,,0,30,,36316,34,,,0,70,,36317,34,,,0,25,,36318,34,,,0,70,,36319,34,,,0,25,,36320,34,,,0,25,,36321,34,,,0,60,,36322,34,,,0,20,,36323,34,,,0,20,,36324,34,,,0,60,,36325,34,,,0,20,,36326,34,,,0,20,,36327,34,,,0,60,,36328,34,,,0,23,,36329,34,,,0,60,,36330,34,,,0,20,,36331,34,,,0,20,,36332,34,,,0,60,,36333,34,,,0,20,,36334,34,,,0,20,,36335,34,,,0,60,,36336,34,,,0,20,,36337,34,,,0,20,,36338,34,,,0,60,,36339,34,,,0,20,,36340,34,,,0,20,,36341,34,,,0,60,,36342,34,,,0,20,,36343,34,,,0,20,,36344,34,,,0,60,,36345,34,,,0,20,,36299,34,,,0,20,,36300,34,,,0,70,,36301,34,,,0,30,,36302,34,,,0,70,,36303,34,,,0,30,,36304,34,,,0,70,,36305,34,,,0,25,,36306,34,,,0,70,,36307,34,,,0,30,,36308,34,,,0,70,,36309,34,,,0,25,,36310,34,,,0,90,,36311,34,,,0,100,,36312,34,,,0
579900,'3',634,,36378,34,,,0,70,,36346,34,,,0,30,,36347,34,,,0,70,,36348,34,,,0,30,,36349,34,,,0,70,,36350,34,,,0,33,,36351,34,,,0,70,,36352,34,,,0,30,,36353,34,,,0,72,,36354,34,,,0,30,,36355,34,,,0,70,,36356,34,,,0,30,,36357,34,,,0,70,,36358,34,,,0,30,,36359,34,,,0,70,,36360,34,,,0,30,,36361,34,,,0,70,,36362,34,,,0,30,,36363,34,,,0,70,,36364,34,,,0,30,,36365,34,,,0,70,,36366,34,,,0,30,,36367,34,,,0,70,,36368,34,,,0,30,,36372,34,,,0,70,,36373,34,,,0,30,,36374,34,,,0,70,,36375,34,,,0,30,,36376,34,,,0,70,,36377,34,,,0,25,,36369,34,,,0,70,,36379,34,,,0,30,,36370,34,,,0,70,,36380,34,,,0,30,,36371,34,,,0,70,,36381,34,,,0
579900,'4',634,,36382,34,,,0,70,,36383,34,,,0,30,,36384,34,,,0,70,,36385,34,,,0,30,,36386,34,,,0,70,,36387,34,,,0,33,,36388,34,,,0,70,,36389,34,,,0,30,,36390,34,,,0,70,,36391,34,,,0,30,,36392,34,,,0,70,,36393,34,,,0,30,,36394,34,,,0,70,,36395,34,,,0,30,,36396,34,,,0,70,,36397,34,,,0,45,,36398,34,,,0,100,,36399,34,,,0,100,,36400,34,,,0,100,,36401,34,,,0,97,,36402,34,,,0,100,,36403,34,,,0,100,,36404,34,,,0
579900,'6',610,,36419,34,,,0,32,,36420,34,,,0,70,,36421,34,,,0,30,,36422,34,,,0,70,,36423,34,,,0,25,,36424,34,,,0,70,,36425,34,,,0,25,,36426,34,,,0,25,,36427,34,,,0,60,,36428,34,,,0,20,,36429,34,,,0,20,,36430,34,,,0,60,,36431,34,,,0,20,,36432,34,,,0,20,,36433,34,,,0,60,,36434,34,,,0,23,,36435,34,,,0,60,,36436,34,,,0,20,,36437,34,,,0,20,,36438,34,,,0,60,,36439,34,,,0,20,,36440,34,,,0,20,,36441,34,,,0,60,,36442,34,,,0,20,,36443,34,,,0,20,,36444,34,,,0,60,,36445,34,,,0,20,,36446,34,,,0,20,,36447,34,,,0,60,,36448,34,,,0,20,,36449,34,,,0,20,,36450,34,,,0,60,,36451,34,,,0,20,,36405,34,,,0,20,,36406,34,,,0,70,,36407,34,,,0,30,,36408,34,,,0,70,,36409,34,,,0,30,,36410,34,,,0,70,,36411,34,,,0,25,,36412,34,,,0,70,,36413,34,,,0,30,,36414,34,,,0,70,,36415,34,,,0,25,,36416,34,,,0,90,,36417,34,,,0,100,,36418,34,,,0
580600,'1',518,,38394,20,,,0,32,,38393,20,,,0,70,,38392,20,,,0,30,,38391,20,,,0,65,,38390,20,,,0,20,,38389,20,,,0,15,,38388,20,,,0,55,,38387,20,,,0,15,,38386,20,,,0,15,,38385,20,,,0,15,,38384,20,,,0,55,,38383,20,,,0,15,,38382,20,,,0,15,,38381,20,,,0,24,,38380,20,,,0,70,,38379,20,,,0,30,,38378,20,,,0,70,,38377,20,,,0,30,,38376,20,,,0,70,,38375,20,,,0,30,,38374,20,,,0,70,,38373,20,,,0,28,,38372,20,,,0,65,,38371,20,,,0,25,,38370,20,,,0,55,,38369,20,,,0,15,,38368,20,,,0,15,,38367,20,,,0,15,,38366,20,,,0,55,,38365,20,,,0,15,,38364,20,,,0,15,,38363,20,,,0,15,,38362,20,,,0,55,,38361,20,,,0,15,,38360,20,,,0,15,,38359,20,,,0,15,,38358,20,,,0,55,,38357,20,,,0,15,,38356,20,,,0,10,,38355,20,,,0,74,,38354,20,,,0,30,,38353,20,,,0,70,,38352,20,,,0,30,,38351,20,,,0,70,,38350,20,,,0,30,,38349,20,,,0,70,,38348,20,,,0,30,,38347,20,,,0,70,,38345,20,,,0,30,,38344,20,,,0,70,,38346,20,,,0,30,,38343,20,,,0,70,,38342,20,,,0
580600,'2',522,,38397,20,,,0,30,,38434,20,,,0,70,,38417,20,,,0,30,,38418,20,,,0,70,,38416,20,,,0,30,,38419,20,,,0,70,,38403,20,,,0,30,,38420,20,,,0,70,,38414,20,,,0,30,,38421,20,,,0,70,,38406,20,,,0,30,,38422,20,,,0,70,,38407,20,,,0,30,,38423,20,,,0,70,,38408,20,,,0,30,,38424,20,,,0,70,,38409,20,,,0,30,,38425,20,,,0,70,,38410,20,,,0,30,,38426,20,,,0,70,,38411,20,,,0,30,,38427,20,,,0,70,,38412,20,,,0,30,,38428,20,,,0,70,,38413,20,,,0,30,,38429,20,,,0,70,,38415,20,,,0,30,,38405,20,,,0,70,,38404,20,,,0,30,,38402,20,,,0,70,,38401,20,,,0,30,,38400,20,,,0,70,,38399,20,,,0,30,,38430,20,,,0,70,,38431,20,,,0,30,,38432,20,,,0,70,,38433,20,,,0,30,,38398,20,,,0,65,,38435,20,,,0,30,,38436,20,,,0
580600,'3',622,,38457,20,,,0,30,,38458,20,,,0,70,,38456,20,,,0,30,,38459,20,,,0,70,,38443,20,,,0,30,,38460,20,,,0,70,,38454,20,,,0,30,,38461,20,,,0,70,,38446,20,,,0,30,,38462,20,,,0,70,,38447,20,,,0,30,,38463,20,,,0,70,,38448,20,,,0,30,,38464,20,,,0,70,,38449,20,,,0,30,,38465,20,,,0,70,,38450,20,,,0,30,,38466,20,,,0,70,,38451,20,,,0,30,,38467,20,,,0,70,,38452,20,,,0,30,,38468,20,,,0,70,,38453,20,,,0,30,,38469,20,,,0,70,,38455,20,,,0,30,,38445,20,,,0,70,,38444,20,,,0,30,,38442,20,,,0,70,,38441,20,,,0,30,,38440,20,,,0,70,,38439,20,,,0,30,,38470,20,,,0,70,,38471,20,,,0,30,,38472,20,,,0,70,,38473,20,,,0,30,,38438,20,,,0
580600,'4',622,,38491,20,,,0,30,,38492,20,,,0,70,,38490,20,,,0,30,,38493,20,,,0,70,,38477,20,,,0,30,,38494,20,,,0,70,,38488,20,,,0,30,,38495,20,,,0,70,,38480,20,,,0,30,,38496,20,,,0,70,,38481,20,,,0,30,,38497,20,,,0,70,,38482,20,,,0,30,,38498,20,,,0,70,,38483,20,,,0,30,,38499,20,,,0,70,,38484,20,,,0,30,,38500,20,,,0,70,,38485,20,,,0,30,,38501,20,,,0,70,,38486,20,,,0,30,,38502,20,,,0,70,,38487,20,,,0,30,,38503,20,,,0,70,,38489,20,,,0,30,,38479,20,,,0,70,,38478,20,,,0,30,,38476,20,,,0,70,,38475,20,,,0,30,,38474,20,,,0
580600,'6',522,,38505,20,,,0,30,,38542,20,,,0,70,,38525,20,,,0,30,,38526,20,,,0,70,,38524,20,,,0,30,,38527,20,,,0,70,,38511,20,,,0,30,,38528,20,,,0,70,,38522,20,,,0,30,,38529,20,,,0,70,,38514,20,,,0,30,,38530,20,,,0,70,,38515,20,,,0,30,,38531,20,,,0,70,,38516,20,,,0,30,,38532,20,,,0,70,,38517,20,,,0,30,,38533,20,,,0,70,,38518,20,,,0,30,,38534,20,,,0,70,,38519,20,,,0,30,,38535,20,,,0,70,,38520,20,,,0,30,,38536,20,,,0,70,,38521,20,,,0,30,,38537,20,,,0,70,,38523,20,,,0,30,,38513,20,,,0,70,,38512,20,,,0,30,,38510,20,,,0,70,,38509,20,,,0,30,,38508,20,,,0,70,,38507,20,,,0,30,,38538,20,,,0,70,,38539,20,,,0,30,,38540,20,,,0,70,,38541,20,,,0,30,,38506,20,,,0,65,,38543,20,,,0,30,,38544,20,,,0
580601,'1601',724,,38545,27,0,8 40 10,0
580601,'1',529,,38600,27,,,0,29,,38599,27,,,0,70,,38598,27,,,0,30,,38597,27,,,0,70,,38596,27,,,0,30,,38595,27,,,0,60,,38594,27,,,0,20,,38593,27,,,0,20,,38592,27,,,0,55,,38591,27,,,0,15,,38590,27,,,0,15,,38589,27,,,0,15,,38588,27,,,0,70,,38587,27,,,0,30,,38586,27,,,0,70,,38585,27,,,0,30,,38584,27,,,0,70,,38583,27,,,0,30,,38582,27,,,0,70,,38581,27,,,0,30,,38580,27,,,0,70,,38579,27,,,0,30,,38578,27,,,0,55,,38577,27,,,0,15,,38576,27,,,0,15,,38575,27,,,0,15,,38574,27,,,0,55,,38573,27,,,0,15,,38548,27,,,0,15,,38572,27,,,0,15,,38571,27,,,0,55,,38570,27,,,0,15,,38569,27,,,0,15,,38568,27,,,0,15,,38567,27,,,0,55,,38566,27,,,0,15,,38565,27,,,0,15,,38564,27,,,0,15,,38563,27,,,0,55,,38562,27,,,0,20,,38561,27,,,0,25,,38560,27,,,0,70,,38559,27,,,0,30,,38558,27,,,0,70,,38557,27,,,0,30,,38556,27,,,0,70,,38551,27,,,0,31,,38555,27,,,0,70,,38554,27,,,0,30,,38550,27,,,0,70,,38553,27,,,0,30,,38549,27,,,0,77,,38552,27,,,0
580601,'2',520,,38638,27,,,0,30,,38639,27,,,0,70,,38640,27,,,0,26,,38619,27,,,0,70,,38621,27,,,0,30,,38620,27,,,0,70,,38622,27,,,0,30,,38618,27,,,0,70,,38623,27,,,0,30,,38615,27,,,0,70,,38624,27,,,0,30,,38607,27,,,0,70,,38625,27,,,0,30,,38608,27,,,0,70,,38626,27,,,0,30,,38609,27,,,0,70,,38627,27,,,0,30,,38610,27,,,0,70,,38628,27,,,0,30,,38611,27,,,0,70,,38629,27,,,0,30,,38612,27,,,0,70,,38630,27,,,0,30,,38613,27,,,0,70,,38631,27,,,0,30,,38614,27,,,0,70,,38632,27,,,0,30,,38616,27,,,0,70,,38617,27,,,0,30,,38633,27,,,0,70,,38606,27,,,0,30,,38605,27,,,0,70,,38604,27,,,0,30,,38603,27,,,0,70,,38602,27,,,0,30,,38634,27,,,0,70,,38635,27,,,0,30,,38636,27,,,0,70,,38601,27,,,0,30,,38637,27,,,0,70,,38641,27,,,0
580601,'3',646,,38660,27,,,0,70,,38662,27,,,0,30,,38661,27,,,0,70,,38663,27,,,0,30,,38659,27,,,0,70,,38664,27,,,0,30,,38656,27,,,0,70,,38665,27,,,0,30,,38648,27,,,0,70,,38666,27,,,0,30,,38649,27,,,0,70,,38667,27,,,0,30,,38650,27,,,0,70,,38668,27,,,0,30,,38651,27,,,0,70,,38669,27,,,0,30,,38652,27,,,0,70,,38670,27,,,0,30,,38653,27,,,0,70,,38671,27,,,0,30,,38654,27,,,0,70,,38672,27,,,0,30,,38655,27,,,0,70,,38673,27,,,0,30,,38657,27,,,0,70,,38658,27,,,0,30,,38674,27,,,0,70,,38647,27,,,0,30,,38646,27,,,0,70,,38645,27,,,0,30,,38644,27,,,0,70,,38643,27,,,0,30,,38675,27,,,0,70,,38676,27,,,0,30,,38677,27,,,0,79,,38642,27,,,0
580601,'4',646,,38693,27,,,0,70,,38695,27,,,0,30,,38694,27,,,0,70,,38696,27,,,0,30,,38692,27,,,0,70,,38697,27,,,0,30,,38689,27,,,0,70,,38698,27,,,0,30,,38681,27,,,0,70,,38699,27,,,0,30,,38682,27,,,0,70,,38700,27,,,0,30,,38683,27,,,0,70,,38701,27,,,0,30,,38684,27,,,0,70,,38702,27,,,0,30,,38685,27,,,0,70,,38703,27,,,0,30,,38686,27,,,0,70,,38704,27,,,0,30,,38687,27,,,0,70,,38705,27,,,0,30,,38688,27,,,0,70,,38706,27,,,0,30,,38690,27,,,0,70,,38691,27,,,0,30,,38707,27,,,0,70,,38680,27,,,0,30,,38679,27,,,0,70,,38678,27,,,0
580601,'6',520,,38745,27,,,0,30,,38746,27,,,0,70,,38747,27,,,0,26,,38726,27,,,0,70,,38728,27,,,0,30,,38727,27,,,0,70,,38729,27,,,0,30,,38725,27,,,0,70,,38730,27,,,0,30,,38722,27,,,0,70,,38731,27,,,0,30,,38714,27,,,0,70,,38732,27,,,0,30,,38715,27,,,0,70,,38733,27,,,0,30,,38716,27,,,0,70,,38734,27,,,0,30,,38717,27,,,0,70,,38735,27,,,0,30,,38718,27,,,0,70,,38736,27,,,0,30,,38719,27,,,0,70,,38737,27,,,0,30,,38720,27,,,0,70,,38738,27,,,0,30,,38721,27,,,0,70,,38739,27,,,0,30,,38723,27,,,0,70,,38724,27,,,0,30,,38740,27,,,0,70,,38713,27,,,0,30,,38712,27,,,0,70,,38711,27,,,0,30,,38710,27,,,0,70,,38709,27,,,0,30,,38741,27,,,0,70,,38742,27,,,0,30,,38743,27,,,0,70,,38708,27,,,0,30,,38744,27,,,0,70,,38748,27,,,0
