580500,'2',621,,38311,2,,,0,85,,38312,2,,,0,45,,38313,2,,,0,85,,38314,2,,,0,85,,38315,2,,,0,85,,38316,2,,,0,45,,38317,2,,,0,85,,38318,2,,,0,85,,38319,2,,,0,85,,38320,2,,,0,45,,38321,2,,,0,85,,38322,2,,,0,85,,38323,2,,,0,85,,38324,2,,,0
583000,'1601',721,,41678,2,,,0,10,,41680,12,,,0,76,,41679,2,,,0,7,,41677,2,,,0,4,,41676,2,,,0,683,,41675,20,,,0,18,,41674,2,,,0
583000,'1',530,,41750,20,,,0,87,,41714,50,,,0,20,,41713,50,,,0,18,,41710,50,,,0,60,,41709,50,,,0,20,,41707,50,,,0,15,,41702,50,,,0,55,,41706,50,,,0,15,,41701,50,,,0,15,,41705,50,,,0,15,,41700,50,,,0,55,,41704,50,,,0,15,,41699,50,,,0,15,,41703,50,,,0,15,,41682,50,,,0,55,,41708,50,,,0,15,,41749,50,,,0,15,,41748,50,,,0,20,,41747,50,,,0,60,,41746,50,,,0,20,,41716,50,,,0,20,,41717,50,,,0,60,,41718,50,,,0,20,,41719,50,,,0,20,,41720,50,,,0,60,,41721,50,,,0,20,,41722,50,,,0,20,,41723,50,,,0,60,,41724,50,,,0,20,,41698,50,,,0,15,,41690,50,,,0,55,,41697,50,,,0,15,,41689,50,,,0,15,,41696,50,,,0,15,,41688,50,,,0,55,,41695,50,,,0,15,,41687,50,,,0,15,,41694,50,,,0,15,,41686,50,,,0,55,,41693,50,,,0,15,,41685,50,,,0,15,,41692,50,,,0,15,,41684,50,,,0,55,,41691,50,,,0,15,,41683,50,,,0,15,,41712,50,,,0,15,,41681,50,,,0,56,,41725,50,,,0,20,,41726,50,,,0,20,,41727,50,,,0,60,,41745,50,,,0,20,,41744,50,,,0,20,,41743,50,,,0,60,,41742,50,,,0,20,,41741,50,,,0,20,,41740,50,,,0,60,,41739,50,,,0,20,,41738,50,,,0,22,,41737,50,,,0,60,,41736,50,,,0,20,,41735,50,,,0,20,,41734,50,,,0,60,,41733,50,,,0,20,,41732,50,,,0,20,,41731,50,,,0,60,,41730,50,,,0,20,,41729,50,,,0,20,,41728,50,,,0
583000,'2',638,,41807,50,,,0,75,,41806,50,,,0,35,,41805,50,,,0,77,,41804,50,,,0,75,,41754,50,,,0,30,,41803,50,,,0,70,,41802,50,,,0,20,,41801,50,,,0,20,,41800,50,,,0,60,,41799,50,,,0,20,,41798,50,,,0,20,,41797,50,,,0,60,,41796,50,,,0,20,,41795,50,,,0,20,,41794,50,,,0,60,,41793,50,,,0,20,,41792,50,,,0,20,,41791,50,,,0,60,,41790,50,,,0,20,,41789,50,,,0,20,,41788,50,,,0,60,,41787,50,,,0,20,,41786,50,,,0,20,,41785,50,,,0,60,,41784,50,,,0,20,,41783,50,,,0,20,,41782,50,,,0,60,,41781,50,,,0,20,,41780,50,,,0,20,,41779,50,,,0,60,,41778,50,,,0,20,,41777,50,,,0,20,,41776,50,,,0,60,,41775,50,,,0,15,,41774,50,,,0,18,,41773,50,,,0,20,,41772,50,,,0,60,,41771,50,,,0,20,,41770,50,,,0,20,,41769,50,,,0,60,,41768,50,,,0,20,,41767,50,,,0,20,,41766,50,,,0,60,,41765,50,,,0,26,,41764,50,,,0,20,,41763,50,,,0,60,,41762,50,,,0,20,,41761,50,,,0,20,,41760,50,,,0,60,,41759,50,,,0,20,,41758,50,,,0,20,,41757,50,,,0,68,,41756,50,,,0
583000,'3',652,,41851,50,,,0,80,,41841,50,,,0,80,,41848,50,,,0,40,,41849,50,,,0,80,,41822,50,,,0,83,,41824,50,,,0,25,,41823,50,,,0,60,,41846,50,,,0,20,,41821,50,,,0,20,,41847,50,,,0,60,,41836,50,,,0,20,,41834,50,,,0,20,,41835,50,,,0,60,,41817,50,,,0,20,,41832,50,,,0,20,,41837,50,,,0,60,,41838,50,,,0,20,,41839,50,,,0,20,,41840,50,,,0,60,,41820,50,,,0,20,,41844,50,,,0,20,,41842,50,,,0,60,,41816,50,,,0,20,,41854,50,,,0,20,,41859,50,,,0,60,,41852,50,,,0,20,,41853,50,,,0,20,,41843,50,,,0,60,,41818,50,,,0,20,,41856,50,,,0,15,,41826,50,,,0,18,,41830,50,,,0,60,,41825,50,,,0,20,,41819,50,,,0,20,,41855,50,,,0,60,,41857,50,,,0,20,,41828,50,,,0,20,,41831,50,,,0,60,,41833,50,,,0,20,,41829,50,,,0,21,,41827,50,,,0,63,,41858,50,,,0,25,,41815,50,,,0,70,,41813,50,,,0,30,,41814,50,,,0,80,,41812,50,,,0
583000,'4',713,,41875,50,,,0,28,,41888,50,,,0,70,,41874,50,,,0,30,,41887,50,,,0,70,,41873,50,,,0,30,,41886,50,,,0,70,,41872,50,,,0,30,,41885,50,,,0,70,,41871,50,,,0,30,,41884,50,,,0,70,,41870,50,,,0,30,,41883,50,,,0,70,,41869,50,,,0,30,,41868,50,,,0,70,,41867,50,,,0,30,,41866,50,,,0,70,,41882,50,,,0,30,,41865,50,,,0,70,,41881,50,,,0,30,,41864,50,,,0,70,,41880,50,,,0,30,,41863,50,,,0,70,,41879,50,,,0,30,,41862,50,,,0,70,,41878,50,,,0,30,,41861,50,,,0,70,,41877,50,,,0,30,,41860,50,,,0,70,,41876,50,,,0
583000,'6',638,,41943,50,,,0,75,,41942,50,,,0,35,,41941,50,,,0,77,,41940,50,,,0,75,,41890,50,,,0,30,,41939,50,,,0,70,,41938,50,,,0,20,,41937,50,,,0,20,,41936,50,,,0,60,,41935,50,,,0,20,,41934,50,,,0,20,,41933,50,,,0,60,,41932,50,,,0,20,,41931,50,,,0,20,,41930,50,,,0,60,,41929,50,,,0,20,,41928,50,,,0,20,,41927,50,,,0,60,,41926,50,,,0,20,,41925,50,,,0,20,,41924,50,,,0,60,,41923,50,,,0,20,,41922,50,,,0,20,,41921,50,,,0,60,,41920,50,,,0,20,,41919,50,,,0,20,,41918,50,,,0,60,,41917,50,,,0,20,,41916,50,,,0,20,,41915,50,,,0,60,,41914,50,,,0,20,,41913,50,,,0,20,,41912,50,,,0,60,,41911,50,,,0,15,,41910,50,,,0,18,,41909,50,,,0,20,,41908,50,,,0,60,,41907,50,,,0,20,,41906,50,,,0,20,,41905,50,,,0,60,,41904,50,,,0,20,,41903,50,,,0,20,,41902,50,,,0,60,,41901,50,,,0,26,,41900,50,,,0,20,,41899,50,,,0,60,,41898,50,,,0,20,,41897,50,,,0,20,,41896,50,,,0,60,,41895,50,,,0,20,,41894,50,,,0,20,,41893,50,,,0,68,,41892,50,,,0
583001,'1601',826,,41956,32,,,0,718,,41951,20,,,0
583001,'1',458,,41985,32,,,0,55,,41992,32,,,0,15,,41984,32,,,0,20,,42011,32,,,0,60,,41991,32,,,0,20,,41990,32,,,0,10,,41988,32,,,0,15,,41958,12,,,0,55,,41989,32,,,0,15,,41983,32,,,0,15,,41978,32,,,0,15,,41982,32,,,0,55,,41977,32,,,0,15,,41981,32,,,0,15,,41976,32,,,0,15,,41980,32,,,0,55,,41975,32,,,0,15,,41979,32,,,0,20,,41993,32,,,0,60,,41994,32,,,0,21,,42012,32,,,0,20,,41995,32,,,0,60,,41996,32,,,0,20,,41997,32,,,0,20,,41998,32,,,0,60,,41999,32,,,0,20,,42000,32,,,0,20,,42001,32,,,0,60,,42002,32,,,0,20,,42003,32,,,0,20,,41987,32,,,0,15,,41986,32,,,0,55,,41974,32,,,0,15,,41966,32,,,0,15,,41973,32,,,0,15,,41965,32,,,0,55,,41972,32,,,0,15,,41964,32,,,0,15,,41971,32,,,0,15,,41963,32,,,0,55,,41970,32,,,0,15,,41962,32,,,0,15,,41969,32,,,0,15,,41961,32,,,0,55,,41968,32,,,0,15,,41960,32,,,0,15,,41967,32,,,0,15,,41959,32,,,0,55,,41957,32,,,0,15,,42004,32,,,0,15,,42005,32,,,0,60,,42006,32,,,0,18,,42007,32,,,0,20,,42008,32,,,0,60,,42009,32,,,0,20,,42010,32,,,0,20,,42026,32,,,0,60,,42025,32,,,0,20,,42024,32,,,0,20,,42023,32,,,0,60,,42022,32,,,0,19,,42021,32,,,0,20,,42020,32,,,0,60,,42019,32,,,0,20,,42018,32,,,0,20,,42017,32,,,0,60,,42016,32,,,0,20,,42015,32,,,0,20,,42014,32,,,0
583001,'2',520,,42082,32,,,0,36,,42081,32,,,0,75,,42080,32,,,0,69,,42079,32,,,0,31,,42078,32,,,0,70,,42077,32,,,0,26,,42075,12,,,0,20,,42076,32,,,0,60,,42074,32,,,0,20,,42073,32,,,0,20,,42072,32,,,0,60,,42071,32,,,0,20,,42070,32,,,0,20,,42069,32,,,0,60,,42068,32,,,0,20,,42067,32,,,0,20,,42066,32,,,0,60,,42065,32,,,0,20,,42064,32,,,0,20,,42063,32,,,0,60,,42062,32,,,0,20,,42061,32,,,0,20,,42060,32,,,0,60,,42059,32,,,0,20,,42058,32,,,0,20,,42057,32,,,0,60,,42056,32,,,0,20,,42055,32,,,0,20,,42054,32,,,0,60,,42053,32,,,0,20,,42052,32,,,0,20,,42051,32,,,0,60,,42050,32,,,0,20,,42049,32,,,0,20,,42048,32,,,0,60,,42047,32,,,0,20,,42046,32,,,0,20,,42045,32,,,0,60,,42044,32,,,0,18,,42043,32,,,0,20,,42042,32,,,0,60,,42041,32,,,0,20,,42040,32,,,0,20,,42039,32,,,0,60,,42038,32,,,0,20,,42037,32,,,0,20,,42036,32,,,0,60,,42035,32,,,0,20,,42034,32,,,0,20,,42033,32,,,0,60,,42032,32,,,0,21,,42031,32,,,0,20,,42030,32,,,0,60,,42029,32,,,0,20,,42028,32,,,0,18,,42027,32,,,0
583001,'3',538,,42097,32,,,0,80,,42111,32,,,0,40,,42096,32,,,0,80,,42112,32,,,0,80,,42088,32,,,0,40,,42103,32,,,0,60,,42113,32,,,0,20,,42099,32,,,0,20,,42114,32,,,0,61,,42100,32,,,0,20,,42115,32,,,0,20,,42098,32,,,0,60,,42116,32,,,0,20,,42095,32,,,0,20,,42117,32,,,0,60,,42106,32,,,0,20,,42118,32,,,0,20,,42090,32,,,0,60,,42119,32,,,0,20,,42108,32,,,0,20,,42120,32,,,0,60,,42107,32,,,0,20,,42121,32,,,0,20,,42092,32,,,0,60,,42122,32,,,0,20,,42109,32,,,0,20,,42123,32,,,0,60,,42091,32,,,0,20,,42124,32,,,0,20,,42104,32,,,0,60,,42125,32,,,0,20,,42102,32,,,0,20,,42126,32,,,0,60,,42101,32,,,0,20,,42127,32,,,0,20,,42105,32,,,0,58,,42128,32,,,0,25,,42110,32,,,0,60,,42129,32,,,0,20,,42094,32,,,0,20,,42089,32,,,0,60,,42093,32,,,0,30,,42087,32,,,0,70,,42085,32,,,0,30,,42086,32,,,0,70,,42084,32,,,0,30,,42083,32,,,0
583001,'4',612,,42160,12,,,0,24,,42130,32,,,0,70,,42131,32,,,0,30,,42132,32,,,0,70,,42133,32,,,0,30,,42134,32,,,0,70,,42135,32,,,0,30,,42136,32,,,0,70,,42137,32,,,0,30,,42138,32,,,0,70,,42139,32,,,0,30,,42140,32,,,0,70,,42141,32,,,0,30,,42142,32,,,0,70,,42143,32,,,0,30,,42144,32,,,0,70,,42145,32,,,0,30,,42146,32,,,0,70,,42147,32,,,0,30,,42148,32,,,0,70,,42149,32,,,0,30,,42150,32,,,0,70,,42151,32,,,0,30,,42152,32,,,0,70,,42153,32,,,0,30,,42154,32,,,0,70,,42155,32,,,0,30,,42156,32,,,0,70,,42157,32,,,0,30,,42158,32,,,0,70,,42159,32,,,0
583001,'6',520,,42217,32,,,0,36,,42216,32,,,0,75,,42215,32,,,0,69,,42214,32,,,0,31,,42213,32,,,0,70,,42212,32,,,0,26,,42210,12,,,0,20,,42211,32,,,0,60,,42209,32,,,0,20,,42208,32,,,0,20,,42207,32,,,0,60,,42206,32,,,0,20,,42205,32,,,0,20,,42204,32,,,0,60,,42203,32,,,0,20,,42202,32,,,0,20,,42201,32,,,0,60,,42200,32,,,0,20,,42199,32,,,0,20,,42198,32,,,0,60,,42197,32,,,0,20,,42196,32,,,0,20,,42195,32,,,0,60,,42194,32,,,0,20,,42193,32,,,0,20,,42192,32,,,0,60,,42191,32,,,0,20,,42190,32,,,0,20,,42189,32,,,0,60,,42188,32,,,0,20,,42187,32,,,0,20,,42186,32,,,0,60,,42185,32,,,0,20,,42184,32,,,0,20,,42183,32,,,0,60,,42182,32,,,0,20,,42181,32,,,0,20,,42180,32,,,0,60,,42179,32,,,0,18,,42178,32,,,0,20,,42177,32,,,0,60,,42176,32,,,0,20,,42175,32,,,0,20,,42174,32,,,0,60,,42173,32,,,0,20,,42172,32,,,0,20,,42171,32,,,0,60,,42170,32,,,0,20,,42169,32,,,0,20,,42168,32,,,0,60,,42167,32,,,0,21,,42166,32,,,0,20,,42165,32,,,0,60,,42164,32,,,0,20,,42163,32,,,0,18,,42162,32,,,0
