578901,'1',508,,32625,14,,,0,30,,32627,14,,,0,70,,32620,14,,,0,30,,32621,14,,,0,71,,32597,14,,,0,30,,32626,14,,,0,70,,32624,14,,,0,30,,32623,14,,,0,69,,32622,14,,,0,36,,32619,14,,,0,70,,32611,14,,,0,30,,32610,14,,,0,70,,32609,14,,,0,30,,32614,14,,,0,70,,32613,14,,,0,30,,32612,14,,,0,70,,32618,14,,,0,30,,32617,14,,,0,70,,32616,14,,,0,30,,32596,14,,,0,70,,32603,14,,,0,30,,32602,14,,,0,70,,32606,14,,,0,30,,32605,14,,,0,70,,32604,14,,,0,30,,32608,14,,,0,70,,32600,14,,,0,30,,32599,14,,,0,70,,32601,14,,,0,30,,32593,14,,,0,70,,32615,14,,,0,30,,32592,14,,,0,70,,32598,14,,,0,30,,32591,14,,,0,74,,32607,14,,,0,100,,32595,14,,,0,100,,32594,14,,,0
578901,'2',507,,32664,14,,,0,30,,32642,14,,,0,70,,32635,14,,,0,30,,32641,14,,,0,70,,32640,14,,,0,30,,32656,14,,,0,70,,32655,14,,,0,30,,32654,14,,,0,70,,32658,14,,,0,30,,32657,14,,,0,70,,32659,14,,,0,30,,32650,14,,,0,70,,32649,14,,,0,30,,32648,14,,,0,70,,32653,14,,,0,30,,32652,14,,,0,70,,32651,14,,,0,30,,32662,14,,,0,70,,32661,14,,,0,30,,32645,14,,,0,70,,32644,14,,,0,30,,32660,14,,,0,70,,32643,14,,,0,30,,32647,14,,,0,70,,32646,14,,,0,30,,32637,14,,,0,70,,32636,14,,,0,30,,32639,14,,,0,69,,32638,14,,,0,30,,32630,14,,,0,70,,32629,14,,,0,30,,32634,14,,,0,70,,32628,14,,,0,100,,32633,14,,,0,100,,32632,14,,,0,100,,32631,14,,,0,100,,32663,14,,,0
578901,'3',507,,32700,14,,,0,30,,32679,14,,,0,70,,32672,14,,,0,30,,32678,14,,,0,70,,32677,14,,,0,30,,32693,14,,,0,70,,32692,14,,,0,30,,32691,14,,,0,70,,32695,14,,,0,30,,32694,14,,,0,70,,32696,14,,,0,30,,32687,14,,,0,70,,32686,14,,,0,30,,32685,14,,,0,70,,32690,14,,,0,30,,32689,14,,,0,70,,32688,14,,,0,30,,32699,14,,,0,70,,32698,14,,,0,30,,32682,14,,,0,70,,32681,14,,,0,30,,32697,14,,,0,70,,32680,14,,,0,30,,32684,14,,,0,70,,32683,14,,,0,30,,32674,14,,,0,70,,32673,14,,,0,30,,32676,14,,,0,69,,32675,14,,,0,30,,32667,14,,,0,70,,32666,14,,,0,30,,32671,14,,,0,70,,32665,14,,,0,100,,32670,14,,,0,100,,32669,14,,,0,100,,32668,14,,,0
578901,'4',527,,32701,14,,,0,100,,32702,14,,,0,100,,32703,14,,,0,100,,32704,14,,,0,100,,32705,14,,,0,100,,32706,14,,,0,100,,32707,14,,,0,100,,32708,14,,,0,100,,32709,14,,,0,100,,32710,14,,,0,100,,32711,14,,,0,100,,32712,14,,,0,100,,32713,14,,,0,99,,32714,14,,,0,100,,32715,14,,,0,100,,32716,14,,,0
578901,'6',507,,32752,14,,,0,30,,32731,14,,,0,70,,32724,14,,,0,30,,32730,14,,,0,70,,32729,14,,,0,30,,32745,14,,,0,70,,32744,14,,,0,30,,32743,14,,,0,70,,32747,14,,,0,30,,32746,14,,,0,70,,32748,14,,,0,30,,32739,14,,,0,70,,32738,14,,,0,30,,32737,14,,,0,70,,32742,14,,,0,30,,32741,14,,,0,70,,32740,14,,,0,30,,32751,14,,,0,70,,32750,14,,,0,30,,32734,14,,,0,70,,32733,14,,,0,30,,32749,14,,,0,70,,32732,14,,,0,30,,32736,14,,,0,70,,32735,14,,,0,30,,32726,14,,,0,70,,32725,14,,,0,30,,32728,14,,,0,69,,32727,14,,,0,30,,32719,14,,,0,70,,32718,14,,,0,30,,32723,14,,,0,70,,32717,14,,,0,100,,32722,14,,,0,100,,32721,14,,,0,100,,32720,14,,,0
579401,'1',504,,34330,2,,,0,20,,34331,2,,,0,20,,34332,2,,,0,60,,34333,2,,,0,20,,34334,2,,,0,16,,34335,2,,,0,16,,34336,2,,,0,53,,34337,2,,,0,15,,34338,2,,,0,15,,34339,2,,,0,15,,34340,2,,,0,55,,34341,2,,,0,15,,34342,2,,,0,15,,34343,2,,,0,16,,34344,2,,,0,56,,34345,2,,,0,16,,34346,2,,,0,15,,34347,2,,,0,15,,34348,2,,,0,55,,34349,2,,,0,15,,34350,2,,,0,15,,34351,2,,,0,15,,34352,2,,,0,55,,34353,2,,,0,15,,34354,2,,,0,15,,34355,2,,,0,15,,34356,2,,,0,55,,34357,2,,,0,15,,34358,2,,,0,15,,34359,2,,,0,15,,34360,2,,,0,55,,34361,2,,,0,12,,34362,2,,,0,17,,34363,2,,,0,15,,34364,2,,,0,55,,34365,2,,,0,15,,34366,2,,,0,15,,34367,2,,,0,15,,34368,2,,,0,55,,34369,2,,,0,15,,34370,2,,,0,15,,34371,2,,,0,15,,34372,2,,,0,55,,34373,2,,,0,15,,34374,2,,,0,15,,34375,2,,,0,15,,34376,2,,,0,55,,34377,2,,,0,15,,34378,2,,,0,15,,34379,2,,,0,15,,34380,2,,,0,55,,34381,2,,,0,30,,34382,2,,,0,78,,34383,2,,,0,30,,34384,2,,,0,70,,34385,2,,,0,30,,34386,2,,,0,70,,34387,2,,,0,30,,34388,2,,,0,71,,34389,2,,,0,30,,34390,2,,,0,70,,34391,2,,,0,30,,34392,2,,,0,70,,34393,2,,,0,21,,34394,2,,,0
579401,'2',515,,34433,2,,,0,30,,34432,2,,,0,70,,34431,2,,,0,30,,34430,2,,,0,70,,34429,2,,,0,30,,34428,2,,,0,70,,34427,2,,,0,30,,34426,2,,,0,69,,34425,2,,,0,30,,34424,2,,,0,70,,34423,2,,,0,30,,34422,2,,,0,70,,34421,2,,,0,30,,34420,2,,,0,70,,34419,2,,,0,30,,34418,2,,,0,70,,34417,2,,,0,30,,34416,2,,,0,70,,34415,2,,,0,30,,34414,2,,,0,70,,34413,2,,,0,30,,34412,2,,,0,70,,34411,2,,,0,30,,34410,2,,,0,70,,34409,2,,,0,30,,34408,2,,,0,70,,34407,2,,,0,36,,34406,2,,,0,70,,34405,2,,,0,30,,34404,2,,,0,70,,34403,2,,,0,30,,34402,2,,,0,70,,34401,2,,,0,32,,34400,2,,,0,70,,34399,2,,,0,30,,34398,2,,,0,70,,34397,2,,,0,30,,34396,2,,,0,70,,34395,2,,,0
579401,'3',536,,34470,2,,,0,70,,34469,2,,,0,30,,34468,2,,,0,70,,34467,2,,,0,30,,34466,2,,,0,70,,34465,2,,,0,30,,34464,2,,,0,67,,34463,2,,,0,30,,34462,2,,,0,70,,34461,2,,,0,30,,34460,2,,,0,70,,34459,2,,,0,30,,34458,2,,,0,70,,34457,2,,,0,30,,34456,2,,,0,70,,34455,2,,,0,30,,34454,2,,,0,70,,34453,2,,,0,30,,34452,2,,,0,70,,34451,2,,,0,30,,34450,2,,,0,70,,34449,2,,,0,30,,34448,2,,,0,70,,34447,2,,,0,30,,34446,2,,,0,70,,34445,2,,,0,30,,34444,2,,,0,72,,34443,2,,,0,30,,34442,2,,,0,70,,34441,2,,,0,30,,34440,2,,,0,70,,34439,2,,,0,30,,34438,2,,,0,70,,34437,2,,,0,30,,34436,2,,,0,65,,34435,2,,,0,22,,34434,2,,,0
579401,'4',556,,34471,2,,,0,65,,34472,2,,,0,30,,34473,2,,,0,70,,34474,2,,,0,30,,34475,2,,,0,70,,34476,2,,,0,27,,34477,2,,,0,70,,34478,2,,,0,30,,34479,2,,,0,70,,34480,2,,,0,30,,34481,2,,,0,70,,34482,2,,,0,30,,34483,2,,,0,70,,34484,2,,,0,30,,34485,2,,,0,70,,34486,2,,,0,30,,34487,2,,,0,70,,34488,2,,,0,30,,34489,2,,,0,70,,34490,2,,,0,30,,34491,2,,,0,70,,34492,2,,,0,30,,34493,2,,,0,70,,34494,2,,,0,30,,34500,2,,,0,74,,34495,2,,,0,30,,34496,2,,,0,70,,34497,2,,,0,30,,34498,2,,,0,70,,34499,2,,,0,23,,34501,2,,,0
579401,'6',515,,34540,2,,,0,30,,34539,2,,,0,70,,34538,2,,,0,30,,34537,2,,,0,70,,34536,2,,,0,30,,34535,2,,,0,70,,34534,2,,,0,30,,34533,2,,,0,69,,34532,2,,,0,30,,34531,2,,,0,70,,34530,2,,,0,30,,34529,2,,,0,70,,34528,2,,,0,30,,34527,2,,,0,70,,34526,2,,,0,30,,34525,2,,,0,70,,34524,2,,,0,30,,34523,2,,,0,70,,34522,2,,,0,30,,34521,2,,,0,70,,34520,2,,,0,30,,34519,2,,,0,70,,34518,2,,,0,30,,34517,2,,,0,70,,34516,2,,,0,30,,34515,2,,,0,70,,34514,2,,,0,36,,34513,2,,,0,70,,34512,2,,,0,30,,34511,2,,,0,70,,34510,2,,,0,30,,34509,2,,,0,70,,34508,2,,,0,32,,34507,2,,,0,70,,34506,2,,,0,30,,34505,2,,,0,70,,34504,2,,,0,30,,34503,2,,,0,70,,34502,2,,,0
580601,'1601',712,,38545,14,0,8 40 10,0
580601,'1',518,,38600,14,,,0,29,,38599,14,,,0,70,,38598,14,,,0,29,,38597,14,,,0,70,,38596,14,,,0,30,,38595,14,,,0,60,,38594,14,,,0,20,,38593,14,,,0,20,,38592,14,,,0,55,,38591,14,,,0,15,,38590,14,,,0,15,,38589,14,,,0,14,,38588,14,,,0,70,,38587,14,,,0,30,,38586,14,,,0,70,,38585,14,,,0,30,,38584,14,,,0,70,,38583,14,,,0,30,,38582,14,,,0,70,,38581,14,,,0,29,,38580,14,,,0,70,,38579,14,,,0,30,,38578,14,,,0,15,,38577,14,,,0,55,,38576,14,,,0,15,,38575,14,,,0,15,,38574,14,,,0,15,,38573,14,,,0,55,,38548,14,,,0,15,,38572,14,,,0,15,,38571,14,,,0,15,,38570,14,,,0,55,,38569,14,,,0,15,,38568,14,,,0,15,,38567,14,,,0,15,,38566,14,,,0,55,,38565,14,,,0,15,,38564,14,,,0,17,,38563,14,,,0,55,,38562,14,,,0,20,,38561,14,,,0,25,,38560,14,,,0,70,,38559,14,,,0,30,,38558,14,,,0,70,,38557,14,,,0,30,,38556,14,,,0,70,,38551,14,,,0,33,,38555,14,,,0,70,,38554,14,,,0,30,,38550,14,,,0,70,,38553,14,,,0,30,,38549,14,,,0,77,,38552,14,,,0
580601,'2',507,,38638,14,,,0,30,,38639,14,,,0,70,,38640,14,,,0,26,,38619,14,,,0,70,,38621,14,,,0,30,,38620,14,,,0,70,,38622,14,,,0,30,,38618,14,,,0,70,,38623,14,,,0,30,,38615,14,,,0,70,,38624,14,,,0,30,,38607,14,,,0,70,,38625,14,,,0,30,,38608,14,,,0,70,,38626,14,,,0,30,,38609,14,,,0,70,,38627,14,,,0,30,,38610,14,,,0,70,,38628,14,,,0,30,,38611,14,,,0,70,,38629,14,,,0,30,,38612,14,,,0,70,,38630,14,,,0,30,,38613,14,,,0,70,,38631,14,,,0,30,,38614,14,,,0,70,,38632,14,,,0,30,,38616,14,,,0,70,,38617,14,,,0,30,,38633,14,,,0,70,,38606,14,,,0,30,,38605,14,,,0,70,,38604,14,,,0,30,,38603,14,,,0,70,,38602,14,,,0,30,,38634,14,,,0,70,,38635,14,,,0,30,,38636,14,,,0,70,,38601,14,,,0,30,,38637,14,,,0,70,,38641,14,,,0
580601,'3',633,,38660,14,,,0,70,,38662,14,,,0,30,,38661,14,,,0,70,,38663,14,,,0,30,,38659,14,,,0,70,,38664,14,,,0,30,,38656,14,,,0,70,,38665,14,,,0,30,,38648,14,,,0,70,,38666,14,,,0,30,,38649,14,,,0,70,,38667,14,,,0,30,,38650,14,,,0,70,,38668,14,,,0,30,,38651,14,,,0,70,,38669,14,,,0,30,,38652,14,,,0,70,,38670,14,,,0,30,,38653,14,,,0,70,,38671,14,,,0,30,,38654,14,,,0,70,,38672,14,,,0,30,,38655,14,,,0,70,,38673,14,,,0,30,,38657,14,,,0,70,,38658,14,,,0,30,,38674,14,,,0,70,,38647,14,,,0,30,,38646,14,,,0,70,,38645,14,,,0,30,,38644,14,,,0,70,,38643,14,,,0,30,,38675,14,,,0,70,,38676,14,,,0,30,,38677,14,,,0,79,,38642,14,,,0
580601,'4',635,,38693,14,,,0,70,,38695,14,,,0,30,,38694,14,,,0,70,,38696,14,,,0,30,,38692,14,,,0,70,,38697,14,,,0,30,,38689,14,,,0,70,,38698,14,,,0,30,,38681,14,,,0,70,,38699,14,,,0,30,,38682,14,,,0,70,,38700,14,,,0,30,,38683,14,,,0,70,,38701,14,,,0,30,,38684,14,,,0,70,,38702,14,,,0,30,,38685,14,,,0,70,,38703,14,,,0,30,,38686,14,,,0,70,,38704,14,,,0,30,,38687,14,,,0,70,,38705,14,,,0,30,,38688,14,,,0,70,,38706,14,,,0,30,,38690,14,,,0,70,,38691,14,,,0,30,,38707,14,,,0,70,,38680,14,,,0,30,,38679,14,,,0,70,,38678,14,,,0
580601,'6',507,,38745,14,,,0,30,,38746,14,,,0,70,,38747,14,,,0,26,,38726,14,,,0,70,,38728,14,,,0,30,,38727,14,,,0,70,,38729,14,,,0,30,,38725,14,,,0,70,,38730,14,,,0,30,,38722,14,,,0,70,,38731,14,,,0,30,,38714,14,,,0,70,,38732,14,,,0,30,,38715,14,,,0,70,,38733,14,,,0,30,,38716,14,,,0,70,,38734,14,,,0,30,,38717,14,,,0,70,,38735,14,,,0,30,,38718,14,,,0,70,,38736,14,,,0,30,,38719,14,,,0,70,,38737,14,,,0,30,,38720,14,,,0,70,,38738,14,,,0,30,,38721,14,,,0,70,,38739,14,,,0,30,,38723,14,,,0,70,,38724,14,,,0,30,,38740,14,,,0,70,,38713,14,,,0,30,,38712,14,,,0,70,,38711,14,,,0,30,,38710,14,,,0,70,,38709,14,,,0,30,,38741,14,,,0,70,,38742,14,,,0,30,,38743,14,,,0,70,,38708,14,,,0,30,,38744,14,,,0,70,,38748,14,,,0
580700,'1',557,,38810,35,,,0,70,,38808,35,,,0,17,,38806,35,,,0,15,,38805,35,,,0,55,,38804,35,,,0,15,,38803,35,,,0,15,,38802,35,,,0,15,,38801,35,,,0,55,,38800,35,,,0,15,,38799,35,,,0,15,,38798,35,,,0,15,,38797,35,,,0,55,,38796,35,,,0,15,,38795,35,,,0,21,,38794,35,,,0,60,,38793,35,,,0,30,,38792,35,,,0,70,,38791,35,,,0,30,,38790,35,,,0,70,,38789,35,,,0,30,,38788,35,,,0,70,,38787,35,,,0,28,,38785,35,,,0,70,,38783,35,,,0,25,,38781,35,,,0,15,,38780,35,,,0,55,,38779,35,,,0,15,,38778,35,,,0,15,,38777,35,,,0,15,,38776,35,,,0,55,,38775,35,,,0,15,,38774,35,,,0,15,,38773,35,,,0,15,,38772,35,,,0,55,,38771,35,,,0,15,,38770,35,,,0,15,,38769,35,,,0,15,,38768,35,,,0,55,,38767,35,,,0,15,,38766,35,,,0,15,,38765,35,,,0,70,,38764,35,,,0,30,,38763,35,,,0,70,,38762,35,,,0,30,,38761,35,,,0,70,,38760,35,,,0,30,,38759,35,,,0,71,,38758,35,,,0,30,,38757,35,,,0,70,,38756,35,,,0,30,,38755,35,,,0,70,,38754,35,,,0,30,,38750,35,,,0,70,,38753,35,,,0,25,,38752,35,0,5 6,0,97,,38751,35,0,7 4 8 9 10,0
580700,'2',539,,38854,35,,,0,70,,38816,35,,,0,30,,38817,35,,,0,75,,38818,35,,,0,30,,38819,35,,,0,70,,38820,35,,,0,30,,38821,35,,,0,70,,38822,35,,,0,30,,38823,35,,,0,70,,38824,35,,,0,29,,38825,35,,,0,70,,38826,35,,,0,30,,38827,35,,,0,70,,38828,35,,,0,30,,38829,35,,,0,70,,38830,35,,,0,30,,38831,35,,,0,70,,38832,35,,,0,30,,38833,35,,,0,70,,38834,35,,,0,30,,38835,35,,,0,70,,38836,35,,,0,30,,38837,35,,,0,70,,38838,35,,,0,30,,38839,35,,,0,70,,38840,35,,,0,30,,38841,35,,,0,72,,38842,35,,,0,30,,38843,35,,,0,70,,38844,35,,,0,30,,38845,35,,,0,70,,38846,35,,,0,30,,38847,35,,,0,70,,38848,35,,,0,30,,38849,35,,,0,70,,38850,35,,,0,30,,38851,35,,,0,70,,38852,35,,,0,43,,38853,35,,,0
580700,'3',632,,38855,35,,,0,70,,38868,35,,,0,40,,38856,35,,,0,70,,38869,35,,,0,30,,38857,35,,,0,70,,38870,35,,,0,30,,38858,35,,,0,70,,38871,35,,,0,31,,38859,35,,,0,70,,38872,35,,,0,30,,38860,35,,,0,70,,38873,35,,,0,30,,38861,35,,,0,70,,38874,35,,,0,30,,38862,35,,,0,70,,38875,35,,,0,30,,38863,35,,,0,70,,38876,35,,,0,30,,38864,35,,,0,70,,38877,35,,,0,30,,38865,35,,,0,70,,38878,35,,,0,30,,38866,35,,,0,70,,38879,35,,,0,33,,38867,35,,,0,70,,38889,35,,,0,30,,38880,35,,,0,70,,38886,35,,,0,30,,38881,35,,,0,70,,38887,35,,,0,30,,38882,35,,,0,70,,38888,35,,,0,30,,38883,35,,,0,70,,38890,35,,,0,30,,38884,35,,,0,70,,38891,35,,,0,30,,38885,35,0,7 4 8 9 10,0
580700,'4',654,,38907,35,,,0,70,,38892,35,,,0,30,,38908,35,,,0,70,,38893,35,,,0,30,,38909,35,,,0,70,,38894,35,,,0,30,,38910,35,,,0,70,,38895,35,,,0,30,,38911,35,,,0,70,,38896,35,,,0,30,,38912,35,,,0,70,,38897,35,,,0,30,,38913,35,,,0,70,,38898,35,,,0,30,,38914,35,,,0,70,,38899,35,,,0,30,,38915,35,,,0,70,,38900,35,,,0,30,,38916,35,,,0,70,,38901,35,,,0,30,,38917,35,,,0,70,,38902,35,,,0,30,,38918,35,,,0,70,,38903,35,,,0,30,,38919,35,,,0,70,,38904,35,,,0,30,,38920,35,,,0,70,,38905,35,,,0,30,,38921,35,,,0,70,,38906,35,0,7 4 8 9 10,0
580700,'6',632,,38924,35,,,0,70,,38937,35,,,0,40,,38925,35,,,0,70,,38938,35,,,0,30,,38926,35,,,0,70,,38939,35,,,0,30,,38927,35,,,0,70,,38940,35,,,0,31,,38928,35,,,0,70,,38941,35,,,0,30,,38929,35,,,0,70,,38942,35,,,0,30,,38930,35,,,0,70,,38943,35,,,0,30,,38931,35,,,0,70,,38944,35,,,0,30,,38932,35,,,0,70,,38945,35,,,0,30,,38933,35,,,0,70,,38946,35,,,0,30,,38934,35,,,0,70,,38947,35,,,0,30,,38935,35,,,0,70,,38948,35,,,0,33,,38936,35,,,0,70,,38958,35,,,0,30,,38949,35,,,0,70,,38955,35,,,0,30,,38950,35,,,0,70,,38956,35,,,0,30,,38951,35,,,0,70,,38957,35,,,0,30,,38952,35,,,0,70,,38959,35,,,0,30,,38953,35,,,0,70,,38960,35,,,0,30,,38954,35,0,7 4 8 9 10,0
580701,'1601',836,,38961,37,0,21 22,0
580701,'1',431,,39023,27,,,0,28,,39022,27,,,0,76,,39021,27,,,0,15,,39020,27,,,0,50,,39018,27,,,0,2,,39019,62,,,0,28,,39016,27,,,0,2,,39017,62,,,0,24,,39015,62,,,0,44,,39014,27,,,0,18,,39013,62,,,0,14,,39012,62,,,0,15,,39011,62,,,0,55,,39010,62,,,0,15,,39009,62,,,0,15,,39008,62,,,0,15,,39007,62,,,0,55,,39006,62,,,0,15,,39005,62,,,0,15,,39004,62,,,0,15,,39003,62,,,0,65,,39002,62,,,0,28,,39001,62,,,0,70,,39000,62,,,0,30,,38999,62,,,0,70,,38998,62,,,0,30,,38997,62,,,0,70,,38996,62,,,0,20,,38995,27,,,0,10,,38994,62,,,0,60,,38993,27,,,0,10,,38992,62,,,0,27,,38991,62,,,0,15,,38990,62,,,0,55,,38989,62,,,0,15,,38988,62,,,0,15,,38987,62,,,0,15,,38986,62,,,0,55,,38985,62,,,0,15,,38984,62,,,0,15,,38983,62,,,0,15,,38982,62,,,0,55,,38981,62,,,0,15,,38980,62,,,0,15,,38979,62,,,0,15,,38978,62,,,0,55,,38977,62,,,0,15,,38976,62,,,0,20,,38975,62,,,0,70,,38974,62,,,0,33,,38973,62,,,0,70,,38972,62,,,0,30,,38971,62,,,0,70,,38970,62,,,0,30,,38969,62,,,0,70,,38968,62,,,0,30,,38967,62,,,0,70,,38966,62,,,0,30,,38963,62,,,0,70,,38965,62,,,0,30,,38962,62,,,0,70,,38964,62,,,0
580701,'2',549,,39063,62,,,0,70,,39024,62,,,0,30,,39025,62,,,0,70,,39026,62,,,0,25,,39038,62,,,0,70,,39027,62,,,0,30,,39039,62,,,0,70,,39028,62,,,0,30,,39040,62,,,0,70,,39029,62,,,0,32,,39041,62,,,0,70,,39030,62,,,0,30,,39042,62,,,0,70,,39043,62,,,0,30,,39044,62,,,0,70,,39045,62,,,0,30,,39046,62,,,0,70,,39047,62,,,0,30,,39048,62,,,0,70,,39031,62,,,0,30,,39049,62,,,0,70,,39032,62,,,0,30,,39050,62,,,0,70,,39033,62,,,0,30,,39051,62,,,0,70,,39052,62,,,0,30,,39053,62,,,0,70,,39034,62,,,0,28,,39054,62,,,0,70,,39055,62,,,0,30,,39056,62,,,0,70,,39057,62,,,0,30,,39058,62,,,0,70,,39059,62,,,0,30,,39060,62,,,0,70,,39035,62,,,0,30,,39036,62,,,0,70,,39061,62,,,0,30,,39037,62,,,0,85,,39062,62,,,0
580701,'3',610,,39065,27,,,0,30,,39066,27,,,0,70,,39101,62,,,0,30,,39067,62,,,0,76,,39084,62,,,0,24,,39068,62,,,0,76,,39085,62,,,0,30,,39069,62,,,0,70,,39086,62,,,0,30,,39070,62,,,0,70,,39087,62,,,0,30,,39071,62,,,0,70,,39088,62,,,0,30,,39072,62,,,0,70,,39089,62,,,0,30,,39073,62,,,0,70,,39090,62,,,0,30,,39074,62,,,0,70,,39091,62,,,0,30,,39075,62,,,0,70,,39092,62,,,0,30,,39076,62,,,0,70,,39093,62,,,0,30,,39077,62,,,0,70,,39094,62,,,0,30,,39078,62,,,0,70,,39095,62,,,0,30,,39079,62,,,0,70,,39096,62,,,0,30,,39080,62,,,0,70,,39097,62,,,0,30,,39081,62,,,0,70,,39098,62,,,0,30,,39082,62,,,0,70,,39099,62,,,0,30,,39083,62,,,0,70,,39100,62,,,0
580701,'4',657,,39131,62,,,0,70,,39132,62,,,0,30,,39115,62,,,0,70,,39117,62,,,0,30,,39114,62,,,0,70,,39118,62,,,0,30,,39113,62,,,0,70,,39119,62,,,0,30,,39112,62,,,0,70,,39120,62,,,0,30,,39111,62,,,0,70,,39121,62,,,0,30,,39110,62,,,0,70,,39122,62,,,0,30,,39109,62,,,0,70,,39123,62,,,0,30,,39108,62,,,0,70,,39124,62,,,0,30,,39107,62,,,0,70,,39125,62,,,0,30,,39106,62,,,0,70,,39126,62,,,0,30,,39105,62,,,0,70,,39127,62,,,0,30,,39104,62,,,0,70,,39128,62,,,0,30,,39103,62,,,0,70,,39129,62,,,0,30,,39102,62,,,0,70,,39130,62,,,0
580701,'6',610,,39134,27,,,0,30,,39135,27,,,0,70,,39170,62,,,0,30,,39136,62,,,0,76,,39153,62,,,0,24,,39137,62,,,0,76,,39154,62,,,0,30,,39138,62,,,0,70,,39155,62,,,0,30,,39139,62,,,0,70,,39156,62,,,0,30,,39140,62,,,0,70,,39157,62,,,0,30,,39141,62,,,0,70,,39158,62,,,0,30,,39142,62,,,0,70,,39159,62,,,0,30,,39143,62,,,0,70,,39160,62,,,0,30,,39144,62,,,0,70,,39161,62,,,0,30,,39145,62,,,0,70,,39162,62,,,0,30,,39146,62,,,0,70,,39163,62,,,0,30,,39147,62,,,0,70,,39164,62,,,0,30,,39148,62,,,0,70,,39165,62,,,0,30,,39149,62,,,0,70,,39166,62,,,0,30,,39150,62,,,0,70,,39167,62,,,0,30,,39151,62,,,0,70,,39168,62,,,0,30,,39152,62,,,0,70,,39169,62,,,0
