578301,'1',518,,31011,40,0,29 30 6,0,30,,31013,82,0,20 4 12 13,0,60,,31015,76,0,29 30 6,0,15,,31016,82,0,20 4 12 13,0,14,,31018,76,0,29 30 6,0,12,,31019,82,0,20 4 12 13,0,55,,31021,76,0,29 30 6,0,15,,31023,82,0,20 4 12 13,0,15,,31025,76,0,29 30 6,0,16,,31027,82,0,20 4 12 13,0,54,,31029,76,0,29 30 6,0,16,,31031,82,0,20 4 12 13,0,14,,31033,76,0,29 30 6,0,16,,31035,82,0,20 4 12 13,0,54,,31037,76,0,29 30 6,0,16,,31039,82,0,20 4 12 13,0,14,,31041,76,0,29 30 6,0,16,,31043,82,0,20 4 12 13,0,54,,31045,76,0,29 30 6,0,16,,31047,82,0,20 4 12 13,0,15,,31049,76,0,29 30 6,0,19,,31051,82,0,20 4 12 13,0,49,,31052,76,0,29 30 6,0,21,,31054,82,0,20 4 12 13,0,9,,31055,76,0,29 30 6,0,21,,31057,82,0,20 4 12 13,0,49,,31058,76,0,29 30 6,0,21,,31060,82,0,20 4 12 13,0,9,,31061,76,0,29 30 6,0,21,,31063,82,0,20 4 12 13,0,49,,31064,76,0,29 30 6,0,21,,31066,82,0,20 4 12 13,0,9,,31067,76,0,29 30 6,0,21,,31069,82,0,20 4 12 13,0,49,,31070,76,0,29 30 6,0,21,,31072,82,0,20 4 12 13,0,12,,31073,76,0,29 30 6,0,20,,31075,82,0,20 4 12 13,0,56,,31077,76,0,29 30 6,0,15,,31079,82,0,20 4 12 13,0,15,,31081,76,0,29 30 6,0,15,,31083,82,0,20 4 12 13,0,55,,31085,76,0,29 30 6,0,15,,31087,82,0,20 4 12 13,0,15,,31089,76,0,29 30 6,0,15,,31091,82,0,20 4 12 13,0,55,,31093,76,0,29 30 6,0,15,,31095,82,0,20 4 12 13,0,15,,31097,76,0,29 30 6,0,15,,31099,82,0,20 4 12 13,0,54,,31101,76,0,29 30 6,0,14,,31103,82,0,20 4 12 13,0,13,,31105,76,0,29 30 6,0,12,,31107,82,0,20 4 12 13,0,56,,31109,76,0,29 30 6,0,17,,31111,82,0,20 4 12 13,0,17,,31113,76,0,29 30 6,0,16,,31115,82,0,20 4 12 13,0,48,,31116,76,0,29 30 6,0,16,,31118,82,0,20 4 12 13,0,18,,31120,76,0,29 30 6,0,20,,31122,82,0,20 4 12 13,0,50,,31123,76,0,29 30 6,0,20,,31125,76,0,29 30 6,0,10,,31126,82,0,20 4 12 13,0,20,,31128,82,0,20 4 12 13,0,50,,31129,76,0,29 30 6,0,18,,31131,82,0,20 4 12 13,0,24,,31133,76,0,29 30 6,0,56,,31134,82,0,20 4 12 13,0,29,,31137,76,0,29 30 6,0,16,,31138,82,0,20 4 12 13,0,69,,31140,76,0,29 30 6,0,16,,31141,82,0,20 4 12 13,0,80,,31143,82,0,20 4 12 13,0,24,,31145,76,0,29 30 6,0
578301,'2',511,,31149,40,0,29 30 6,0,6,,31150,82,0,20 4 12 13,0,22,,31152,82,0,20 4 12 13,0,12,,31153,76,0,29 30 6,0,64,,31155,82,0,20 4 12 13,0,12,,31156,76,0,29 30 6,0,24,,31158,82,0,20 4 12 13,0,52,,31159,76,0,29 30 6,0,24,,31161,82,0,20 4 12 13,0,12,,31162,76,0,29 30 6,0,64,,31164,82,0,20 4 12 13,0,12,,31165,76,0,29 30 6,0,29,,31167,82,0,20 4 12 13,0,11,,31168,76,0,29 30 6,0,65,,31170,82,0,20 4 12 13,0,11,,31171,76,0,29 30 6,0,25,,31173,82,0,20 4 12 13,0,51,,31174,76,0,29 30 6,0,25,,31176,82,0,20 4 12 13,0,11,,31177,76,0,29 30 6,0,65,,31179,82,0,20 4 12 13,0,11,,31180,76,0,29 30 6,0,25,,31182,82,0,20 4 12 13,0,11,,31183,76,0,29 30 6,0,65,,31185,82,0,20 4 12 13,0,11,,31186,76,0,29 30 6,0,25,,31188,82,0,20 4 12 13,0,51,,31189,76,0,29 30 6,0,25,,31191,82,0,20 4 12 13,0,11,,31192,76,0,29 30 6,0,65,,31194,82,0,20 4 12 13,0,11,,31195,76,0,29 30 6,0,25,,31197,82,0,20 4 12 13,0,11,,31198,76,0,29 30 6,0,65,,31200,82,0,20 4 12 13,0,11,,31201,76,0,29 30 6,0,25,,31203,82,0,20 4 12 13,0,51,,31204,76,0,29 30 6,0,25,,31206,82,0,20 4 12 13,0,11,,31207,76,0,29 30 6,0,65,,31209,82,0,20 4 12 13,0,11,,31210,76,0,29 30 6,0,25,,31212,82,0,20 4 12 13,0,10,,31213,76,0,29 30 6,0,65,,31215,82,0,20 4 12 13,0,11,,31216,76,0,29 30 6,0,25,,31218,82,0,20 4 12 13,0,51,,31219,76,0,29 30 6,0,25,,31221,82,0,20 4 12 13,0,11,,31222,76,0,29 30 6,0,64,,31224,82,0,20 4 12 13,0,11,,31225,76,0,29 30 6,0,25,,31227,82,0,20 4 12 13,0,11,,31228,76,0,29 30 6,0,69,,31230,82,0,20 4 12 13,0,14,,31231,76,0,29 30 6,0,71,,31233,82,0,20 4 12 13,0,27,,31235,76,0,29 30 6,0,16,,31236,82,0,20 4 12 13,0,69,,31238,76,0,29 30 6,0,16,,31239,82,0,20 4 12 13,0,69,,31241,76,0,29 30 6,0,16,,31242,82,0,20 4 12 13,0,29,,31244,76,0,29 30 6,0,56,,31245,82,0,20 4 12 13,0,34,,31247,76,0,29 30 6,0
578301,'3',525,,31251,40,0,20 4 12 13,0,20,,31253,40,0,29 30 6,0,65,,31255,40,0,20 4 12 13,0,10,,31256,82,0,20 4 12 13,0,15,,31257,76,0,29 30 6,0,70,,31259,82,0,20 4 12 13,0,15,,31260,76,0,29 30 6,0,30,,31262,82,0,20 4 12 13,0,55,,31263,76,0,29 30 6,0,30,,31265,82,0,20 4 12 13,0,15,,31266,76,0,29 30 6,0,70,,31268,82,0,20 4 12 13,0,15,,31269,76,0,29 30 6,0,68,,31271,82,0,20 4 12 13,0,12,,31272,76,0,29 30 6,0,27,,31274,82,0,20 4 12 13,0,13,,31275,76,0,29 30 6,0,63,,31277,82,0,20 4 12 13,0,13,,31278,76,0,29 30 6,0,23,,31280,82,0,20 4 12 13,0,53,,31281,76,0,29 30 6,0,23,,31283,82,0,20 4 12 13,0,13,,31284,76,0,29 30 6,0,63,,31286,82,0,20 4 12 13,0,13,,31287,76,0,29 30 6,0,23,,31289,82,0,20 4 12 13,0,13,,31290,76,0,29 30 6,0,63,,31292,82,0,20 4 12 13,0,13,,31293,76,0,29 30 6,0,23,,31295,82,0,20 4 12 13,0,53,,31296,76,0,29 30 6,0,23,,31298,82,0,20 4 12 13,0,13,,31299,76,0,29 30 6,0,63,,31301,82,0,20 4 12 13,0,13,,31302,76,0,29 30 6,0,23,,31304,82,0,20 4 12 13,0,13,,31305,76,0,29 30 6,0,63,,31307,82,0,20 4 12 13,0,13,,31308,76,0,29 30 6,0,23,,31310,82,0,20 4 12 13,0,53,,31311,76,0,29 30 6,0,23,,31313,82,0,20 4 12 13,0,13,,31314,76,0,29 30 6,0,63,,31316,82,0,20 4 12 13,0,13,,31317,76,0,29 30 6,0,22,,31319,82,0,20 4 12 13,0,13,,31320,76,0,29 30 6,0,69,,31322,82,0,20 4 12 13,0,16,,31323,76,0,29 30 6,0,69,,31325,82,0,20 4 12 13,0,16,,31326,76,0,29 30 6,0,29,,31328,82,0,20 4 12 13,0,56,,31329,76,0,29 30 6,0,27,,31331,82,0,20 4 12 13,0,15,,31332,76,0,29 30 6,0,70,,31334,82,0,20 4 12 13,0,15,,31335,76,0,29 30 6,0,70,,31337,82,0,20 4 12 13,0,15,,31339,76,0,29 30 6,0
578301,'4',538,,31406,40,0,29 30 6,0,21,,31342,40,0,20 4 12 13,0,50,,31343,40,0,29 30 6,0,25,,31345,82,0,20 4 12 13,0,15,,31346,76,0,29 30 6,0,70,,31348,82,0,20 4 12 13,0,15,,31349,76,0,29 30 6,0,70,,31351,82,0,20 4 12 13,0,15,,31352,76,0,29 30 6,0,30,,31354,82,0,20 4 12 13,0,55,,31355,76,0,29 30 6,0,30,,31357,82,0,20 4 12 13,0,15,,31358,76,0,29 30 6,0,73,,31360,82,0,20 4 12 13,0,16,,31361,76,0,29 30 6,0,69,,31363,82,0,20 4 12 13,0,16,,31364,76,0,29 30 6,0,29,,31366,82,0,20 4 12 13,0,56,,31367,76,0,29 30 6,0,29,,31369,82,0,20 4 12 13,0,16,,31370,76,0,29 30 6,0,69,,31372,82,0,20 4 12 13,0,16,,31373,76,0,29 30 6,0,69,,31375,82,0,20 4 12 13,0,16,,31376,76,0,29 30 6,0,29,,31378,82,0,20 4 12 13,0,56,,31379,76,0,29 30 6,0,29,,31381,82,0,20 4 12 13,0,16,,31382,76,0,29 30 6,0,69,,31384,82,0,20 4 12 13,0,16,,31385,76,0,29 30 6,0,69,,31387,82,0,20 4 12 13,0,16,,31388,76,0,29 30 6,0,29,,31390,82,0,20 4 12 13,0,56,,31391,76,0,29 30 6,0,27,,31393,82,0,20 4 12 13,0,15,,31394,76,0,29 30 6,0,70,,31396,82,0,20 4 12 13,0,15,,31397,76,0,29 30 6,0,70,,31399,82,0,20 4 12 13,0,15,,31400,76,0,29 30 6,0,30,,31402,82,0,20 4 12 13,0,55,,31403,76,0,29 30 6,0
578301,'6',525,,31408,40,0,20 4 12 13,0,20,,31410,40,0,29 30 6,0,65,,31412,40,0,20 4 12 13,0,10,,31413,82,0,20 4 12 13,0,15,,31414,76,0,29 30 6,0,70,,31416,82,0,20 4 12 13,0,15,,31417,76,0,29 30 6,0,30,,31419,82,0,20 4 12 13,0,55,,31420,76,0,29 30 6,0,30,,31422,82,0,20 4 12 13,0,15,,31423,76,0,29 30 6,0,70,,31425,82,0,20 4 12 13,0,15,,31426,76,0,29 30 6,0,68,,31428,82,0,20 4 12 13,0,12,,31429,76,0,29 30 6,0,27,,31431,82,0,20 4 12 13,0,13,,31432,76,0,29 30 6,0,63,,31434,82,0,20 4 12 13,0,13,,31435,76,0,29 30 6,0,23,,31437,82,0,20 4 12 13,0,53,,31438,76,0,29 30 6,0,23,,31440,82,0,20 4 12 13,0,13,,31441,76,0,29 30 6,0,63,,31443,82,0,20 4 12 13,0,13,,31444,76,0,29 30 6,0,23,,31446,82,0,20 4 12 13,0,13,,31447,76,0,29 30 6,0,63,,31449,82,0,20 4 12 13,0,13,,31450,76,0,29 30 6,0,23,,31452,82,0,20 4 12 13,0,53,,31453,76,0,29 30 6,0,23,,31455,82,0,20 4 12 13,0,13,,31456,76,0,29 30 6,0,63,,31458,82,0,20 4 12 13,0,13,,31459,76,0,29 30 6,0,23,,31461,82,0,20 4 12 13,0,13,,31462,76,0,29 30 6,0,63,,31464,82,0,20 4 12 13,0,13,,31465,76,0,29 30 6,0,23,,31467,82,0,20 4 12 13,0,53,,31468,76,0,29 30 6,0,23,,31470,82,0,20 4 12 13,0,13,,31471,76,0,29 30 6,0,63,,31473,82,0,20 4 12 13,0,13,,31474,76,0,29 30 6,0,22,,31476,82,0,20 4 12 13,0,13,,31477,76,0,29 30 6,0,69,,31479,82,0,20 4 12 13,0,16,,31480,76,0,29 30 6,0,69,,31482,82,0,20 4 12 13,0,16,,31483,76,0,29 30 6,0,29,,31485,82,0,20 4 12 13,0,56,,31486,76,0,29 30 6,0,27,,31488,82,0,20 4 12 13,0,15,,31489,76,0,29 30 6,0,70,,31491,82,0,20 4 12 13,0,15,,31492,76,0,29 30 6,0,70,,31494,82,0,20 4 12 13,0,15,,31496,76,0,29 30 6,0
578900,'1',542,,32428,45,,,0,70,,32462,45,,,0,30,,32455,45,,,0,70,,32458,45,,,0,33,,32457,45,,,0,70,,32456,45,,,0,30,,32461,45,,,0,70,,32460,45,,,0,30,,32459,45,,,0,70,,32452,45,,,0,30,,32451,45,,,0,70,,32450,45,,,0,30,,32449,45,,,0,70,,32448,45,,,0,30,,32447,45,,,0,70,,32446,45,,,0,30,,32445,45,,,0,70,,32454,45,,,0,30,,32453,45,,,0,70,,32441,45,,,0,30,,32435,45,,,0,70,,32440,45,,,0,30,,32444,45,,,0,70,,32443,45,,,0,30,,32442,45,,,0,70,,32433,45,,,0,26,,32439,45,,,0,70,,32431,45,,,0,30,,32430,45,,,0,70,,32429,45,,,0,30,,32432,45,,,0,70,,32426,45,,,0,30,,32436,45,,,0,70,,32425,45,,,0,31,,32434,45,,,0,70,,32424,45,,,0,40,,32438,45,,,0,90,,32437,45,,,0,100,,32427,45,,,0
578900,'2',526,,32498,43,,,0,30,,32499,43,,,0,70,,32470,43,,,0,30,,32500,43,,,0,70,,32494,43,,,0,30,,32493,43,,,0,73,,32488,43,,,0,30,,32487,43,,,0,70,,32491,43,,,0,30,,32490,43,,,0,70,,32489,43,,,0,30,,32481,43,,,0,70,,32476,43,,,0,30,,32486,43,,,0,70,,32473,43,,,0,30,,32472,43,,,0,70,,32471,43,,,0,30,,32475,43,,,0,70,,32474,43,,,0,30,,32477,43,,,0,70,,32485,43,,,0,30,,32484,43,,,0,70,,32483,43,,,0,30,,32482,43,,,0,70,,32497,43,,,0,30,,32496,43,,,0,67,,32495,43,,,0,30,,32492,43,,,0,70,,32480,43,,,0,30,,32479,43,,,0,70,,32478,43,,,0,30,,32468,43,,,0,70,,32467,43,,,0,30,,32464,43,,,0,70,,32463,43,,,0,100,,32466,43,,,0,100,,32465,43,,,0,100,,32469,43,,,0
578900,'3',526,,32535,43,,,0,30,,32536,43,,,0,70,,32507,43,,,0,30,,32537,43,,,0,70,,32531,43,,,0,30,,32530,43,,,0,73,,32525,43,,,0,30,,32524,43,,,0,70,,32528,43,,,0,30,,32527,43,,,0,70,,32526,43,,,0,30,,32518,43,,,0,70,,32513,43,,,0,30,,32523,43,,,0,70,,32510,43,,,0,30,,32509,43,,,0,70,,32508,43,,,0,30,,32512,43,,,0,70,,32511,43,,,0,30,,32514,43,,,0,70,,32522,43,,,0,30,,32521,43,,,0,70,,32520,43,,,0,30,,32519,43,,,0,70,,32534,43,,,0,30,,32533,43,,,0,67,,32532,43,,,0,30,,32529,43,,,0,70,,32517,43,,,0,30,,32516,43,,,0,70,,32515,43,,,0,30,,32506,43,,,0,70,,32505,43,,,0,30,,32502,43,,,0,70,,32501,43,,,0,100,,32504,43,,,0,100,,32503,43,,,0
578900,'4',646,,32538,43,,,0,100,,32539,43,,,0,100,,32540,43,,,0,102,,32541,43,,,0,100,,32542,43,,,0,100,,32543,43,,,0,100,,32544,43,,,0,100,,32545,43,,,0,100,,32546,43,,,0,100,,32547,43,,,0,100,,32548,43,,,0,100,,32549,43,,,0,98,,32550,43,,,0,100,,32551,43,,,0,100,,32552,43,,,0,100,,32553,43,,,0
578900,'6',526,,32588,43,,,0,30,,32589,43,,,0,70,,32560,43,,,0,30,,32590,43,,,0,70,,32584,43,,,0,30,,32583,43,,,0,73,,32578,43,,,0,30,,32577,43,,,0,70,,32581,43,,,0,30,,32580,43,,,0,70,,32579,43,,,0,30,,32571,43,,,0,70,,32566,43,,,0,30,,32576,43,,,0,70,,32563,43,,,0,30,,32562,43,,,0,70,,32561,43,,,0,30,,32565,43,,,0,70,,32564,43,,,0,30,,32567,43,,,0,70,,32575,43,,,0,30,,32574,43,,,0,70,,32573,43,,,0,30,,32572,43,,,0,70,,32587,43,,,0,30,,32586,43,,,0,67,,32585,43,,,0,30,,32582,43,,,0,70,,32570,43,,,0,30,,32569,43,,,0,70,,32568,43,,,0,30,,32559,43,,,0,70,,32558,43,,,0,30,,32555,43,,,0,70,,32554,43,,,0,100,,32557,43,,,0,100,,32556,43,,,0
