580300,'1',551,,37842,26,,,0,75,,37844,26,,,0,32,,37846,26,,,0,70,,37848,26,,,0,30,,37850,26,,,0,70,,37852,26,,,0,30,,37854,26,,,0,70,,37856,26,,,0,75,,37858,26,,,0,40,,37860,26,,,0,80,,37862,26,,,0,80,,37864,26,,,0,40,,37866,26,,,0,80,,37868,26,,,0,80,,37870,26,,,0,38,,37872,26,,,0,85,,37874,26,,,0,30,,37876,26,,,0,70,,37878,26,,,0,30,,37880,26,,,0,70,,37882,26,,,0,30,,37884,26,,,0,70,,37886,26,,,0,80,,37888,26,,,0,37,,37890,26,,,0,80,,37892,26,,,0,80,,37894,26,,,0,50,,37896,26,,,0,98,,37898,26,,,0,100,,37900,26,,,0,100,,37902,26,,,0
580300,'2',637,,37906,26,,,0,100,,37952,26,,,0,100,,37946,26,,,0,93,,37927,26,,,0,80,,37908,26,,,0,40,,37915,26,,,0,80,,37917,26,,,0,80,,37913,26,,,0,40,,37929,26,,,0,80,,37920,26,,,0,80,,37939,26,,,0,40,,37928,26,,,0,80,,37909,26,,,0,80,,37923,26,,,0,40,,37911,26,,,0,78,,37921,26,,,0,86,,37950,26,,,0,98,,37949,26,,,0,100,,37931,26,,,0,100,,37933,26,,,0,100,,37943,26,,,0,98,,37937,26,,,0,100,,37941,26,,,0,100,,37944,26,,,0
580300,'3',622,,37956,26,,,0,100,,37958,26,,,0,100,,37955,26,,,0,100,,37953,26,,,0,101,,37971,26,,,0,80,,37986,26,,,0,40,,37987,26,,,0,80,,37988,26,,,0,80,,37989,26,,,0,40,,37990,26,,,0,80,,37991,26,,,0,80,,37992,26,,,0,40,,37993,26,,,0,80,,37994,26,,,0,80,,37995,26,,,0,40,,37996,26,,,0,80,,37997,26,,,0,98,,37964,26,,,0,100,,37966,26,,,0,100,,37962,26,,,0,99,,37960,26,,,0,100,,37970,26,,,0
580300,'4',622,,37999,26,,,0,100,,38000,26,,,0,100,,38001,26,,,0,100,,38002,26,,,0,100,,38003,26,,,0,100,,38004,26,,,0,100,,38005,26,,,0,100,,38006,26,,,0,100,,38007,26,,,0,100,,38008,26,,,0,100,,38009,26,,,0,100,,38010,26,,,0,100,,38011,26,,,0,100,,38012,26,,,0,100,,38013,26,,,0,100,,38014,26,,,0
580300,'6',622,,38033,26,,,0,100,,38035,26,,,0,100,,38032,26,,,0,100,,38030,26,,,0,101,,38048,26,,,0,80,,38063,26,,,0,40,,38064,26,,,0,80,,38065,26,,,0,80,,38066,26,,,0,40,,38067,26,,,0,80,,38068,26,,,0,80,,38069,26,,,0,40,,38070,26,,,0,80,,38071,26,,,0,80,,38072,26,,,0,40,,38073,26,,,0,80,,38074,26,,,0,98,,38041,26,,,0,100,,38043,26,,,0,100,,38039,26,,,0,99,,38037,26,,,0,100,,38047,26,,,0
580700,'1601',1509,,38749,12,0,5 6,0
580700,'1',448,,38815,2,,,0,70,,38814,2,,,0,24,,38813,2,,,0,62,,38812,2,,,0,7,,38811,2,,,0,4,,38810,57,,,0,27,,38809,2,,,0,3,,38808,57,,,0,55,,38807,2,,,0,5,,38806,57,,,0,15,,38805,57,,,0,15,,38804,57,,,0,15,,38803,57,,,0,55,,38802,57,,,0,15,,38801,57,,,0,15,,38800,57,,,0,15,,38799,57,,,0,55,,38798,57,,,0,15,,38797,57,,,0,15,,38796,57,,,0,15,,38795,57,,,0,60,,38794,57,,,0,20,,38793,57,,,0,70,,38792,57,,,0,30,,38791,57,,,0,70,,38790,57,,,0,30,,38789,57,,,0,70,,38788,57,,,0,30,,38787,57,,,0,24,,38786,2,,,0,46,,38785,57,,,0,7,,38784,2,,,0,23,,38783,57,,,0,7,,38782,2,,,0,18,,38781,57,,,0,55,,38780,57,,,0,15,,38779,57,,,0,15,,38778,57,,,0,15,,38777,57,,,0,55,,38776,57,,,0,15,,38775,57,,,0,15,,38774,57,,,0,15,,38773,57,,,0,55,,38772,57,,,0,15,,38771,57,,,0,15,,38770,57,,,0,15,,38769,57,,,0,55,,38768,57,,,0,15,,38767,57,,,0,15,,38766,57,,,0,15,,38765,57,,,0,65,,38764,57,,,0,30,,38763,57,,,0,70,,38762,57,,,0,30,,38761,57,,,0,70,,38760,57,,,0,30,,38759,57,,,0,70,,38758,57,,,0,30,,38757,57,,,0,70,,38756,57,,,0,30,,38755,57,,,0,70,,38754,57,,,0,30,,38750,57,,,0,70,,38753,57,,,0,25,,38752,57,0,5 6,0
580700,'2',556,,38854,57,,,0,70,,38816,57,,,0,30,,38817,57,,,0,75,,38818,57,,,0,70,,38819,57,,,0,30,,38820,57,,,0,70,,38821,57,,,0,30,,38822,57,,,0,70,,38823,57,,,0,30,,38824,57,,,0,70,,38825,57,,,0,30,,38826,57,,,0,70,,38827,57,,,0,30,,38828,57,,,0,70,,38829,57,,,0,30,,38830,57,,,0,70,,38831,57,,,0,30,,38832,57,,,0,70,,38833,57,,,0,30,,38834,57,,,0,70,,38835,57,,,0,30,,38836,57,,,0,70,,38837,57,,,0,30,,38838,57,,,0,70,,38839,57,,,0,30,,38840,57,,,0,70,,38841,57,,,0,30,,38842,57,,,0,70,,38843,57,,,0,30,,38844,57,,,0,70,,38845,57,,,0,30,,38846,57,,,0,70,,38847,57,,,0,30,,38848,57,,,0,70,,38849,57,,,0,30,,38850,57,,,0,70,,38851,57,,,0,30,,38852,57,,,0,83,,38853,57,,,0
580700,'3',647,,38855,57,,,0,70,,38868,57,,,0,40,,38856,57,,,0,70,,38869,57,,,0,30,,38857,57,,,0,70,,38870,57,,,0,30,,38858,57,,,0,70,,38871,57,,,0,74,,38859,57,,,0,30,,38872,57,,,0,70,,38860,57,,,0,30,,38873,57,,,0,70,,38861,57,,,0,30,,38874,57,,,0,70,,38862,57,,,0,30,,38875,57,,,0,70,,38863,57,,,0,30,,38876,57,,,0,70,,38864,57,,,0,30,,38877,57,,,0,70,,38865,57,,,0,30,,38878,57,,,0,70,,38866,57,,,0,30,,38879,57,,,0,70,,38867,57,,,0,30,,38889,57,,,0,70,,38880,57,,,0,30,,38886,57,,,0,70,,38881,57,,,0,30,,38887,57,,,0,70,,38882,57,,,0,30,,38888,57,,,0,70,,38883,57,,,0,30,,38890,57,,,0,70,,38884,57,,,0,30,,38891,57,,,0
580700,'4',615,,38922,2,,,0,30,,38923,2,,,0,61,,38907,57,,,0,30,,38892,57,,,0,70,,38908,57,,,0,30,,38893,57,,,0,70,,38909,57,,,0,30,,38894,57,,,0,70,,38910,57,,,0,30,,38895,57,,,0,70,,38911,57,,,0,30,,38896,57,,,0,70,,38912,57,,,0,30,,38897,57,,,0,70,,38913,57,,,0,30,,38898,57,,,0,70,,38914,57,,,0,30,,38899,57,,,0,70,,38915,57,,,0,30,,38900,57,,,0,70,,38916,57,,,0,30,,38901,57,,,0,70,,38917,57,,,0,30,,38902,57,,,0,70,,38918,57,,,0,30,,38903,57,,,0,70,,38919,57,,,0,30,,38904,57,,,0,70,,38920,57,,,0,30,,38905,57,,,0,70,,38921,57,,,0
580700,'6',647,,38924,57,,,0,70,,38937,57,,,0,40,,38925,57,,,0,70,,38938,57,,,0,30,,38926,57,,,0,70,,38939,57,,,0,30,,38927,57,,,0,70,,38940,57,,,0,74,,38928,57,,,0,30,,38941,57,,,0,70,,38929,57,,,0,30,,38942,57,,,0,70,,38930,57,,,0,30,,38943,57,,,0,70,,38931,57,,,0,30,,38944,57,,,0,70,,38932,57,,,0,30,,38945,57,,,0,70,,38933,57,,,0,30,,38946,57,,,0,70,,38934,57,,,0,30,,38947,57,,,0,70,,38935,57,,,0,30,,38948,57,,,0,70,,38936,57,,,0,30,,38958,57,,,0,70,,38949,57,,,0,30,,38955,57,,,0,70,,38950,57,,,0,30,,38956,57,,,0,70,,38951,57,,,0,30,,38957,57,,,0,70,,38952,57,,,0,30,,38959,57,,,0,70,,38953,57,,,0,30,,38960,57,,,0
