580001,'1',430,,36910,9,,,0,16,,36911,9,,,0,6,,36912,9,,,0,49,,36913,9,,,0,20,,36914,9,,,0,10,,36915,9,,,0,2,,36916,9,,,0,8,,36917,9,,,0,1,,36918,9,,,0,13,,36919,9,,,0,50,,36920,9,,,0,15,,36921,9,,,0,15,,36922,9,,,0,15,,36923,9,,,0,55,,36924,9,,,0,15,,36925,9,,,0,15,,36926,9,,,0,15,,36927,9,,,0,55,,36928,9,,,0,15,,36929,9,,,0,14,,36930,9,,,0,16,,36931,9,,,0,55,,36932,9,,,0,25,,36933,9,,,0,70,,36934,9,,,0,30,,36935,9,,,0,70,,36936,9,,,0,30,,36937,9,,,0,70,,36938,9,,,0,30,,36939,9,,,0,70,,36940,9,,,0,30,,36941,9,,,0,70,,36942,9,,,0,28,,36943,9,,,0,29,,36944,9,,,0,55,,36945,9,,,0,15,,36946,9,,,0,15,,36947,9,,,0,15,,36948,9,,,0,55,,36949,9,,,0,15,,36950,9,,,0,15,,36951,9,,,0,15,,36952,9,,,0,57,,36953,9,,,0,15,,36954,9,,,0,15,,36955,9,,,0,70,,36956,9,,,0,28,,36957,9,,,0,70,,36958,9,,,0,32,,36959,9,,,0,70,,36960,9,,,0,30,,36961,9,,,0,70,,36962,9,,,0,30,,36963,9,,,0,70,,36964,9,,,0,30,,36965,9,,,0,77,,36966,9,,,0,30,,36967,9,,,0,70,,36968,9,,,0,36,,36969,9,,,0
580001,'2',448,,37020,9,,,0,4,,37014,9,,,0,70,,37013,9,,,0,30,,37012,9,,,0,70,,37011,9,,,0,30,,37010,9,,,0,70,,37009,9,,,0,30,,37008,9,,,0,70,,37007,9,,,0,30,,37006,9,,,0,57,,37005,9,,,0,20,,37004,9,,,0,20,,37003,9,,,0,60,,37002,9,,,0,20,,36996,9,,,0,20,,36997,9,,,0,58,,36985,9,,,0,20,,36988,9,,,0,20,,36989,9,,,0,60,,36987,9,,,0,20,,36993,9,,,0,20,,36995,9,,,0,60,,36994,9,,,0,20,,36992,9,,,0,20,,36980,9,,,0,60,,36981,9,,,0,20,,36982,9,,,0,20,,36983,9,,,0,60,,36984,9,,,0,20,,36986,9,,,0,20,,37001,9,,,0,60,,36998,9,,,0,20,,36999,9,,,0,20,,37000,9,,,0,60,,36978,9,,,0,20,,36977,9,,,0,20,,36979,9,,,0,60,,36970,9,,,0,20,,36990,9,,,0,30,,36991,9,,,0,70,,36976,9,,,0,30,,36975,9,,,0,70,,36974,9,,,0,30,,36973,9,,,0,70,,36972,9,,,0,30,,36971,9,,,0,70,,37019,9,,,0,77,,37018,9,,,0,30,,37017,9,,,0,70,,37016,9,,,0,30,,37015,9,,,0
580001,'3',447,,37053,9,,,0,58,,37026,9,,,0,23,,37021,9,,,0,7,,37035,9,,,0,16,,37054,9,,,0,53,,37025,9,,,0,29,,37044,9,,,0,70,,37024,9,,,0,30,,37045,9,,,0,70,,37023,9,,,0,30,,37046,9,,,0,70,,37022,9,,,0,25,,37027,9,,,0,30,,37049,9,,,0,70,,37029,9,,,0,30,,37043,9,,,0,70,,37032,9,,,0,30,,37042,9,,,0,70,,37041,9,,,0,30,,37047,9,,,0,70,,37048,9,,,0,30,,37028,9,,,0,70,,37033,9,,,0,30,,37030,9,,,0,70,,37034,9,,,0,30,,37031,9,,,0,70,,37036,9,,,0,30,,37039,9,,,0,70,,37037,9,,,0,30,,37050,9,,,0,70,,37038,9,,,0,74,,37051,9,,,0,30,,37040,9,,,0,70,,37052,9,,,0,30,,37055,9,,,0,70,,37056,9,,,0,30,,37057,9,,,0,73,,37058,9,,,0,30,,37059,9,,,0,70,,37060,9,,,0,30,,37061,9,,,0
580001,'4',531,,37062,9,,,0,85,,37063,9,,,0,85,,37064,9,,,0,45,,37065,9,,,0,85,,37066,9,,,0,85,,37067,9,,,0,85,,37068,9,,,0,45,,37069,9,,,0,85,,37070,9,,,0,85,,37071,9,,,0,85,,37072,9,,,0,45,,37073,9,,,0,85,,37074,9,,,0,85,,37075,9,,,0,85,,37076,9,,,0,45,,37077,9,,,0,85,,37078,9,,,0,85,,37079,9,,,0,85,,37080,9,,,0,45,,37081,9,,,0,85,,37082,9,,,0
580001,'6',447,,37115,9,,,0,58,,37088,9,,,0,23,,37083,9,,,0,7,,37097,9,,,0,16,,37116,9,,,0,53,,37087,9,,,0,29,,37106,9,,,0,70,,37086,9,,,0,30,,37107,9,,,0,70,,37085,9,,,0,30,,37108,9,,,0,70,,37084,9,,,0,25,,37089,9,,,0,30,,37111,9,,,0,70,,37091,9,,,0,30,,37105,9,,,0,70,,37094,9,,,0,30,,37104,9,,,0,70,,37103,9,,,0,30,,37109,9,,,0,70,,37110,9,,,0,30,,37090,9,,,0,70,,37095,9,,,0,30,,37092,9,,,0,70,,37096,9,,,0,30,,37093,9,,,0,70,,37098,9,,,0,30,,37101,9,,,0,70,,37099,9,,,0,30,,37112,9,,,0,70,,37100,9,,,0,74,,37113,9,,,0,30,,37102,9,,,0,70,,37114,9,,,0,30,,37117,9,,,0,70,,37118,9,,,0,30,,37119,9,,,0,73,,37120,9,,,0,30,,37121,9,,,0,70,,37122,9,,,0,30,,37123,9,,,0
580301,'1',542,,38078,12,,,0,77,,38080,12,,,0,40,,38082,12,,,0,72,,38084,12,,,0,70,,38086,12,,,0,30,,38088,12,,,0,72,,38090,12,,,0,30,,38092,12,,,0,72,,38094,12,,,0,40,,38096,12,,,0,80,,38098,12,,,0,80,,38100,12,,,0,40,,38102,12,,,0,80,,38104,12,,,0,76,,38106,12,,,0,25,,38108,12,,,0,30,,38110,12,,,0,70,,38112,12,,,0,30,,38114,12,,,0,70,,38116,12,,,0,30,,38118,12,,,0,77,,38120,12,,,0,70,,38122,12,,,0,30,,38124,12,,,0,70,,38126,12,,,0,35,,38128,12,,,0,80,,38130,12,,,0,40,,38132,12,,,0,76,,38134,12,,,0,101,,38136,12,,,0,100,,38138,12,,,0,96,,38140,12,,,0
580301,'2',523,,38165,12,,,0,100,,38178,12,,,0,100,,38180,12,,,0,100,,38163,12,,,0,96,,38147,12,,,0,94,,38176,12,,,0,40,,38172,12,,,0,80,,38174,12,,,0,80,,38167,12,,,0,40,,38169,12,,,0,80,,38171,12,,,0,80,,38185,12,,,0,40,,38157,12,,,0,80,,38152,12,,,0,80,,38150,12,,,0,40,,38154,12,,,0,83,,38159,12,,,0,80,,38162,12,,,0,40,,38186,12,,,0,100,,38183,12,,,0,100,,38149,12,,,0,100,,38190,12,,,0,102,,38143,12,,,0,100,,38188,12,,,0,100,,38148,12,,,0
580301,'3',604,,38208,12,,,0,100,,38206,12,,,0,100,,38204,12,,,0,100,,38202,12,,,0,102,,38209,12,,,0,100,,38223,12,,,0,40,,38224,12,,,0,80,,38225,12,,,0,80,,38226,12,,,0,40,,38227,12,,,0,80,,38228,12,,,0,80,,38229,12,,,0,40,,38230,12,,,0,80,,38231,12,,,0,80,,38232,12,,,0,40,,38233,12,,,0,80,,38234,12,,,0,78,,38200,12,,,0,100,,38198,12,,,0,100,,38196,12,,,0,100,,38194,12,,,0,100,,38192,12,,,0
580301,'4',604,,38236,12,,,0,100,,38237,12,,,0,100,,38238,12,,,0,100,,38239,12,,,0,100,,38240,12,,,0,100,,38241,12,,,0,100,,38242,12,,,0,100,,38243,12,,,0,100,,38244,12,,,0,100,,38245,12,,,0,100,,38246,12,,,0,100,,38247,12,,,0,100,,38248,12,,,0,100,,38249,12,,,0,100,,38250,12,,,0
580301,'6',604,,38283,12,,,0,100,,38281,12,,,0,100,,38279,12,,,0,100,,38277,12,,,0,102,,38284,12,,,0,100,,38298,12,,,0,40,,38299,12,,,0,80,,38300,12,,,0,80,,38301,12,,,0,40,,38302,12,,,0,80,,38303,12,,,0,80,,38304,12,,,0,40,,38305,12,,,0,80,,38306,12,,,0,80,,38307,12,,,0,40,,38308,12,,,0,80,,38309,12,,,0,78,,38275,12,,,0,100,,38273,12,,,0,100,,38271,12,,,0,100,,38269,12,,,0,100,,38267,12,,,0
