578301,'1',518,,31014,34,0,33 4 34,0,35,,31017,34,0,33 4 34,0,63,,31020,34,0,33 4 34,0,15,,31022,34,0,33 4 34,0,15,,31024,34,0,33 4 34,0,55,,31026,34,0,33 4 34,0,15,,31028,34,0,33 4 34,0,15,,31030,34,0,33 4 34,0,15,,31032,34,0,33 4 34,0,55,,31034,34,0,33 4 34,0,15,,31036,34,0,33 4 34,0,15,,31038,34,0,33 4 34,0,15,,31040,34,0,33 4 34,0,55,,31042,34,0,33 4 34,0,15,,31044,34,0,33 4 34,0,15,,31046,34,0,33 4 34,0,15,,31048,34,0,17 18 4 19,0,56,,31050,34,0,33 4 34,0,30,,31053,34,0,33 4 34,0,70,,31056,34,0,33 4 34,0,30,,31059,34,0,33 4 34,0,70,,31062,34,0,33 4 34,0,30,,31065,34,0,33 4 34,0,70,,31068,34,0,33 4 34,0,30,,31071,34,0,33 4 34,0,68,,31074,34,0,33 4 34,0,18,,31076,34,0,33 4 34,0,15,,31078,34,0,33 4 34,0,15,,31080,34,0,33 4 34,0,55,,31082,34,0,33 4 34,0,15,,31084,34,0,33 4 34,0,15,,31086,34,0,33 4 34,0,15,,31088,34,0,33 4 34,0,55,,31090,34,0,33 4 34,0,15,,31092,34,0,33 4 34,0,15,,31094,34,0,33 4 34,0,15,,31096,34,0,33 4 34,0,55,,31098,34,0,33 4 34,0,15,,31100,34,0,33 4 34,0,14,,31102,34,0,33 4 34,0,17,,31104,34,0,33 4 34,0,55,,31106,34,0,33 4 34,0,11,,31108,34,0,17 18 4 19,0,20,,31110,34,0,33 4 34,0,13,,31112,34,0,17 18 4 19,0,61,,31114,34,0,33 4 34,0,24,,31117,34,0,33 4 34,0,76,,31121,34,0,33 4 34,0,30,,31124,34,0,33 4 34,0,70,,31127,34,0,33 4 34,0,30,,31130,34,0,33 4 34,0,19,,31132,34,0,33 4 34,0,85,,31135,34,0,33 4 34,0,85,,31139,34,0,33 4 34,0,80,,31142,34,0,33 4 34,0,45,,31144,34,0,33 4 34,0
578301,'2',453,,31151,34,0,33 4 34,0,76,,31154,34,0,33 4 34,0,76,,31157,34,0,33 4 34,0,36,,31160,34,0,33 4 34,0,76,,31163,34,0,33 4 34,0,31,,31166,34,0,33 4 34,0,76,,31169,34,0,33 4 34,0,76,,31172,34,0,33 4 34,0,36,,31175,34,0,33 4 34,0,76,,31178,34,0,33 4 34,0,36,,31181,34,0,33 4 34,0,76,,31184,34,0,33 4 34,0,76,,31187,34,0,33 4 34,0,36,,31190,34,0,33 4 34,0,76,,31193,34,0,33 4 34,0,36,,31196,34,0,33 4 34,0,76,,31199,34,0,33 4 34,0,76,,31202,34,0,33 4 34,0,36,,31205,34,0,33 4 34,0,76,,31208,34,0,33 4 34,0,36,,31211,34,0,33 4 34,0,76,,31214,34,0,33 4 34,0,76,,31217,34,0,33 4 34,0,36,,31220,34,0,33 4 34,0,79,,31223,34,0,33 4 34,0,36,,31226,34,0,33 4 34,0,76,,31229,34,0,33 4 34,0,86,,31232,34,0,33 4 34,0,31,,31234,34,0,33 4 34,0,85,,31237,34,0,33 4 34,0,85,,31240,34,0,33 4 34,0,45,,31243,34,0,33 4 34,0,90,,31246,34,0,33 4 34,0
578301,'3',530,,31254,34,0,33 4 34,0,85,,31258,34,0,33 4 34,0,85,,31261,34,0,33 4 34,0,45,,31264,34,0,33 4 34,0,85,,31267,34,0,33 4 34,0,85,,31270,34,0,33 4 34,0,33,,31273,34,0,33 4 34,0,76,,31276,34,0,33 4 34,0,76,,31279,34,0,33 4 34,0,36,,31282,34,0,33 4 34,0,76,,31285,34,0,33 4 34,0,36,,31288,34,0,33 4 34,0,76,,31291,34,0,33 4 34,0,76,,31294,34,0,33 4 34,0,36,,31297,34,0,33 4 34,0,76,,31300,34,0,33 4 34,0,36,,31303,34,0,33 4 34,0,76,,31306,34,0,33 4 34,0,76,,31309,34,0,33 4 34,0,36,,31312,34,0,33 4 34,0,76,,31315,34,0,33 4 34,0,36,,31318,34,0,33 4 34,0,78,,31321,34,0,33 4 34,0,85,,31324,34,0,33 4 34,0,45,,31327,34,0,33 4 34,0,89,,31330,34,0,33 4 34,0,85,,31333,34,0,33 4 34,0,85,,31336,34,0,33 4 34,0,30,,31338,34,0,33 4 34,0
578301,'4',538,,31407,34,0,33 4 34,0,66,,31344,34,0,33 4 34,0,26,,31347,34,0,33 4 34,0,85,,31350,34,0,33 4 34,0,85,,31353,34,0,33 4 34,0,45,,31356,34,0,33 4 34,0,85,,31359,34,0,33 4 34,0,82,,31362,34,0,33 4 34,0,45,,31365,34,0,33 4 34,0,85,,31368,34,0,33 4 34,0,85,,31371,34,0,33 4 34,0,85,,31374,34,0,33 4 34,0,45,,31377,34,0,33 4 34,0,85,,31380,34,0,33 4 34,0,85,,31383,34,0,33 4 34,0,85,,31386,34,0,33 4 34,0,45,,31389,34,0,33 4 34,0,89,,31392,34,0,33 4 34,0,85,,31395,34,0,33 4 34,0,85,,31398,34,0,33 4 34,0,85,,31401,34,0,33 4 34,0,45,,31405,34,0,33 4 34,0
578301,'6',530,,31411,34,0,33 4 34,0,85,,31415,34,0,33 4 34,0,85,,31418,34,0,33 4 34,0,45,,31421,34,0,33 4 34,0,85,,31424,34,0,33 4 34,0,85,,31427,34,0,33 4 34,0,33,,31430,34,0,33 4 34,0,76,,31433,34,0,33 4 34,0,76,,31436,34,0,33 4 34,0,36,,31439,34,0,33 4 34,0,76,,31442,34,0,33 4 34,0,36,,31445,34,0,33 4 34,0,76,,31448,34,0,33 4 34,0,76,,31451,34,0,33 4 34,0,36,,31454,34,0,33 4 34,0,76,,31457,34,0,33 4 34,0,36,,31460,34,0,33 4 34,0,76,,31463,34,0,33 4 34,0,76,,31466,34,0,33 4 34,0,36,,31469,34,0,33 4 34,0,76,,31472,34,0,33 4 34,0,36,,31475,34,0,33 4 34,0,78,,31478,34,0,33 4 34,0,85,,31481,34,0,33 4 34,0,45,,31484,34,0,33 4 34,0,89,,31487,34,0,33 4 34,0,85,,31490,34,0,33 4 34,0,85,,31493,34,0,33 4 34,0,30,,31495,34,0,33 4 34,0
580801,'14601',517,,39528,23,,,0,20,,39522,23,,,0,20,,39523,23,,,0,60,,39524,23,,,0,20,,39525,23,,,0,20,,39526,23,,,0,60,,39527,23,,,0,20,,39520,23,,,0,19,,39521,23,,,0,50,,39423,23,,,0,10,,39454,23,,,0,10,,39424,23,,,0,8,,39455,23,,,0,7,,39425,23,,,0,8,,39456,23,,,0,9,,39426,23,,,0,48,,39457,23,,,0,8,,39427,23,,,0,8,,39458,23,,,0,5,,39428,23,,,0,8,,39459,23,,,0,7,,39460,23,,,0,8,,39461,23,,,0,53,,39462,23,,,0,12,,39429,23,,,0,10,,39430,23,,,0,10,,39431,23,,,0,10,,39432,23,,,0,10,,39433,23,,,0,50,,39434,23,,,0,10,,39435,23,,,0,10,,39436,23,,,0,10,,39437,23,,,0,10,,39438,23,,,0,10,,39439,23,,,0,50,,39440,23,,,0,10,,39441,23,,,0,10,,39442,23,,,0,10,,39443,23,,,0,10,,39444,23,,,0,10,,39445,23,,,0,50,,39446,23,,,0,10,,39447,23,,,0,10,,39448,23,,,0,10,,39449,23,,,0,10,,39450,23,,,0,10,,39451,23,,,0,50,,39452,23,,,0,10,,39453,23,,,0,10,,39488,23,,,0,9,,39489,23,,,0,8,,39492,23,,,0,7,,39490,23,,,0,8,,39493,23,,,0,47,,39491,23,,,0,8,,39463,23,,,0,7,,39476,23,,,0,8,,39464,23,,,0,7,,39477,23,,,0,8,,39465,23,,,0,7,,39478,23,,,0,8,,39466,23,,,0,47,,39479,23,,,0,8,,39467,23,,,0,7,,39480,23,,,0,8,,39468,23,,,0,7,,39481,23,,,0,8,,39469,23,,,0,7,,39482,23,,,0,8,,39470,23,,,0,47,,39483,23,,,0,8,,39471,23,,,0,7,,39484,23,,,0,8,,39472,23,,,0,7,,39485,23,,,0,8,,39473,23,,,0,8,,39486,23,,,0,8,,39474,23,,,0,47,,39487,23,,,0,8,,39475,23,,,0,8,,39503,23,,,0,10,,39504,23,,,0,10,,39505,23,,,0,10,,39506,23,,,0,50,,39507,23,,,0,10,,39494,23,,,0,14,,39495,23,,,0,15,,39496,23,,,0,15,,39498,23,,,0,55,,39499,23,,,0,15,,39500,23,,,0,15,,39501,23,,,0,15,,39502,23,,,0,55,,39497,23,,,0,15,,39515,23,,,0,15,,39516,23,,,0,15,,39519,23,,,0,57,,39517,23,,,0,22,,39518,23,,,0,70,,39508,23,,,0,30,,39509,23,,,0,70,,39510,23,,,0,30,,39511,23,,,0,70,,39512,23,,,0,30,,39513,23,,,0,70,,39514,23,,,0
580801,'14602',533,,39559,23,,,0,70,,39560,23,,,0,30,,39561,23,,,0,70,,39562,23,,,0,30,,39563,23,,,0,70,,39564,23,,,0,30,,39565,23,,,0,70,,39566,23,,,0,29,,39567,23,,,0,70,,39568,23,,,0,30,,39569,23,,,0,70,,39570,23,,,0,30,,39558,23,,,0,70,,39541,23,,,0,30,,39542,23,,,0,70,,39543,23,,,0,30,,39544,23,,,0,70,,39545,23,,,0,30,,39546,23,,,0,70,,39547,23,,,0,30,,39548,23,,,0,70,,39549,23,,,0,30,,39550,23,,,0,70,,39551,23,,,0,30,,39552,23,,,0,70,,39553,23,,,0,30,,39554,23,,,0,71,,39555,23,,,0,30,,39556,23,,,0,70,,39557,23,,,0,30,,39540,23,,,0,70,,39539,23,,,0,30,,39538,23,,,0,70,,39537,23,,,0,31,,39536,23,,,0,70,,39535,23,,,0,30,,39534,23,,,0,70,,39533,23,,,0,30,,39532,23,,,0,70,,39531,23,,,0,30,,39530,23,,,0,70,,39529,23,,,0
580801,'14603',633,,39596,23,,,0,70,,39597,23,,,0,30,,39598,23,,,0,70,,39599,23,,,0,30,,39600,23,,,0,70,,39601,23,,,0,29,,39602,23,,,0,70,,39603,23,,,0,30,,39604,23,,,0,70,,39605,23,,,0,30,,39571,23,,,0,70,,39588,23,,,0,30,,39587,23,,,0,70,,39586,23,,,0,30,,39585,23,,,0,70,,39584,23,,,0,30,,39583,23,,,0,70,,39582,23,,,0,30,,39581,23,,,0,70,,39580,23,,,0,30,,39579,23,,,0,70,,39578,23,,,0,30,,39577,23,,,0,70,,39576,23,,,0,30,,39575,23,,,0,71,,39574,23,,,0,30,,39573,23,,,0,70,,39572,23,,,0,30,,39589,23,,,0,70,,39590,23,,,0,30,,39591,23,,,0,70,,39592,23,,,0,31,,39593,23,,,0,70,,39594,23,,,0,30,,39595,23,,,0,70,,39606,23,,,0
580801,'14604',633,,39627,23,,,0,70,,39628,23,,,0,30,,39629,23,,,0,70,,39630,23,,,0,30,,39631,23,,,0,70,,39632,23,,,0,29,,39633,23,,,0,70,,39634,23,,,0,30,,39635,23,,,0,70,,39636,23,,,0,30,,39607,23,,,0,70,,39624,23,,,0,30,,39623,23,,,0,70,,39622,23,,,0,30,,39621,23,,,0,70,,39620,23,,,0,30,,39619,23,,,0,70,,39618,23,,,0,30,,39617,23,,,0,70,,39616,23,,,0,30,,39615,23,,,0,70,,39614,23,,,0,30,,39613,23,,,0,70,,39612,23,,,0,30,,39611,23,,,0,71,,39610,23,,,0,30,,39609,23,,,0,70,,39608,23,,,0,30,,39625,23,,,0,70,,39626,23,,,0
580801,'14606',633,,39662,23,,,0,70,,39663,23,,,0,30,,39664,23,,,0,70,,39665,23,,,0,30,,39666,23,,,0,70,,39667,23,,,0,29,,39668,23,,,0,70,,39669,23,,,0,30,,39670,23,,,0,70,,39671,23,,,0,30,,39637,23,,,0,70,,39654,23,,,0,30,,39653,23,,,0,70,,39652,23,,,0,30,,39651,23,,,0,70,,39650,23,,,0,30,,39649,23,,,0,70,,39648,23,,,0,30,,39647,23,,,0,70,,39646,23,,,0,30,,39645,23,,,0,70,,39644,23,,,0,30,,39643,23,,,0,70,,39642,23,,,0,30,,39641,23,,,0,71,,39640,23,,,0,30,,39639,23,,,0,70,,39638,23,,,0,30,,39655,23,,,0,70,,39656,23,,,0,30,,39657,23,,,0,70,,39658,23,,,0,31,,39659,23,,,0,70,,39660,23,,,0,30,,39661,23,,,0,70,,39672,23,,,0
582800,'1',652,,40229,17,,,0,55,,40231,17,,,0,15,,40233,17,,,0,15,,40235,17,,,0,15,,40237,17,,,0,55,,40239,17,,,0,15,,40241,17,,,0,15,,40243,17,,,0,14,,40245,17,,,0,51,,40247,17,,,0,12,,40249,17,,,0,12,,40251,17,,,0,12,,40253,17,,,0,12,,40255,17,,,0,52,,40257,17,,,0,12,,40259,17,,,0,12,,40261,17,,,0,12,,40263,17,,,0,12,,40265,17,,,0,52,,40267,17,,,0,12,,40269,17,,,0,12,,40271,17,,,0,12,,40273,17,,,0,12,,40275,17,,,0,52,,40277,17,,,0,12,,40279,17,,,0,12,,40281,17,,,0,12,,40283,17,,,0,12,,40285,17,,,0,52,,40287,17,,,0,12,,40289,17,,,0,12,,40291,17,,,0,12,,40293,17,,,0,12,,40295,17,,,0,9,,40297,17,,,0,52,,40299,17,,,0,12,,40301,17,,,0,12,,40303,17,,,0,12,,40305,17,,,0,12,,40307,17,,,0,52,,40309,17,,,0,12,,40311,17,,,0,12,,40313,17,,,0,13,,40315,17,,,0,52,,40317,17,,,0,12,,40319,17,,,0,12,,40321,17,,,0,12,,40323,17,,,0,12,,40325,17,,,0,52,,40327,17,,,0,12,,40329,17,,,0,16,,40331,17,,,0,12,,40333,17,,,0,12,,40335,17,,,0,52,,40337,17,,,0,12,,40215,17,,,0,12,,40339,17,,,0,12,,40341,17,,,0
