580700,'1',512,,38815,39,4,,0,30,,38814,39,4,,0,64,,38813,39,4,,0,22,,38812,39,4,,0,7,,38811,39,4,,0,4,,38810,94,4,,0,67,,38809,39,4,,0,3,,38808,94,4,,0,19,,38807,39,4,,0,5,,38806,94,4,,0,15,,38805,94,4,,0,55,,38804,94,4,,0,15,,38803,94,4,,0,15,,38802,94,4,,0,15,,38801,94,4,,0,55,,38800,94,4,,0,15,,38799,94,4,,0,15,,38798,94,4,,0,15,,38797,94,4,,0,55,,38796,94,4,,0,15,,38795,94,4,,0,18,,38794,94,4,,0,20,,38793,94,4,,0,70,,38792,94,4,,0,30,,38791,94,4,,0,70,,38790,94,4,,0,30,,38789,94,4,,0,70,,38788,94,4,,0,30,,38787,94,4,,0,64,,38786,39,4,,0,8,,38785,94,4,,0,7,,38784,39,4,,0,23,,38783,94,4,,0,47,,38782,39,4,,0,18,,38781,94,4,,0,15,,38780,94,4,,0,15,,38779,94,4,,0,55,,38778,94,4,,0,15,,38777,94,4,,0,15,,38776,94,4,,0,15,,38775,94,4,,0,55,,38774,94,4,,0,15,,38773,94,4,,0,15,,38772,94,4,,0,15,,38771,94,4,,0,55,,38770,94,4,,0,15,,38769,94,4,,0,15,,38768,94,4,,0,15,,38767,94,4,,0,55,,38766,94,4,,0,15,,38765,94,4,,0,21,,38764,94,4,,0,70,,38763,94,4,,0,30,,38762,94,4,,0,70,,38761,94,4,,0,30,,38760,94,4,,0,70,,38759,94,4,,0,30,,38758,94,4,,0,70,,38757,94,4,,0,30,,38756,94,4,,0,70,,38755,94,4,,0,30,,38754,94,4,,0,70,,38750,94,4,,0,30,,38753,94,4,,0
580700,'2',622,,38854,94,4,,0,30,,38816,94,4,,0,70,,38817,94,4,,0,35,,38818,94,4,,0,70,,38819,94,4,,0,30,,38820,94,4,,0,70,,38821,94,4,,0,30,,38822,94,4,,0,70,,38823,94,4,,0,30,,38824,94,4,,0,70,,38825,94,4,,0,30,,38826,94,4,,0,70,,38827,94,4,,0,30,,38828,94,4,,0,70,,38829,94,4,,0,30,,38830,94,4,,0,70,,38831,94,4,,0,30,,38832,94,4,,0,70,,38833,94,4,,0,30,,38834,94,4,,0,70,,38835,94,4,,0,30,,38836,94,4,,0,70,,38837,94,4,,0,30,,38838,94,4,,0,70,,38839,94,4,,0,30,,38840,94,4,,0,70,,38841,94,4,,0,30,,38842,94,4,,0,70,,38843,94,4,,0,30,,38844,94,4,,0,70,,38845,94,4,,0,30,,38846,94,4,,0,70,,38847,94,4,,0,29,,38848,94,4,,0,70,,38849,94,4,,0,30,,38850,94,4,,0,70,,38851,94,4,,0,30,,38852,94,4,,0,83,,38853,94,4,,0
580700,'3',713,,38855,94,4,,0,30,,38868,94,4,,0,80,,38856,94,4,,0,30,,38869,94,4,,0,70,,38857,94,4,,0,30,,38870,94,4,,0,70,,38858,94,4,,0,30,,38871,94,4,,0,74,,38859,94,4,,0,30,,38872,94,4,,0,70,,38860,94,4,,0,30,,38873,94,4,,0,70,,38861,94,4,,0,30,,38874,94,4,,0,70,,38862,94,4,,0,30,,38875,94,4,,0,70,,38863,94,4,,0,30,,38876,94,4,,0,70,,38864,94,4,,0,30,,38877,94,4,,0,70,,38865,94,4,,0,30,,38878,94,4,,0,70,,38866,94,4,,0,30,,38879,94,4,,0,70,,38867,94,4,,0,30,,38889,94,4,,0,70,,38880,94,4,,0,30,,38886,94,4,,0,70,,38881,94,4,,0,30,,38887,94,4,,0,70,,38882,94,4,,0,30,,38888,94,4,,0,70,,38883,94,4,,0,30,,38890,94,4,,0,70,,38884,94,4,,0,30,,38891,94,4,,0
580700,'4',641,,38922,39,4,,0,70,,38923,39,4,,0,21,,38907,94,4,,0,70,,38892,94,4,,0,30,,38908,94,4,,0,70,,38893,94,4,,0,30,,38909,94,4,,0,70,,38894,94,4,,0,30,,38910,94,4,,0,70,,38895,94,4,,0,30,,38911,94,4,,0,70,,38896,94,4,,0,30,,38912,94,4,,0,70,,38897,94,4,,0,30,,38913,94,4,,0,70,,38898,94,4,,0,30,,38914,94,4,,0,70,,38899,94,4,,0,30,,38915,94,4,,0,70,,38900,94,4,,0,30,,38916,94,4,,0,70,,38901,94,4,,0,30,,38917,94,4,,0,70,,38902,94,4,,0,30,,38918,94,4,,0,70,,38903,94,4,,0,30,,38919,94,4,,0,70,,38904,94,4,,0,30,,38920,94,4,,0,70,,38905,94,4,,0,30,,38921,94,4,,0
580700,'6',713,,38924,94,4,,0,30,,38937,94,4,,0,80,,38925,94,4,,0,30,,38938,94,4,,0,70,,38926,94,4,,0,30,,38939,94,4,,0,70,,38927,94,4,,0,30,,38940,94,4,,0,74,,38928,94,4,,0,30,,38941,94,4,,0,70,,38929,94,4,,0,30,,38942,94,4,,0,70,,38930,94,4,,0,30,,38943,94,4,,0,70,,38931,94,4,,0,30,,38944,94,4,,0,70,,38932,94,4,,0,30,,38945,94,4,,0,70,,38933,94,4,,0,30,,38946,94,4,,0,70,,38934,94,4,,0,30,,38947,94,4,,0,70,,38935,94,4,,0,30,,38948,94,4,,0,70,,38936,94,4,,0,30,,38958,94,4,,0,70,,38949,94,4,,0,30,,38955,94,4,,0,70,,38950,94,4,,0,30,,38956,94,4,,0,70,,38951,94,4,,0,30,,38957,94,4,,0,70,,38952,94,4,,0,30,,38959,94,4,,0,70,,38953,94,4,,0,30,,38960,94,4,,0
580701,'1',516,,39019,1,,,0,30,,39017,1,,,0,64,,39015,1,,,0,22,,39013,1,,,0,7,,39012,1,,,0,15,,39011,1,,,0,55,,39010,1,,,0,15,,39009,1,,,0,15,,39008,1,,,0,15,,39007,1,,,0,55,,39006,1,,,0,15,,39005,1,,,0,15,,39004,1,,,0,15,,39003,1,,,0,65,,39002,1,,,0,32,,39001,1,,,0,70,,39000,1,,,0,30,,38999,1,,,0,70,,38998,1,,,0,30,,38997,1,,,0,70,,38996,1,,,0,30,,38994,1,,,0,70,,38992,1,,,0,23,,38991,1,,,0,15,,38990,1,,,0,55,,38989,1,,,0,15,,38988,1,,,0,15,,38987,1,,,0,15,,38986,1,,,0,55,,38985,1,,,0,15,,38984,1,,,0,15,,38983,1,,,0,15,,38982,1,,,0,55,,38981,1,,,0,15,,38980,1,,,0,15,,38979,1,,,0,15,,38978,1,,,0,55,,38977,1,,,0,15,,38976,1,,,0,20,,38975,1,,,0,70,,38974,1,,,0,40,,38973,1,,,0,70,,38972,1,,,0,30,,38971,1,,,0,70,,38970,1,,,0,30,,38969,1,,,0,70,,38968,1,,,0,30,,38967,1,,,0,70,,38966,1,,,0,30,,38963,1,,,0,70,,38965,1,,,0,30,,38962,1,,,0,70,,38964,1,,,0
580701,'2',505,,39063,1,,,0,30,,39024,1,,,0,70,,39025,1,,,0,30,,39026,1,,,0,65,,39038,1,,,0,30,,39027,1,,,0,70,,39039,1,,,0,30,,39028,1,,,0,70,,39040,1,,,0,30,,39029,1,,,0,70,,39041,1,,,0,30,,39030,1,,,0,70,,39042,1,,,0,30,,39043,1,,,0,70,,39044,1,,,0,30,,39045,1,,,0,70,,39046,1,,,0,30,,39047,1,,,0,70,,39048,1,,,0,30,,39031,1,,,0,70,,39049,1,,,0,30,,39032,1,,,0,70,,39050,1,,,0,30,,39033,1,,,0,70,,39051,1,,,0,30,,39052,1,,,0,70,,39053,1,,,0,30,,39034,1,,,0,70,,39054,1,,,0,30,,39055,1,,,0,70,,39056,1,,,0,30,,39057,1,,,0,70,,39058,1,,,0,31,,39059,1,,,0,70,,39060,1,,,0,30,,39035,1,,,0,70,,39036,1,,,0,30,,39061,1,,,0,70,,39037,1,,,0,45,,39062,1,,,0
580701,'3',627,,39101,1,,,0,30,,39067,1,,,0,76,,39084,1,,,0,24,,39068,1,,,0,76,,39085,1,,,0,70,,39069,1,,,0,30,,39086,1,,,0,70,,39070,1,,,0,30,,39087,1,,,0,70,,39071,1,,,0,30,,39088,1,,,0,70,,39072,1,,,0,30,,39089,1,,,0,70,,39073,1,,,0,30,,39090,1,,,0,70,,39074,1,,,0,30,,39091,1,,,0,70,,39075,1,,,0,30,,39092,1,,,0,70,,39076,1,,,0,30,,39093,1,,,0,70,,39077,1,,,0,30,,39094,1,,,0,70,,39078,1,,,0,30,,39095,1,,,0,70,,39079,1,,,0,30,,39096,1,,,0,70,,39080,1,,,0,30,,39097,1,,,0,70,,39081,1,,,0,30,,39098,1,,,0,70,,39082,1,,,0,30,,39099,1,,,0,70,,39083,1,,,0,30,,39100,1,,,0,70,,39064,1,0,7 4 8 9 10,0
580701,'4',615,,39131,1,,,0,30,,39132,1,,,0,70,,39115,1,,,0,30,,39117,1,,,0,70,,39114,1,,,0,30,,39118,1,,,0,70,,39113,1,,,0,30,,39119,1,,,0,70,,39112,1,,,0,30,,39120,1,,,0,70,,39111,1,,,0,30,,39121,1,,,0,70,,39110,1,,,0,30,,39122,1,,,0,70,,39109,1,,,0,30,,39123,1,,,0,70,,39108,1,,,0,30,,39124,1,,,0,70,,39107,1,,,0,30,,39125,1,,,0,70,,39106,1,,,0,30,,39126,1,,,0,70,,39105,1,,,0,30,,39127,1,,,0,70,,39104,1,,,0,30,,39128,1,,,0,70,,39103,1,,,0,30,,39129,1,,,0,70,,39102,1,,,0,30,,39130,1,,,0,70,,39116,1,0,7 4 8 9 10,0
580701,'6',627,,39170,1,,,0,30,,39136,1,,,0,76,,39153,1,,,0,24,,39137,1,,,0,76,,39154,1,,,0,70,,39138,1,,,0,30,,39155,1,,,0,70,,39139,1,,,0,30,,39156,1,,,0,70,,39140,1,,,0,30,,39157,1,,,0,70,,39141,1,,,0,30,,39158,1,,,0,70,,39142,1,,,0,30,,39159,1,,,0,70,,39143,1,,,0,30,,39160,1,,,0,70,,39144,1,,,0,30,,39161,1,,,0,70,,39145,1,,,0,30,,39162,1,,,0,70,,39146,1,,,0,30,,39163,1,,,0,70,,39147,1,,,0,30,,39164,1,,,0,70,,39148,1,,,0,30,,39165,1,,,0,70,,39149,1,,,0,30,,39166,1,,,0,70,,39150,1,,,0,30,,39167,1,,,0,70,,39151,1,,,0,30,,39168,1,,,0,70,,39152,1,,,0,30,,39169,1,,,0,70,,39133,1,0,7 4 8 9 10,0
