578300,'1',528,,30532,43,0,23 24,0,30,,30535,43,0,23 24,0,70,,30538,43,0,23 24,0,15,,30540,43,0,23 24,0,15,,30542,43,0,23 24,0,55,,30544,43,0,23 24,0,15,,30546,43,0,23 24,0,15,,30548,43,0,23 24,0,15,,30550,43,0,23 24,0,55,,30552,43,0,23 24,0,15,,30554,43,0,23 24,0,15,,30556,43,0,23 24,0,15,,30558,43,0,23 24,0,55,,30560,43,0,23 24,0,15,,30562,43,0,23 24,0,17,,30564,43,4,,0,13,,30566,43,0,23 24,0,70,,30569,43,0,23 24,0,30,,30572,43,0,23 24,0,70,,30575,43,0,23 24,0,30,,30578,43,0,23 24,0,70,,30581,43,0,23 24,0,30,,30584,43,0,23 24,0,70,,30587,43,0,23 24,0,30,,30590,43,0,23 24,0,55,,30592,43,0,23 24,0,15,,30594,43,0,23 24,0,15,,30596,43,0,23 24,0,15,,30598,43,0,23 24,0,55,,30600,43,0,23 24,0,15,,30602,43,0,23 24,0,15,,30604,43,0,23 24,0,15,,30606,43,0,23 24,0,55,,30608,43,0,23 24,0,15,,30610,43,0,23 24,0,15,,30612,43,0,23 24,0,15,,30614,43,0,23 24,0,55,,30616,43,0,23 24,0,15,,30618,43,0,23 24,0,15,,30620,43,0,23 24,0,15,,30622,43,0,23 24,0,55,,30624,43,0,23 24,0,13,,30626,43,0,23 24,0,30,,30629,43,0,23 24,0,70,,30632,43,0,23 24,0,30,,30635,43,0,23 24,0,70,,30638,43,0,23 24,0,30,,30641,43,0,23 24,0,70,,30644,43,0,23 24,0,30,,30647,43,0,23 24,0,85,,30650,43,0,23 24,0,85,,30653,43,0,23 24,0,85,,30656,43,0,23 24,0,45,,30659,43,0,23 24,0,61,,30662,43,0,23 24,0
578300,'2',543,,30670,43,0,23 24,0,67,,30672,43,0,23 24,0,36,,30675,43,0,23 24,0,76,,30678,43,0,23 24,0,36,,30682,43,0,23 24,0,76,,30685,43,0,23 24,0,76,,30688,43,0,23 24,0,36,,30691,43,0,23 24,0,76,,30694,43,0,23 24,0,36,,30697,43,0,23 24,0,76,,30700,43,0,23 24,0,76,,30703,43,0,23 24,0,36,,30706,43,0,23 24,0,76,,30709,43,0,23 24,0,36,,30712,43,0,23 24,0,76,,30715,43,0,23 24,0,76,,30718,43,0,23 24,0,36,,30721,43,0,23 24,0,76,,30724,43,0,23 24,0,36,,30727,43,0,23 24,0,76,,30730,43,0,23 24,0,72,,30733,43,0,23 24,0,36,,30736,43,0,23 24,0,74,,30739,43,0,23 24,0,36,,30742,43,0,23 24,0,76,,30745,43,0,23 24,0,76,,30748,43,0,23 24,0,37,,30751,43,0,23 24,0,85,,30754,43,0,23 24,0,30,,30756,43,0,23 24,0,85,,30759,43,0,23 24,0,85,,30762,43,0,23 24,0,90,,30766,43,0,23 24,0
578300,'3',556,,30772,43,0,23 24,0,85,,30776,43,0,23 24,0,85,,30779,43,0,23 24,0,85,,30782,43,0,23 24,0,45,,30785,43,0,23 24,0,76,,30788,43,0,23 24,0,76,,30791,43,0,23 24,0,36,,30794,43,0,23 24,0,76,,30797,43,0,23 24,0,36,,30800,43,0,23 24,0,76,,30803,43,0,23 24,0,76,,30806,43,0,23 24,0,36,,30809,43,0,23 24,0,76,,30812,43,0,23 24,0,36,,30815,43,0,23 24,0,76,,30818,43,0,23 24,0,76,,30821,43,0,23 24,0,36,,30824,43,0,23 24,0,76,,30827,43,0,23 24,0,36,,30830,43,0,23 24,0,85,,30833,43,0,23 24,0,85,,30836,43,0,23 24,0,85,,30839,43,0,23 24,0,45,,30842,43,0,23 24,0,85,,30845,43,0,23 24,0,85,,30848,43,0,23 24,0,85,,30851,43,0,23 24,0,45,,30855,43,0,23 24,0
578300,'4',641,,30860,43,0,23 24,0,85,,30863,43,0,23 24,0,85,,30866,43,0,23 24,0,45,,30869,43,0,23 24,0,85,,30872,43,0,23 24,0,85,,30875,43,0,23 24,0,85,,30878,43,0,23 24,0,45,,30881,43,0,23 24,0,85,,30884,43,0,23 24,0,85,,30887,43,0,23 24,0,85,,30890,43,0,23 24,0,45,,30893,43,0,23 24,0,85,,30896,43,0,23 24,0,85,,30899,43,0,23 24,0,85,,30902,43,0,23 24,0,45,,30905,43,0,23 24,0,85,,30908,43,0,23 24,0,85,,30911,43,0,23 24,0,85,,30914,43,0,23 24,0,45,,30918,43,0,23 24,0
578300,'6',556,,30926,43,0,23 24,0,85,,30930,43,0,23 24,0,85,,30933,43,0,23 24,0,85,,30936,43,0,23 24,0,45,,30939,43,0,23 24,0,76,,30942,43,0,23 24,0,76,,30945,43,0,23 24,0,36,,30948,43,0,23 24,0,76,,30951,43,0,23 24,0,36,,30954,43,0,23 24,0,76,,30957,43,0,23 24,0,76,,30960,43,0,23 24,0,36,,30963,43,0,23 24,0,76,,30966,43,0,23 24,0,36,,30969,43,0,23 24,0,76,,30972,43,0,23 24,0,76,,30975,43,0,23 24,0,36,,30978,43,0,23 24,0,76,,30981,43,0,23 24,0,36,,30984,43,0,23 24,0,85,,30987,43,0,23 24,0,85,,30990,43,0,23 24,0,85,,30993,43,0,23 24,0,45,,30996,43,0,23 24,0,85,,30999,43,0,23 24,0,85,,31002,43,0,23 24,0,85,,31005,43,0,23 24,0,45,,31009,43,0,23 24,0
580800,'14601',505,,39276,4,,,0,20,,39270,4,,,0,20,,39271,4,,,0,60,,39272,4,,,0,20,,39273,4,,,0,20,,39274,4,,,0,60,,39275,4,,,0,20,,39174,4,,,0,18,,39175,4,,,0,7,,39188,4,,,0,7,,39189,4,,,0,48,,39196,4,,,0,7,,39190,4,,,0,8,,39197,4,,,0,7,,39191,4,,,0,8,,39198,4,,,0,7,,39192,4,,,0,8,,39199,4,,,0,7,,39193,4,,,0,49,,39200,4,,,0,7,,39194,4,,,0,8,,39201,4,,,0,7,,39195,4,,,0,10,,39202,4,,,0,10,,39203,4,,,0,10,,39204,4,,,0,50,,39205,4,,,0,10,,39206,4,,,0,10,,39207,4,,,0,10,,39208,4,,,0,10,,39209,4,,,0,10,,39210,4,,,0,50,,39211,4,,,0,10,,39212,4,,,0,10,,39213,4,,,0,10,,39214,4,,,0,10,,39215,4,,,0,10,,39216,4,,,0,50,,39217,4,,,0,10,,39218,4,,,0,10,,39219,4,,,0,10,,39220,4,,,0,10,,39221,4,,,0,10,,39222,4,,,0,50,,39223,4,,,0,10,,39224,4,,,0,10,,39225,4,,,0,10,,39226,4,,,0,10,,39227,4,,,0,10,,39228,4,,,0,50,,39229,4,,,0,10,,39230,4,,,0,10,,39231,4,,,0,10,,39232,4,,,0,10,,39233,4,,,0,10,,39247,4,,,0,47,,39234,4,,,0,8,,39248,4,,,0,7,,39235,4,,,0,8,,39249,4,,,0,7,,39236,4,,,0,8,,39250,4,,,0,7,,39237,4,,,0,8,,39251,4,,,0,47,,39238,4,,,0,8,,39252,4,,,0,7,,39239,4,,,0,8,,39253,4,,,0,7,,39240,4,,,0,8,,39254,4,,,0,7,,39241,4,,,0,8,,39255,4,,,0,47,,39242,4,,,0,8,,39256,4,,,0,7,,39243,4,,,0,8,,39257,4,,,0,7,,39244,4,,,0,8,,39258,4,,,0,7,,39245,4,,,0,8,,39259,4,,,0,47,,39246,4,,,0,8,,39260,4,,,0,11,,39261,4,,,0,15,,39176,4,,,0,15,,39177,4,,,0,54,,39178,4,,,0,15,,39171,4,,,0,15,,39172,4,,,0,15,,39173,4,,,0,55,,39262,4,,,0,15,,39263,4,,,0,15,,39264,4,,,0,15,,39265,4,,,0,55,,39266,4,,,0,15,,39267,4,,,0,15,,39268,4,,,0,63,,39269,4,,,0,29,,39179,4,,,0,70,,39180,4,,,0,30,,39181,4,,,0,70,,39182,4,,,0,30,,39183,4,,,0,70,,39184,4,,,0,30,,39185,4,,,0,70,,39186,4,,,0,30,,39187,4,,,0
580800,'14602',505,,39308,4,,,0,30,,39309,4,,,0,70,,39310,4,,,0,30,,39311,4,,,0,70,,39312,4,,,0,30,,39313,4,,,0,70,,39314,4,,,0,30,,39315,4,,,0,71,,39316,4,,,0,30,,39317,4,,,0,70,,39318,4,,,0,30,,39319,4,,,0,70,,39320,4,,,0,30,,39291,4,,,0,70,,39292,4,,,0,30,,39293,4,,,0,70,,39294,4,,,0,30,,39295,4,,,0,70,,39296,4,,,0,30,,39297,4,,,0,70,,39298,4,,,0,30,,39299,4,,,0,70,,39300,4,,,0,30,,39301,4,,,0,70,,39302,4,,,0,30,,39303,4,,,0,70,,39304,4,,,0,30,,39305,4,,,0,69,,39306,4,,,0,30,,39307,4,,,0,70,,39290,4,,,0,30,,39289,4,,,0,70,,39288,4,,,0,30,,39287,4,,,0,69,,39286,4,,,0,30,,39285,4,,,0,70,,39284,4,,,0,30,,39283,4,,,0,70,,39282,4,,,0,30,,39281,4,,,0,70,,39280,4,,,0,30,,39279,4,,,0,70,,39278,4,,,0,30,,39277,4,,,0
580800,'14603',605,,39346,4,,,0,30,,39347,4,,,0,70,,39348,4,,,0,30,,39349,4,,,0,70,,39350,4,,,0,30,,39351,4,,,0,71,,39352,4,,,0,30,,39353,4,,,0,70,,39354,4,,,0,30,,39355,4,,,0,70,,39356,4,,,0,30,,39337,4,,,0,70,,39336,4,,,0,30,,39335,4,,,0,70,,39334,4,,,0,30,,39333,4,,,0,70,,39332,4,,,0,30,,39331,4,,,0,70,,39330,4,,,0,30,,39329,4,,,0,70,,39328,4,,,0,30,,39327,4,,,0,70,,39326,4,,,0,30,,39325,4,,,0,70,,39324,4,,,0,30,,39323,4,,,0,69,,39322,4,,,0,30,,39321,4,,,0,70,,39338,4,,,0,30,,39339,4,,,0,70,,39340,4,,,0,30,,39341,4,,,0,69,,39342,4,,,0,30,,39343,4,,,0,70,,39344,4,,,0,30,,39345,4,,,0
580800,'14604',605,,39376,4,,,0,30,,39377,4,,,0,70,,39378,4,,,0,30,,39379,4,,,0,70,,39380,4,,,0,30,,39381,4,,,0,71,,39382,4,,,0,30,,39383,4,,,0,70,,39384,4,,,0,30,,39385,4,,,0,70,,39386,4,,,0,30,,39373,4,,,0,70,,39372,4,,,0,30,,39371,4,,,0,70,,39370,4,,,0,30,,39369,4,,,0,70,,39368,4,,,0,30,,39367,4,,,0,70,,39366,4,,,0,30,,39365,4,,,0,70,,39364,4,,,0,30,,39363,4,,,0,70,,39362,4,,,0,30,,39361,4,,,0,70,,39360,4,,,0,30,,39359,4,,,0,69,,39358,4,,,0,30,,39357,4,,,0,70,,39374,4,,,0,30,,39375,4,,,0
580800,'14606',605,,39412,4,,,0,30,,39413,4,,,0,70,,39414,4,,,0,30,,39415,4,,,0,70,,39416,4,,,0,30,,39417,4,,,0,71,,39418,4,,,0,30,,39419,4,,,0,70,,39420,4,,,0,30,,39421,4,,,0,70,,39422,4,,,0,30,,39403,4,,,0,70,,39402,4,,,0,30,,39401,4,,,0,70,,39400,4,,,0,30,,39399,4,,,0,70,,39398,4,,,0,30,,39397,4,,,0,70,,39396,4,,,0,30,,39395,4,,,0,70,,39394,4,,,0,30,,39393,4,,,0,70,,39392,4,,,0,30,,39391,4,,,0,70,,39390,4,,,0,30,,39389,4,,,0,69,,39388,4,,,0,30,,39387,4,,,0,70,,39404,4,,,0,30,,39405,4,,,0,70,,39406,4,,,0,30,,39407,4,,,0,69,,39408,4,,,0,30,,39409,4,,,0,70,,39410,4,,,0,30,,39411,4,,,0
582801,'1',627,,40617,42,,,0,20,,40619,42,,,0,60,,40621,42,,,0,15,,40623,42,,,0,15,,40625,42,,,0,14,,40627,42,,,0,56,,40629,42,,,0,15,,40631,42,,,0,15,,40633,42,,,0,15,,40635,42,,,0,52,,40637,42,,,0,12,,40639,42,,,0,12,,40641,42,,,0,12,,40643,42,,,0,12,,40645,42,,,0,52,,40647,42,,,0,12,,40649,42,,,0,12,,40651,42,,,0,12,,40653,42,,,0,12,,40655,42,,,0,52,,40657,42,,,0,12,,40659,42,,,0,12,,40661,42,,,0,12,,40663,42,,,0,12,,40665,42,,,0,52,,40667,42,,,0,12,,40669,42,,,0,12,,40671,42,,,0,12,,40673,42,,,0,12,,40675,42,,,0,52,,40677,42,,,0,12,,40679,42,,,0,12,,40681,42,,,0,12,,40683,42,,,0,12,,40685,42,,,0,52,,40687,42,,,0,12,,40689,42,,,0,12,,40691,42,,,0,12,,40693,42,,,0,12,,40695,42,,,0,52,,40697,42,,,0,12,,40699,42,,,0,12,,40701,42,,,0,12,,40703,42,,,0,13,,40705,42,,,0,52,,40707,42,,,0,12,,40709,42,,,0,12,,40711,42,,,0,12,,40713,42,,,0,12,,40715,42,,,0,52,,40717,42,,,0,14,,40719,42,,,0,12,,40721,42,,,0,12,,40723,42,,,0,12,,40725,42,,,0,52,,40727,42,,,0
