578201,'1',523,,30350,42,,,0,20,,30336,42,,,0,60,,30349,42,,,0,20,,30348,42,,,0,20,,30351,42,,,0,60,,30352,42,,,0,20,,30353,42,,,0,20,,30354,42,,,0,60,,30355,42,,,0,20,,30356,42,,,0,20,,30357,42,,,0,60,,30358,42,,,0,20,,30359,42,,,0,20,,30360,42,,,0,60,,30361,42,,,0,20,,30362,42,,,0,21,,30363,42,,,0,60,,30364,42,,,0,20,,30365,42,,,0,20,,30366,42,,,0,60,,30367,42,,,0,20,,30368,42,,,0,20,,30369,42,,,0,60,,30370,42,,,0,20,,30371,42,,,0,20,,30372,42,,,0,60,,30373,42,,,0,20,,30374,42,,,0,19,,30375,42,,,0,60,,30376,42,,,0,20,,30377,42,,,0,20,,30378,42,,,0,60,,30379,42,,,0,20,,30380,42,,,0,20,,30381,42,,,0,60,,30382,42,,,0,20,,30383,42,,,0,20,,30384,42,,,0,60,,30385,42,,,0,25,,30386,42,,,0,30,,30337,42,,,0,70,,30338,42,,,0,31,,30339,42,,,0,70,,30340,42,,,0,30,,30341,42,,,0,70,,30342,42,,,0,30,,30343,42,,,0,71,,30344,42,,,0,70,,30345,42,,,0,30,,30335,42,,,0,70,,30346,42,,,0,40,,30334,42,,,0,65,,30347,42,,,0
578201,'2',603,,30388,42,,,0,30,,30389,42,,,0,70,,30390,42,,,0,30,,30391,42,,,0,70,,30392,42,,,0,29,,30393,42,,,0,69,,30394,42,,,0,27,,30395,42,,,0,20,,30396,42,,,0,60,,30397,42,,,0,20,,30398,42,,,0,20,,30399,42,,,0,60,,30400,42,,,0,20,,30401,42,,,0,20,,30402,42,,,0,60,,30403,42,,,0,20,,30404,42,,,0,20,,30405,42,,,0,60,,30406,42,,,0,20,,30407,42,,,0,20,,30408,42,,,0,60,,30409,42,,,0,20,,30410,42,,,0,20,,30411,42,,,0,60,,30412,42,,,0,20,,30413,42,,,0,20,,30414,42,,,0,60,,30415,42,,,0,20,,30416,42,,,0,20,,30417,42,,,0,60,,30418,42,,,0,25,,30419,42,,,0,70,,30420,42,,,0,30,,30421,42,,,0,70,,30422,42,,,0,30,,30423,42,,,0,70,,30424,42,,,0,30,,30425,42,,,0,70,,30426,42,,,0,30,,30427,42,,,0,70,,30428,42,,,0,32,,30429,42,,,0,70,,30430,42,,,0,30,,30431,42,,,0,70,,30432,42,,,0,50,,30433,42,,,0
578201,'3',627,,30469,42,,,0,75,,30468,42,,,0,30,,30467,42,,,0,70,,30466,42,,,0,30,,30465,42,,,0,70,,30464,42,,,0,29,,30463,42,,,0,70,,30462,42,,,0,30,,30461,42,,,0,70,,30460,42,,,0,30,,30459,42,,,0,70,,30458,42,,,0,30,,30457,42,,,0,70,,30456,42,,,0,30,,30455,42,,,0,70,,30454,42,,,0,30,,30453,42,,,0,70,,30452,42,,,0,30,,30451,42,,,0,70,,30450,42,,,0,30,,30449,42,,,0,70,,30448,42,,,0,30,,30447,42,,,0,70,,30446,42,,,0,30,,30445,42,,,0,70,,30444,42,,,0,30,,30443,42,,,0,70,,30442,42,,,0,32,,30441,42,,,0,70,,30440,42,,,0,30,,30439,42,,,0,70,,30438,42,,,0,30,,30437,42,,,0,70,,30436,42,,,0,30,,30435,42,,,0,70,,30434,42,,,0
578201,'4',705,,30471,42,,,0,40,,30472,42,,,0,80,,30473,42,,,0,80,,30474,42,,,0,40,,30475,42,,,0,80,,30476,42,,,0,80,,30477,42,,,0,40,,30478,42,,,0,80,,30479,42,,,0,80,,30480,42,,,0,40,,30481,42,,,0,80,,30482,42,,,0,105,,30483,42,,,0,100,,30484,42,,,0,100,,30485,42,,,0,100,,30486,42,,,0,100,,30487,42,,,0,100,,30488,42,,,0,90,,30489,42,,,0
578201,'6',627,,30525,42,,,0,75,,30524,42,,,0,30,,30523,42,,,0,70,,30522,42,,,0,30,,30521,42,,,0,70,,30520,42,,,0,29,,30519,42,,,0,70,,30518,42,,,0,30,,30517,42,,,0,70,,30516,42,,,0,30,,30515,42,,,0,70,,30514,42,,,0,30,,30513,42,,,0,70,,30512,42,,,0,30,,30511,42,,,0,70,,30510,42,,,0,30,,30509,42,,,0,70,,30508,42,,,0,30,,30507,42,,,0,70,,30506,42,,,0,30,,30505,42,,,0,70,,30504,42,,,0,30,,30503,42,,,0,70,,30502,42,,,0,30,,30501,42,,,0,70,,30500,42,,,0,30,,30499,42,,,0,70,,30498,42,,,0,32,,30497,42,,,0,70,,30496,42,,,0,30,,30495,42,,,0,70,,30494,42,,,0,30,,30493,42,,,0,70,,30492,42,,,0,30,,30491,42,,,0,70,,30490,42,,,0
583001,'1601',856,,41956,69,,,0,760,,41951,57,,,0
583001,'1',526,,41985,69,,,0,30,,41984,69,,,0,80,,41991,69,,,0,70,,41988,69,,,0,32,,41989,69,,,0,70,,41978,69,,,0,30,,41977,69,,,0,70,,41976,69,,,0,30,,41975,69,,,0,75,,41993,69,,,0,41,,42012,69,,,0,80,,41996,69,,,0,80,,41998,69,,,0,40,,42000,69,,,0,80,,42002,69,,,0,80,,41987,69,,,0,32,,41974,69,,,0,70,,41973,69,,,0,30,,41972,69,,,0,70,,41971,69,,,0,30,,41970,69,,,0,70,,41969,69,,,0,30,,41968,69,,,0,70,,41967,69,,,0,30,,41957,69,,,0,70,,42005,69,,,0,33,,42007,69,,,0,80,,42009,69,,,0,80,,42026,69,,,0,40,,42024,69,,,0,80,,42022,69,,,0,76,,42020,69,,,0,40,,42018,69,,,0,80,,42016,69,,,0,80,,42014,69,,,0
583001,'2',546,,42082,69,,,0,111,,42080,69,,,0,100,,42078,69,,,0,100,,42075,49,,,0,80,,42074,69,,,0,80,,42072,69,,,0,40,,42070,69,,,0,80,,42068,69,,,0,80,,42066,69,,,0,40,,42064,69,,,0,80,,42062,69,,,0,80,,42060,69,,,0,40,,42058,69,,,0,80,,42056,69,,,0,80,,42054,69,,,0,40,,42052,69,,,0,80,,42050,69,,,0,80,,42048,69,,,0,40,,42046,69,,,0,80,,42044,69,,,0,74,,42042,69,,,0,40,,42040,69,,,0,80,,42038,69,,,0,80,,42036,69,,,0,39,,42034,69,,,0,80,,42032,69,,,0,81,,42030,69,,,0,40,,42028,69,,,0
583001,'3',643,,42111,69,,,0,160,,42112,69,,,0,120,,42103,69,,,0,80,,42099,69,,,0,43,,42100,69,,,0,80,,42098,69,,,0,80,,42095,69,,,0,40,,42106,69,,,0,80,,42090,69,,,0,80,,42108,69,,,0,40,,42107,69,,,0,80,,42092,69,,,0,80,,42109,69,,,0,40,,42091,69,,,0,80,,42104,69,,,0,80,,42102,69,,,0,40,,42101,69,,,0,80,,42105,69,,,0,82,,42110,69,,,0,40,,42094,69,,,0,80,,42093,69,,,0,100,,42085,69,,,0,99,,42084,69,,,0
583001,'4',657,,42130,69,,,0,100,,42132,69,,,0,100,,42134,69,,,0,100,,42136,69,,,0,100,,42138,69,,,0,100,,42140,69,,,0,100,,42142,69,,,0,100,,42144,69,,,0,100,,42146,69,,,0,100,,42148,69,,,0,100,,42150,69,,,0,100,,42152,69,,,0,100,,42154,69,,,0,100,,42156,69,,,0,100,,42158,69,,,0
583001,'6',546,,42217,69,,,0,111,,42215,69,,,0,100,,42213,69,,,0,100,,42210,49,,,0,80,,42209,69,,,0,80,,42207,69,,,0,40,,42205,69,,,0,80,,42203,69,,,0,80,,42201,69,,,0,40,,42199,69,,,0,80,,42197,69,,,0,80,,42195,69,,,0,40,,42193,69,,,0,80,,42191,69,,,0,80,,42189,69,,,0,40,,42187,69,,,0,80,,42185,69,,,0,80,,42183,69,,,0,40,,42181,69,,,0,80,,42179,69,,,0,74,,42177,69,,,0,40,,42175,69,,,0,80,,42173,69,,,0,80,,42171,69,,,0,39,,42169,69,,,0,80,,42167,69,,,0,81,,42165,69,,,0,40,,42163,69,,,0
