578301,'1',507,,31014,15,0,33 4 34,0,35,,31017,15,0,33 4 34,0,63,,31020,15,0,33 4 34,0,15,,31022,15,0,33 4 34,0,14,,31024,15,0,33 4 34,0,15,,31026,15,0,33 4 34,0,55,,31028,15,0,33 4 34,0,15,,31030,15,0,33 4 34,0,15,,31032,15,0,33 4 34,0,15,,31034,15,0,33 4 34,0,55,,31036,15,0,33 4 34,0,15,,31038,15,0,33 4 34,0,15,,31040,15,0,33 4 34,0,15,,31042,15,0,33 4 34,0,55,,31044,15,0,33 4 34,0,15,,31046,15,0,33 4 34,0,15,,31048,15,0,17 18 4 19,0,17,,31050,15,0,33 4 34,0,70,,31053,15,0,33 4 34,0,30,,31056,15,0,33 4 34,0,70,,31059,15,0,33 4 34,0,30,,31062,15,0,33 4 34,0,70,,31065,15,0,33 4 34,0,30,,31068,15,0,33 4 34,0,70,,31071,15,0,33 4 34,0,27,,31074,15,0,33 4 34,0,58,,31076,15,0,33 4 34,0,15,,31078,15,0,33 4 34,0,15,,31080,15,0,33 4 34,0,15,,31082,15,0,33 4 34,0,55,,31084,15,0,33 4 34,0,15,,31086,15,0,33 4 34,0,15,,31088,15,0,33 4 34,0,15,,31090,15,0,33 4 34,0,55,,31092,15,0,33 4 34,0,15,,31094,15,0,33 4 34,0,15,,31096,15,0,33 4 34,0,15,,31098,15,0,33 4 34,0,55,,31100,15,0,33 4 34,0,14,,31102,15,0,33 4 34,0,19,,31104,15,0,33 4 34,0,15,,31106,15,0,33 4 34,0,49,,31108,15,0,17 18 4 19,0,22,,31110,15,0,33 4 34,0,11,,31112,15,0,17 18 4 19,0,23,,31114,15,0,33 4 34,0,64,,31117,15,0,33 4 34,0,36,,31121,15,0,33 4 34,0,70,,31124,15,0,33 4 34,0,30,,31127,15,0,33 4 34,0,70,,31130,15,0,33 4 34,0,19,,31132,15,0,33 4 34,0,85,,31135,15,0,33 4 34,0,85,,31139,15,0,33 4 34,0,40,,31142,15,0,33 4 34,0,85,,31144,15,0,33 4 34,0
578301,'2',444,,31151,15,0,33 4 34,0,76,,31154,15,0,33 4 34,0,36,,31157,15,0,33 4 34,0,76,,31160,15,0,33 4 34,0,76,,31163,15,0,33 4 34,0,29,,31166,15,0,33 4 34,0,76,,31169,15,0,33 4 34,0,36,,31172,15,0,33 4 34,0,76,,31175,15,0,33 4 34,0,76,,31178,15,0,33 4 34,0,36,,31181,15,0,33 4 34,0,76,,31184,15,0,33 4 34,0,36,,31187,15,0,33 4 34,0,76,,31190,15,0,33 4 34,0,76,,31193,15,0,33 4 34,0,36,,31196,15,0,33 4 34,0,76,,31199,15,0,33 4 34,0,36,,31202,15,0,33 4 34,0,76,,31205,15,0,33 4 34,0,76,,31208,15,0,33 4 34,0,36,,31211,15,0,33 4 34,0,76,,31214,15,0,33 4 34,0,36,,31217,15,0,33 4 34,0,76,,31220,15,0,33 4 34,0,79,,31223,15,0,33 4 34,0,36,,31226,15,0,33 4 34,0,76,,31229,15,0,33 4 34,0,86,,31232,15,0,33 4 34,0,33,,31234,15,0,33 4 34,0,85,,31237,15,0,33 4 34,0,85,,31240,15,0,33 4 34,0,45,,31243,15,0,33 4 34,0,90,,31246,15,0,33 4 34,0
578301,'3',521,,31254,15,0,33 4 34,0,85,,31258,15,0,33 4 34,0,45,,31261,15,0,33 4 34,0,85,,31264,15,0,33 4 34,0,85,,31267,15,0,33 4 34,0,85,,31270,15,0,33 4 34,0,31,,31273,15,0,33 4 34,0,76,,31276,15,0,33 4 34,0,36,,31279,15,0,33 4 34,0,76,,31282,15,0,33 4 34,0,76,,31285,15,0,33 4 34,0,36,,31288,15,0,33 4 34,0,76,,31291,15,0,33 4 34,0,36,,31294,15,0,33 4 34,0,76,,31297,15,0,33 4 34,0,76,,31300,15,0,33 4 34,0,36,,31303,15,0,33 4 34,0,76,,31306,15,0,33 4 34,0,36,,31309,15,0,33 4 34,0,76,,31312,15,0,33 4 34,0,77,,31315,15,0,33 4 34,0,36,,31318,15,0,33 4 34,0,78,,31321,15,0,33 4 34,0,85,,31324,15,0,33 4 34,0,45,,31327,15,0,33 4 34,0,90,,31330,15,0,33 4 34,0,85,,31333,15,0,33 4 34,0,85,,31336,15,0,33 4 34,0,30,,31338,15,0,33 4 34,0
578301,'4',529,,31407,15,0,33 4 34,0,26,,31344,15,0,33 4 34,0,66,,31347,15,0,33 4 34,0,85,,31350,15,0,33 4 34,0,45,,31353,15,0,33 4 34,0,85,,31356,15,0,33 4 34,0,85,,31359,15,0,33 4 34,0,80,,31362,15,0,33 4 34,0,45,,31365,15,0,33 4 34,0,85,,31368,15,0,33 4 34,0,85,,31371,15,0,33 4 34,0,85,,31374,15,0,33 4 34,0,45,,31377,15,0,33 4 34,0,85,,31380,15,0,33 4 34,0,85,,31383,15,0,33 4 34,0,85,,31386,15,0,33 4 34,0,45,,31389,15,0,33 4 34,0,91,,31392,15,0,33 4 34,0,85,,31395,15,0,33 4 34,0,85,,31398,15,0,33 4 34,0,45,,31401,15,0,33 4 34,0,85,,31405,15,0,33 4 34,0
578301,'6',521,,31411,15,0,33 4 34,0,85,,31415,15,0,33 4 34,0,45,,31418,15,0,33 4 34,0,85,,31421,15,0,33 4 34,0,85,,31424,15,0,33 4 34,0,85,,31427,15,0,33 4 34,0,31,,31430,15,0,33 4 34,0,76,,31433,15,0,33 4 34,0,36,,31436,15,0,33 4 34,0,76,,31439,15,0,33 4 34,0,76,,31442,15,0,33 4 34,0,36,,31445,15,0,33 4 34,0,76,,31448,15,0,33 4 34,0,36,,31451,15,0,33 4 34,0,76,,31454,15,0,33 4 34,0,76,,31457,15,0,33 4 34,0,36,,31460,15,0,33 4 34,0,76,,31463,15,0,33 4 34,0,36,,31466,15,0,33 4 34,0,76,,31469,15,0,33 4 34,0,77,,31472,15,0,33 4 34,0,36,,31475,15,0,33 4 34,0,78,,31478,15,0,33 4 34,0,85,,31481,15,0,33 4 34,0,45,,31484,15,0,33 4 34,0,90,,31487,15,0,33 4 34,0,85,,31490,15,0,33 4 34,0,85,,31493,15,0,33 4 34,0,30,,31495,15,0,33 4 34,0
580801,'14601',505,,39528,4,,,0,20,,39522,4,,,0,20,,39523,4,,,0,60,,39524,4,,,0,20,,39525,4,,,0,20,,39526,4,,,0,60,,39527,4,,,0,20,,39520,4,,,0,19,,39521,4,,,0,10,,39423,4,,,0,50,,39454,4,,,0,10,,39424,4,,,0,8,,39455,4,,,0,7,,39425,4,,,0,8,,39456,4,,,0,9,,39426,4,,,0,8,,39457,4,,,0,47,,39427,4,,,0,8,,39458,4,,,0,5,,39428,4,,,0,8,,39459,4,,,0,7,,39460,4,,,0,8,,39461,4,,,0,13,,39462,4,,,0,52,,39429,4,,,0,10,,39430,4,,,0,10,,39431,4,,,0,10,,39432,4,,,0,10,,39433,4,,,0,10,,39434,4,,,0,50,,39435,4,,,0,10,,39436,4,,,0,10,,39437,4,,,0,10,,39438,4,,,0,10,,39439,4,,,0,10,,39440,4,,,0,50,,39441,4,,,0,10,,39442,4,,,0,10,,39443,4,,,0,10,,39444,4,,,0,10,,39445,4,,,0,10,,39446,4,,,0,50,,39447,4,,,0,10,,39448,4,,,0,10,,39449,4,,,0,10,,39450,4,,,0,10,,39451,4,,,0,10,,39452,4,,,0,50,,39453,4,,,0,10,,39488,4,,,0,9,,39489,4,,,0,8,,39492,4,,,0,7,,39490,4,,,0,8,,39493,4,,,0,7,,39491,4,,,0,8,,39463,4,,,0,47,,39476,4,,,0,8,,39464,4,,,0,7,,39477,4,,,0,8,,39465,4,,,0,7,,39478,4,,,0,8,,39466,4,,,0,7,,39479,4,,,0,8,,39467,4,,,0,47,,39480,4,,,0,8,,39468,4,,,0,7,,39481,4,,,0,8,,39469,4,,,0,7,,39482,4,,,0,8,,39470,4,,,0,7,,39483,4,,,0,8,,39471,4,,,0,47,,39484,4,,,0,8,,39472,4,,,0,7,,39485,4,,,0,8,,39473,4,,,0,8,,39486,4,,,0,8,,39474,4,,,0,7,,39487,4,,,0,48,,39475,4,,,0,8,,39503,4,,,0,10,,39504,4,,,0,10,,39505,4,,,0,10,,39506,4,,,0,10,,39507,4,,,0,10,,39494,4,,,0,56,,39495,4,,,0,15,,39496,4,,,0,15,,39498,4,,,0,15,,39499,4,,,0,55,,39500,4,,,0,15,,39501,4,,,0,15,,39502,4,,,0,15,,39497,4,,,0,55,,39515,4,,,0,15,,39516,4,,,0,15,,39519,4,,,0,58,,39517,4,,,0,22,,39518,4,,,0,30,,39508,4,,,0,70,,39509,4,,,0,30,,39510,4,,,0,70,,39511,4,,,0,30,,39512,4,,,0,70,,39513,4,,,0,30,,39514,4,,,0
580801,'14602',521,,39559,4,,,0,30,,39560,4,,,0,70,,39561,4,,,0,30,,39562,4,,,0,70,,39563,4,,,0,30,,39564,4,,,0,70,,39565,4,,,0,30,,39566,4,,,0,68,,39567,4,,,0,30,,39568,4,,,0,70,,39569,4,,,0,30,,39570,4,,,0,70,,39558,4,,,0,30,,39541,4,,,0,70,,39542,4,,,0,30,,39543,4,,,0,70,,39544,4,,,0,30,,39545,4,,,0,70,,39546,4,,,0,30,,39547,4,,,0,70,,39548,4,,,0,30,,39549,4,,,0,70,,39550,4,,,0,30,,39551,4,,,0,70,,39552,4,,,0,30,,39553,4,,,0,70,,39554,4,,,0,33,,39555,4,,,0,70,,39556,4,,,0,30,,39557,4,,,0,70,,39540,4,,,0,30,,39539,4,,,0,70,,39538,4,,,0,30,,39537,4,,,0,72,,39536,4,,,0,30,,39535,4,,,0,70,,39534,4,,,0,30,,39533,4,,,0,70,,39532,4,,,0,30,,39531,4,,,0,70,,39530,4,,,0,30,,39529,4,,,0
580801,'14603',621,,39596,4,,,0,30,,39597,4,,,0,70,,39598,4,,,0,30,,39599,4,,,0,70,,39600,4,,,0,30,,39601,4,,,0,68,,39602,4,,,0,30,,39603,4,,,0,70,,39604,4,,,0,30,,39605,4,,,0,70,,39571,4,,,0,30,,39588,4,,,0,70,,39587,4,,,0,30,,39586,4,,,0,70,,39585,4,,,0,30,,39584,4,,,0,70,,39583,4,,,0,30,,39582,4,,,0,70,,39581,4,,,0,30,,39580,4,,,0,70,,39579,4,,,0,30,,39578,4,,,0,70,,39577,4,,,0,30,,39576,4,,,0,70,,39575,4,,,0,33,,39574,4,,,0,70,,39573,4,,,0,30,,39572,4,,,0,70,,39589,4,,,0,30,,39590,4,,,0,70,,39591,4,,,0,30,,39592,4,,,0,72,,39593,4,,,0,30,,39594,4,,,0,70,,39595,4,,,0,30,,39606,4,,,0
580801,'14604',621,,39627,4,,,0,30,,39628,4,,,0,70,,39629,4,,,0,30,,39630,4,,,0,70,,39631,4,,,0,30,,39632,4,,,0,68,,39633,4,,,0,30,,39634,4,,,0,70,,39635,4,,,0,30,,39636,4,,,0,70,,39607,4,,,0,30,,39624,4,,,0,70,,39623,4,,,0,30,,39622,4,,,0,70,,39621,4,,,0,30,,39620,4,,,0,70,,39619,4,,,0,30,,39618,4,,,0,70,,39617,4,,,0,30,,39616,4,,,0,70,,39615,4,,,0,30,,39614,4,,,0,70,,39613,4,,,0,30,,39612,4,,,0,70,,39611,4,,,0,33,,39610,4,,,0,70,,39609,4,,,0,30,,39608,4,,,0,70,,39625,4,,,0,30,,39626,4,,,0
580801,'14606',621,,39662,4,,,0,30,,39663,4,,,0,70,,39664,4,,,0,30,,39665,4,,,0,70,,39666,4,,,0,30,,39667,4,,,0,68,,39668,4,,,0,30,,39669,4,,,0,70,,39670,4,,,0,30,,39671,4,,,0,70,,39637,4,,,0,30,,39654,4,,,0,70,,39653,4,,,0,30,,39652,4,,,0,70,,39651,4,,,0,30,,39650,4,,,0,70,,39649,4,,,0,30,,39648,4,,,0,70,,39647,4,,,0,30,,39646,4,,,0,70,,39645,4,,,0,30,,39644,4,,,0,70,,39643,4,,,0,30,,39642,4,,,0,70,,39641,4,,,0,33,,39640,4,,,0,70,,39639,4,,,0,30,,39638,4,,,0,70,,39655,4,,,0,30,,39656,4,,,0,70,,39657,4,,,0,30,,39658,4,,,0,72,,39659,4,,,0,30,,39660,4,,,0,70,,39661,4,,,0,30,,39672,4,,,0
582800,'1',642,,40229,4,,,0,15,,40231,4,,,0,55,,40233,4,,,0,15,,40235,4,,,0,15,,40237,4,,,0,15,,40239,4,,,0,55,,40241,4,,,0,15,,40243,4,,,0,14,,40245,4,,,0,11,,40247,4,,,0,52,,40249,4,,,0,12,,40251,4,,,0,12,,40253,4,,,0,12,,40255,4,,,0,12,,40257,4,,,0,52,,40259,4,,,0,12,,40261,4,,,0,12,,40263,4,,,0,12,,40265,4,,,0,12,,40267,4,,,0,52,,40269,4,,,0,12,,40271,4,,,0,12,,40273,4,,,0,12,,40275,4,,,0,12,,40277,4,,,0,52,,40279,4,,,0,12,,40281,4,,,0,12,,40283,4,,,0,12,,40285,4,,,0,12,,40287,4,,,0,52,,40289,4,,,0,12,,40291,4,,,0,12,,40293,4,,,0,12,,40295,4,,,0,8,,40297,4,,,0,52,,40299,4,,,0,12,,40301,4,,,0,12,,40303,4,,,0,12,,40305,4,,,0,12,,40307,4,,,0,52,,40309,4,,,0,12,,40311,4,,,0,12,,40313,4,,,0,13,,40315,4,,,0,12,,40317,4,,,0,52,,40319,4,,,0,12,,40321,4,,,0,12,,40323,4,,,0,12,,40325,4,,,0,12,,40327,4,,,0,52,,40329,4,,,0,16,,40331,4,,,0,12,,40333,4,,,0,12,,40335,4,,,0,12,,40337,4,,,0,52,,40215,4,,,0,12,,40339,4,,,0,12,,40341,4,,,0
