578201,'1',502,,30350,12,,,0,20,,30336,12,,,0,20,,30349,12,,,0,60,,30348,12,,,0,20,,30351,12,,,0,20,,30352,12,,,0,17,,30353,12,,,0,60,,30354,12,,,0,20,,30355,12,,,0,20,,30356,12,,,0,60,,30357,12,,,0,20,,30358,12,,,0,20,,30359,12,,,0,60,,30360,12,,,0,20,,30361,12,,,0,20,,30362,12,,,0,64,,30363,12,,,0,20,,30364,12,,,0,60,,30365,12,,,0,20,,30366,12,,,0,20,,30367,12,,,0,60,,30368,12,,,0,20,,30369,12,,,0,20,,30370,12,,,0,60,,30371,12,,,0,20,,30372,12,,,0,20,,30373,12,,,0,60,,30374,12,,,0,16,,30375,12,,,0,20,,30376,12,,,0,20,,30377,12,,,0,60,,30378,12,,,0,20,,30379,12,,,0,20,,30380,12,,,0,60,,30381,12,,,0,20,,30382,12,,,0,20,,30383,12,,,0,60,,30384,12,,,0,20,,30385,12,,,0,65,,30386,12,,,0,30,,30337,12,,,0,70,,30338,12,,,0,34,,30339,12,,,0,70,,30340,12,,,0,30,,30341,12,,,0,70,,30342,12,,,0,30,,30343,12,,,0,73,,30344,12,,,0,30,,30345,12,,,0,70,,30335,12,,,0,30,,30346,12,,,0,80,,30334,12,,,0,25,,30347,12,,,0
578201,'2',545,,30388,12,,,0,70,,30389,12,,,0,30,,30390,12,,,0,70,,30391,12,,,0,30,,30392,12,,,0,69,,30393,12,,,0,29,,30394,12,,,0,64,,30395,12,,,0,20,,30396,12,,,0,20,,30397,12,,,0,60,,30398,12,,,0,20,,30399,12,,,0,20,,30400,12,,,0,60,,30401,12,,,0,20,,30402,12,,,0,20,,30403,12,,,0,60,,30404,12,,,0,20,,30405,12,,,0,20,,30406,12,,,0,60,,30407,12,,,0,20,,30408,12,,,0,20,,30409,12,,,0,60,,30410,12,,,0,20,,30411,12,,,0,20,,30412,12,,,0,60,,30413,12,,,0,20,,30414,12,,,0,20,,30415,12,,,0,60,,30416,12,,,0,20,,30417,12,,,0,20,,30418,12,,,0,68,,30419,12,,,0,30,,30420,12,,,0,70,,30421,12,,,0,30,,30422,12,,,0,70,,30423,12,,,0,30,,30424,12,,,0,70,,30425,12,,,0,30,,30426,12,,,0,70,,30427,12,,,0,30,,30428,12,,,0,72,,30429,12,,,0,30,,30430,12,,,0,70,,30431,12,,,0,30,,30432,12,,,0,90,,30433,12,,,0
578201,'3',608,,30469,12,,,0,35,,30468,12,,,0,70,,30467,12,,,0,30,,30466,12,,,0,70,,30465,12,,,0,30,,30464,12,,,0,69,,30463,12,,,0,30,,30462,12,,,0,70,,30461,12,,,0,30,,30460,12,,,0,70,,30459,12,,,0,30,,30458,12,,,0,70,,30457,12,,,0,30,,30456,12,,,0,70,,30455,12,,,0,30,,30454,12,,,0,70,,30453,12,,,0,30,,30452,12,,,0,70,,30451,12,,,0,30,,30450,12,,,0,70,,30449,12,,,0,30,,30448,12,,,0,70,,30447,12,,,0,30,,30446,12,,,0,70,,30445,12,,,0,30,,30444,12,,,0,70,,30443,12,,,0,30,,30442,12,,,0,73,,30441,12,,,0,30,,30440,12,,,0,70,,30439,12,,,0,30,,30438,12,,,0,70,,30437,12,,,0,30,,30436,12,,,0,70,,30435,12,,,0,30,,30434,12,,,0
578201,'4',647,,30471,12,,,0,80,,30472,12,,,0,80,,30473,12,,,0,40,,30474,12,,,0,80,,30475,12,,,0,80,,30476,12,,,0,40,,30477,12,,,0,80,,30478,12,,,0,80,,30479,12,,,0,40,,30480,12,,,0,80,,30481,12,,,0,80,,30482,12,,,0,105,,30483,12,,,0,100,,30484,12,,,0,100,,30485,12,,,0,100,,30486,12,,,0,100,,30487,12,,,0,100,,30488,12,,,0,90,,30489,12,,,0
578201,'6',608,,30525,12,,,0,35,,30524,12,,,0,70,,30523,12,,,0,30,,30522,12,,,0,70,,30521,12,,,0,30,,30520,12,,,0,69,,30519,12,,,0,30,,30518,12,,,0,70,,30517,12,,,0,30,,30516,12,,,0,70,,30515,12,,,0,30,,30514,12,,,0,70,,30513,12,,,0,30,,30512,12,,,0,70,,30511,12,,,0,30,,30510,12,,,0,70,,30509,12,,,0,30,,30508,12,,,0,70,,30507,12,,,0,30,,30506,12,,,0,70,,30505,12,,,0,30,,30504,12,,,0,70,,30503,12,,,0,30,,30502,12,,,0,70,,30501,12,,,0,30,,30500,12,,,0,70,,30499,12,,,0,30,,30498,12,,,0,73,,30497,12,,,0,30,,30496,12,,,0,70,,30495,12,,,0,30,,30494,12,,,0,70,,30493,12,,,0,30,,30492,12,,,0,70,,30491,12,,,0,30,,30490,12,,,0
578300,'1',507,,30533,12,0,31 4 32,0,35,,30536,12,0,31 4 32,0,62,,30539,12,0,31 4 32,0,30,,30543,12,0,31 4 32,0,70,,30547,12,0,31 4 32,0,30,,30551,12,0,31 4 32,0,70,,30555,12,0,31 4 32,0,29,,30559,12,0,31 4 32,0,73,,30563,12,0,31 4 32,0,30,,30567,12,0,31 4 32,0,70,,30570,12,0,31 4 32,0,30,,30573,12,0,31 4 32,0,70,,30576,12,0,31 4 32,0,30,,30579,12,0,31 4 32,0,70,,30582,12,0,31 4 32,0,30,,30585,12,0,31 4 32,0,70,,30588,12,0,31 4 32,0,27,,30591,12,0,31 4 32,0,69,,30595,12,0,31 4 32,0,30,,30599,12,0,31 4 32,0,70,,30603,12,0,31 4 32,0,30,,30607,12,0,31 4 32,0,70,,30611,12,0,31 4 32,0,30,,30615,12,0,31 4 32,0,70,,30619,12,0,31 4 32,0,30,,30623,12,0,31 4 32,0,73,,30627,12,0,31 4 32,0,30,,30630,12,0,31 4 32,0,70,,30633,12,0,31 4 32,0,30,,30636,12,0,31 4 32,0,70,,30639,12,0,31 4 32,0,30,,30642,12,0,31 4 32,0,70,,30645,12,0,31 4 32,0,51,,30649,12,0,31 4 32,0,85,,30652,12,0,31 4 32,0,85,,30655,12,0,31 4 32,0,85,,30658,12,0,31 4 32,0,35,,30660,12,0,17 25 4 26,0
578300,'2',532,,30671,12,0,31 4 32,0,76,,30674,12,0,31 4 32,0,36,,30677,12,0,31 4 32,0,76,,30680,12,0,31 4 32,0,29,,30684,12,0,31 4 32,0,76,,30687,12,0,31 4 32,0,76,,30690,12,0,31 4 32,0,36,,30693,12,0,31 4 32,0,76,,30696,12,0,31 4 32,0,36,,30699,12,0,31 4 32,0,76,,30702,12,0,31 4 32,0,76,,30705,12,0,31 4 32,0,36,,30708,12,0,31 4 32,0,76,,30711,12,0,31 4 32,0,36,,30714,12,0,31 4 32,0,76,,30717,12,0,31 4 32,0,76,,30720,12,0,31 4 32,0,36,,30723,12,0,31 4 32,0,76,,30726,12,0,31 4 32,0,36,,30729,12,0,31 4 32,0,76,,30732,12,0,31 4 32,0,76,,30735,12,0,31 4 32,0,36,,30738,12,0,31 4 32,0,77,,30741,12,0,31 4 32,0,36,,30744,12,0,31 4 32,0,76,,30747,12,0,31 4 32,0,76,,30750,12,0,31 4 32,0,43,,30753,12,0,31 4 32,0,100,,30757,12,0,31 4 32,0,85,,30760,12,0,31 4 32,0,100,,30764,12,0,31 4 32,0
578300,'3',546,,30773,12,0,31 4 32,0,85,,30777,12,0,31 4 32,0,85,,30780,12,0,31 4 32,0,85,,30783,12,0,31 4 32,0,42,,30786,12,0,31 4 32,0,76,,30789,12,0,31 4 32,0,32,,30792,12,0,31 4 32,0,76,,30795,12,0,31 4 32,0,76,,30798,12,0,31 4 32,0,36,,30801,12,0,31 4 32,0,76,,30804,12,0,31 4 32,0,36,,30807,12,0,31 4 32,0,76,,30810,12,0,31 4 32,0,76,,30813,12,0,31 4 32,0,36,,30816,12,0,31 4 32,0,76,,30819,12,0,31 4 32,0,36,,30822,12,0,31 4 32,0,76,,30825,12,0,31 4 32,0,76,,30828,12,0,31 4 32,0,39,,30831,12,0,31 4 32,0,85,,30834,12,0,31 4 32,0,85,,30837,12,0,31 4 32,0,45,,30840,12,0,31 4 32,0,85,,30843,12,0,31 4 32,0,89,,30846,12,0,31 4 32,0,85,,30849,12,0,31 4 32,0,85,,30852,12,0,31 4 32,0,30,,30854,12,0,31 4 32,0
578300,'4',601,,30859,12,0,31 4 32,0,45,,30862,12,0,31 4 32,0,85,,30865,12,0,31 4 32,0,85,,30868,12,0,31 4 32,0,85,,30871,12,0,31 4 32,0,40,,30874,12,0,31 4 32,0,85,,30877,12,0,31 4 32,0,85,,30880,12,0,31 4 32,0,45,,30883,12,0,31 4 32,0,85,,30886,12,0,31 4 32,0,85,,30889,12,0,31 4 32,0,85,,30892,12,0,31 4 32,0,45,,30895,12,0,31 4 32,0,85,,30898,12,0,31 4 32,0,85,,30901,12,0,31 4 32,0,85,,30904,12,0,31 4 32,0,90,,30907,12,0,31 4 32,0,45,,30910,12,0,31 4 32,0,85,,30913,12,0,31 4 32,0,85,,30916,12,0,31 4 32,0
578300,'6',546,,30927,12,0,31 4 32,0,85,,30931,12,0,31 4 32,0,85,,30934,12,0,31 4 32,0,85,,30937,12,0,31 4 32,0,42,,30940,12,0,31 4 32,0,76,,30943,12,0,31 4 32,0,32,,30946,12,0,31 4 32,0,76,,30949,12,0,31 4 32,0,76,,30952,12,0,31 4 32,0,36,,30955,12,0,31 4 32,0,76,,30958,12,0,31 4 32,0,36,,30961,12,0,31 4 32,0,76,,30964,12,0,31 4 32,0,76,,30967,12,0,31 4 32,0,36,,30970,12,0,31 4 32,0,76,,30973,12,0,31 4 32,0,36,,30976,12,0,31 4 32,0,76,,30979,12,0,31 4 32,0,76,,30982,12,0,31 4 32,0,39,,30985,12,0,31 4 32,0,85,,30988,12,0,31 4 32,0,85,,30991,12,0,31 4 32,0,45,,30994,12,0,31 4 32,0,85,,30997,12,0,31 4 32,0,89,,31000,12,0,31 4 32,0,85,,31003,12,0,31 4 32,0,85,,31006,12,0,31 4 32,0,30,,31008,12,0,31 4 32,0
