579601,'1',458,,35143,36,,,0,60,,35144,36,,,0,20,,35145,36,,,0,18,,35146,36,,,0,54,,35147,36,,,0,15,,35148,36,,,0,15,,35149,36,,,0,15,,35150,36,,,0,55,,35151,36,,,0,15,,35152,36,,,0,15,,35153,36,,,0,15,,35154,36,,,0,55,,35155,36,,,0,15,,35156,36,,,0,15,,35157,36,,,0,15,,35158,36,,,0,55,,35159,36,,,0,15,,35160,36,,,0,16,,35161,36,,,0,17,,35162,36,,,0,60,,35163,36,,,0,20,,35164,36,,,0,20,,35165,36,,,0,60,,35166,36,,,0,20,,35167,36,,,0,20,,35168,36,,,0,60,,35169,36,,,0,20,,35170,36,,,0,20,,35171,36,,,0,60,,35172,36,,,0,20,,35173,36,,,0,20,,35174,36,,,0,60,,35175,36,,,0,20,,35176,36,,,0,15,,35177,36,,,0,55,,35178,36,,,0,15,,35179,36,,,0,15,,35180,36,,,0,15,,35181,36,,,0,55,,35182,36,,,0,15,,35183,36,,,0,15,,35184,36,,,0,15,,35185,36,,,0,55,,35186,36,,,0,15,,35187,36,,,0,20,,35188,36,,,0,60,,35189,36,,,0,28,,35190,36,,,0,70,,35191,36,,,0,27,,35192,36,,,0,30,,35193,36,,,0,70,,35194,36,,,0,30,,35195,36,,,0,70,,35196,36,,,0,28,,35197,36,,,0,65,,35198,36,,,0,30,,35199,36,,,0,70,,35200,36,,,0,25,,35201,36,,,0,70,,35202,36,,,0,28,,35203,36,,,0,70,,35204,36,,,0
579601,'2',539,,35217,36,,,0,70,,35218,36,,,0,32,,35219,36,,,0,70,,35220,36,,,0,30,,35221,36,,,0,70,,35222,36,,,0,30,,35223,36,,,0,65,,35224,36,,,0,20,,35225,36,,,0,20,,35226,36,,,0,60,,35227,36,,,0,20,,35228,36,,,0,20,,35229,36,,,0,60,,35230,36,,,0,20,,35231,36,,,0,20,,35232,36,,,0,60,,35233,36,,,0,20,,35234,36,,,0,20,,35235,36,,,0,60,,35236,36,,,0,20,,35237,36,,,0,20,,35238,36,,,0,60,,35239,36,,,0,20,,35240,36,,,0,20,,35241,36,,,0,60,,35242,36,,,0,20,,35243,36,,,0,20,,35244,36,,,0,60,,35245,36,,,0,20,,35246,36,,,0,20,,35247,36,,,0,60,,35248,36,,,0,22,,35253,36,,,0,30,,35249,36,,,0,69,,35250,36,,,0,30,,35251,36,,,0,70,,35252,36,,,0,30,,35205,36,,,0,70,,35206,36,,,0,30,,35207,36,,,0,70,,35208,36,,,0,28,,35209,36,,,0,66,,35210,36,,,0,30,,35211,36,,,0,70,,35212,36,,,0,30,,35213,36,,,0,70,,35214,36,,,0,30,,35215,36,,,0,70,,35216,36,,,0
579601,'3',606,,35278,36,,,0,30,,35279,36,,,0,70,,35277,36,,,0,30,,35280,36,,,0,70,,35276,36,,,0,30,,35281,36,,,0,65,,35274,36,,,0,25,,35275,36,,,0,30,,35273,36,,,0,70,,35272,36,,,0,30,,35271,36,,,0,70,,35270,36,,,0,30,,35269,36,,,0,70,,35268,36,,,0,30,,35267,36,,,0,70,,35266,36,,,0,30,,35265,36,,,0,70,,35264,36,,,0,30,,35263,36,,,0,70,,35262,36,,,0,30,,35261,36,,,0,70,,35260,36,,,0,30,,35259,36,,,0,70,,35258,36,,,0,28,,35254,36,,,0,70,,35257,36,,,0,30,,35282,36,,,0,70,,35256,36,,,0,30,,35283,36,,,0,70,,35255,36,,,0,31,,35284,36,,,0,67,,35285,36,,,0,30,,35286,36,,,0,59,,35288,36,,,0,30,,35287,36,,,0,70,,35289,36,,,0,30,,35290,36,,,0
579601,'4',620,,35291,36,,,0,100,,35292,36,,,0,85,,35293,36,,,0,30,,35294,36,,,0,70,,35295,36,,,0,33,,35296,36,,,0,70,,35297,36,,,0,30,,35298,36,,,0,70,,35299,36,,,0,30,,35300,36,,,0,70,,35301,36,,,0,30,,35302,36,,,0,70,,35303,36,,,0,30,,35304,36,,,0,70,,35305,36,,,0,30,,35306,36,,,0,70,,35307,36,,,0,30,,35308,36,,,0,82,,35309,36,,,0,100,,35310,36,,,0,98,,35311,36,,,0,100,,35312,36,,,0,100,,35313,36,,,0
579601,'6',606,,35338,36,,,0,30,,35339,36,,,0,70,,35337,36,,,0,30,,35340,36,,,0,70,,35336,36,,,0,30,,35341,36,,,0,65,,35334,36,,,0,25,,35335,36,,,0,30,,35333,36,,,0,70,,35332,36,,,0,30,,35331,36,,,0,70,,35330,36,,,0,30,,35329,36,,,0,70,,35328,36,,,0,30,,35327,36,,,0,70,,35326,36,,,0,30,,35325,36,,,0,70,,35324,36,,,0,30,,35323,36,,,0,70,,35322,36,,,0,30,,35321,36,,,0,70,,35320,36,,,0,30,,35319,36,,,0,70,,35318,36,,,0,28,,35314,36,,,0,70,,35317,36,,,0,30,,35342,36,,,0,70,,35316,36,,,0,30,,35343,36,,,0,70,,35315,36,,,0,31,,35344,36,,,0,67,,35345,36,,,0,30,,35346,36,,,0,59,,35348,36,,,0,30,,35347,36,,,0,70,,35349,36,,,0,30,,35350,36,,,0
579701,'1601',1515,,35553,31,,,0,30,,35552,31,,,0
579701,'1',522,,35554,31,,,0,22,,35555,31,,,0,60,,35556,31,,,0,20,,35557,31,,,0,20,,35558,31,,,0,59,,35559,31,,,0,15,,35560,31,,,0,15,,35561,31,,,0,15,,35562,31,,,0,55,,35563,31,,,0,15,,35564,31,,,0,15,,35565,31,,,0,15,,35566,31,,,0,60,,35567,31,,,0,20,,35568,31,,,0,20,,35569,31,,,0,59,,35570,31,,,0,20,,35571,31,,,0,20,,35572,31,,,0,60,,35573,31,,,0,20,,35574,31,,,0,20,,35575,31,,,0,60,,35576,31,,,0,20,,35577,31,,,0,20,,35578,31,,,0,60,,35579,31,,,0,20,,35580,31,,,0,20,,35581,31,,,0,56,,35582,31,,,0,15,,35583,31,,,0,15,,35584,31,,,0,15,,35585,31,,,0,55,,35586,31,,,0,15,,35587,31,,,0,15,,35588,31,,,0,15,,35589,31,,,0,55,,35590,31,,,0,15,,35591,31,,,0,15,,35592,31,,,0,15,,35593,31,,,0,55,,35594,31,,,0,15,,35595,31,,,0,15,,35596,31,,,0,15,,35597,31,,,0,69,,35598,31,,,0,30,,35599,31,,,0,66,,35600,31,,,0,28,,35601,31,,,0,70,,35602,31,,,0,30,,35603,31,,,0,70,,35604,31,,,0,30,,35605,31,,,0,69,,35606,31,,,0,25,,35607,31,,,0,70,,35608,31,,,0,30,,35609,31,,,0,70,,35610,31,,,0,32,,35611,31,,,0,70,,35612,31,,,0
579701,'2',554,,35656,31,,,0,72,,35657,31,,,0,30,,35658,31,,,0,70,,35659,31,,,0,30,,35613,31,,,0,70,,35614,31,,,0,30,,35615,31,,,0,60,,35616,31,,,0,20,,35617,31,,,0,20,,35618,31,,,0,60,,35619,31,,,0,20,,35620,31,,,0,20,,35621,31,,,0,60,,35622,31,,,0,20,,35623,31,,,0,20,,35624,31,,,0,60,,35625,31,,,0,20,,35626,31,,,0,20,,35627,31,,,0,60,,35628,31,,,0,20,,35629,31,,,0,20,,35630,31,,,0,60,,35631,31,,,0,20,,35632,31,,,0,20,,35633,31,,,0,60,,35634,31,,,0,20,,35635,31,,,0,20,,35636,31,,,0,60,,35637,31,,,0,20,,35638,31,,,0,20,,35639,31,,,0,60,,35640,31,,,0,20,,35660,31,,,0,20,,35661,31,,,0,60,,35641,31,,,0,26,,35642,31,,,0,70,,35643,31,,,0,30,,35644,31,,,0,70,,35645,31,,,0,30,,35646,31,,,0,70,,35647,31,,,0,30,,35648,31,,,0,64,,35649,31,,,0,30,,35650,31,,,0,70,,35651,31,,,0,30,,35652,31,,,0,70,,35653,31,,,0,30,,35654,31,,,0,73,,35655,31,,,0
579701,'3',628,,35667,31,,,0,29,,35666,31,,,0,70,,35668,31,,,0,30,,35665,31,,,0,70,,35669,31,,,0,30,,35670,31,,,0,79,,35671,31,,,0,70,,35672,31,,,0,30,,35673,31,,,0,70,,35674,31,,,0,30,,35675,31,,,0,70,,35676,31,,,0,30,,35677,31,,,0,70,,35678,31,,,0,30,,35679,31,,,0,70,,35680,31,,,0,30,,35681,31,,,0,70,,35682,31,,,0,30,,35683,31,,,0,70,,35684,31,,,0,30,,35685,31,,,0,70,,35686,31,,,0,30,,35687,31,,,0,68,,35664,31,,,0,30,,35688,31,,,0,70,,35663,31,,,0,30,,35689,31,,,0,70,,35662,31,,,0,30,,35690,31,,,0,68,,35691,31,,,0,30,,35692,31,,,0,68,,35693,31,,,0,30,,35694,31,,,0,70,,35695,31,,,0,30,,35696,31,,,0,24,,35697,31,,,0
579701,'4',650,,35698,31,,,0,100,,35699,31,,,0,70,,35700,31,,,0,30,,35701,31,,,0,70,,35702,31,,,0,34,,35703,31,,,0,70,,35704,31,,,0,30,,35705,31,,,0,70,,35706,31,,,0,30,,35707,31,,,0,70,,35708,31,,,0,30,,35709,31,,,0,70,,35710,31,,,0,30,,35711,31,,,0,70,,35712,31,,,0,30,,35713,31,,,0,65,,35714,31,,,0,30,,35715,31,,,0,100,,35716,31,,,0,98,,35717,31,,,0,100,,35718,31,,,0,100,,35719,31,,,0,100,,35720,31,,,0
579701,'6',628,,35726,31,,,0,29,,35725,31,,,0,70,,35727,31,,,0,30,,35724,31,,,0,70,,35728,31,,,0,30,,35729,31,,,0,79,,35730,31,,,0,70,,35731,31,,,0,30,,35732,31,,,0,70,,35733,31,,,0,30,,35734,31,,,0,70,,35735,31,,,0,30,,35736,31,,,0,70,,35737,31,,,0,30,,35738,31,,,0,70,,35739,31,,,0,30,,35740,31,,,0,70,,35741,31,,,0,30,,35742,31,,,0,70,,35743,31,,,0,30,,35744,31,,,0,70,,35745,31,,,0,30,,35746,31,,,0,68,,35723,31,,,0,30,,35747,31,,,0,70,,35722,31,,,0,30,,35748,31,,,0,70,,35721,31,,,0,30,,35749,31,,,0,68,,35750,31,,,0,30,,35751,31,,,0,68,,35752,31,,,0,30,,35753,31,,,0,70,,35754,31,,,0,30,,35755,31,,,0,24,,35756,31,,,0
579801,'1',527,,35991,16,,,0,20,,35992,16,,,0,60,,35993,16,,,0,20,,35994,16,,,0,20,,35995,16,,,0,57,,35996,16,,,0,16,,35997,16,,,0,14,,35998,16,,,0,12,,35999,16,,,0,12,,36000,16,,,0,52,,36001,16,,,0,12,,36002,16,,,0,12,,36003,16,,,0,14,,36004,16,,,0,52,,36005,16,,,0,12,,36006,16,,,0,12,,36007,16,,,0,13,,36008,16,,,0,15,,36009,16,,,0,55,,36010,16,,,0,15,,36011,16,,,0,15,,36012,16,,,0,15,,36013,16,,,0,55,,36014,16,,,0,15,,36015,16,,,0,15,,36016,16,,,0,15,,36017,16,,,0,55,,36018,16,,,0,15,,36019,16,,,0,15,,36020,16,,,0,15,,36021,16,,,0,55,,36022,16,,,0,15,,36023,16,,,0,15,,36024,16,,,0,15,,36025,16,,,0,56,,36026,16,,,0,15,,36027,16,,,0,15,,36028,16,,,0,15,,36029,16,,,0,55,,36030,16,,,0,12,,36031,16,,,0,12,,36032,16,,,0,12,,36033,16,,,0,12,,36034,16,,,0,52,,36035,16,,,0,12,,36036,16,,,0,12,,36037,16,,,0,12,,36038,16,,,0,12,,36039,16,,,0,52,,36040,16,,,0,12,,36041,16,,,0,12,,36042,16,,,0,12,,36043,16,,,0,12,,36044,16,,,0,52,,36045,16,,,0,11,,36046,16,,,0,12,,36047,16,,,0,12,,36048,16,,,0,12,,36049,16,,,0,54,,36050,16,,,0,14,,36051,16,,,0,15,,36052,16,,,0,15,,36053,16,,,0,54,,36054,16,,,0,18,,36055,16,,,0,12,,36056,16,,,0,14,,36057,16,,,0,60,,36058,16,,,0,20,,36059,16,,,0,20,,36060,16,,,0,61,,36061,16,,,0,20,,36062,16,,,0,20,,36063,16,,,0,70,,36064,16,,,0,30,,36065,16,,,0,97,,36066,16,,,0
579801,'2',528,,36098,16,,,0,29,,36099,16,,,0,71,,36100,16,,,0,30,,36101,16,,,0,70,,36102,16,,,0,30,,36103,16,,,0,70,,36104,16,,,0,30,,36105,16,,,0,70,,36106,16,,,0,20,,36107,16,,,0,65,,36108,16,,,0,20,,36109,16,,,0,20,,36110,16,,,0,60,,36111,16,,,0,20,,36112,16,,,0,20,,36113,16,,,0,62,,36114,16,,,0,20,,36067,16,,,0,20,,36068,16,,,0,55,,36069,16,,,0,20,,36070,16,,,0,20,,36071,16,,,0,60,,36072,16,,,0,20,,36073,16,,,0,20,,36074,16,,,0,60,,36075,16,,,0,20,,36076,16,,,0,20,,36077,16,,,0,60,,36078,16,,,0,20,,36079,16,,,0,20,,36080,16,,,0,60,,36081,16,,,0,20,,36082,16,,,0,20,,36083,16,,,0,60,,36084,16,,,0,21,,36085,16,,,0,70,,36086,16,,,0,30,,36087,16,,,0,70,,36088,16,,,0,30,,36089,16,,,0,70,,36090,16,,,0,28,,36091,16,,,0,30,,36092,16,,,0,70,,36093,16,,,0,30,,36094,16,,,0,70,,36095,16,,,0,22,,36096,16,,,0,100,,36097,16,,,0
579801,'3',621,,36115,16,,,0,36,,36146,16,,,0,70,,36116,16,,,0,30,,36117,16,,,0,70,,36118,16,,,0,30,,36119,16,,,0,71,,36120,16,,,0,30,,36121,16,,,0,73,,36122,16,,,0,70,,36123,16,,,0,30,,36124,16,,,0,70,,36125,16,,,0,30,,36126,16,,,0,70,,36127,16,,,0,30,,36128,16,,,0,70,,36129,16,,,0,30,,36130,16,,,0,70,,36131,16,,,0,30,,36132,16,,,0,70,,36133,16,,,0,30,,36134,16,,,0,70,,36135,16,,,0,30,,36139,16,,,0,70,,36140,16,,,0,30,,36141,16,,,0,70,,36142,16,,,0,30,,36143,16,,,0,70,,36144,16,,,0,30,,36145,16,,,0,70,,36136,16,,,0,33,,36149,16,,,0,70,,36137,16,,,0,30,,36147,16,,,0,70,,36138,16,,,0,30,,36148,16,,,0
579801,'4',522,,36150,16,,,0,100,,36151,16,,,0,30,,36152,16,,,0,70,,36153,16,,,0,30,,36154,16,,,0,70,,36155,16,,,0,30,,36156,16,,,0,73,,36157,16,,,0,34,,36158,16,,,0,74,,36159,16,,,0,70,,36160,16,,,0,30,,36161,16,,,0,70,,36162,16,,,0,30,,36163,16,,,0,70,,36164,16,,,0,30,,36165,16,,,0,90,,36166,16,,,0,95,,36167,16,,,0,100,,36168,16,,,0,100,,36169,16,,,0,100,,36170,16,,,0,100,,36171,16,,,0,100,,36172,16,,,0
579801,'6',528,,36204,16,,,0,29,,36205,16,,,0,71,,36206,16,,,0,30,,36207,16,,,0,70,,36208,16,,,0,30,,36209,16,,,0,70,,36210,16,,,0,30,,36211,16,,,0,70,,36212,16,,,0,20,,36213,16,,,0,65,,36214,16,,,0,20,,36215,16,,,0,20,,36216,16,,,0,60,,36217,16,,,0,20,,36218,16,,,0,20,,36219,16,,,0,62,,36220,16,,,0,20,,36173,16,,,0,20,,36174,16,,,0,55,,36175,16,,,0,20,,36176,16,,,0,20,,36177,16,,,0,60,,36178,16,,,0,20,,36179,16,,,0,20,,36180,16,,,0,60,,36181,16,,,0,20,,36182,16,,,0,20,,36183,16,,,0,60,,36184,16,,,0,20,,36185,16,,,0,20,,36186,16,,,0,60,,36187,16,,,0,20,,36188,16,,,0,20,,36189,16,,,0,60,,36190,16,,,0,21,,36191,16,,,0,70,,36192,16,,,0,30,,36193,16,,,0,70,,36194,16,,,0,30,,36195,16,,,0,70,,36196,16,,,0,28,,36197,16,,,0,30,,36198,16,,,0,70,,36199,16,,,0,30,,36200,16,,,0,70,,36201,16,,,0,22,,36202,16,,,0,100,,36203,16,,,0
