580200,'1601',749,,37504,37,4,,0,8,,37505,37,4,,0
580200,'1',603,,37507,37,4,,0,100,,37509,37,4,,0,28,,37510,37,4,,0,70,,37512,37,4,,0,30,,37514,37,4,,0,70,,37516,37,4,,0,30,,37518,37,4,,0,85,,37520,37,4,,0,99,,37522,37,4,,0,100,,37524,37,4,,0,100,,37526,37,4,,0,100,,37528,37,4,,0,91,,37530,37,4,,0,30,,37532,37,4,,0,70,,37534,37,4,,0,30,,37536,37,4,,0,70,,37538,37,4,,0,30,,37540,37,4,,0,70,,37542,37,4,,0,31,,37544,37,4,,0,100,,37546,37,4,,0,100,,37548,37,4,,0,100,,37550,37,4,,0,204,,37552,48,4,,0,115,,37553,48,4,,0
580200,'2',711,,37577,37,4,,0,96,,37559,37,4,,0,100,,37585,37,4,,0,101,,37574,37,4,,0,100,,37572,37,4,,0,100,,37557,37,4,,0,100,,37561,37,4,,0,102,,37568,37,4,,0,100,,37566,37,4,,0,100,,37575,37,4,,0,100,,37584,37,4,,0,100,,37555,37,4,,0,105,,37588,37,4,,0,100,,37582,37,4,,0,98,,37580,37,4,,0,100,,37564,37,4,,0,100,,37562,37,4,,0,113,,37578,48,4,,0
580200,'3',723,,37600,37,4,,0,100,,37601,37,4,,0,100,,37602,37,4,,0,100,,37603,37,4,,0,100,,37604,37,4,,0,100,,37605,37,4,,0,100,,37606,37,4,,0,100,,37607,37,4,,0,100,,37608,37,4,,0,100,,37609,37,4,,0,100,,37610,37,4,,0,100,,37611,37,4,,0,100,,37617,37,4,,0,100,,37618,37,4,,0,100,,37619,37,4,,0,100,,37620,37,4,,0,100,,37621,37,4,,0,100,,37623,37,4,,0
580200,'4',723,,37625,37,4,,0,200,,37627,37,4,,0,200,,37629,37,4,,0,200,,37631,37,4,,0,200,,37633,37,4,,0,200,,37635,37,4,,0,200,,37637,37,4,,0,200,,37639,37,4,,0
580200,'6',723,,37651,37,4,,0,100,,37652,37,4,,0,100,,37653,37,4,,0,100,,37654,37,4,,0,100,,37655,37,4,,0,100,,37656,37,4,,0,100,,37657,37,4,,0,100,,37658,37,4,,0,100,,37659,37,4,,0,100,,37660,37,4,,0,100,,37661,37,4,,0,100,,37662,37,4,,0,100,,37668,37,4,,0,100,,37669,37,4,,0,100,,37670,37,4,,0,100,,37671,37,4,,0,100,,37672,37,4,,0,100,,37674,37,4,,0
580201,'1601',1447,,37675,1,0,8 40 3 41,0,2,,37676,1,0,8 40 3 41,0
580201,'1',507,,37677,1,,,0,104,,37679,1,,,0,41,,37681,1,,,0,70,,37683,1,,,0,30,,37685,1,,,0,70,,37687,1,,,0,30,,37689,1,,,0,100,,37691,1,,,0,100,,37693,1,,,0,100,,37695,1,,,0,100,,37697,1,,,0,100,,37699,1,,,0,100,,37701,1,,,0,74,,37703,1,,,0,30,,37705,1,,,0,70,,37707,1,,,0,30,,37709,1,,,0,70,,37711,1,,,0,30,,37713,1,,,0,91,,37715,1,,,0,100,,37717,1,,,0,100,,37719,1,,,0,103,,37721,1,,,0,200,,37723,1,,,0
580201,'2',720,,37743,1,,,0,100,,37733,1,,,0,98,,37736,1,,,0,100,,37731,1,,,0,100,,37744,1,,,0,100,,37729,1,,,0,100,,37740,1,,,0,100,,37726,1,,,0,100,,37753,1,,,0,100,,37757,1,,,0,100,,37725,1,,,0,105,,37749,1,,,0,103,,37750,1,,,0,100,,37754,1,,,0,100,,37738,1,,,0,100,,37745,1,,,0,110,,37747,1,,,0
580201,'3',735,,37770,1,,,0,100,,37771,1,,,0,100,,37772,1,,,0,100,,37773,1,,,0,100,,37774,1,,,0,100,,37775,1,,,0,100,,37776,1,,,0,100,,37777,1,,,0,100,,37778,1,,,0,100,,37779,1,,,0,100,,37780,1,,,0,100,,37781,1,,,0,100,,37782,1,,,0,100,,37783,1,,,0,100,,37784,1,,,0,100,,37785,1,,,0,100,,37791,1,,,0
580201,'4',531,,37792,1,,,0,200,,37794,1,,,0,200,,37796,1,,,0,200,,37798,1,,,0,200,,37800,1,,,0,200,,37802,1,,,0,200,,37804,1,,,0,200,,37806,1,,,0
580201,'6',735,,37820,1,,,0,100,,37821,1,,,0,100,,37822,1,,,0,100,,37823,1,,,0,100,,37824,1,,,0,100,,37825,1,,,0,100,,37826,1,,,0,100,,37827,1,,,0,100,,37828,1,,,0,100,,37829,1,,,0,100,,37830,1,,,0,100,,37831,1,,,0,100,,37832,1,,,0,100,,37833,1,,,0,100,,37834,1,,,0,100,,37835,1,,,0,100,,37841,1,,,0
580700,'1601',1516,,38749,22,4,,0
580700,'1',2551,,38752,67,4,,0
580701,'1601',804,,38961,1,0,21 22,0
