581100,'14701',1024,,39947,17,4,,0,100,,39948,17,4,,0,100,,39949,17,4,,0,100,,39950,17,4,,0,100,,39951,17,4,,0,100,,39952,17,4,,0,100,,39953,17,4,,0,100,,39954,17,4,,0,100,,39955,17,4,,0,100,,39956,17,4,,0,100,,39957,17,4,,0
581100,'14702',1018,,39958,16,4,,0,85,,39959,16,4,,0,45,,39960,16,4,,0,85,,39961,16,4,,0,85,,39962,16,4,,0,85,,39963,16,4,,0,45,,39964,16,4,,0,85,,39965,16,4,,0,85,,39966,16,4,,0,85,,39967,16,4,,0,45,,39968,16,4,,0
581100,'14703',1018,,39969,16,4,,0,85,,39970,16,4,,0,45,,39971,16,4,,0,85,,39972,16,4,,0,85,,39973,16,4,,0,85,,39974,16,4,,0,45,,39975,16,4,,0,85,,39976,16,4,,0,85,,39977,16,4,,0,85,,39978,16,4,,0,45,,39979,16,4,,0
581100,'14704',1018,,39980,16,4,,0,85,,39981,16,4,,0,45,,39982,16,4,,0,85,,39983,16,4,,0,85,,39984,16,4,,0,85,,39985,16,4,,0,45,,39986,16,4,,0,85,,39987,16,4,,0,85,,39988,16,4,,0,85,,39989,16,4,,0
581100,'14706',1018,,39990,16,4,,0,85,,39991,16,4,,0,45,,39992,16,4,,0,85,,39993,16,4,,0,85,,39994,16,4,,0,85,,39995,16,4,,0,45,,39996,16,4,,0,85,,39997,16,4,,0,85,,39998,16,4,,0,85,,39999,16,4,,0,45,,40000,16,4,,0
581101,'14701',1030,,40001,1,,,0,100,,40002,1,,,0,100,,40003,1,,,0,100,,40004,1,,,0,100,,40005,1,,,0,100,,40006,1,,,0,100,,40007,1,,,0,100,,40008,1,,,0,100,,40009,1,,,0,100,,40010,1,,,0,100,,40011,1,,,0
581101,'14702',1023,,40012,1,,,0,85,,40013,1,,,0,45,,40014,1,,,0,85,,40015,1,,,0,85,,40016,1,,,0,85,,40017,1,,,0,45,,40018,1,,,0,85,,40019,1,,,0,85,,40020,1,,,0,85,,40021,1,,,0,45,,40022,1,,,0
581101,'14703',1023,,40023,1,,,0,85,,40024,1,,,0,45,,40025,1,,,0,85,,40026,1,,,0,85,,40027,1,,,0,85,,40028,1,,,0,45,,40029,1,,,0,85,,40030,1,,,0,85,,40031,1,,,0,85,,40032,1,,,0,45,,40033,1,,,0
581101,'14704',1023,,40034,1,,,0,85,,40035,1,,,0,45,,40036,1,,,0,85,,40037,1,,,0,85,,40038,1,,,0,85,,40039,1,,,0,45,,40040,1,,,0,85,,40041,1,,,0,85,,40042,1,,,0,85,,40043,1,,,0
581101,'14706',1023,,40044,1,,,0,85,,40045,1,,,0,45,,40046,1,,,0,85,,40047,1,,,0,85,,40048,1,,,0,85,,40049,1,,,0,45,,40050,1,,,0,85,,40051,1,,,0,85,,40052,1,,,0,85,,40053,1,,,0,45,,40054,1,,,0
