578300,'1',514,,30529,9,0,23 24,0,25,,30532,52,0,23 24,0,70,,30535,52,0,23 24,0,30,,30538,52,0,23 24,0,15,,30540,52,0,23 24,0,55,,30542,52,0,23 24,0,15,,30544,52,0,23 24,0,15,,30546,52,0,23 24,0,15,,30548,52,0,23 24,0,55,,30550,52,0,23 24,0,15,,30552,52,0,23 24,0,15,,30554,52,0,23 24,0,15,,30556,52,0,23 24,0,57,,30558,52,0,23 24,0,15,,30560,52,0,23 24,0,15,,30562,52,0,23 24,0,70,,30566,52,0,23 24,0,30,,30569,52,0,23 24,0,70,,30572,52,0,23 24,0,30,,30575,52,0,23 24,0,70,,30578,52,0,23 24,0,30,,30581,52,0,23 24,0,70,,30584,52,0,23 24,0,30,,30587,52,0,23 24,0,70,,30590,52,0,23 24,0,15,,30592,52,0,23 24,0,15,,30594,52,0,23 24,0,15,,30596,52,0,23 24,0,55,,30598,52,0,23 24,0,15,,30600,52,0,23 24,0,15,,30602,52,0,23 24,0,15,,30604,52,0,23 24,0,55,,30606,52,0,23 24,0,15,,30608,52,0,23 24,0,15,,30610,52,0,23 24,0,15,,30612,52,0,23 24,0,55,,30614,52,0,23 24,0,15,,30616,52,0,23 24,0,15,,30618,52,0,23 24,0,15,,30620,52,0,23 24,0,55,,30622,52,0,23 24,0,15,,30624,52,0,23 24,0,12,,30626,52,0,23 24,0,70,,30629,52,0,23 24,0,30,,30632,52,0,23 24,0,70,,30635,52,0,23 24,0,30,,30638,52,0,23 24,0,70,,30641,52,0,23 24,0,30,,30644,52,0,23 24,0,69,,30647,52,0,23 24,0,45,,30650,52,0,23 24,0,85,,30653,52,0,23 24,0,85,,30656,52,0,23 24,0,85,,30659,52,0,23 24,0,21,,30662,52,0,23 24,0
578300,'2',438,,30665,9,0,23 24,0,70,,30667,9,0,23 24,0,45,,30670,52,0,23 24,0,67,,30672,52,0,23 24,0,36,,30675,52,0,23 24,0,76,,30678,52,0,23 24,0,70,,30681,9,0,23 24,0,9,,30682,52,0,23 24,0,36,,30685,52,0,23 24,0,76,,30688,52,0,23 24,0,36,,30691,52,0,23 24,0,76,,30694,52,0,23 24,0,76,,30697,52,0,23 24,0,36,,30700,52,0,23 24,0,76,,30703,52,0,23 24,0,36,,30706,52,0,23 24,0,76,,30709,52,0,23 24,0,76,,30712,52,0,23 24,0,36,,30715,52,0,23 24,0,76,,30718,52,0,23 24,0,36,,30721,52,0,23 24,0,76,,30724,52,0,23 24,0,76,,30727,52,0,23 24,0,36,,30730,52,0,23 24,0,72,,30733,52,0,23 24,0,36,,30736,52,0,23 24,0,75,,30739,52,0,23 24,0,76,,30742,52,0,23 24,0,36,,30745,52,0,23 24,0,76,,30748,52,0,23 24,0,37,,30751,52,0,23 24,0,84,,30754,52,0,23 24,0,70,,30756,52,0,23 24,0,45,,30759,52,0,23 24,0,85,,30762,52,0,23 24,0,90,,30766,52,0,23 24,0
578300,'3',523,,30769,9,0,23 24,0,85,,30772,52,0,23 24,0,23,,30774,9,0,23 24,0,22,,30776,52,0,23 24,0,85,,30779,52,0,23 24,0,85,,30782,52,0,23 24,0,85,,30785,52,0,23 24,0,36,,30788,52,0,23 24,0,80,,30791,52,0,23 24,0,76,,30794,52,0,23 24,0,36,,30797,52,0,23 24,0,76,,30800,52,0,23 24,0,36,,30803,52,0,23 24,0,76,,30806,52,0,23 24,0,76,,30809,52,0,23 24,0,36,,30812,52,0,23 24,0,76,,30815,52,0,23 24,0,36,,30818,52,0,23 24,0,76,,30821,52,0,23 24,0,76,,30824,52,0,23 24,0,36,,30827,52,0,23 24,0,74,,30830,52,0,23 24,0,45,,30833,52,0,23 24,0,85,,30836,52,0,23 24,0,85,,30839,52,0,23 24,0,85,,30842,52,0,23 24,0,45,,30845,52,0,23 24,0,84,,30848,52,0,23 24,0,85,,30851,52,0,23 24,0,85,,30855,52,0,23 24,0
578300,'4',538,,30921,9,0,23 24,0,80,,30857,9,0,23 24,0,35,,30860,52,0,23 24,0,85,,30863,52,0,23 24,0,85,,30866,52,0,23 24,0,85,,30869,52,0,23 24,0,45,,30872,52,0,23 24,0,87,,30875,52,0,23 24,0,85,,30878,52,0,23 24,0,85,,30881,52,0,23 24,0,45,,30884,52,0,23 24,0,85,,30887,52,0,23 24,0,85,,30890,52,0,23 24,0,85,,30893,52,0,23 24,0,45,,30896,52,0,23 24,0,85,,30899,52,0,23 24,0,85,,30902,52,0,23 24,0,83,,30905,52,0,23 24,0,45,,30908,52,0,23 24,0,85,,30911,52,0,23 24,0,85,,30914,52,0,23 24,0,85,,30918,52,0,23 24,0
578300,'6',523,,30923,9,0,23 24,0,85,,30926,52,0,23 24,0,23,,30928,9,0,23 24,0,22,,30930,52,0,23 24,0,85,,30933,52,0,23 24,0,85,,30936,52,0,23 24,0,85,,30939,52,0,23 24,0,36,,30942,52,0,23 24,0,80,,30945,52,0,23 24,0,76,,30948,52,0,23 24,0,36,,30951,52,0,23 24,0,76,,30954,52,0,23 24,0,36,,30957,52,0,23 24,0,76,,30960,52,0,23 24,0,76,,30963,52,0,23 24,0,36,,30966,52,0,23 24,0,76,,30969,52,0,23 24,0,36,,30972,52,0,23 24,0,76,,30975,52,0,23 24,0,76,,30978,52,0,23 24,0,36,,30981,52,0,23 24,0,74,,30984,52,0,23 24,0,45,,30987,52,0,23 24,0,85,,30990,52,0,23 24,0,85,,30993,52,0,23 24,0,85,,30996,52,0,23 24,0,45,,30999,52,0,23 24,0,84,,31002,52,0,23 24,0,85,,31005,52,0,23 24,0,85,,31009,52,0,23 24,0
580800,'14601',514,,39276,12,,,0,20,,39270,12,,,0,20,,39271,12,,,0,60,,39272,12,,,0,20,,39273,12,,,0,20,,39274,12,,,0,60,,39275,12,,,0,20,,39174,12,,,0,18,,39175,12,,,0,7,,39188,12,,,0,47,,39189,12,,,0,8,,39196,12,,,0,7,,39190,12,,,0,8,,39197,12,,,0,7,,39191,12,,,0,8,,39198,12,,,0,7,,39192,12,,,0,8,,39199,12,,,0,47,,39193,12,,,0,9,,39200,12,,,0,7,,39194,12,,,0,8,,39201,12,,,0,7,,39195,12,,,0,10,,39202,12,,,0,10,,39203,12,,,0,50,,39204,12,,,0,10,,39205,12,,,0,10,,39206,12,,,0,10,,39207,12,,,0,10,,39208,12,,,0,10,,39209,12,,,0,50,,39210,12,,,0,10,,39211,12,,,0,10,,39212,12,,,0,10,,39213,12,,,0,10,,39214,12,,,0,10,,39215,12,,,0,50,,39216,12,,,0,10,,39217,12,,,0,10,,39218,12,,,0,10,,39219,12,,,0,10,,39220,12,,,0,10,,39221,12,,,0,50,,39222,12,,,0,10,,39223,12,,,0,10,,39224,12,,,0,10,,39225,12,,,0,10,,39226,12,,,0,10,,39227,12,,,0,50,,39228,12,,,0,10,,39229,12,,,0,10,,39230,12,,,0,10,,39231,12,,,0,10,,39232,12,,,0,10,,39233,12,,,0,50,,39247,12,,,0,7,,39234,12,,,0,8,,39248,12,,,0,7,,39235,12,,,0,8,,39249,12,,,0,7,,39236,12,,,0,8,,39250,12,,,0,7,,39237,12,,,0,48,,39251,12,,,0,7,,39238,12,,,0,8,,39252,12,,,0,7,,39239,12,,,0,8,,39253,12,,,0,7,,39240,12,,,0,8,,39254,12,,,0,7,,39241,12,,,0,48,,39255,12,,,0,7,,39242,12,,,0,8,,39256,12,,,0,7,,39243,12,,,0,8,,39257,12,,,0,7,,39244,12,,,0,8,,39258,12,,,0,7,,39245,12,,,0,48,,39259,12,,,0,7,,39246,12,,,0,8,,39260,12,,,0,11,,39261,12,,,0,15,,39176,12,,,0,55,,39177,12,,,0,13,,39178,12,,,0,15,,39171,12,,,0,15,,39172,12,,,0,55,,39173,12,,,0,15,,39262,12,,,0,15,,39263,12,,,0,15,,39264,12,,,0,55,,39265,12,,,0,15,,39266,12,,,0,15,,39267,12,,,0,15,,39268,12,,,0,63,,39269,12,,,0,28,,39179,12,,,0,70,,39180,12,,,0,30,,39181,12,,,0,70,,39182,12,,,0,30,,39183,12,,,0,70,,39184,12,,,0,30,,39185,12,,,0,70,,39186,12,,,0,30,,39187,12,,,0
580800,'14602',514,,39308,12,,,0,30,,39309,12,,,0,70,,39310,12,,,0,30,,39311,12,,,0,70,,39312,12,,,0,30,,39313,12,,,0,70,,39314,12,,,0,30,,39315,12,,,0,71,,39316,12,,,0,30,,39317,12,,,0,70,,39318,12,,,0,30,,39319,12,,,0,70,,39320,12,,,0,30,,39291,12,,,0,70,,39292,12,,,0,30,,39293,12,,,0,70,,39294,12,,,0,30,,39295,12,,,0,70,,39296,12,,,0,30,,39297,12,,,0,70,,39298,12,,,0,30,,39299,12,,,0,70,,39300,12,,,0,30,,39301,12,,,0,70,,39302,12,,,0,30,,39303,12,,,0,70,,39304,12,,,0,30,,39305,12,,,0,68,,39306,12,,,0,30,,39307,12,,,0,70,,39290,12,,,0,30,,39289,12,,,0,70,,39288,12,,,0,30,,39287,12,,,0,68,,39286,12,,,0,30,,39285,12,,,0,70,,39284,12,,,0,30,,39283,12,,,0,70,,39282,12,,,0,30,,39281,12,,,0,70,,39280,12,,,0,30,,39279,12,,,0,70,,39278,12,,,0,30,,39277,12,,,0
580800,'14603',614,,39346,12,,,0,30,,39347,12,,,0,70,,39348,12,,,0,30,,39349,12,,,0,70,,39350,12,,,0,30,,39351,12,,,0,71,,39352,12,,,0,30,,39353,12,,,0,70,,39354,12,,,0,30,,39355,12,,,0,70,,39356,12,,,0,30,,39337,12,,,0,70,,39336,12,,,0,30,,39335,12,,,0,70,,39334,12,,,0,30,,39333,12,,,0,70,,39332,12,,,0,30,,39331,12,,,0,70,,39330,12,,,0,30,,39329,12,,,0,70,,39328,12,,,0,30,,39327,12,,,0,70,,39326,12,,,0,30,,39325,12,,,0,70,,39324,12,,,0,30,,39323,12,,,0,68,,39322,12,,,0,30,,39321,12,,,0,70,,39338,12,,,0,30,,39339,12,,,0,70,,39340,12,,,0,30,,39341,12,,,0,68,,39342,12,,,0,30,,39343,12,,,0,70,,39344,12,,,0,30,,39345,12,,,0
580800,'14604',614,,39376,12,,,0,30,,39377,12,,,0,70,,39378,12,,,0,30,,39379,12,,,0,70,,39380,12,,,0,30,,39381,12,,,0,71,,39382,12,,,0,30,,39383,12,,,0,70,,39384,12,,,0,30,,39385,12,,,0,70,,39386,12,,,0,30,,39373,12,,,0,70,,39372,12,,,0,30,,39371,12,,,0,70,,39370,12,,,0,30,,39369,12,,,0,70,,39368,12,,,0,30,,39367,12,,,0,70,,39366,12,,,0,30,,39365,12,,,0,70,,39364,12,,,0,30,,39363,12,,,0,70,,39362,12,,,0,30,,39361,12,,,0,70,,39360,12,,,0,30,,39359,12,,,0,68,,39358,12,,,0,30,,39357,12,,,0,70,,39374,12,,,0,30,,39375,12,,,0
580800,'14606',614,,39412,12,,,0,30,,39413,12,,,0,70,,39414,12,,,0,30,,39415,12,,,0,70,,39416,12,,,0,30,,39417,12,,,0,71,,39418,12,,,0,30,,39419,12,,,0,70,,39420,12,,,0,30,,39421,12,,,0,70,,39422,12,,,0,30,,39403,12,,,0,70,,39402,12,,,0,30,,39401,12,,,0,70,,39400,12,,,0,30,,39399,12,,,0,70,,39398,12,,,0,30,,39397,12,,,0,70,,39396,12,,,0,30,,39395,12,,,0,70,,39394,12,,,0,30,,39393,12,,,0,70,,39392,12,,,0,30,,39391,12,,,0,70,,39390,12,,,0,30,,39389,12,,,0,68,,39388,12,,,0,30,,39387,12,,,0,70,,39404,12,,,0,30,,39405,12,,,0,70,,39406,12,,,0,30,,39407,12,,,0,68,,39408,12,,,0,30,,39409,12,,,0,70,,39410,12,,,0,30,,39411,12,,,0
582801,'1',636,,40617,50,,,0,20,,40619,50,,,0,60,,40621,50,,,0,15,,40623,50,,,0,17,,40625,50,,,0,54,,40627,50,,,0,16,,40629,50,,,0,15,,40631,50,,,0,15,,40633,50,,,0,55,,40635,50,,,0,12,,40637,50,,,0,12,,40639,50,,,0,10,,40641,50,,,0,12,,40643,50,,,0,52,,40645,50,,,0,12,,40647,50,,,0,12,,40649,50,,,0,12,,40651,50,,,0,12,,40653,50,,,0,52,,40655,50,,,0,12,,40657,50,,,0,12,,40659,50,,,0,12,,40661,50,,,0,12,,40663,50,,,0,52,,40665,50,,,0,12,,40667,50,,,0,12,,40669,50,,,0,12,,40671,50,,,0,12,,40673,50,,,0,52,,40675,50,,,0,12,,40677,50,,,0,12,,40679,50,,,0,12,,40681,50,,,0,12,,40683,50,,,0,52,,40685,50,,,0,12,,40687,50,,,0,12,,40689,50,,,0,12,,40691,50,,,0,12,,40693,50,,,0,52,,40695,50,,,0,14,,40697,50,,,0,12,,40699,50,,,0,12,,40701,50,,,0,12,,40703,50,,,0,53,,40705,50,,,0,12,,40707,50,,,0,12,,40709,50,,,0,12,,40711,50,,,0,12,,40713,50,,,0,52,,40715,50,,,0,12,,40717,50,,,0,14,,40719,50,,,0,12,,40721,50,,,0,12,,40723,50,,,0,52,,40725,50,,,0,10,,40727,50,,,0
