583100,'1601',728,,42219,22,4,,0,778,,42220,38,4,,0
583100,'1',520,,42221,22,,,0,25,,42222,38,4,,0,3,,42223,22,,,0,67,,42224,38,4,,0,3,,42225,22,,,0,27,,42226,38,4,,0,3,,42227,22,,,0,67,,42228,38,4,,0,3,,42229,22,,,0,28,,42230,38,4,,0,2,,42231,22,,,0,68,,42232,38,4,,0,2,,42233,22,,,0,28,,42234,38,4,,0,2,,42235,22,,,0,68,,42236,38,4,,0,2,,42237,22,,,0,28,,42238,38,4,,0,2,,42239,22,,,0,68,,42240,38,4,,0,2,,42241,22,,,0,27,,42242,38,4,,0,3,,42243,22,,,0,67,,42244,38,4,,0,3,,42245,22,,,0,27,,42246,38,4,,0,3,,42247,22,,,0,67,,42248,38,4,,0,3,,42249,22,,,0,27,,42250,38,4,,0,3,,42251,22,,,0,67,,42252,38,4,,0,3,,42253,22,,,0,27,,42254,38,4,,0,3,,42255,22,,,0,67,,42256,38,4,,0,3,,42257,22,,,0,28,,42258,38,4,,0,2,,42259,22,,,0,68,,42260,38,4,,0,2,,42261,22,,,0,28,,42262,38,4,,0,2,,42263,22,,,0,68,,42264,38,4,,0,2,,42265,22,,,0,28,,42266,38,4,,0,2,,42267,22,,,0,68,,42268,38,4,,0,2,,42269,22,,,0,28,,42270,38,4,,0,2,,42271,22,,,0,68,,42272,38,4,,0,2,,42273,22,,,0,28,,42274,38,4,,0,2,,42275,22,,,0,68,,42276,38,4,,0,1,,42277,22,,,0,26,,42278,38,4,,0,4,,42279,22,,,0,66,,42280,38,4,,0,4,,42281,22,,,0,28,,42282,38,4,,0,4,,42283,22,,,0,66,,42284,38,4,,0,4,,42285,22,,,0,26,,42286,38,4,,0,59,,42287,22,,,0,38,,42288,38,4,,0,60,,42289,22,,,0,40,,42290,38,4,,0,60,,42291,22,,,0,40,,42292,38,4,,0,60,,42293,22,,,0
583100,'2',516,,42294,22,,,0,25,,42295,38,4,,0,5,,42296,22,,,0,65,,42297,38,4,,0,5,,42298,22,,,0,25,,42299,38,4,,0,5,,42300,22,,,0,65,,42301,38,4,,0,5,,42302,22,,,0,25,,42303,38,4,,0,5,,42304,22,,,0,65,,42305,38,4,,0,6,,42306,22,,,0,24,,42307,38,4,,0,6,,42308,22,,,0,64,,42309,38,4,,0,6,,42310,22,,,0,24,,42311,38,4,,0,6,,42312,22,,,0,64,,42313,38,4,,0,6,,42314,22,,,0,24,,42315,38,4,,0,6,,42316,22,,,0,64,,42317,38,4,,0,6,,42318,22,,,0,24,,42319,38,4,,0,6,,42320,22,,,0,64,,42321,38,4,,0,6,,42322,22,,,0,24,,42323,38,4,,0,6,,42324,22,,,0,64,,42325,38,4,,0,6,,42326,22,,,0,24,,42327,38,4,,0,6,,42328,22,,,0,64,,42329,38,4,,0,6,,42330,22,,,0,24,,42331,38,4,,0,6,,42332,22,,,0,64,,42333,38,4,,0,6,,42334,22,,,0,24,,42335,38,4,,0,6,,42336,22,,,0,64,,42337,38,4,,0,6,,42338,22,,,0,24,,42339,38,4,,0,6,,42340,22,,,0,64,,42341,38,4,,0,6,,42342,22,,,0,24,,42343,38,4,,0,6,,42344,22,,,0,64,,42345,38,4,,0,6,,42346,22,,,0,24,,42347,38,4,,0,6,,42348,22,,,0,64,,42349,38,4,,0,5,,42350,22,,,0,25,,42351,38,4,,0,5,,42352,22,,,0,65,,42353,38,4,,0,5,,42354,22,,,0,25,,42355,38,4,,0,5,,42356,22,,,0,65,,42357,38,4,,0,5,,42358,22,,,0,25,,42359,38,4,,0,70,,42360,22,,,0,30,,42361,38,4,,0,70,,42362,22,,,0,30,,42363,38,4,,0,70,,42364,22,,,0,45,,42365,38,4,,0
583100,'3',611,,42366,38,4,,0,4,,42367,22,,,0,26,,42368,38,4,,0,4,,42369,22,,,0,66,,42370,38,4,,0,4,,42371,22,,,0,26,,42372,38,4,,0,4,,42373,22,,,0,66,,42374,38,4,,0,4,,42375,22,,,0,26,,42376,38,4,,0,4,,42377,22,,,0,66,,42378,38,4,,0,4,,42379,22,,,0,26,,42380,38,4,,0,4,,42381,22,,,0,66,,42382,38,4,,0,5,,42383,22,,,0,25,,42384,38,4,,0,5,,42385,22,,,0,65,,42386,38,4,,0,5,,42387,22,,,0,25,,42388,38,4,,0,5,,42389,22,,,0,65,,42390,38,4,,0,5,,42391,22,,,0,25,,42392,38,4,,0,5,,42393,22,,,0,65,,42394,38,4,,0,5,,42395,22,,,0,25,,42396,38,4,,0,5,,42397,22,,,0,65,,42398,38,4,,0,5,,42399,22,,,0,25,,42400,38,4,,0,5,,42401,22,,,0,65,,42402,38,4,,0,5,,42403,22,,,0,25,,42404,38,4,,0,5,,42405,22,,,0,65,,42406,38,4,,0,5,,42407,22,,,0,25,,42408,38,4,,0,5,,42409,22,,,0,65,,42410,38,4,,0,5,,42411,22,,,0,25,,42412,38,4,,0,5,,42413,22,,,0,65,,42414,38,4,,0,5,,42415,22,,,0,25,,42416,38,4,,0,5,,42417,22,,,0,65,,42418,38,4,,0,2,,42419,22,,,0,27,,42420,38,4,,0,3,,42421,22,,,0,67,,42422,38,4,,0,3,,42423,22,,,0,27,,42424,38,4,,0,3,,42425,22,,,0,67,,42426,38,4,,0,3,,42427,22,,,0,27,,42428,38,4,,0,68,,42429,22,,,0,32,,42430,38,4,,0,68,,42431,22,,,0,32,,42432,38,4,,0
583100,'4',641,,42433,38,4,,0,60,,42434,22,,,0,40,,42435,38,4,,0,60,,42436,22,,,0,40,,42437,38,4,,0,60,,42438,22,,,0,40,,42439,38,4,,0,60,,42440,22,,,0,40,,42441,38,4,,0,60,,42442,22,,,0,40,,42443,38,4,,0,60,,42444,22,,,0,40,,42445,38,4,,0,60,,42446,22,,,0,40,,42447,38,4,,0,60,,42448,22,,,0,40,,42449,38,4,,0,60,,42450,22,,,0,40,,42451,38,4,,0,60,,42452,22,,,0,40,,42453,38,4,,0,60,,42454,22,,,0,40,,42455,38,4,,0,60,,42456,22,,,0,40,,42457,38,4,,0,60,,42458,22,,,0,40,,42459,38,4,,0,60,,42460,22,,,0,40,,42461,38,4,,0,60,,42462,22,,,0
583100,'6',611,,42463,38,4,,0,4,,42464,22,,,0,26,,42465,38,4,,0,4,,42466,22,,,0,66,,42467,38,4,,0,4,,42468,22,,,0,26,,42469,38,4,,0,4,,42470,22,,,0,66,,42471,38,4,,0,4,,42472,22,,,0,26,,42473,38,4,,0,4,,42474,22,,,0,66,,42475,38,4,,0,4,,42476,22,,,0,26,,42477,38,4,,0,4,,42478,22,,,0,66,,42479,38,4,,0,5,,42480,22,,,0,25,,42481,38,4,,0,5,,42482,22,,,0,65,,42483,38,4,,0,5,,42484,22,,,0,25,,42485,38,4,,0,5,,42486,22,,,0,65,,42487,38,4,,0,5,,42488,22,,,0,25,,42489,38,4,,0,5,,42490,22,,,0,65,,42491,38,4,,0,5,,42492,22,,,0,25,,42493,38,4,,0,5,,42494,22,,,0,65,,42495,38,4,,0,5,,42496,22,,,0,25,,42497,38,4,,0,5,,42498,22,,,0,65,,42499,38,4,,0,5,,42500,22,,,0,25,,42501,38,4,,0,5,,42502,22,,,0,65,,42503,38,4,,0,5,,42504,22,,,0,25,,42505,38,4,,0,5,,42506,22,,,0,65,,42507,38,4,,0,5,,42508,22,,,0,25,,42509,38,4,,0,5,,42510,22,,,0,65,,42511,38,4,,0,5,,42512,22,,,0,25,,42513,38,4,,0,5,,42514,22,,,0,65,,42515,38,4,,0,2,,42516,22,,,0,27,,42517,38,4,,0,3,,42518,22,,,0,67,,42519,38,4,,0,3,,42520,22,,,0,27,,42521,38,4,,0,3,,42522,22,,,0,67,,42523,38,4,,0,3,,42524,22,,,0,27,,42525,38,4,,0,68,,42526,22,,,0,32,,42527,38,4,,0,68,,42528,22,,,0,32,,42529,38,4,,0
583101,'1601',730,,42531,1,,,0,5,,42530,1,,,0,777,,42532,1,,,0
583101,'1',510,,42533,1,,,0,46,,42534,13,,,0,45,,42535,1,,,0,25,,42536,13,,,0,5,,42537,1,,,0,25,,42538,13,,,0,2,,42539,1,,,0,66,,42540,13,,,0,4,,42541,1,,,0,26,,42542,13,,,0,4,,42543,1,,,0,66,,42544,13,,,0,4,,42545,1,,,0,26,,42546,13,,,0,4,,42547,1,,,0,66,,42548,13,,,0,4,,42549,1,,,0,26,,42550,13,,,0,47,,42551,1,,,0,23,,42552,13,,,0,7,,42553,1,,,0,23,,42554,13,,,0,47,,42555,1,,,0,23,,42556,13,,,0,7,,42557,1,,,0,23,,42558,13,,,0,47,,42559,1,,,0,23,,42560,13,,,0,7,,42561,1,,,0,23,,42562,13,,,0,47,,42563,1,,,0,23,,42564,13,,,0,7,,42565,1,,,0,23,,42566,13,,,0,4,,42567,1,,,0,66,,42568,13,,,0,4,,42569,1,,,0,26,,42570,13,,,0,4,,42571,1,,,0,66,,42572,13,,,0,4,,42573,1,,,0,26,,42574,13,,,0,4,,42575,1,,,0,66,,42576,13,,,0,4,,42577,1,,,0,26,,42578,13,,,0,4,,42579,1,,,0,66,,42580,13,,,0,4,,42581,1,,,0,26,,42582,13,,,0,4,,42583,1,,,0,66,,42584,13,,,0,4,,42585,1,,,0,26,,42586,13,,,0,48,,42587,1,,,0,25,,42588,13,,,0,5,,42589,1,,,0,25,,42590,13,,,0,45,,42591,1,,,0,24,,42592,13,,,0,6,,42593,1,,,0,24,,42594,13,,,0,46,,42595,1,,,0,25,,42596,13,,,0,5,,42597,1,,,0,20,,42598,13,,,0,62,,42599,1,,,0,37,,42600,13,,,0,63,,42601,1,,,0,37,,42602,13,,,0,63,,42603,1,,,0,38,,42604,13,,,0,2,,42605,1,,,0,81,,42606,13,,,0
583101,'2',520,,42607,1,,,0,30,,42608,13,,,0,3,,42609,1,,,0,66,,42610,13,,,0,4,,42611,1,,,0,26,,42612,13,,,0,4,,42613,1,,,0,66,,42614,13,,,0,4,,42615,1,,,0,26,,42616,13,,,0,2,,42617,1,,,0,68,,42618,13,,,0,2,,42619,1,,,0,28,,42620,13,,,0,2,,42621,1,,,0,68,,42622,13,,,0,2,,42623,1,,,0,28,,42624,13,,,0,2,,42625,1,,,0,68,,42626,13,,,0,2,,42627,1,,,0,28,,42628,13,,,0,2,,42629,1,,,0,68,,42630,13,,,0,2,,42631,1,,,0,28,,42632,13,,,0,2,,42633,1,,,0,68,,42634,13,,,0,2,,42635,1,,,0,28,,42636,13,,,0,2,,42637,1,,,0,68,,42638,13,,,0,2,,42639,1,,,0,28,,42640,13,,,0,2,,42641,1,,,0,68,,42642,13,,,0,2,,42643,1,,,0,28,,42644,13,,,0,2,,42645,1,,,0,68,,42646,13,,,0,2,,42647,1,,,0,28,,42648,13,,,0,2,,42649,1,,,0,68,,42650,13,,,0,2,,42651,1,,,0,28,,42652,13,,,0,2,,42653,1,,,0,68,,42654,13,,,0,2,,42655,1,,,0,28,,42656,13,,,0,2,,42657,1,,,0,68,,42658,13,,,0,2,,42659,1,,,0,28,,42660,13,,,0,4,,42661,1,,,0,67,,42662,13,,,0,3,,42663,1,,,0,27,,42664,13,,,0,3,,42665,1,,,0,67,,42666,13,,,0,3,,42667,1,,,0,27,,42668,13,,,0,3,,42669,1,,,0,67,,42670,13,,,0,3,,42671,1,,,0,27,,42672,13,,,0,50,,42673,1,,,0,50,,42674,13,,,0,50,,42675,1,,,0,50,,42676,13,,,0,50,,42677,1,,,0,50,,42678,13,,,0,50,,42679,1,,,0
583101,'3',624,,42680,1,,,0,25,,42681,13,,,0,5,,42682,1,,,0,65,,42683,13,,,0,5,,42684,1,,,0,25,,42685,13,,,0,5,,42686,1,,,0,65,,42687,13,,,0,5,,42688,1,,,0,25,,42689,13,,,0,5,,42690,1,,,0,65,,42691,13,,,0,5,,42692,1,,,0,25,,42693,13,,,0,3,,42694,1,,,0,67,,42695,13,,,0,3,,42696,1,,,0,27,,42697,13,,,0,3,,42698,1,,,0,67,,42699,13,,,0,3,,42700,1,,,0,27,,42701,13,,,0,3,,42702,1,,,0,67,,42703,13,,,0,3,,42704,1,,,0,27,,42705,13,,,0,3,,42706,1,,,0,67,,42707,13,,,0,3,,42708,1,,,0,27,,42709,13,,,0,3,,42710,1,,,0,67,,42711,13,,,0,3,,42712,1,,,0,27,,42713,13,,,0,3,,42714,1,,,0,67,,42715,13,,,0,3,,42716,1,,,0,27,,42717,13,,,0,3,,42718,1,,,0,67,,42719,13,,,0,3,,42720,1,,,0,27,,42721,13,,,0,3,,42722,1,,,0,67,,42723,13,,,0,3,,42724,1,,,0,27,,42725,13,,,0,3,,42726,1,,,0,67,,42727,13,,,0,3,,42728,1,,,0,27,,42729,13,,,0,4,,42730,1,,,0,66,,42731,13,,,0,4,,42732,1,,,0,26,,42733,13,,,0,4,,42734,1,,,0,66,,42735,13,,,0,4,,42736,1,,,0,26,,42737,13,,,0,4,,42738,1,,,0,66,,42739,13,,,0,4,,42740,1,,,0,26,,42741,13,,,0,9,,42742,1,,,0,91,,42743,13,,,0,55,,42744,1,,,0,45,,42745,13,,,0,8,,42746,1,,,0
583101,'4',701,,42747,1,,,0,42,,42748,13,,,0,58,,42749,1,,,0,42,,42750,13,,,0,58,,42751,1,,,0,42,,42752,13,,,0,58,,42753,1,,,0,42,,42754,13,,,0,58,,42755,1,,,0,42,,42756,13,,,0,58,,42757,1,,,0,42,,42758,13,,,0,58,,42759,1,,,0,42,,42760,13,,,0,58,,42761,1,,,0,42,,42762,13,,,0,58,,42763,1,,,0,42,,42764,13,,,0,58,,42765,1,,,0,42,,42766,13,,,0,58,,42767,1,,,0,42,,42768,13,,,0,58,,42769,1,,,0,42,,42770,13,,,0,58,,42771,1,,,0,42,,42772,13,,,0,58,,42773,1,,,0,42,,42774,13,,,0,58,,42775,1,,,0,42,,42776,13,,,0
583101,'6',624,,42777,1,,,0,25,,42778,13,,,0,5,,42779,1,,,0,65,,42780,13,,,0,5,,42781,1,,,0,25,,42782,13,,,0,5,,42783,1,,,0,65,,42784,13,,,0,5,,42785,1,,,0,25,,42786,13,,,0,5,,42787,1,,,0,65,,42788,13,,,0,5,,42789,1,,,0,25,,42790,13,,,0,3,,42791,1,,,0,67,,42792,13,,,0,3,,42793,1,,,0,27,,42794,13,,,0,3,,42795,1,,,0,67,,42796,13,,,0,3,,42797,1,,,0,27,,42798,13,,,0,3,,42799,1,,,0,67,,42800,13,,,0,3,,42801,1,,,0,27,,42802,13,,,0,3,,42803,1,,,0,67,,42804,13,,,0,3,,42805,1,,,0,27,,42806,13,,,0,3,,42807,1,,,0,67,,42808,13,,,0,3,,42809,1,,,0,27,,42810,13,,,0,3,,42811,1,,,0,67,,42812,13,,,0,3,,42813,1,,,0,27,,42814,13,,,0,3,,42815,1,,,0,67,,42816,13,,,0,3,,42817,1,,,0,27,,42818,13,,,0,3,,42819,1,,,0,67,,42820,13,,,0,3,,42821,1,,,0,27,,42822,13,,,0,3,,42823,1,,,0,67,,42824,13,,,0,3,,42825,1,,,0,27,,42826,13,,,0,4,,42827,1,,,0,66,,42828,13,,,0,4,,42829,1,,,0,26,,42830,13,,,0,4,,42831,1,,,0,66,,42832,13,,,0,4,,42833,1,,,0,26,,42834,13,,,0,4,,42835,1,,,0,66,,42836,13,,,0,4,,42837,1,,,0,26,,42838,13,,,0,9,,42839,1,,,0,91,,42840,13,,,0,55,,42841,1,,,0,45,,42842,13,,,0,8,,42843,1,,,0
