578300,'1',538,,30529,44,0,23 24,0,65,,30532,87,0,23 24,0,30,,30535,87,0,23 24,0,70,,30538,87,0,23 24,0,15,,30540,87,0,23 24,0,15,,30542,87,0,23 24,0,15,,30544,87,0,23 24,0,55,,30546,87,0,23 24,0,15,,30548,87,0,23 24,0,15,,30550,87,0,23 24,0,15,,30552,87,0,23 24,0,55,,30554,87,0,23 24,0,15,,30556,87,0,23 24,0,22,,30558,87,0,23 24,0,15,,30560,87,0,23 24,0,55,,30562,87,0,23 24,0,30,,30566,87,0,23 24,0,70,,30569,87,0,23 24,0,30,,30572,87,0,23 24,0,70,,30575,87,0,23 24,0,30,,30578,87,0,23 24,0,70,,30581,87,0,23 24,0,30,,30584,87,0,23 24,0,70,,30587,87,0,23 24,0,32,,30590,87,0,23 24,0,15,,30592,87,0,23 24,0,55,,30594,87,0,23 24,0,15,,30596,87,0,23 24,0,15,,30598,87,0,23 24,0,15,,30600,87,0,23 24,0,55,,30602,87,0,23 24,0,15,,30604,87,0,23 24,0,15,,30606,87,0,23 24,0,15,,30608,87,0,23 24,0,55,,30610,87,0,23 24,0,15,,30612,87,0,23 24,0,15,,30614,87,0,23 24,0,15,,30616,87,0,23 24,0,55,,30618,87,0,23 24,0,15,,30620,87,0,23 24,0,15,,30622,87,0,23 24,0,15,,30624,87,0,23 24,0,47,,30626,87,0,23 24,0,30,,30629,87,0,23 24,0,70,,30632,87,0,23 24,0,30,,30635,87,0,23 24,0,70,,30638,87,0,23 24,0,30,,30641,87,0,23 24,0,70,,30644,87,0,23 24,0,25,,30647,87,0,23 24,0,85,,30650,87,0,23 24,0,45,,30653,87,0,23 24,0,85,,30656,87,0,23 24,0,85,,30659,87,0,23 24,0,21,,30662,87,0,23 24,0
578300,'2',459,,30665,44,0,23 24,0,70,,30667,44,0,23 24,0,85,,30670,87,0,23 24,0,27,,30672,87,0,23 24,0,76,,30675,87,0,23 24,0,36,,30678,87,0,23 24,0,70,,30681,44,0,23 24,0,18,,30682,87,0,23 24,0,76,,30685,87,0,23 24,0,36,,30688,87,0,23 24,0,76,,30691,87,0,23 24,0,76,,30694,87,0,23 24,0,36,,30697,87,0,23 24,0,76,,30700,87,0,23 24,0,36,,30703,87,0,23 24,0,76,,30706,87,0,23 24,0,76,,30709,87,0,23 24,0,36,,30712,87,0,23 24,0,76,,30715,87,0,23 24,0,36,,30718,87,0,23 24,0,76,,30721,87,0,23 24,0,76,,30724,87,0,23 24,0,36,,30727,87,0,23 24,0,76,,30730,87,0,23 24,0,32,,30733,87,0,23 24,0,76,,30736,87,0,23 24,0,28,,30739,87,0,23 24,0,76,,30742,87,0,23 24,0,76,,30745,87,0,23 24,0,36,,30748,87,0,23 24,0,77,,30751,87,0,23 24,0,83,,30754,87,0,23 24,0,30,,30756,87,0,23 24,0,85,,30759,87,0,23 24,0,85,,30762,87,0,23 24,0,50,,30766,87,0,23 24,0
578300,'3',546,,30769,44,0,23 24,0,85,,30772,87,0,23 24,0,23,,30774,44,0,23 24,0,62,,30776,87,0,23 24,0,85,,30779,87,0,23 24,0,45,,30782,87,0,23 24,0,85,,30785,87,0,23 24,0,76,,30788,87,0,23 24,0,46,,30791,87,0,23 24,0,76,,30794,87,0,23 24,0,76,,30797,87,0,23 24,0,36,,30800,87,0,23 24,0,76,,30803,87,0,23 24,0,36,,30806,87,0,23 24,0,76,,30809,87,0,23 24,0,76,,30812,87,0,23 24,0,36,,30815,87,0,23 24,0,76,,30818,87,0,23 24,0,36,,30821,87,0,23 24,0,76,,30824,87,0,23 24,0,76,,30827,87,0,23 24,0,31,,30830,87,0,23 24,0,85,,30833,87,0,23 24,0,85,,30836,87,0,23 24,0,45,,30839,87,0,23 24,0,85,,30842,87,0,23 24,0,85,,30845,87,0,23 24,0,80,,30848,87,0,23 24,0,45,,30851,87,0,23 24,0,85,,30855,87,0,23 24,0
578300,'4',601,,30921,44,0,23 24,0,40,,30857,44,0,23 24,0,75,,30860,87,0,23 24,0,85,,30863,87,0,23 24,0,45,,30866,87,0,23 24,0,85,,30869,87,0,23 24,0,85,,30872,87,0,23 24,0,92,,30875,87,0,23 24,0,45,,30878,87,0,23 24,0,85,,30881,87,0,23 24,0,85,,30884,87,0,23 24,0,85,,30887,87,0,23 24,0,45,,30890,87,0,23 24,0,85,,30893,87,0,23 24,0,85,,30896,87,0,23 24,0,85,,30899,87,0,23 24,0,45,,30902,87,0,23 24,0,78,,30905,87,0,23 24,0,85,,30908,87,0,23 24,0,85,,30911,87,0,23 24,0,45,,30914,87,0,23 24,0,85,,30918,87,0,23 24,0
578300,'6',546,,30923,44,0,23 24,0,85,,30926,87,0,23 24,0,23,,30928,44,0,23 24,0,62,,30930,87,0,23 24,0,85,,30933,87,0,23 24,0,45,,30936,87,0,23 24,0,85,,30939,87,0,23 24,0,76,,30942,87,0,23 24,0,46,,30945,87,0,23 24,0,76,,30948,87,0,23 24,0,76,,30951,87,0,23 24,0,36,,30954,87,0,23 24,0,76,,30957,87,0,23 24,0,36,,30960,87,0,23 24,0,76,,30963,87,0,23 24,0,76,,30966,87,0,23 24,0,36,,30969,87,0,23 24,0,76,,30972,87,0,23 24,0,36,,30975,87,0,23 24,0,76,,30978,87,0,23 24,0,76,,30981,87,0,23 24,0,31,,30984,87,0,23 24,0,85,,30987,87,0,23 24,0,85,,30990,87,0,23 24,0,45,,30993,87,0,23 24,0,85,,30996,87,0,23 24,0,85,,30999,87,0,23 24,0,80,,31002,87,0,23 24,0,45,,31005,87,0,23 24,0,85,,31009,87,0,23 24,0
579101,'1',524,,32957,42,,,0,28,,32958,42,,,0,70,,32959,42,,,0,30,,32960,42,,,0,70,,32961,42,,,0,30,,32962,42,,,0,70,,32963,42,,,0,30,,32964,42,,,0,70,,32965,42,,,0,34,,32966,42,,,0,70,,32967,42,,,0,30,,32983,42,,,0,70,,32968,42,,,0,30,,32984,42,,,0,70,,32969,42,,,0,23,,32985,25,,,0,73,,32970,25,,,0,30,,32986,25,,,0,70,,32971,25,,,0,30,,32987,25,,,0,70,,32972,25,,,0,30,,32973,25,,,0,70,,32997,25,,,0,30,,32974,25,,,0,70,,32975,25,,,0,30,,32976,25,,,0,70,,32977,25,,,0,30,,32978,25,,,0,69,,32979,25,,,0,30,,32988,25,,,0,70,,32980,25,,,0,30,,32989,25,,,0,70,,32981,25,,,0,30,,32990,25,,,0,70,,32982,25,,,0,30,,32991,25,,,0,70,,32992,25,,,0,30,,32993,25,,,0,70,,32994,25,,,0,25,,32995,25,,,0,70,,32996,25,,,0
579101,'2',754,,32998,42,,,0,70,,32999,42,,,0,30,,33000,42,,,0,70,,33001,42,,,0,30,,33002,42,,,0,70,,33003,42,,,0,30,,33019,42,,,0,70,,33004,42,,,0,30,,33020,42,,,0,70,,33005,42,,,0,23,,33021,25,,,0,75,,33006,25,,,0,30,,33022,25,,,0,70,,33007,25,,,0,30,,33023,25,,,0,70,,33008,25,,,0,30,,33009,25,,,0,70,,33031,25,,,0,30,,33010,25,,,0,70,,33011,25,,,0,30,,33012,25,,,0,70,,33013,25,,,0,30,,33014,25,,,0,70,,33015,25,,,0,30,,33024,25,,,0,70,,33016,25,,,0,30,,33025,25,,,0,70,,33017,25,,,0,30,,33026,25,,,0,70,,33018,25,,,0,29,,33027,25,,,0,71,,33028,25,,,0,30,,33029,25,,,0,70,,33030,25,,,0
579101,'3',754,,33032,42,,,0,70,,33033,42,,,0,30,,33034,42,,,0,70,,33035,42,,,0,30,,33036,42,,,0,70,,33037,42,,,0,30,,33053,42,,,0,70,,33038,42,,,0,30,,33054,42,,,0,70,,33039,42,,,0,23,,33055,25,,,0,75,,33040,25,,,0,30,,33056,25,,,0,70,,33041,25,,,0,30,,33057,25,,,0,70,,33042,25,,,0,30,,33043,25,,,0,70,,33065,25,,,0,30,,33044,25,,,0,70,,33045,25,,,0,30,,33046,25,,,0,70,,33047,25,,,0,30,,33048,25,,,0,70,,33049,25,,,0,30,,33058,25,,,0,70,,33050,25,,,0,30,,33059,25,,,0,70,,33051,25,,,0,30,,33060,25,,,0,70,,33052,25,,,0,30,,33061,25,,,0,70,,33062,25,,,0,30,,33063,25,,,0,63,,33064,25,,,0
579101,'4',754,,33066,42,,,0,70,,33067,42,,,0,30,,33068,42,,,0,70,,33069,42,,,0,30,,33070,42,,,0,70,,33071,42,,,0,30,,33085,42,,,0,70,,33072,42,,,0,30,,33086,42,,,0,70,,33073,42,,,0,23,,33087,25,,,0,75,,33074,25,,,0,30,,33088,25,,,0,70,,33075,25,,,0,30,,33089,25,,,0,70,,33076,25,,,0,30,,33077,25,,,0,70,,33092,25,,,0,30,,33078,25,,,0,70,,33079,25,,,0,30,,33080,25,,,0,70,,33081,25,,,0,30,,33082,25,,,0,70,,33083,25,,,0,30,,33090,25,,,0,70,,33084,25,,,0,30,,33091,25,,,0
579101,'6',754,,33093,42,,,0,70,,33094,42,,,0,30,,33095,42,,,0,70,,33096,42,,,0,30,,33097,42,,,0,70,,33098,42,,,0,30,,33114,42,,,0,70,,33099,42,,,0,30,,33115,42,,,0,70,,33100,42,,,0,23,,33116,25,,,0,75,,33101,25,,,0,30,,33117,25,,,0,70,,33102,25,,,0,30,,33118,25,,,0,70,,33103,25,,,0,30,,33104,25,,,0,70,,33126,25,,,0,30,,33105,25,,,0,70,,33106,25,,,0,30,,33107,25,,,0,70,,33108,25,,,0,30,,33109,25,,,0,70,,33110,25,,,0,30,,33119,25,,,0,70,,33111,25,,,0,30,,33120,25,,,0,70,,33112,25,,,0,30,,33121,25,,,0,70,,33113,25,,,0,29,,33122,25,,,0,71,,33123,25,,,0,30,,33124,25,,,0,70,,33125,25,,,0
583500,'8502',1419,,42931,26,,,0,100,,42930,26,,,0,100,,42929,26,,,0,100,,42928,26,,,0,100,,42927,26,,,0,100,,42926,26,,,0,100,,42925,26,,,0,100,,42924,26,,,0,100,,42923,26,,,0,100,,42922,26,,,0
