578301,'1',517,,31014,32,0,33 4 34,0,35,,31017,32,0,33 4 34,0,63,,31020,32,0,33 4 34,0,15,,31022,32,0,33 4 34,0,15,,31024,32,0,33 4 34,0,55,,31026,32,0,33 4 34,0,15,,31028,32,0,33 4 34,0,15,,31030,32,0,33 4 34,0,15,,31032,32,0,33 4 34,0,55,,31034,32,0,33 4 34,0,15,,31036,32,0,33 4 34,0,15,,31038,32,0,33 4 34,0,15,,31040,32,0,33 4 34,0,55,,31042,32,0,33 4 34,0,15,,31044,32,0,33 4 34,0,15,,31046,32,0,33 4 34,0,15,,31048,32,0,17 18 4 19,0,56,,31050,32,0,33 4 34,0,30,,31053,32,0,33 4 34,0,70,,31056,32,0,33 4 34,0,30,,31059,32,0,33 4 34,0,70,,31062,32,0,33 4 34,0,30,,31065,32,0,33 4 34,0,70,,31068,32,0,33 4 34,0,30,,31071,32,0,33 4 34,0,28,,31074,32,0,33 4 34,0,58,,31076,32,0,33 4 34,0,15,,31078,32,0,33 4 34,0,15,,31080,32,0,33 4 34,0,55,,31082,32,0,33 4 34,0,15,,31084,32,0,33 4 34,0,15,,31086,32,0,33 4 34,0,15,,31088,32,0,33 4 34,0,55,,31090,32,0,33 4 34,0,15,,31092,32,0,33 4 34,0,15,,31094,32,0,33 4 34,0,15,,31096,32,0,33 4 34,0,55,,31098,32,0,33 4 34,0,15,,31100,32,0,33 4 34,0,14,,31102,32,0,33 4 34,0,17,,31104,32,0,33 4 34,0,55,,31106,32,0,33 4 34,0,11,,31108,32,0,17 18 4 19,0,20,,31110,32,0,33 4 34,0,13,,31112,32,0,17 18 4 19,0,61,,31114,32,0,33 4 34,0,24,,31117,32,0,33 4 34,0,76,,31121,32,0,33 4 34,0,30,,31124,32,0,33 4 34,0,70,,31127,32,0,33 4 34,0,30,,31130,32,0,33 4 34,0,19,,31132,32,0,33 4 34,0,85,,31135,32,0,33 4 34,0,85,,31139,32,0,33 4 34,0,80,,31142,32,0,33 4 34,0,45,,31144,32,0,33 4 34,0
578301,'2',452,,31151,32,0,33 4 34,0,76,,31154,32,0,33 4 34,0,76,,31157,32,0,33 4 34,0,36,,31160,32,0,33 4 34,0,76,,31163,32,0,33 4 34,0,31,,31166,32,0,33 4 34,0,76,,31169,32,0,33 4 34,0,36,,31172,32,0,33 4 34,0,76,,31175,32,0,33 4 34,0,76,,31178,32,0,33 4 34,0,36,,31181,32,0,33 4 34,0,76,,31184,32,0,33 4 34,0,36,,31187,32,0,33 4 34,0,76,,31190,32,0,33 4 34,0,76,,31193,32,0,33 4 34,0,36,,31196,32,0,33 4 34,0,76,,31199,32,0,33 4 34,0,36,,31202,32,0,33 4 34,0,76,,31205,32,0,33 4 34,0,76,,31208,32,0,33 4 34,0,36,,31211,32,0,33 4 34,0,76,,31214,32,0,33 4 34,0,36,,31217,32,0,33 4 34,0,76,,31220,32,0,33 4 34,0,79,,31223,32,0,33 4 34,0,36,,31226,32,0,33 4 34,0,76,,31229,32,0,33 4 34,0,86,,31232,32,0,33 4 34,0,31,,31234,32,0,33 4 34,0,85,,31237,32,0,33 4 34,0,85,,31240,32,0,33 4 34,0,45,,31243,32,0,33 4 34,0,90,,31246,32,0,33 4 34,0
578301,'3',529,,31254,32,0,33 4 34,0,85,,31258,32,0,33 4 34,0,45,,31261,32,0,33 4 34,0,85,,31264,32,0,33 4 34,0,85,,31267,32,0,33 4 34,0,85,,31270,32,0,33 4 34,0,33,,31273,32,0,33 4 34,0,76,,31276,32,0,33 4 34,0,36,,31279,32,0,33 4 34,0,76,,31282,32,0,33 4 34,0,76,,31285,32,0,33 4 34,0,36,,31288,32,0,33 4 34,0,76,,31291,32,0,33 4 34,0,36,,31294,32,0,33 4 34,0,76,,31297,32,0,33 4 34,0,76,,31300,32,0,33 4 34,0,36,,31303,32,0,33 4 34,0,76,,31306,32,0,33 4 34,0,36,,31309,32,0,33 4 34,0,76,,31312,32,0,33 4 34,0,76,,31315,32,0,33 4 34,0,36,,31318,32,0,33 4 34,0,78,,31321,32,0,33 4 34,0,85,,31324,32,0,33 4 34,0,45,,31327,32,0,33 4 34,0,89,,31330,32,0,33 4 34,0,85,,31333,32,0,33 4 34,0,85,,31336,32,0,33 4 34,0,30,,31338,32,0,33 4 34,0
578301,'4',537,,31407,32,0,33 4 34,0,66,,31344,32,0,33 4 34,0,26,,31347,32,0,33 4 34,0,85,,31350,32,0,33 4 34,0,45,,31353,32,0,33 4 34,0,85,,31356,32,0,33 4 34,0,85,,31359,32,0,33 4 34,0,82,,31362,32,0,33 4 34,0,45,,31365,32,0,33 4 34,0,85,,31368,32,0,33 4 34,0,85,,31371,32,0,33 4 34,0,85,,31374,32,0,33 4 34,0,45,,31377,32,0,33 4 34,0,85,,31380,32,0,33 4 34,0,85,,31383,32,0,33 4 34,0,85,,31386,32,0,33 4 34,0,45,,31389,32,0,33 4 34,0,89,,31392,32,0,33 4 34,0,85,,31395,32,0,33 4 34,0,85,,31398,32,0,33 4 34,0,85,,31401,32,0,33 4 34,0,45,,31405,32,0,33 4 34,0
578301,'6',529,,31411,32,0,33 4 34,0,85,,31415,32,0,33 4 34,0,45,,31418,32,0,33 4 34,0,85,,31421,32,0,33 4 34,0,85,,31424,32,0,33 4 34,0,85,,31427,32,0,33 4 34,0,33,,31430,32,0,33 4 34,0,76,,31433,32,0,33 4 34,0,36,,31436,32,0,33 4 34,0,76,,31439,32,0,33 4 34,0,76,,31442,32,0,33 4 34,0,36,,31445,32,0,33 4 34,0,76,,31448,32,0,33 4 34,0,36,,31451,32,0,33 4 34,0,76,,31454,32,0,33 4 34,0,76,,31457,32,0,33 4 34,0,36,,31460,32,0,33 4 34,0,76,,31463,32,0,33 4 34,0,36,,31466,32,0,33 4 34,0,76,,31469,32,0,33 4 34,0,76,,31472,32,0,33 4 34,0,36,,31475,32,0,33 4 34,0,78,,31478,32,0,33 4 34,0,85,,31481,32,0,33 4 34,0,45,,31484,32,0,33 4 34,0,89,,31487,32,0,33 4 34,0,85,,31490,32,0,33 4 34,0,85,,31493,32,0,33 4 34,0,30,,31495,32,0,33 4 34,0
580801,'14601',515,,39528,21,,,0,20,,39522,21,,,0,20,,39523,21,,,0,60,,39524,21,,,0,20,,39525,21,,,0,20,,39526,21,,,0,60,,39527,21,,,0,20,,39520,21,,,0,19,,39521,21,,,0,50,,39423,21,,,0,10,,39454,21,,,0,10,,39424,21,,,0,8,,39455,21,,,0,7,,39425,21,,,0,8,,39456,21,,,0,9,,39426,21,,,0,48,,39457,21,,,0,8,,39427,21,,,0,8,,39458,21,,,0,5,,39428,21,,,0,8,,39459,21,,,0,7,,39460,21,,,0,8,,39461,21,,,0,53,,39462,21,,,0,12,,39429,21,,,0,10,,39430,21,,,0,10,,39431,21,,,0,10,,39432,21,,,0,10,,39433,21,,,0,50,,39434,21,,,0,10,,39435,21,,,0,10,,39436,21,,,0,10,,39437,21,,,0,10,,39438,21,,,0,10,,39439,21,,,0,50,,39440,21,,,0,10,,39441,21,,,0,10,,39442,21,,,0,10,,39443,21,,,0,10,,39444,21,,,0,10,,39445,21,,,0,50,,39446,21,,,0,10,,39447,21,,,0,10,,39448,21,,,0,10,,39449,21,,,0,10,,39450,21,,,0,10,,39451,21,,,0,50,,39452,21,,,0,10,,39453,21,,,0,10,,39488,21,,,0,9,,39489,21,,,0,8,,39492,21,,,0,7,,39490,21,,,0,8,,39493,21,,,0,47,,39491,21,,,0,8,,39463,21,,,0,7,,39476,21,,,0,8,,39464,21,,,0,7,,39477,21,,,0,8,,39465,21,,,0,7,,39478,21,,,0,8,,39466,21,,,0,47,,39479,21,,,0,8,,39467,21,,,0,7,,39480,21,,,0,8,,39468,21,,,0,7,,39481,21,,,0,8,,39469,21,,,0,7,,39482,21,,,0,8,,39470,21,,,0,47,,39483,21,,,0,8,,39471,21,,,0,7,,39484,21,,,0,8,,39472,21,,,0,7,,39485,21,,,0,8,,39473,21,,,0,8,,39486,21,,,0,8,,39474,21,,,0,47,,39487,21,,,0,8,,39475,21,,,0,8,,39503,21,,,0,10,,39504,21,,,0,10,,39505,21,,,0,10,,39506,21,,,0,10,,39507,21,,,0,50,,39494,21,,,0,15,,39495,21,,,0,15,,39496,21,,,0,15,,39498,21,,,0,55,,39499,21,,,0,15,,39500,21,,,0,15,,39501,21,,,0,15,,39502,21,,,0,55,,39497,21,,,0,15,,39515,21,,,0,15,,39516,21,,,0,15,,39519,21,,,0,57,,39517,21,,,0,22,,39518,21,,,0,70,,39508,21,,,0,30,,39509,21,,,0,70,,39510,21,,,0,30,,39511,21,,,0,70,,39512,21,,,0,30,,39513,21,,,0,70,,39514,21,,,0
580801,'14602',531,,39559,21,,,0,70,,39560,21,,,0,30,,39561,21,,,0,70,,39562,21,,,0,30,,39563,21,,,0,70,,39564,21,,,0,30,,39565,21,,,0,70,,39566,21,,,0,29,,39567,21,,,0,70,,39568,21,,,0,30,,39569,21,,,0,70,,39570,21,,,0,30,,39558,21,,,0,70,,39541,21,,,0,30,,39542,21,,,0,70,,39543,21,,,0,30,,39544,21,,,0,70,,39545,21,,,0,30,,39546,21,,,0,70,,39547,21,,,0,30,,39548,21,,,0,70,,39549,21,,,0,30,,39550,21,,,0,70,,39551,21,,,0,30,,39552,21,,,0,70,,39553,21,,,0,30,,39554,21,,,0,72,,39555,21,,,0,30,,39556,21,,,0,70,,39557,21,,,0,30,,39540,21,,,0,70,,39539,21,,,0,30,,39538,21,,,0,70,,39537,21,,,0,31,,39536,21,,,0,70,,39535,21,,,0,30,,39534,21,,,0,70,,39533,21,,,0,30,,39532,21,,,0,70,,39531,21,,,0,30,,39530,21,,,0,70,,39529,21,,,0
580801,'14603',631,,39596,21,,,0,70,,39597,21,,,0,30,,39598,21,,,0,70,,39599,21,,,0,30,,39600,21,,,0,70,,39601,21,,,0,29,,39602,21,,,0,70,,39603,21,,,0,30,,39604,21,,,0,70,,39605,21,,,0,30,,39571,21,,,0,70,,39588,21,,,0,30,,39587,21,,,0,70,,39586,21,,,0,30,,39585,21,,,0,70,,39584,21,,,0,30,,39583,21,,,0,70,,39582,21,,,0,30,,39581,21,,,0,70,,39580,21,,,0,30,,39579,21,,,0,70,,39578,21,,,0,30,,39577,21,,,0,70,,39576,21,,,0,30,,39575,21,,,0,72,,39574,21,,,0,30,,39573,21,,,0,70,,39572,21,,,0,30,,39589,21,,,0,70,,39590,21,,,0,30,,39591,21,,,0,70,,39592,21,,,0,31,,39593,21,,,0,70,,39594,21,,,0,30,,39595,21,,,0,70,,39606,21,,,0
580801,'14604',631,,39627,21,,,0,70,,39628,21,,,0,30,,39629,21,,,0,70,,39630,21,,,0,30,,39631,21,,,0,70,,39632,21,,,0,29,,39633,21,,,0,70,,39634,21,,,0,30,,39635,21,,,0,70,,39636,21,,,0,30,,39607,21,,,0,70,,39624,21,,,0,30,,39623,21,,,0,70,,39622,21,,,0,30,,39621,21,,,0,70,,39620,21,,,0,30,,39619,21,,,0,70,,39618,21,,,0,30,,39617,21,,,0,70,,39616,21,,,0,30,,39615,21,,,0,70,,39614,21,,,0,30,,39613,21,,,0,70,,39612,21,,,0,30,,39611,21,,,0,72,,39610,21,,,0,30,,39609,21,,,0,70,,39608,21,,,0,30,,39625,21,,,0,70,,39626,21,,,0
580801,'14606',631,,39662,21,,,0,70,,39663,21,,,0,30,,39664,21,,,0,70,,39665,21,,,0,30,,39666,21,,,0,70,,39667,21,,,0,29,,39668,21,,,0,70,,39669,21,,,0,30,,39670,21,,,0,70,,39671,21,,,0,30,,39637,21,,,0,70,,39654,21,,,0,30,,39653,21,,,0,70,,39652,21,,,0,30,,39651,21,,,0,70,,39650,21,,,0,30,,39649,21,,,0,70,,39648,21,,,0,30,,39647,21,,,0,70,,39646,21,,,0,30,,39645,21,,,0,70,,39644,21,,,0,30,,39643,21,,,0,70,,39642,21,,,0,30,,39641,21,,,0,72,,39640,21,,,0,30,,39639,21,,,0,70,,39638,21,,,0,30,,39655,21,,,0,70,,39656,21,,,0,30,,39657,21,,,0,70,,39658,21,,,0,31,,39659,21,,,0,70,,39660,21,,,0,30,,39661,21,,,0,70,,39672,21,,,0
582800,'1',650,,40229,15,,,0,55,,40231,15,,,0,15,,40233,15,,,0,15,,40235,15,,,0,15,,40237,15,,,0,55,,40239,15,,,0,15,,40241,15,,,0,15,,40243,15,,,0,14,,40245,15,,,0,51,,40247,15,,,0,12,,40249,15,,,0,12,,40251,15,,,0,12,,40253,15,,,0,12,,40255,15,,,0,52,,40257,15,,,0,12,,40259,15,,,0,12,,40261,15,,,0,12,,40263,15,,,0,12,,40265,15,,,0,52,,40267,15,,,0,12,,40269,15,,,0,12,,40271,15,,,0,12,,40273,15,,,0,12,,40275,15,,,0,52,,40277,15,,,0,12,,40279,15,,,0,12,,40281,15,,,0,12,,40283,15,,,0,12,,40285,15,,,0,52,,40287,15,,,0,12,,40289,15,,,0,12,,40291,15,,,0,12,,40293,15,,,0,12,,40295,15,,,0,9,,40297,15,,,0,52,,40299,15,,,0,12,,40301,15,,,0,12,,40303,15,,,0,12,,40305,15,,,0,12,,40307,15,,,0,52,,40309,15,,,0,12,,40311,15,,,0,12,,40313,15,,,0,13,,40315,15,,,0,12,,40317,15,,,0,52,,40319,15,,,0,12,,40321,15,,,0,12,,40323,15,,,0,12,,40325,15,,,0,12,,40327,15,,,0,52,,40329,15,,,0,16,,40331,15,,,0,12,,40333,15,,,0,12,,40335,15,,,0,52,,40337,15,,,0,12,,40215,15,,,0,12,,40339,15,,,0,12,,40341,15,,,0
