579401,'1601',858,,34328,27,,,0,98,,34329,27,,,0
579401,'1',537,,34330,48,,,0,20,,34331,48,,,0,60,,34332,48,,,0,20,,34333,48,,,0,20,,34334,48,,,0,56,,34335,48,,,0,16,,34336,48,,,0,18,,34337,48,,,0,55,,34338,48,,,0,15,,34339,48,,,0,15,,34340,48,,,0,15,,34341,48,,,0,55,,34342,48,,,0,15,,34343,48,,,0,16,,34344,48,,,0,16,,34345,48,,,0,53,,34346,48,,,0,15,,34347,48,,,0,15,,34348,48,,,0,15,,34349,48,,,0,55,,34350,48,,,0,15,,34351,48,,,0,15,,34352,48,,,0,15,,34353,48,,,0,55,,34354,48,,,0,15,,34355,48,,,0,15,,34356,48,,,0,15,,34357,48,,,0,55,,34358,48,,,0,15,,34359,48,,,0,15,,34360,48,,,0,15,,34361,48,,,0,55,,34362,48,,,0,17,,34363,48,,,0,15,,34364,48,,,0,15,,34365,48,,,0,55,,34366,48,,,0,15,,34367,48,,,0,15,,34368,48,,,0,15,,34369,48,,,0,55,,34370,48,,,0,15,,34371,48,,,0,15,,34372,48,,,0,15,,34373,48,,,0,55,,34374,48,,,0,15,,34375,48,,,0,15,,34376,48,,,0,15,,34377,48,,,0,55,,34378,48,,,0,15,,34379,48,,,0,15,,34380,48,,,0,15,,34381,48,,,0,70,,34382,48,,,0,32,,34383,48,,,0,70,,34384,48,,,0,30,,34385,48,,,0,70,,34386,48,,,0,30,,34387,48,,,0,70,,34388,48,,,0,28,,34389,48,,,0,70,,34390,48,,,0,30,,34391,48,,,0,70,,34392,48,,,0,30,,34393,48,,,0,61,,34394,48,,,0
579401,'2',546,,34433,48,,,0,70,,34432,48,,,0,30,,34431,48,,,0,70,,34430,48,,,0,30,,34429,48,,,0,70,,34428,48,,,0,30,,34427,48,,,0,70,,34426,48,,,0,32,,34425,48,,,0,70,,34424,48,,,0,30,,34423,48,,,0,70,,34422,48,,,0,30,,34421,48,,,0,70,,34420,48,,,0,30,,34419,48,,,0,70,,34418,48,,,0,30,,34417,48,,,0,70,,34416,48,,,0,30,,34415,48,,,0,70,,34414,48,,,0,30,,34413,48,,,0,70,,34412,48,,,0,30,,34411,48,,,0,70,,34410,48,,,0,30,,34409,48,,,0,70,,34408,48,,,0,30,,34407,48,,,0,73,,34406,48,,,0,30,,34405,48,,,0,70,,34404,48,,,0,30,,34403,48,,,0,70,,34402,48,,,0,30,,34401,48,,,0,70,,34400,48,,,0,30,,34399,48,,,0,70,,34398,48,,,0,30,,34397,48,,,0,70,,34396,48,,,0,30,,34395,48,,,0
579401,'3',605,,34470,48,,,0,30,,34469,48,,,0,70,,34468,48,,,0,30,,34467,48,,,0,70,,34466,48,,,0,30,,34465,48,,,0,70,,34464,48,,,0,30,,34463,48,,,0,70,,34462,48,,,0,30,,34461,48,,,0,70,,34460,48,,,0,30,,34459,48,,,0,70,,34458,48,,,0,30,,34457,48,,,0,70,,34456,48,,,0,30,,34455,48,,,0,70,,34454,48,,,0,30,,34453,48,,,0,70,,34452,48,,,0,30,,34451,48,,,0,70,,34450,48,,,0,30,,34449,48,,,0,70,,34448,48,,,0,30,,34447,48,,,0,70,,34446,48,,,0,30,,34445,48,,,0,70,,34444,48,,,0,28,,34443,48,,,0,70,,34442,48,,,0,30,,34441,48,,,0,70,,34440,48,,,0,30,,34439,48,,,0,70,,34438,48,,,0,30,,34437,48,,,0,70,,34436,48,,,0,25,,34435,48,,,0,22,,34434,48,,,0
579401,'4',625,,34471,48,,,0,25,,34472,48,,,0,70,,34473,48,,,0,30,,34474,48,,,0,70,,34475,48,,,0,30,,34476,48,,,0,69,,34477,48,,,0,30,,34478,48,,,0,70,,34479,48,,,0,30,,34480,48,,,0,70,,34481,48,,,0,30,,34482,48,,,0,70,,34483,48,,,0,30,,34484,48,,,0,70,,34485,48,,,0,30,,34486,48,,,0,70,,34487,48,,,0,30,,34488,48,,,0,70,,34489,48,,,0,30,,34490,48,,,0,70,,34491,48,,,0,30,,34492,48,,,0,70,,34493,48,,,0,30,,34494,48,,,0,70,,34500,48,,,0,31,,34495,48,,,0,70,,34496,48,,,0,30,,34497,48,,,0,70,,34498,48,,,0,30,,34499,48,,,0,63,,34501,48,,,0
579401,'6',546,,34540,48,,,0,70,,34539,48,,,0,30,,34538,48,,,0,70,,34537,48,,,0,30,,34536,48,,,0,70,,34535,48,,,0,30,,34534,48,,,0,70,,34533,48,,,0,32,,34532,48,,,0,70,,34531,48,,,0,30,,34530,48,,,0,70,,34529,48,,,0,30,,34528,48,,,0,70,,34527,48,,,0,30,,34526,48,,,0,70,,34525,48,,,0,30,,34524,48,,,0,70,,34523,48,,,0,30,,34522,48,,,0,70,,34521,48,,,0,30,,34520,48,,,0,70,,34519,48,,,0,30,,34518,48,,,0,70,,34517,48,,,0,30,,34516,48,,,0,70,,34515,48,,,0,30,,34514,48,,,0,73,,34513,48,,,0,30,,34512,48,,,0,70,,34511,48,,,0,30,,34510,48,,,0,70,,34509,48,,,0,30,,34508,48,,,0,70,,34507,48,,,0,30,,34506,48,,,0,70,,34505,48,,,0,30,,34504,48,,,0,70,,34503,48,,,0,30,,34502,48,,,0
580101,'1',528,,37315,39,,,0,20,,37316,39,,,0,60,,37317,39,,,0,20,,37318,39,,,0,20,,37319,39,,,0,60,,37320,39,,,0,15,,37321,39,,,0,19,,37322,39,,,0,15,,37323,39,,,0,55,,37324,39,,,0,18,,37325,39,,,0,20,,37326,39,,,0,60,,37327,39,,,0,19,,37328,39,,,0,20,,37329,39,,,0,60,,37330,39,,,0,20,,37331,39,,,0,20,,37332,39,,,0,60,,37333,39,,,0,20,,37334,39,,,0,20,,37335,39,,,0,60,,37336,39,,,0,20,,37337,39,,,0,20,,37338,39,,,0,60,,37339,39,,,0,20,,37340,39,,,0,20,,37341,39,,,0,60,,37342,39,,,0,15,,37343,39,,,0,15,,37344,39,,,0,15,,37345,39,,,0,55,,37346,39,,,0,15,,37347,39,,,0,15,,37348,39,,,0,15,,37349,39,,,0,55,,37350,39,,,0,15,,37351,39,,,0,15,,37352,39,,,0,15,,37353,39,,,0,55,,37354,39,,,0,15,,37355,39,,,0,15,,37356,39,,,0,15,,37357,39,,,0,55,,37358,39,,,0,30,,37359,39,,,0,70,,37360,39,,,0,30,,37361,39,,,0,70,,37362,39,,,0,26,,37363,39,,,0,70,,37364,39,,,0,45,,37365,39,,,0,80,,37366,39,,,0,80,,37367,39,,,0,40,,37368,39,,,0,80,,37369,39,,,0,80,,37370,39,,,0
580101,'2',528,,37406,39,,,0,30,,37407,39,,,0,70,,37371,39,,,0,30,,37372,39,,,0,70,,37373,39,,,0,30,,37374,39,,,0,70,,37375,39,,,0,30,,37376,39,,,0,74,,37377,39,,,0,70,,37378,39,,,0,30,,37379,39,,,0,70,,37380,39,,,0,30,,37381,39,,,0,70,,37382,39,,,0,30,,37383,39,,,0,70,,37384,39,,,0,30,,37385,39,,,0,70,,37386,39,,,0,30,,37387,39,,,0,70,,37388,39,,,0,30,,37389,39,,,0,70,,37390,39,,,0,30,,37391,39,,,0,70,,37392,39,,,0,30,,37393,39,,,0,70,,37394,39,,,0,30,,37395,39,,,0,70,,37396,39,,,0,30,,37397,39,,,0,70,,37398,39,,,0,27,,37399,39,,,0,30,,37400,39,,,0,70,,37401,39,,,0,30,,37402,39,,,0,70,,37403,39,,,0,80,,37404,39,,,0,40,,37405,39,,,0,80,,37408,39,,,0,80,,37409,39,,,0
580101,'3',615,,37410,39,,,0,30,,37411,39,,,0,70,,37412,39,,,0,30,,37413,39,,,0,70,,37414,39,,,0,30,,37415,39,,,0,70,,37416,39,,,0,33,,37417,39,,,0,70,,37418,39,,,0,30,,37419,39,,,0,70,,37420,39,,,0,30,,37421,39,,,0,70,,37422,39,,,0,30,,37423,39,,,0,70,,37424,39,,,0,30,,37425,39,,,0,70,,37426,39,,,0,30,,37427,39,,,0,70,,37428,39,,,0,30,,37429,39,,,0,70,,37430,39,,,0,30,,37431,39,,,0,70,,37432,39,,,0,30,,37433,39,,,0,70,,37434,39,,,0,30,,37435,39,,,0,70,,37436,39,,,0,30,,37437,39,,,0,70,,37438,39,,,0,26,,37439,39,,,0,70,,37440,39,,,0,35,,37441,39,,,0,80,,37442,39,,,0,80,,37443,39,,,0,40,,37444,39,,,0,75,,37445,39,,,0
580101,'4',651,,37467,39,,,0,80,,37466,39,,,0,80,,37446,39,,,0,40,,37447,39,,,0,80,,37448,39,,,0,80,,37449,39,,,0,40,,37450,39,,,0,80,,37451,39,,,0,80,,37452,39,,,0,40,,37453,39,,,0,80,,37454,39,,,0,80,,37455,39,,,0,40,,37456,39,,,0,80,,37457,39,,,0,80,,37458,39,,,0,40,,37459,39,,,0,80,,37460,39,,,0,80,,37461,39,,,0,40,,37462,39,,,0,80,,37463,39,,,0,80,,37464,39,,,0,40,,37465,39,,,0
580101,'6',615,,37468,39,,,0,30,,37469,39,,,0,70,,37470,39,,,0,30,,37471,39,,,0,70,,37472,39,,,0,30,,37473,39,,,0,70,,37474,39,,,0,33,,37475,39,,,0,70,,37476,39,,,0,30,,37477,39,,,0,70,,37478,39,,,0,30,,37479,39,,,0,70,,37480,39,,,0,30,,37481,39,,,0,70,,37482,39,,,0,30,,37483,39,,,0,70,,37484,39,,,0,30,,37485,39,,,0,70,,37486,39,,,0,30,,37487,39,,,0,70,,37488,39,,,0,30,,37489,39,,,0,70,,37490,39,,,0,30,,37491,39,,,0,70,,37492,39,,,0,30,,37493,39,,,0,70,,37494,39,,,0,30,,37495,39,,,0,70,,37496,39,,,0,26,,37497,39,,,0,70,,37498,39,,,0,35,,37499,39,,,0,80,,37500,39,,,0,80,,37501,39,,,0,40,,37502,39,,,0,75,,37503,39,,,0
580301,'1',500,,38076,29,,,0,35,,38077,29,,,0,23,,38078,32,,,0,62,,38079,29,,,0,19,,38080,32,,,0,20,,38081,29,,,0,60,,38082,32,,,0,17,,38083,29,,,0,15,,38084,32,,,0,55,,38085,29,,,0,15,,38086,32,,,0,15,,38087,29,,,0,15,,38088,32,,,0,55,,38089,29,,,0,15,,38090,32,,,0,15,,38091,29,,,0,15,,38092,32,,,0,55,,38093,29,,,0,17,,38094,32,,,0,20,,38095,29,,,0,60,,38096,32,,,0,20,,38097,29,,,0,20,,38098,32,,,0,60,,38099,29,,,0,20,,38100,32,,,0,20,,38101,29,,,0,60,,38102,32,,,0,20,,38103,29,,,0,20,,38104,32,,,0,60,,38105,29,,,0,16,,38106,32,,,0,12,,38107,29,,,0,15,,38108,32,,,0,55,,38109,29,,,0,15,,38110,32,,,0,15,,38111,29,,,0,15,,38112,32,,,0,55,,38113,29,,,0,15,,38114,32,,,0,15,,38115,29,,,0,15,,38116,32,,,0,55,,38117,29,,,0,15,,38118,32,,,0,18,,38119,29,,,0,15,,38120,32,,,0,55,,38121,29,,,0,15,,38122,32,,,0,15,,38123,29,,,0,15,,38124,32,,,0,55,,38125,29,,,0,15,,38126,32,,,0,15,,38127,29,,,0,20,,38128,32,,,0,60,,38129,29,,,0,20,,38130,32,,,0,20,,38131,29,,,0,60,,38132,32,,,0,20,,38133,29,,,0,16,,38134,32,,,0,70,,38135,29,,,0,30,,38136,32,,,0,70,,38137,29,,,0,30,,38138,32,,,0,68,,38139,29,,,0,28,,38140,32,,,0,68,,38141,29,,,0
580301,'2',537,,38165,32,,,0,70,,38158,29,,,0,30,,38178,32,,,0,70,,38179,29,,,0,30,,38180,32,,,0,70,,38181,29,,,0,30,,38163,32,,,0,70,,38164,29,,,0,29,,38147,32,,,0,70,,38175,29,,,0,24,,38176,32,,,0,20,,38177,29,,,0,60,,38172,32,,,0,20,,38173,29,,,0,20,,38174,32,,,0,60,,38166,29,,,0,20,,38167,32,,,0,20,,38168,29,,,0,60,,38169,32,,,0,20,,38170,29,,,0,20,,38171,32,,,0,60,,38182,29,,,0,20,,38185,32,,,0,20,,38156,29,,,0,60,,38157,32,,,0,20,,38155,29,,,0,20,,38152,32,,,0,60,,38153,29,,,0,20,,38150,32,,,0,20,,38151,29,,,0,60,,38154,32,,,0,21,,38145,29,,,0,20,,38159,32,,,0,60,,38161,29,,,0,20,,38162,32,,,0,20,,38160,29,,,0,60,,38186,32,,,0,30,,38187,29,,,0,70,,38183,32,,,0,30,,38184,29,,,0,70,,38149,32,,,0,30,,38146,29,,,0,70,,38190,32,,,0,30,,38142,29,,,0,70,,38143,32,,,0,30,,38144,29,,,0,70,,38188,32,,,0,30,,38189,29,,,0,70,,38148,32,,,0
580301,'3',619,,38208,32,,,0,30,,38207,29,,,0,70,,38206,32,,,0,30,,38205,29,,,0,70,,38204,32,,,0,30,,38203,29,,,0,70,,38202,32,,,0,30,,38201,29,,,0,72,,38209,32,,,0,20,,38222,29,,,0,60,,38210,29,,,0,20,,38223,32,,,0,20,,38211,29,,,0,60,,38224,32,,,0,20,,38212,29,,,0,20,,38225,32,,,0,60,,38213,29,,,0,20,,38226,32,,,0,20,,38214,29,,,0,60,,38227,32,,,0,20,,38215,29,,,0,20,,38228,32,,,0,60,,38216,29,,,0,20,,38229,32,,,0,20,,38217,29,,,0,60,,38230,32,,,0,20,,38218,29,,,0,20,,38231,32,,,0,60,,38219,29,,,0,20,,38232,32,,,0,20,,38220,29,,,0,60,,38233,32,,,0,20,,38221,29,,,0,20,,38234,32,,,0,59,,38235,29,,,0,19,,38200,32,,,0,31,,38199,29,,,0,69,,38198,32,,,0,31,,38197,29,,,0,69,,38196,32,,,0,31,,38195,29,,,0,66,,38194,32,,,0,31,,38193,29,,,0,69,,38192,32,,,0,31,,38191,29,,,0
580301,'4',620,,38236,32,,,0,30,,38251,29,,,0,70,,38237,32,,,0,30,,38252,29,,,0,70,,38238,32,,,0,30,,38253,29,,,0,70,,38239,32,,,0,30,,38254,29,,,0,70,,38240,32,,,0,30,,38255,29,,,0,70,,38241,32,,,0,30,,38256,29,,,0,70,,38242,32,,,0,30,,38257,29,,,0,70,,38243,32,,,0,30,,38258,29,,,0,70,,38244,32,,,0,30,,38259,29,,,0,70,,38245,32,,,0,30,,38260,29,,,0,70,,38246,32,,,0,30,,38261,29,,,0,70,,38247,32,,,0,30,,38262,29,,,0,70,,38248,32,,,0,30,,38263,29,,,0,70,,38249,32,,,0,30,,38264,29,,,0,70,,38250,32,,,0,30,,38265,29,,,0
580301,'6',619,,38283,32,,,0,30,,38282,29,,,0,70,,38281,32,,,0,30,,38280,29,,,0,70,,38279,32,,,0,30,,38278,29,,,0,70,,38277,32,,,0,30,,38276,29,,,0,72,,38284,32,,,0,20,,38297,29,,,0,60,,38285,29,,,0,20,,38298,32,,,0,20,,38286,29,,,0,60,,38299,32,,,0,20,,38287,29,,,0,20,,38300,32,,,0,60,,38288,29,,,0,20,,38301,32,,,0,20,,38289,29,,,0,60,,38302,32,,,0,20,,38290,29,,,0,20,,38303,32,,,0,60,,38291,29,,,0,20,,38304,32,,,0,20,,38292,29,,,0,60,,38305,32,,,0,20,,38293,29,,,0,20,,38306,32,,,0,60,,38294,29,,,0,20,,38307,32,,,0,20,,38295,29,,,0,60,,38308,32,,,0,20,,38296,29,,,0,20,,38309,32,,,0,59,,38310,29,,,0,19,,38275,32,,,0,31,,38274,29,,,0,69,,38273,32,,,0,31,,38272,29,,,0,69,,38271,32,,,0,31,,38270,29,,,0,66,,38269,32,,,0,31,,38268,29,,,0,69,,38267,32,,,0,31,,38266,29,,,0
