583100,'1',523,,42221,24,,,0,28,,42223,24,,,0,70,,42225,24,,,0,30,,42227,24,,,0,70,,42229,24,,,0,30,,42231,24,,,0,70,,42233,24,,,0,30,,42235,24,,,0,70,,42237,24,,,0,30,,42239,24,,,0,70,,42241,24,,,0,30,,42243,24,,,0,70,,42245,24,,,0,30,,42247,24,,,0,70,,42249,24,,,0,30,,42251,24,,,0,70,,42253,24,,,0,30,,42255,24,,,0,70,,42257,24,,,0,30,,42259,24,,,0,70,,42261,24,,,0,30,,42263,24,,,0,70,,42265,24,,,0,30,,42267,24,,,0,70,,42269,24,,,0,30,,42271,24,,,0,70,,42273,24,,,0,30,,42275,24,,,0,69,,42277,24,,,0,30,,42279,24,,,0,70,,42281,24,,,0,32,,42283,24,,,0,70,,42285,24,,,0,85,,42287,24,,,0,98,,42289,24,,,0,100,,42291,24,,,0,100,,42293,24,,,0
583100,'2',519,,42294,24,,,0,30,,42296,24,,,0,70,,42298,24,,,0,30,,42300,24,,,0,70,,42302,24,,,0,30,,42304,24,,,0,71,,42306,24,,,0,30,,42308,24,,,0,70,,42310,24,,,0,30,,42312,24,,,0,70,,42314,24,,,0,30,,42316,24,,,0,70,,42318,24,,,0,30,,42320,24,,,0,70,,42322,24,,,0,30,,42324,24,,,0,70,,42326,24,,,0,30,,42328,24,,,0,70,,42330,24,,,0,30,,42332,24,,,0,70,,42334,24,,,0,30,,42336,24,,,0,70,,42338,24,,,0,30,,42340,24,,,0,70,,42342,24,,,0,30,,42344,24,,,0,70,,42346,24,,,0,30,,42348,24,,,0,69,,42350,24,,,0,30,,42352,24,,,0,70,,42354,24,,,0,30,,42356,24,,,0,70,,42358,24,,,0,95,,42360,24,,,0,100,,42362,24,,,0,100,,42364,24,,,0
583100,'3',618,,42367,24,,,0,30,,42369,24,,,0,70,,42371,24,,,0,30,,42373,24,,,0,70,,42375,24,,,0,30,,42377,24,,,0,70,,42379,24,,,0,30,,42381,24,,,0,71,,42383,24,,,0,30,,42385,24,,,0,70,,42387,24,,,0,30,,42389,24,,,0,70,,42391,24,,,0,30,,42393,24,,,0,70,,42395,24,,,0,30,,42397,24,,,0,70,,42399,24,,,0,30,,42401,24,,,0,70,,42403,24,,,0,30,,42405,24,,,0,70,,42407,24,,,0,30,,42409,24,,,0,70,,42411,24,,,0,30,,42413,24,,,0,70,,42415,24,,,0,30,,42417,24,,,0,67,,42419,24,,,0,30,,42421,24,,,0,70,,42423,24,,,0,30,,42425,24,,,0,70,,42427,24,,,0,95,,42429,24,,,0,100,,42431,24,,,0
583100,'4',704,,42434,24,,,0,100,,42436,24,,,0,100,,42438,24,,,0,100,,42440,24,,,0,100,,42442,24,,,0,100,,42444,24,,,0,100,,42446,24,,,0,100,,42448,24,,,0,100,,42450,24,,,0,100,,42452,24,,,0,100,,42454,24,,,0,100,,42456,24,,,0,100,,42458,24,,,0,100,,42460,24,,,0,100,,42462,24,,,0
583100,'6',618,,42464,24,,,0,30,,42466,24,,,0,70,,42468,24,,,0,30,,42470,24,,,0,70,,42472,24,,,0,30,,42474,24,,,0,70,,42476,24,,,0,30,,42478,24,,,0,71,,42480,24,,,0,30,,42482,24,,,0,70,,42484,24,,,0,30,,42486,24,,,0,70,,42488,24,,,0,30,,42490,24,,,0,70,,42492,24,,,0,30,,42494,24,,,0,70,,42496,24,,,0,30,,42498,24,,,0,70,,42500,24,,,0,30,,42502,24,,,0,70,,42504,24,,,0,30,,42506,24,,,0,70,,42508,24,,,0,30,,42510,24,,,0,70,,42512,24,,,0,30,,42514,24,,,0,67,,42516,24,,,0,30,,42518,24,,,0,70,,42520,24,,,0,30,,42522,24,,,0,70,,42524,24,,,0,95,,42526,24,,,0,100,,42528,24,,,0
583101,'1601',739,,42530,3,,,0,777,,42532,3,,,0
583101,'1',605,,42535,3,,,0,30,,42537,3,,,0,67,,42539,3,,,0,30,,42541,3,,,0,70,,42543,3,,,0,30,,42545,3,,,0,70,,42547,3,,,0,30,,42549,3,,,0,73,,42551,3,,,0,30,,42553,3,,,0,70,,42555,3,,,0,30,,42557,3,,,0,70,,42559,3,,,0,30,,42561,3,,,0,70,,42563,3,,,0,30,,42565,3,,,0,67,,42567,3,,,0,30,,42569,3,,,0,70,,42571,3,,,0,30,,42573,3,,,0,70,,42575,3,,,0,30,,42577,3,,,0,70,,42579,3,,,0,30,,42581,3,,,0,70,,42583,3,,,0,30,,42585,3,,,0,74,,42587,3,,,0,30,,42589,3,,,0,70,,42591,3,,,0,30,,42593,3,,,0,70,,42595,3,,,0,30,,42597,3,,,0,82,,42599,3,,,0,100,,42601,3,,,0,100,,42603,3,,,0,40,,42605,3,,,0
583101,'2',556,,42609,3,,,0,70,,42611,3,,,0,30,,42613,3,,,0,70,,42615,3,,,0,29,,42617,3,,,0,70,,42619,3,,,0,30,,42621,3,,,0,70,,42623,3,,,0,30,,42625,3,,,0,70,,42627,3,,,0,30,,42629,3,,,0,70,,42631,3,,,0,30,,42633,3,,,0,70,,42635,3,,,0,30,,42637,3,,,0,70,,42639,3,,,0,30,,42641,3,,,0,70,,42643,3,,,0,30,,42645,3,,,0,70,,42647,3,,,0,30,,42649,3,,,0,70,,42651,3,,,0,30,,42653,3,,,0,70,,42655,3,,,0,30,,42657,3,,,0,70,,42659,3,,,0,31,,42661,3,,,0,70,,42663,3,,,0,30,,42665,3,,,0,70,,42667,3,,,0,30,,42669,3,,,0,70,,42671,3,,,0,77,,42673,3,,,0,100,,42675,3,,,0,100,,42677,3,,,0,100,,42679,3,,,0
583101,'3',626,,42680,3,,,0,30,,42682,3,,,0,70,,42684,3,,,0,30,,42686,3,,,0,70,,42688,3,,,0,30,,42690,3,,,0,70,,42692,3,,,0,29,,42694,3,,,0,70,,42696,3,,,0,30,,42698,3,,,0,70,,42700,3,,,0,30,,42702,3,,,0,70,,42704,3,,,0,30,,42706,3,,,0,70,,42708,3,,,0,30,,42710,3,,,0,70,,42712,3,,,0,30,,42714,3,,,0,70,,42716,3,,,0,30,,42718,3,,,0,70,,42720,3,,,0,30,,42722,3,,,0,70,,42724,3,,,0,30,,42726,3,,,0,70,,42728,3,,,0,31,,42730,3,,,0,70,,42732,3,,,0,30,,42734,3,,,0,70,,42736,3,,,0,30,,42738,3,,,0,70,,42740,3,,,0,75,,42742,3,,,0,106,,42744,3,,,0,93,,42746,3,,,0
583101,'4',704,,42747,3,,,0,100,,42749,3,,,0,100,,42751,3,,,0,100,,42753,3,,,0,100,,42755,3,,,0,100,,42757,3,,,0,100,,42759,3,,,0,100,,42761,3,,,0,100,,42763,3,,,0,100,,42765,3,,,0,100,,42767,3,,,0,100,,42769,3,,,0,100,,42771,3,,,0,100,,42773,3,,,0,100,,42775,3,,,0
583101,'6',626,,42777,3,,,0,30,,42779,3,,,0,70,,42781,3,,,0,30,,42783,3,,,0,70,,42785,3,,,0,30,,42787,3,,,0,70,,42789,3,,,0,29,,42791,3,,,0,70,,42793,3,,,0,30,,42795,3,,,0,70,,42797,3,,,0,30,,42799,3,,,0,70,,42801,3,,,0,30,,42803,3,,,0,70,,42805,3,,,0,30,,42807,3,,,0,70,,42809,3,,,0,30,,42811,3,,,0,70,,42813,3,,,0,30,,42815,3,,,0,70,,42817,3,,,0,30,,42819,3,,,0,70,,42821,3,,,0,30,,42823,3,,,0,70,,42825,3,,,0,31,,42827,3,,,0,70,,42829,3,,,0,30,,42831,3,,,0,70,,42833,3,,,0,30,,42835,3,,,0,70,,42837,3,,,0,75,,42839,3,,,0,106,,42841,3,,,0,93,,42843,3,,,0
