579300,'1',510,,33626,1,,,0,20,,33603,1,,,0,15,,33616,1,,,0,55,,33617,1,,,0,15,,33604,1,,,0,15,,33554,1,,,0,15,,33618,1,,,0,55,,33555,1,,,0,15,,33619,1,,,0,15,,33556,1,,,0,15,,33557,1,,,0,55,,33559,1,,,0,15,,33558,1,,,0,10,,33581,1,,,0,10,,33553,1,,,0,10,,33552,1,,,0,10,,33582,1,,,0,50,,33551,1,,,0,10,,33550,1,,,0,10,,33583,1,,,0,10,,33549,1,,,0,10,,33548,1,,,0,10,,33584,1,,,0,50,,33580,1,,,0,10,,33547,1,,,0,10,,33585,1,,,0,20,,33605,1,,,0,60,,33606,1,,,0,20,,33607,1,,,0,20,,33608,1,,,0,60,,33609,1,,,0,20,,33610,1,,,0,20,,33611,1,,,0,60,,33612,1,,,0,20,,33613,1,,,0,20,,33614,1,,,0,60,,33615,1,,,0,20,,33544,1,,,0,20,,33586,1,,,0,60,,33579,1,,,0,10,,33578,1,,,0,10,,33587,1,,,0,10,,33577,1,,,0,10,,33576,1,,,0,10,,33588,1,,,0,50,,33575,1,,,0,10,,33574,1,,,0,10,,33589,1,,,0,10,,33573,1,,,0,10,,33572,1,,,0,10,,33590,1,,,0,50,,33571,1,,,0,10,,33570,1,,,0,10,,33591,1,,,0,10,,33569,1,,,0,10,,33568,1,,,0,10,,33592,1,,,0,50,,33567,1,,,0,10,,33566,1,,,0,10,,33593,1,,,0,10,,33565,1,,,0,10,,33564,1,,,0,10,,33594,1,,,0,50,,33563,1,,,0,15,,33602,1,,,0,15,,33562,1,,,0,20,,33561,1,,,0,60,,33560,1,,,0,20,,33620,1,,,0,20,,33546,1,,,0,60,,33621,1,,,0,20,,33545,1,,,0,20,,33595,1,,,0,60,,33622,1,,,0,20,,33596,1,,,0,20,,33597,1,,,0,60,,33623,1,,,0,20,,33598,1,,,0,20,,33599,1,,,0,60,,33624,1,,,0,20,,33600,1,,,0,20,,33625,1,,,0,53,,33601,1,,,0
579300,'2',520,,33687,1,,,0,20,,33627,1,,,0,60,,33688,1,,,0,20,,33628,1,,,0,20,,33689,1,,,0,60,,33629,1,,,0,20,,33630,1,,,0,20,,33690,1,,,0,60,,33631,1,,,0,20,,33632,1,,,0,20,,33633,1,,,0,15,,33634,1,,,0,55,,33635,1,,,0,15,,33636,1,,,0,15,,33637,1,,,0,15,,33638,1,,,0,55,,33639,1,,,0,15,,33640,1,,,0,15,,33641,1,,,0,15,,33642,1,,,0,55,,33643,1,,,0,15,,33644,1,,,0,15,,33645,1,,,0,15,,33646,1,,,0,55,,33647,1,,,0,15,,33648,1,,,0,15,,33649,1,,,0,15,,33650,1,,,0,55,,33651,1,,,0,15,,33652,1,,,0,15,,33653,1,,,0,15,,33654,1,,,0,55,,33655,1,,,0,15,,33656,1,,,0,15,,33657,1,,,0,15,,33658,1,,,0,55,,33659,1,,,0,15,,33660,1,,,0,15,,33661,1,,,0,15,,33662,1,,,0,55,,33663,1,,,0,15,,33664,1,,,0,15,,33665,1,,,0,15,,33666,1,,,0,55,,33667,1,,,0,15,,33668,1,,,0,15,,33669,1,,,0,15,,33670,1,,,0,55,,33671,1,,,0,15,,33672,1,,,0,15,,33673,1,,,0,15,,33674,1,,,0,60,,33691,1,,,0,20,,33675,1,,,0,20,,33676,1,,,0,60,,33692,1,,,0,20,,33677,1,,,0,20,,33678,1,,,0,60,,33693,1,,,0,20,,33679,1,,,0,20,,33680,1,,,0,60,,33694,1,,,0,20,,33681,1,,,0,20,,33682,1,,,0,60,,33695,1,,,0,20,,33683,1,,,0,20,,33684,1,,,0,60,,33696,1,,,0,20,,33685,1,,,0,20,,33686,1,,,0,60,,33697,1,,,0
579300,'3',530,,33744,1,,,0,70,,33728,1,,,0,30,,33729,1,,,0,70,,33730,1,,,0,30,,33731,1,,,0,70,,33732,1,,,0,30,,33733,1,,,0,70,,33734,1,,,0,30,,33735,1,,,0,70,,33736,1,,,0,30,,33737,1,,,0,20,,33738,1,,,0,60,,33739,1,,,0,20,,33740,1,,,0,20,,33741,1,,,0,60,,33742,1,,,0,20,,33743,1,,,0,20,,33698,1,,,0,60,,33699,1,,,0,20,,33700,1,,,0,20,,33701,1,,,0,60,,33702,1,,,0,20,,33703,1,,,0,20,,33704,1,,,0,60,,33705,1,,,0,20,,33706,1,,,0,20,,33707,1,,,0,60,,33708,1,,,0,20,,33709,1,,,0,20,,33710,1,,,0,60,,33711,1,,,0,20,,33712,1,,,0,20,,33713,1,,,0,60,,33714,1,,,0,20,,33715,1,,,0,20,,33716,1,,,0,60,,33717,1,,,0,30,,33718,1,,,0,70,,33719,1,,,0,30,,33720,1,,,0,70,,33721,1,,,0,30,,33722,1,,,0,70,,33723,1,,,0,30,,33724,1,,,0,70,,33725,1,,,0,30,,33726,1,,,0,70,,33727,1,,,0
579300,'4',537,,33784,1,,,0,90,,33783,1,,,0,30,,33782,1,,,0,70,,33781,1,,,0,30,,33780,1,,,0,70,,33779,1,,,0,30,,33778,1,,,0,70,,33777,1,,,0,30,,33776,1,,,0,70,,33775,1,,,0,30,,33774,1,,,0,60,,33773,1,,,0,20,,33772,1,,,0,20,,33771,1,,,0,60,,33770,1,,,0,20,,33769,1,,,0,20,,33768,1,,,0,60,,33767,1,,,0,20,,33766,1,,,0,20,,33765,1,,,0,60,,33764,1,,,0,20,,33763,1,,,0,20,,33762,1,,,0,60,,33761,1,,,0,20,,33760,1,,,0,20,,33759,1,,,0,60,,33758,1,,,0,20,,33757,1,,,0,20,,33756,1,,,0,60,,33755,1,,,0,20,,33754,1,,,0,20,,33753,1,,,0,60,,33752,1,,,0,20,,33751,1,,,0,20,,33750,1,,,0,60,,33749,1,,,0,20,,33748,1,,,0,65,,33747,1,,,0,30,,33746,1,,,0,70,,33745,1,,,0
579300,'6',530,,33831,1,,,0,70,,33815,1,,,0,30,,33816,1,,,0,70,,33817,1,,,0,30,,33818,1,,,0,70,,33819,1,,,0,30,,33820,1,,,0,70,,33821,1,,,0,30,,33822,1,,,0,70,,33823,1,,,0,30,,33824,1,,,0,20,,33825,1,,,0,60,,33826,1,,,0,20,,33827,1,,,0,20,,33828,1,,,0,60,,33829,1,,,0,20,,33830,1,,,0,20,,33785,1,,,0,60,,33786,1,,,0,20,,33787,1,,,0,20,,33788,1,,,0,60,,33789,1,,,0,20,,33790,1,,,0,20,,33791,1,,,0,60,,33792,1,,,0,20,,33793,1,,,0,20,,33794,1,,,0,60,,33795,1,,,0,20,,33796,1,,,0,20,,33797,1,,,0,60,,33798,1,,,0,20,,33799,1,,,0,20,,33800,1,,,0,60,,33801,1,,,0,20,,33802,1,,,0,20,,33803,1,,,0,60,,33804,1,,,0,30,,33805,1,,,0,70,,33806,1,,,0,30,,33807,1,,,0,70,,33808,1,,,0,30,,33809,1,,,0,70,,33810,1,,,0,30,,33811,1,,,0,70,,33812,1,,,0,30,,33813,1,,,0,70,,33814,1,,,0
579301,'1',548,,33902,31,4,,0,55,,33903,31,4,,0,15,,33833,31,4,,0,15,,33904,31,4,,0,15,,33832,31,4,,0,55,,33905,31,4,,0,15,,33835,31,4,,0,15,,33836,31,4,,0,19,,33837,31,4,,0,50,,33847,31,4,,0,10,,33875,31,4,,0,10,,33846,31,4,,0,10,,33845,31,4,,0,10,,33876,31,4,,0,10,,33844,31,4,,0,50,,33843,31,4,,0,10,,33877,31,4,,0,10,,33842,31,4,,0,10,,33841,31,4,,0,10,,33878,31,4,,0,10,,33840,31,4,,0,50,,33839,31,4,,0,10,,33879,31,4,,0,10,,33838,31,4,,0,10,,33913,31,4,,0,10,,33892,31,4,,0,60,,33893,31,4,,0,20,,33894,31,4,,0,20,,33895,31,4,,0,60,,33896,31,4,,0,20,,33897,31,4,,0,20,,33898,31,4,,0,60,,33899,31,4,,0,20,,33900,31,4,,0,20,,33901,31,4,,0,60,,33834,31,4,,0,20,,33880,31,4,,0,20,,33867,31,4,,0,60,,33866,31,4,,0,20,,33881,31,4,,0,20,,33865,31,4,,0,13,,33882,31,4,,0,50,,33864,31,4,,0,10,,33863,31,4,,0,10,,33883,31,4,,0,10,,33862,31,4,,0,10,,33861,31,4,,0,10,,33884,31,4,,0,50,,33860,31,4,,0,10,,33859,31,4,,0,10,,33885,31,4,,0,10,,33858,31,4,,0,10,,33857,31,4,,0,10,,33886,31,4,,0,50,,33856,31,4,,0,10,,33855,31,4,,0,10,,33887,31,4,,0,10,,33854,31,4,,0,10,,33888,31,4,,0,10,,33853,31,4,,0,50,,33852,31,4,,0,10,,33889,31,4,,0,15,,33851,31,4,,0,16,,33850,31,4,,0,60,,33910,31,4,,0,20,,33911,31,4,,0,20,,33849,31,4,,0,60,,33848,31,4,,0,20,,33906,31,4,,0,20,,33868,31,4,,0,60,,33869,31,4,,0,20,,33907,31,4,,0,17,,33870,31,4,,0,60,,33871,31,4,,0,20,,33908,31,4,,0,20,,33872,31,4,,0,60,,33873,31,4,,0,20,,33909,31,4,,0,20,,33874,31,4,,0,60,,33891,31,4,,0,20,,33890,31,4,,0,20,,33912,31,4,,0
579301,'2',547,,33984,31,4,,0,60,,33914,31,4,,0,20,,33974,31,4,,0,20,,33915,31,4,,0,60,,33916,31,4,,0,20,,33975,31,4,,0,20,,33917,31,4,,0,60,,33918,31,4,,0,20,,33919,31,4,,0,22,,33920,31,4,,0,55,,33921,31,4,,0,15,,33922,31,4,,0,15,,33923,31,4,,0,15,,33924,31,4,,0,55,,33925,31,4,,0,15,,33926,31,4,,0,15,,33927,31,4,,0,15,,33928,31,4,,0,55,,33929,31,4,,0,15,,33930,31,4,,0,15,,33931,31,4,,0,13,,33932,31,4,,0,57,,33933,31,4,,0,15,,33934,31,4,,0,15,,33935,31,4,,0,15,,33936,31,4,,0,55,,33937,31,4,,0,15,,33938,31,4,,0,15,,33939,31,4,,0,15,,33940,31,4,,0,55,,33941,31,4,,0,15,,33942,31,4,,0,15,,33943,31,4,,0,15,,33944,31,4,,0,55,,33945,31,4,,0,15,,33946,31,4,,0,15,,33947,31,4,,0,15,,33948,31,4,,0,55,,33949,31,4,,0,15,,33950,31,4,,0,15,,33951,31,4,,0,15,,33952,31,4,,0,55,,33953,31,4,,0,15,,33954,31,4,,0,15,,33955,31,4,,0,15,,33956,31,4,,0,55,,33957,31,4,,0,15,,33958,31,4,,0,15,,33959,31,4,,0,15,,33960,31,4,,0,60,,33961,31,4,,0,20,,33976,31,4,,0,19,,33962,31,4,,0,60,,33977,31,4,,0,20,,33963,31,4,,0,20,,33964,31,4,,0,60,,33978,31,4,,0,20,,33965,31,4,,0,20,,33966,31,4,,0,60,,33979,31,4,,0,20,,33967,31,4,,0,19,,33968,31,4,,0,60,,33980,31,4,,0,20,,33969,31,4,,0,20,,33970,31,4,,0,60,,33981,31,4,,0,20,,33971,31,4,,0,20,,33972,31,4,,0,60,,33973,31,4,,0,20,,33982,31,4,,0,20,,33983,31,4,,0
579301,'3',546,,34030,31,4,,0,70,,33985,31,4,,0,30,,33986,31,4,,0,70,,33987,31,4,,0,30,,33988,31,4,,0,70,,33989,31,4,,0,30,,33990,31,4,,0,70,,33991,31,4,,0,30,,33992,31,4,,0,60,,33993,31,4,,0,20,,33994,31,4,,0,22,,33995,31,4,,0,60,,33996,31,4,,0,20,,33997,31,4,,0,20,,33998,31,4,,0,65,,33999,31,4,,0,20,,34000,31,4,,0,20,,34001,31,4,,0,60,,34002,31,4,,0,20,,34003,31,4,,0,20,,34004,31,4,,0,60,,34005,31,4,,0,20,,34006,31,4,,0,20,,34007,31,4,,0,60,,34008,31,4,,0,20,,34009,31,4,,0,20,,34010,31,4,,0,60,,34011,31,4,,0,20,,34012,31,4,,0,20,,34013,31,4,,0,60,,34014,31,4,,0,20,,34015,31,4,,0,20,,34016,31,4,,0,60,,34017,31,4,,0,20,,34018,31,4,,0,70,,34019,31,4,,0,30,,34020,31,4,,0,70,,34021,31,4,,0,30,,34022,31,4,,0,70,,34023,31,4,,0,30,,34024,31,4,,0,70,,34025,31,4,,0,30,,34026,31,4,,0,68,,34027,31,4,,0,30,,34028,31,4,,0,70,,34029,31,4,,0,30,,34031,31,4,,0
579301,'4',641,,34069,31,4,,0,70,,34068,31,4,,0,30,,34067,31,4,,0,70,,34066,31,4,,0,30,,34065,31,4,,0,70,,34064,31,4,,0,30,,34063,31,4,,0,70,,34062,31,4,,0,20,,34061,31,4,,0,20,,34060,31,4,,0,60,,34059,31,4,,0,20,,34058,31,4,,0,20,,34057,31,4,,0,60,,34056,31,4,,0,20,,34055,31,4,,0,20,,34054,31,4,,0,60,,34053,31,4,,0,20,,34052,31,4,,0,20,,34051,31,4,,0,60,,34050,31,4,,0,20,,34049,31,4,,0,20,,34048,31,4,,0,60,,34047,31,4,,0,20,,34046,31,4,,0,20,,34045,31,4,,0,60,,34044,31,4,,0,20,,34043,31,4,,0,20,,34042,31,4,,0,60,,34041,31,4,,0,20,,34040,31,4,,0,20,,34039,31,4,,0,60,,34038,31,4,,0,20,,34037,31,4,,0,20,,34036,31,4,,0,70,,34035,31,4,,0,30,,34034,31,4,,0,70,,34033,31,4,,0,30,,34032,31,4,,0
579301,'6',546,,34115,31,4,,0,70,,34070,31,4,,0,30,,34071,31,4,,0,70,,34072,31,4,,0,30,,34073,31,4,,0,70,,34074,31,4,,0,30,,34075,31,4,,0,70,,34076,31,4,,0,30,,34077,31,4,,0,60,,34078,31,4,,0,20,,34079,31,4,,0,22,,34080,31,4,,0,60,,34081,31,4,,0,20,,34082,31,4,,0,20,,34083,31,4,,0,65,,34084,31,4,,0,20,,34085,31,4,,0,20,,34086,31,4,,0,60,,34087,31,4,,0,20,,34088,31,4,,0,20,,34089,31,4,,0,60,,34090,31,4,,0,20,,34091,31,4,,0,20,,34092,31,4,,0,60,,34093,31,4,,0,20,,34094,31,4,,0,20,,34095,31,4,,0,60,,34096,31,4,,0,20,,34097,31,4,,0,20,,34098,31,4,,0,60,,34099,31,4,,0,20,,34100,31,4,,0,20,,34101,31,4,,0,60,,34102,31,4,,0,20,,34103,31,4,,0,70,,34104,31,4,,0,30,,34105,31,4,,0,70,,34106,31,4,,0,30,,34107,31,4,,0,70,,34108,31,4,,0,30,,34109,31,4,,0,70,,34110,31,4,,0,30,,34111,31,4,,0,68,,34112,31,4,,0,30,,34113,31,4,,0,70,,34114,31,4,,0,30,,34116,31,4,,0
