578300,'1',528,,30529,32,0,23 24,0,25,,30532,75,0,23 24,0,70,,30535,75,0,23 24,0,30,,30538,75,0,23 24,0,55,,30540,75,0,23 24,0,15,,30542,75,0,23 24,0,15,,30544,75,0,23 24,0,15,,30546,75,0,23 24,0,55,,30548,75,0,23 24,0,15,,30550,75,0,23 24,0,15,,30552,75,0,23 24,0,15,,30554,75,0,23 24,0,55,,30556,75,0,23 24,0,20,,30558,75,0,23 24,0,15,,30560,75,0,23 24,0,15,,30562,75,0,23 24,0,70,,30566,75,0,23 24,0,30,,30569,75,0,23 24,0,70,,30572,75,0,23 24,0,30,,30575,75,0,23 24,0,70,,30578,75,0,23 24,0,30,,30581,75,0,23 24,0,70,,30584,75,0,23 24,0,30,,30587,75,0,23 24,0,72,,30590,75,0,23 24,0,15,,30592,75,0,23 24,0,55,,30594,75,0,23 24,0,15,,30596,75,0,23 24,0,15,,30598,75,0,23 24,0,15,,30600,75,0,23 24,0,55,,30602,75,0,23 24,0,15,,30604,75,0,23 24,0,15,,30606,75,0,23 24,0,15,,30608,75,0,23 24,0,55,,30610,75,0,23 24,0,15,,30612,75,0,23 24,0,15,,30614,75,0,23 24,0,15,,30616,75,0,23 24,0,55,,30618,75,0,23 24,0,15,,30620,75,0,23 24,0,15,,30622,75,0,23 24,0,15,,30624,75,0,23 24,0,8,,30626,75,0,23 24,0,70,,30629,75,0,23 24,0,30,,30632,75,0,23 24,0,70,,30635,75,0,23 24,0,30,,30638,75,0,23 24,0,70,,30641,75,0,23 24,0,30,,30644,75,0,23 24,0,66,,30647,75,0,23 24,0,85,,30650,75,0,23 24,0,45,,30653,75,0,23 24,0,85,,30656,75,0,23 24,0,85,,30659,75,0,23 24,0,21,,30662,75,0,23 24,0
578300,'2',449,,30665,32,0,23 24,0,70,,30667,32,0,23 24,0,85,,30670,75,0,23 24,0,27,,30672,75,0,23 24,0,76,,30675,75,0,23 24,0,36,,30678,75,0,23 24,0,70,,30681,32,0,23 24,0,15,,30682,75,0,23 24,0,76,,30685,75,0,23 24,0,36,,30688,75,0,23 24,0,76,,30691,75,0,23 24,0,36,,30694,75,0,23 24,0,76,,30697,75,0,23 24,0,76,,30700,75,0,23 24,0,36,,30703,75,0,23 24,0,76,,30706,75,0,23 24,0,36,,30709,75,0,23 24,0,76,,30712,75,0,23 24,0,76,,30715,75,0,23 24,0,36,,30718,75,0,23 24,0,76,,30721,75,0,23 24,0,36,,30724,75,0,23 24,0,76,,30727,75,0,23 24,0,76,,30730,75,0,23 24,0,32,,30733,75,0,23 24,0,76,,30736,75,0,23 24,0,32,,30739,75,0,23 24,0,76,,30742,75,0,23 24,0,36,,30745,75,0,23 24,0,76,,30748,75,0,23 24,0,77,,30751,75,0,23 24,0,43,,30754,75,0,23 24,0,70,,30756,75,0,23 24,0,85,,30759,75,0,23 24,0,45,,30762,75,0,23 24,0,90,,30766,75,0,23 24,0
578300,'3',536,,30769,32,0,23 24,0,85,,30772,75,0,23 24,0,23,,30774,32,0,23 24,0,62,,30776,75,0,23 24,0,45,,30779,75,0,23 24,0,85,,30782,75,0,23 24,0,85,,30785,75,0,23 24,0,36,,30788,75,0,23 24,0,83,,30791,75,0,23 24,0,76,,30794,75,0,23 24,0,36,,30797,75,0,23 24,0,76,,30800,75,0,23 24,0,76,,30803,75,0,23 24,0,36,,30806,75,0,23 24,0,76,,30809,75,0,23 24,0,36,,30812,75,0,23 24,0,76,,30815,75,0,23 24,0,76,,30818,75,0,23 24,0,36,,30821,75,0,23 24,0,76,,30824,75,0,23 24,0,36,,30827,75,0,23 24,0,73,,30830,75,0,23 24,0,85,,30833,75,0,23 24,0,45,,30836,75,0,23 24,0,85,,30839,75,0,23 24,0,85,,30842,75,0,23 24,0,85,,30845,75,0,23 24,0,42,,30848,75,0,23 24,0,85,,30851,75,0,23 24,0,85,,30855,75,0,23 24,0
578300,'4',551,,30921,32,0,23 24,0,80,,30857,32,0,23 24,0,75,,30860,75,0,23 24,0,45,,30863,75,0,23 24,0,85,,30866,75,0,23 24,0,85,,30869,75,0,23 24,0,85,,30872,75,0,23 24,0,50,,30875,75,0,23 24,0,85,,30878,75,0,23 24,0,85,,30881,75,0,23 24,0,85,,30884,75,0,23 24,0,45,,30887,75,0,23 24,0,85,,30890,75,0,23 24,0,85,,30893,75,0,23 24,0,85,,30896,75,0,23 24,0,45,,30899,75,0,23 24,0,85,,30902,75,0,23 24,0,80,,30905,75,0,23 24,0,85,,30908,75,0,23 24,0,45,,30911,75,0,23 24,0,85,,30914,75,0,23 24,0,85,,30918,75,0,23 24,0
578300,'6',536,,30923,32,0,23 24,0,85,,30926,75,0,23 24,0,23,,30928,32,0,23 24,0,62,,30930,75,0,23 24,0,45,,30933,75,0,23 24,0,85,,30936,75,0,23 24,0,85,,30939,75,0,23 24,0,36,,30942,75,0,23 24,0,83,,30945,75,0,23 24,0,76,,30948,75,0,23 24,0,36,,30951,75,0,23 24,0,76,,30954,75,0,23 24,0,76,,30957,75,0,23 24,0,36,,30960,75,0,23 24,0,76,,30963,75,0,23 24,0,36,,30966,75,0,23 24,0,76,,30969,75,0,23 24,0,76,,30972,75,0,23 24,0,36,,30975,75,0,23 24,0,76,,30978,75,0,23 24,0,36,,30981,75,0,23 24,0,73,,30984,75,0,23 24,0,85,,30987,75,0,23 24,0,45,,30990,75,0,23 24,0,85,,30993,75,0,23 24,0,85,,30996,75,0,23 24,0,85,,30999,75,0,23 24,0,42,,31002,75,0,23 24,0,85,,31005,75,0,23 24,0,85,,31009,75,0,23 24,0
580800,'14601',530,,39276,35,,,0,20,,39270,35,,,0,60,,39271,35,,,0,20,,39272,35,,,0,20,,39273,35,,,0,60,,39274,35,,,0,20,,39275,35,,,0,20,,39174,35,,,0,58,,39175,35,,,0,7,,39188,35,,,0,7,,39189,35,,,0,8,,39196,35,,,0,7,,39190,35,,,0,8,,39197,35,,,0,7,,39191,35,,,0,48,,39198,35,,,0,7,,39192,35,,,0,8,,39199,35,,,0,7,,39193,35,,,0,10,,39200,35,,,0,7,,39194,35,,,0,8,,39201,35,,,0,7,,39195,35,,,0,50,,39202,35,,,0,10,,39203,35,,,0,10,,39204,35,,,0,10,,39205,35,,,0,10,,39206,35,,,0,10,,39207,35,,,0,50,,39208,35,,,0,10,,39209,35,,,0,10,,39210,35,,,0,10,,39211,35,,,0,10,,39212,35,,,0,10,,39213,35,,,0,50,,39214,35,,,0,10,,39215,35,,,0,10,,39216,35,,,0,10,,39217,35,,,0,10,,39218,35,,,0,10,,39219,35,,,0,50,,39220,35,,,0,10,,39221,35,,,0,10,,39222,35,,,0,10,,39223,35,,,0,10,,39224,35,,,0,10,,39225,35,,,0,50,,39226,35,,,0,10,,39227,35,,,0,10,,39228,35,,,0,10,,39229,35,,,0,10,,39230,35,,,0,10,,39231,35,,,0,50,,39232,35,,,0,10,,39233,35,,,0,10,,39247,35,,,0,7,,39234,35,,,0,8,,39248,35,,,0,7,,39235,35,,,0,8,,39249,35,,,0,47,,39236,35,,,0,8,,39250,35,,,0,7,,39237,35,,,0,8,,39251,35,,,0,7,,39238,35,,,0,8,,39252,35,,,0,7,,39239,35,,,0,8,,39253,35,,,0,47,,39240,35,,,0,8,,39254,35,,,0,7,,39241,35,,,0,8,,39255,35,,,0,7,,39242,35,,,0,8,,39256,35,,,0,7,,39243,35,,,0,8,,39257,35,,,0,47,,39244,35,,,0,8,,39258,35,,,0,7,,39245,35,,,0,8,,39259,35,,,0,7,,39246,35,,,0,8,,39260,35,,,0,11,,39261,35,,,0,55,,39176,35,,,0,15,,39177,35,,,0,11,,39178,35,,,0,15,,39171,35,,,0,55,,39172,35,,,0,15,,39173,35,,,0,15,,39262,35,,,0,15,,39263,35,,,0,55,,39264,35,,,0,15,,39265,35,,,0,15,,39266,35,,,0,15,,39267,35,,,0,55,,39268,35,,,0,23,,39269,35,,,0,27,,39179,35,,,0,70,,39180,35,,,0,30,,39181,35,,,0,70,,39182,35,,,0,30,,39183,35,,,0,70,,39184,35,,,0,30,,39185,35,,,0,70,,39186,35,,,0,30,,39187,35,,,0
580800,'14602',530,,39308,35,,,0,70,,39309,35,,,0,30,,39310,35,,,0,70,,39311,35,,,0,30,,39312,35,,,0,70,,39313,35,,,0,30,,39314,35,,,0,70,,39315,35,,,0,32,,39316,35,,,0,70,,39317,35,,,0,30,,39318,35,,,0,70,,39319,35,,,0,30,,39320,35,,,0,70,,39291,35,,,0,30,,39292,35,,,0,70,,39293,35,,,0,30,,39294,35,,,0,70,,39295,35,,,0,30,,39296,35,,,0,70,,39297,35,,,0,30,,39298,35,,,0,70,,39299,35,,,0,30,,39300,35,,,0,70,,39301,35,,,0,30,,39302,35,,,0,70,,39303,35,,,0,30,,39304,35,,,0,70,,39305,35,,,0,26,,39306,35,,,0,30,,39307,35,,,0,70,,39290,35,,,0,30,,39289,35,,,0,70,,39288,35,,,0,30,,39287,35,,,0,67,,39286,35,,,0,30,,39285,35,,,0,70,,39284,35,,,0,30,,39283,35,,,0,70,,39282,35,,,0,30,,39281,35,,,0,70,,39280,35,,,0,30,,39279,35,,,0,70,,39278,35,,,0,30,,39277,35,,,0
580800,'14603',630,,39346,35,,,0,70,,39347,35,,,0,30,,39348,35,,,0,70,,39349,35,,,0,30,,39350,35,,,0,70,,39351,35,,,0,32,,39352,35,,,0,70,,39353,35,,,0,30,,39354,35,,,0,70,,39355,35,,,0,30,,39356,35,,,0,70,,39337,35,,,0,30,,39336,35,,,0,70,,39335,35,,,0,30,,39334,35,,,0,70,,39333,35,,,0,30,,39332,35,,,0,70,,39331,35,,,0,30,,39330,35,,,0,70,,39329,35,,,0,30,,39328,35,,,0,70,,39327,35,,,0,30,,39326,35,,,0,70,,39325,35,,,0,30,,39324,35,,,0,70,,39323,35,,,0,26,,39322,35,,,0,30,,39321,35,,,0,70,,39338,35,,,0,30,,39339,35,,,0,70,,39340,35,,,0,30,,39341,35,,,0,67,,39342,35,,,0,30,,39343,35,,,0,70,,39344,35,,,0,30,,39345,35,,,0
580800,'14604',630,,39376,35,,,0,70,,39377,35,,,0,30,,39378,35,,,0,70,,39379,35,,,0,30,,39380,35,,,0,70,,39381,35,,,0,32,,39382,35,,,0,70,,39383,35,,,0,30,,39384,35,,,0,70,,39385,35,,,0,30,,39386,35,,,0,70,,39373,35,,,0,30,,39372,35,,,0,70,,39371,35,,,0,30,,39370,35,,,0,70,,39369,35,,,0,30,,39368,35,,,0,70,,39367,35,,,0,30,,39366,35,,,0,70,,39365,35,,,0,30,,39364,35,,,0,70,,39363,35,,,0,30,,39362,35,,,0,70,,39361,35,,,0,30,,39360,35,,,0,70,,39359,35,,,0,26,,39358,35,,,0,30,,39357,35,,,0,70,,39374,35,,,0,30,,39375,35,,,0
580800,'14606',630,,39412,35,,,0,70,,39413,35,,,0,30,,39414,35,,,0,70,,39415,35,,,0,30,,39416,35,,,0,70,,39417,35,,,0,32,,39418,35,,,0,70,,39419,35,,,0,30,,39420,35,,,0,70,,39421,35,,,0,30,,39422,35,,,0,70,,39403,35,,,0,30,,39402,35,,,0,70,,39401,35,,,0,30,,39400,35,,,0,70,,39399,35,,,0,30,,39398,35,,,0,70,,39397,35,,,0,30,,39396,35,,,0,70,,39395,35,,,0,30,,39394,35,,,0,70,,39393,35,,,0,30,,39392,35,,,0,70,,39391,35,,,0,30,,39390,35,,,0,70,,39389,35,,,0,26,,39388,35,,,0,30,,39387,35,,,0,70,,39404,35,,,0,30,,39405,35,,,0,70,,39406,35,,,0,30,,39407,35,,,0,67,,39408,35,,,0,30,,39409,35,,,0,70,,39410,35,,,0,30,,39411,35,,,0
582801,'1',648,,40617,71,,,0,60,,40619,71,,,0,20,,40621,71,,,0,15,,40623,71,,,0,57,,40625,71,,,0,14,,40627,71,,,0,16,,40629,71,,,0,15,,40631,71,,,0,55,,40633,71,,,0,15,,40635,71,,,0,12,,40637,71,,,0,12,,40639,71,,,0,12,,40641,71,,,0,52,,40643,71,,,0,12,,40645,71,,,0,12,,40647,71,,,0,12,,40649,71,,,0,12,,40651,71,,,0,52,,40653,71,,,0,12,,40655,71,,,0,13,,40657,71,,,0,12,,40659,71,,,0,12,,40661,71,,,0,52,,40663,71,,,0,12,,40665,71,,,0,12,,40667,71,,,0,12,,40669,71,,,0,12,,40671,71,,,0,52,,40673,71,,,0,12,,40675,71,,,0,12,,40677,71,,,0,12,,40679,71,,,0,12,,40681,71,,,0,52,,40683,71,,,0,12,,40685,71,,,0,12,,40687,71,,,0,12,,40689,71,,,0,12,,40691,71,,,0,52,,40693,71,,,0,12,,40695,71,,,0,15,,40697,71,,,0,12,,40699,71,,,0,12,,40701,71,,,0,52,,40703,71,,,0,13,,40705,71,,,0,12,,40707,71,,,0,12,,40709,71,,,0,12,,40711,71,,,0,52,,40713,71,,,0,12,,40715,71,,,0,12,,40717,71,,,0,14,,40719,71,,,0,12,,40721,71,,,0,52,,40723,71,,,0,12,,40725,71,,,0,8,,40727,71,,,0
