578301,'1',506,,31014,14,0,33 4 34,0,35,,31017,14,0,33 4 34,0,63,,31020,14,0,33 4 34,0,15,,31022,14,0,33 4 34,0,14,,31024,14,0,33 4 34,0,15,,31026,14,0,33 4 34,0,55,,31028,14,0,33 4 34,0,15,,31030,14,0,33 4 34,0,15,,31032,14,0,33 4 34,0,15,,31034,14,0,33 4 34,0,55,,31036,14,0,33 4 34,0,15,,31038,14,0,33 4 34,0,15,,31040,14,0,33 4 34,0,15,,31042,14,0,33 4 34,0,55,,31044,14,0,33 4 34,0,15,,31046,14,0,33 4 34,0,15,,31048,14,0,17 18 4 19,0,17,,31050,14,0,33 4 34,0,70,,31053,14,0,33 4 34,0,30,,31056,14,0,33 4 34,0,70,,31059,14,0,33 4 34,0,30,,31062,14,0,33 4 34,0,70,,31065,14,0,33 4 34,0,30,,31068,14,0,33 4 34,0,70,,31071,14,0,33 4 34,0,27,,31074,14,0,33 4 34,0,58,,31076,14,0,33 4 34,0,15,,31078,14,0,33 4 34,0,15,,31080,14,0,33 4 34,0,15,,31082,14,0,33 4 34,0,55,,31084,14,0,33 4 34,0,15,,31086,14,0,33 4 34,0,15,,31088,14,0,33 4 34,0,15,,31090,14,0,33 4 34,0,55,,31092,14,0,33 4 34,0,15,,31094,14,0,33 4 34,0,15,,31096,14,0,33 4 34,0,15,,31098,14,0,33 4 34,0,55,,31100,14,0,33 4 34,0,14,,31102,14,0,33 4 34,0,19,,31104,14,0,33 4 34,0,15,,31106,14,0,33 4 34,0,49,,31108,14,0,17 18 4 19,0,22,,31110,14,0,33 4 34,0,11,,31112,14,0,17 18 4 19,0,23,,31114,14,0,33 4 34,0,64,,31117,14,0,33 4 34,0,36,,31121,14,0,33 4 34,0,70,,31124,14,0,33 4 34,0,30,,31127,14,0,33 4 34,0,70,,31130,14,0,33 4 34,0,19,,31132,14,0,33 4 34,0,85,,31135,14,0,33 4 34,0,85,,31139,14,0,33 4 34,0,40,,31142,14,0,33 4 34,0,85,,31144,14,0,33 4 34,0
578301,'2',443,,31151,14,0,33 4 34,0,76,,31154,14,0,33 4 34,0,36,,31157,14,0,33 4 34,0,76,,31160,14,0,33 4 34,0,76,,31163,14,0,33 4 34,0,29,,31166,14,0,33 4 34,0,76,,31169,14,0,33 4 34,0,36,,31172,14,0,33 4 34,0,76,,31175,14,0,33 4 34,0,76,,31178,14,0,33 4 34,0,36,,31181,14,0,33 4 34,0,76,,31184,14,0,33 4 34,0,36,,31187,14,0,33 4 34,0,76,,31190,14,0,33 4 34,0,76,,31193,14,0,33 4 34,0,36,,31196,14,0,33 4 34,0,76,,31199,14,0,33 4 34,0,36,,31202,14,0,33 4 34,0,76,,31205,14,0,33 4 34,0,76,,31208,14,0,33 4 34,0,36,,31211,14,0,33 4 34,0,76,,31214,14,0,33 4 34,0,36,,31217,14,0,33 4 34,0,76,,31220,14,0,33 4 34,0,79,,31223,14,0,33 4 34,0,36,,31226,14,0,33 4 34,0,76,,31229,14,0,33 4 34,0,86,,31232,14,0,33 4 34,0,33,,31234,14,0,33 4 34,0,85,,31237,14,0,33 4 34,0,85,,31240,14,0,33 4 34,0,45,,31243,14,0,33 4 34,0,90,,31246,14,0,33 4 34,0
578301,'3',520,,31254,14,0,33 4 34,0,85,,31258,14,0,33 4 34,0,45,,31261,14,0,33 4 34,0,85,,31264,14,0,33 4 34,0,85,,31267,14,0,33 4 34,0,85,,31270,14,0,33 4 34,0,31,,31273,14,0,33 4 34,0,76,,31276,14,0,33 4 34,0,36,,31279,14,0,33 4 34,0,76,,31282,14,0,33 4 34,0,76,,31285,14,0,33 4 34,0,36,,31288,14,0,33 4 34,0,76,,31291,14,0,33 4 34,0,36,,31294,14,0,33 4 34,0,76,,31297,14,0,33 4 34,0,76,,31300,14,0,33 4 34,0,36,,31303,14,0,33 4 34,0,76,,31306,14,0,33 4 34,0,36,,31309,14,0,33 4 34,0,76,,31312,14,0,33 4 34,0,77,,31315,14,0,33 4 34,0,36,,31318,14,0,33 4 34,0,78,,31321,14,0,33 4 34,0,85,,31324,14,0,33 4 34,0,45,,31327,14,0,33 4 34,0,90,,31330,14,0,33 4 34,0,85,,31333,14,0,33 4 34,0,85,,31336,14,0,33 4 34,0,30,,31338,14,0,33 4 34,0
578301,'4',528,,31407,14,0,33 4 34,0,26,,31344,14,0,33 4 34,0,66,,31347,14,0,33 4 34,0,85,,31350,14,0,33 4 34,0,45,,31353,14,0,33 4 34,0,85,,31356,14,0,33 4 34,0,85,,31359,14,0,33 4 34,0,80,,31362,14,0,33 4 34,0,45,,31365,14,0,33 4 34,0,85,,31368,14,0,33 4 34,0,85,,31371,14,0,33 4 34,0,85,,31374,14,0,33 4 34,0,45,,31377,14,0,33 4 34,0,85,,31380,14,0,33 4 34,0,85,,31383,14,0,33 4 34,0,85,,31386,14,0,33 4 34,0,45,,31389,14,0,33 4 34,0,91,,31392,14,0,33 4 34,0,85,,31395,14,0,33 4 34,0,85,,31398,14,0,33 4 34,0,45,,31401,14,0,33 4 34,0,85,,31405,14,0,33 4 34,0
578301,'6',520,,31411,14,0,33 4 34,0,85,,31415,14,0,33 4 34,0,45,,31418,14,0,33 4 34,0,85,,31421,14,0,33 4 34,0,85,,31424,14,0,33 4 34,0,85,,31427,14,0,33 4 34,0,31,,31430,14,0,33 4 34,0,76,,31433,14,0,33 4 34,0,36,,31436,14,0,33 4 34,0,76,,31439,14,0,33 4 34,0,76,,31442,14,0,33 4 34,0,36,,31445,14,0,33 4 34,0,76,,31448,14,0,33 4 34,0,36,,31451,14,0,33 4 34,0,76,,31454,14,0,33 4 34,0,76,,31457,14,0,33 4 34,0,36,,31460,14,0,33 4 34,0,76,,31463,14,0,33 4 34,0,36,,31466,14,0,33 4 34,0,76,,31469,14,0,33 4 34,0,77,,31472,14,0,33 4 34,0,36,,31475,14,0,33 4 34,0,78,,31478,14,0,33 4 34,0,85,,31481,14,0,33 4 34,0,45,,31484,14,0,33 4 34,0,90,,31487,14,0,33 4 34,0,85,,31490,14,0,33 4 34,0,85,,31493,14,0,33 4 34,0,30,,31495,14,0,33 4 34,0
580801,'14601',504,,39528,3,,,0,20,,39522,3,,,0,20,,39523,3,,,0,60,,39524,3,,,0,20,,39525,3,,,0,20,,39526,3,,,0,60,,39527,3,,,0,20,,39520,3,,,0,19,,39521,3,,,0,10,,39423,3,,,0,50,,39454,3,,,0,10,,39424,3,,,0,8,,39455,3,,,0,7,,39425,3,,,0,8,,39456,3,,,0,9,,39426,3,,,0,8,,39457,3,,,0,47,,39427,3,,,0,8,,39458,3,,,0,5,,39428,3,,,0,8,,39459,3,,,0,7,,39460,3,,,0,8,,39461,3,,,0,13,,39462,3,,,0,52,,39429,3,,,0,10,,39430,3,,,0,10,,39431,3,,,0,10,,39432,3,,,0,10,,39433,3,,,0,10,,39434,3,,,0,50,,39435,3,,,0,10,,39436,3,,,0,10,,39437,3,,,0,10,,39438,3,,,0,10,,39439,3,,,0,10,,39440,3,,,0,50,,39441,3,,,0,10,,39442,3,,,0,10,,39443,3,,,0,10,,39444,3,,,0,10,,39445,3,,,0,10,,39446,3,,,0,50,,39447,3,,,0,10,,39448,3,,,0,10,,39449,3,,,0,10,,39450,3,,,0,10,,39451,3,,,0,10,,39452,3,,,0,50,,39453,3,,,0,10,,39488,3,,,0,9,,39489,3,,,0,8,,39492,3,,,0,7,,39490,3,,,0,8,,39493,3,,,0,7,,39491,3,,,0,8,,39463,3,,,0,47,,39476,3,,,0,8,,39464,3,,,0,7,,39477,3,,,0,8,,39465,3,,,0,7,,39478,3,,,0,8,,39466,3,,,0,7,,39479,3,,,0,8,,39467,3,,,0,47,,39480,3,,,0,8,,39468,3,,,0,7,,39481,3,,,0,8,,39469,3,,,0,7,,39482,3,,,0,8,,39470,3,,,0,7,,39483,3,,,0,8,,39471,3,,,0,47,,39484,3,,,0,8,,39472,3,,,0,7,,39485,3,,,0,8,,39473,3,,,0,8,,39486,3,,,0,8,,39474,3,,,0,7,,39487,3,,,0,8,,39475,3,,,0,48,,39503,3,,,0,10,,39504,3,,,0,10,,39505,3,,,0,10,,39506,3,,,0,10,,39507,3,,,0,10,,39494,3,,,0,56,,39495,3,,,0,15,,39496,3,,,0,15,,39498,3,,,0,15,,39499,3,,,0,55,,39500,3,,,0,15,,39501,3,,,0,15,,39502,3,,,0,15,,39497,3,,,0,55,,39515,3,,,0,15,,39516,3,,,0,15,,39519,3,,,0,58,,39517,3,,,0,22,,39518,3,,,0,30,,39508,3,,,0,70,,39509,3,,,0,30,,39510,3,,,0,70,,39511,3,,,0,30,,39512,3,,,0,70,,39513,3,,,0,30,,39514,3,,,0
580801,'14602',520,,39559,3,,,0,30,,39560,3,,,0,70,,39561,3,,,0,30,,39562,3,,,0,70,,39563,3,,,0,30,,39564,3,,,0,70,,39565,3,,,0,30,,39566,3,,,0,68,,39567,3,,,0,30,,39568,3,,,0,70,,39569,3,,,0,30,,39570,3,,,0,70,,39558,3,,,0,30,,39541,3,,,0,70,,39542,3,,,0,30,,39543,3,,,0,70,,39544,3,,,0,30,,39545,3,,,0,70,,39546,3,,,0,30,,39547,3,,,0,70,,39548,3,,,0,30,,39549,3,,,0,70,,39550,3,,,0,30,,39551,3,,,0,70,,39552,3,,,0,30,,39553,3,,,0,70,,39554,3,,,0,33,,39555,3,,,0,70,,39556,3,,,0,30,,39557,3,,,0,70,,39540,3,,,0,30,,39539,3,,,0,70,,39538,3,,,0,30,,39537,3,,,0,72,,39536,3,,,0,30,,39535,3,,,0,70,,39534,3,,,0,30,,39533,3,,,0,70,,39532,3,,,0,30,,39531,3,,,0,70,,39530,3,,,0,30,,39529,3,,,0
580801,'14603',620,,39596,3,,,0,30,,39597,3,,,0,70,,39598,3,,,0,30,,39599,3,,,0,70,,39600,3,,,0,30,,39601,3,,,0,68,,39602,3,,,0,30,,39603,3,,,0,70,,39604,3,,,0,30,,39605,3,,,0,70,,39571,3,,,0,30,,39588,3,,,0,70,,39587,3,,,0,30,,39586,3,,,0,70,,39585,3,,,0,30,,39584,3,,,0,70,,39583,3,,,0,30,,39582,3,,,0,70,,39581,3,,,0,30,,39580,3,,,0,70,,39579,3,,,0,30,,39578,3,,,0,70,,39577,3,,,0,30,,39576,3,,,0,70,,39575,3,,,0,33,,39574,3,,,0,70,,39573,3,,,0,30,,39572,3,,,0,70,,39589,3,,,0,30,,39590,3,,,0,70,,39591,3,,,0,30,,39592,3,,,0,72,,39593,3,,,0,30,,39594,3,,,0,70,,39595,3,,,0,30,,39606,3,,,0
580801,'14604',620,,39627,3,,,0,30,,39628,3,,,0,70,,39629,3,,,0,30,,39630,3,,,0,70,,39631,3,,,0,30,,39632,3,,,0,68,,39633,3,,,0,30,,39634,3,,,0,70,,39635,3,,,0,30,,39636,3,,,0,70,,39607,3,,,0,30,,39624,3,,,0,70,,39623,3,,,0,30,,39622,3,,,0,70,,39621,3,,,0,30,,39620,3,,,0,70,,39619,3,,,0,30,,39618,3,,,0,70,,39617,3,,,0,30,,39616,3,,,0,70,,39615,3,,,0,30,,39614,3,,,0,70,,39613,3,,,0,30,,39612,3,,,0,70,,39611,3,,,0,33,,39610,3,,,0,70,,39609,3,,,0,30,,39608,3,,,0,70,,39625,3,,,0,30,,39626,3,,,0
580801,'14606',620,,39662,3,,,0,30,,39663,3,,,0,70,,39664,3,,,0,30,,39665,3,,,0,70,,39666,3,,,0,30,,39667,3,,,0,68,,39668,3,,,0,30,,39669,3,,,0,70,,39670,3,,,0,30,,39671,3,,,0,70,,39637,3,,,0,30,,39654,3,,,0,70,,39653,3,,,0,30,,39652,3,,,0,70,,39651,3,,,0,30,,39650,3,,,0,70,,39649,3,,,0,30,,39648,3,,,0,70,,39647,3,,,0,30,,39646,3,,,0,70,,39645,3,,,0,30,,39644,3,,,0,70,,39643,3,,,0,30,,39642,3,,,0,70,,39641,3,,,0,33,,39640,3,,,0,70,,39639,3,,,0,30,,39638,3,,,0,70,,39655,3,,,0,30,,39656,3,,,0,70,,39657,3,,,0,30,,39658,3,,,0,72,,39659,3,,,0,30,,39660,3,,,0,70,,39661,3,,,0,30,,39672,3,,,0
582800,'1',641,,40229,3,,,0,15,,40231,3,,,0,55,,40233,3,,,0,15,,40235,3,,,0,15,,40237,3,,,0,15,,40239,3,,,0,55,,40241,3,,,0,15,,40243,3,,,0,14,,40245,3,,,0,11,,40247,3,,,0,52,,40249,3,,,0,12,,40251,3,,,0,12,,40253,3,,,0,12,,40255,3,,,0,12,,40257,3,,,0,52,,40259,3,,,0,12,,40261,3,,,0,12,,40263,3,,,0,12,,40265,3,,,0,12,,40267,3,,,0,52,,40269,3,,,0,12,,40271,3,,,0,12,,40273,3,,,0,12,,40275,3,,,0,12,,40277,3,,,0,52,,40279,3,,,0,12,,40281,3,,,0,12,,40283,3,,,0,12,,40285,3,,,0,12,,40287,3,,,0,52,,40289,3,,,0,12,,40291,3,,,0,12,,40293,3,,,0,12,,40295,3,,,0,8,,40297,3,,,0,12,,40299,3,,,0,52,,40301,3,,,0,12,,40303,3,,,0,12,,40305,3,,,0,12,,40307,3,,,0,12,,40309,3,,,0,52,,40311,3,,,0,12,,40313,3,,,0,13,,40315,3,,,0,12,,40317,3,,,0,52,,40319,3,,,0,12,,40321,3,,,0,12,,40323,3,,,0,12,,40325,3,,,0,12,,40327,3,,,0,52,,40329,3,,,0,16,,40331,3,,,0,12,,40333,3,,,0,12,,40335,3,,,0,12,,40337,3,,,0,52,,40215,3,,,0,12,,40339,3,,,0,12,,40341,3,,,0
