578100,'1',631,,29782,23,,,0,17,,29783,23,,,0,55,,29784,23,,,0,15,,29785,23,,,0,15,,29786,23,,,0,15,,29787,23,,,0,55,,29788,23,,,0,15,,29789,23,,,0,15,,29790,23,,,0,15,,29791,23,,,0,55,,29792,23,,,0,15,,29793,23,,,0,30,,29794,23,,,0,70,,29795,23,,,0,30,,29796,23,,,0,70,,29797,23,,,0,30,,29798,23,,,0,70,,29799,23,,,0,30,,29800,23,,,0,70,,29801,23,,,0,30,,29802,23,,,0,65,,29803,23,,,0,15,,29804,23,,,0,15,,29805,23,,,0,15,,29806,23,,,0,56,,29807,23,,,0,15,,29808,23,,,0,15,,29809,23,,,0,15,,29810,23,,,0,55,,29811,23,,,0,15,,29812,23,,,0,15,,29813,23,,,0,15,,29814,23,,,0,55,,29815,23,,,0,15,,29816,23,,,0,15,,29817,23,,,0,15,,29834,23,,,0,65,,29818,23,,,0,23,,29819,23,,,0,70,,29820,23,,,0,30,,29821,23,,,0,70,,29822,23,,,0,30,,29823,23,,,0,70,,29824,23,,,0,28,,29825,23,,,0,70,,29826,23,,,0,30,,29827,23,,,0,70,,29828,23,,,0,30,,29829,23,,,0,70,,29830,23,,,0,30,,29831,23,,,0,70,,29832,23,,,0,20,,29833,23,,,0
578100,'2',645,,29848,23,,,0,70,,29849,23,,,0,30,,29839,23,,,0,70,,29840,23,,,0,30,,29841,23,,,0,70,,29842,23,,,0,36,,29845,23,,,0,70,,29846,23,,,0,80,,29847,23,,,0,30,,29843,23,,,0,70,,29844,23,,,0,30,,29838,23,,,0,70,,29852,23,,,0,30,,29850,23,,,0,70,,29851,23,,,0,30,,29855,23,,,0,70,,29856,23,,,0,30,,29853,23,,,0,70,,29854,23,,,0,30,,29858,23,,,0,70,,29857,23,,,0,30,,29859,23,,,0,70,,29864,23,,,0,25,,29860,23,,,0,30,,29863,23,,,0,70,,29861,23,,,0,30,,29865,23,,,0,70,,29862,23,,,0,30,,29835,23,,,0,70,,29836,23,,,0,30,,29837,23,,,0,70,,29866,23,,,0,30,,29867,23,,,0,70,,29868,23,,,0,30,,29869,23,,,0,70,,29870,23,,,0,30,,29871,23,,,0,80,,29872,23,,,0
578100,'3',845,,29892,23,,,0,70,,29891,23,,,0,30,,29890,23,,,0,70,,29889,23,,,0,30,,29888,23,,,0,70,,29887,23,,,0,30,,29886,23,,,0,73,,29885,23,,,0,30,,29884,23,,,0,70,,29883,23,,,0,30,,29882,23,,,0,70,,29881,23,,,0,30,,29880,23,,,0,70,,29879,23,,,0,30,,29878,23,,,0,70,,29877,23,,,0,30,,29876,23,,,0,70,,29875,23,,,0,30,,29874,23,,,0,70,,29873,23,,,0,30,,29893,23,,,0,70,,29894,23,,,0,30,,29895,23,,,0,67,,29896,23,,,0,30,,29897,23,,,0,70,,29898,23,,,0,30,,29899,23,,,0,70,,29900,23,,,0,30,,29901,23,,,0,70,,29902,23,,,0,30,,29903,23,,,0,70,,29904,23,,,0
578100,'4',844,,29905,23,,,0,70,,29906,23,,,0,30,,29907,23,,,0,70,,29908,23,,,0,30,,29909,23,,,0,70,,29910,23,,,0,30,,29911,23,,,0,70,,29912,23,,,0,30,,29913,23,,,0,70,,29914,23,,,0,30,,29915,23,,,0,70,,29916,23,,,0,30,,29917,23,,,0,70,,29918,23,,,0,30,,29919,23,,,0,70,,29920,23,,,0,30,,29921,23,,,0,70,,29922,23,,,0,30,,29923,23,,,0,70,,29924,23,,,0,30,,29925,23,,,0,70,,29926,23,,,0,100,,29927,23,,,0,100,,29928,23,,,0
578100,'6',845,,29948,23,,,0,70,,29947,23,,,0,30,,29946,23,,,0,70,,29945,23,,,0,30,,29944,23,,,0,70,,29943,23,,,0,30,,29942,23,,,0,73,,29941,23,,,0,30,,29940,23,,,0,70,,29939,23,,,0,30,,29938,23,,,0,70,,29937,23,,,0,30,,29936,23,,,0,70,,29935,23,,,0,30,,29934,23,,,0,70,,29933,23,,,0,30,,29932,23,,,0,70,,29931,23,,,0,30,,29930,23,,,0,70,,29929,23,,,0,30,,29949,23,,,0,70,,29950,23,,,0,30,,29951,23,,,0,67,,29952,23,,,0,30,,29953,23,,,0,70,,29954,23,,,0,30,,29955,23,,,0,70,,29956,23,,,0,30,,29957,23,,,0,70,,29958,23,,,0,30,,29959,23,,,0,70,,29960,23,,,0
583001,'1',541,,41992,66,,,0,75,,42011,66,,,0,40,,41990,66,,,0,65,,41958,46,,,0,31,,41983,66,,,0,70,,41982,66,,,0,30,,41981,66,,,0,70,,41980,66,,,0,30,,41979,66,,,0,80,,41994,66,,,0,83,,41995,66,,,0,40,,41997,66,,,0,80,,41999,66,,,0,80,,42001,66,,,0,40,,42003,66,,,0,75,,41986,66,,,0,72,,41966,66,,,0,30,,41965,66,,,0,70,,41964,66,,,0,30,,41963,66,,,0,70,,41962,66,,,0,30,,41961,66,,,0,70,,41960,66,,,0,30,,41959,66,,,0,70,,42004,66,,,0,35,,42006,66,,,0,74,,42008,66,,,0,40,,42010,66,,,0,80,,42025,66,,,0,80,,42023,66,,,0,34,,42021,66,,,0,80,,42019,66,,,0,80,,42017,66,,,0,40,,42015,66,,,0
583001,'2',622,,42081,66,,,0,104,,42079,66,,,0,101,,42077,66,,,0,90,,42076,66,,,0,40,,42073,66,,,0,80,,42071,66,,,0,80,,42069,66,,,0,40,,42067,66,,,0,80,,42065,66,,,0,80,,42063,66,,,0,40,,42061,66,,,0,80,,42059,66,,,0,80,,42057,66,,,0,40,,42055,66,,,0,80,,42053,66,,,0,80,,42051,66,,,0,40,,42049,66,,,0,80,,42047,66,,,0,80,,42045,66,,,0,34,,42043,66,,,0,80,,42041,66,,,0,80,,42039,66,,,0,40,,42037,66,,,0,80,,42035,66,,,0,78,,42033,66,,,0,41,,42031,66,,,0,80,,42029,66,,,0,78,,42027,66,,,0
583001,'3',602,,42097,66,,,0,120,,42096,66,,,0,120,,42088,66,,,0,100,,42113,66,,,0,80,,42114,66,,,0,84,,42115,66,,,0,40,,42116,66,,,0,80,,42117,66,,,0,80,,42118,66,,,0,40,,42119,66,,,0,80,,42120,66,,,0,80,,42121,66,,,0,40,,42122,66,,,0,80,,42123,66,,,0,80,,42124,66,,,0,40,,42125,66,,,0,80,,42126,66,,,0,80,,42127,66,,,0,36,,42128,66,,,0,85,,42129,66,,,0,80,,42089,66,,,0,50,,42087,66,,,0,99,,42086,66,,,0,100,,42083,66,,,0
583001,'4',632,,42160,46,,,0,94,,42131,66,,,0,100,,42133,66,,,0,100,,42135,66,,,0,100,,42137,66,,,0,100,,42139,66,,,0,100,,42141,66,,,0,100,,42143,66,,,0,100,,42145,66,,,0,100,,42147,66,,,0,100,,42149,66,,,0,100,,42151,66,,,0,100,,42153,66,,,0,100,,42155,66,,,0,100,,42157,66,,,0,100,,42159,66,,,0
583001,'6',622,,42216,66,,,0,104,,42214,66,,,0,101,,42212,66,,,0,90,,42211,66,,,0,40,,42208,66,,,0,80,,42206,66,,,0,80,,42204,66,,,0,40,,42202,66,,,0,80,,42200,66,,,0,80,,42198,66,,,0,40,,42196,66,,,0,80,,42194,66,,,0,80,,42192,66,,,0,40,,42190,66,,,0,80,,42188,66,,,0,80,,42186,66,,,0,40,,42184,66,,,0,80,,42182,66,,,0,80,,42180,66,,,0,34,,42178,66,,,0,80,,42176,66,,,0,80,,42174,66,,,0,40,,42172,66,,,0,80,,42170,66,,,0,78,,42168,66,,,0,41,,42166,66,,,0,80,,42164,66,,,0,78,,42162,66,,,0
