579600,'1601',1543,,34938,13,,,0
579600,'1',541,,34939,13,,,0,60,,34940,13,,,0,17,,34941,13,,,0,15,,34942,13,,,0,15,,34943,13,,,0,55,,34944,13,,,0,15,,34945,13,,,0,15,,34946,13,,,0,15,,34947,13,,,0,55,,34948,13,,,0,15,,34949,13,,,0,15,,34950,13,,,0,15,,34951,13,,,0,55,,34952,13,,,0,18,,34953,13,,,0,20,,34954,13,,,0,60,,34955,13,,,0,21,,34956,13,,,0,20,,34957,13,,,0,60,,34958,13,,,0,20,,34959,13,,,0,20,,34960,13,,,0,60,,34961,13,,,0,20,,34962,13,,,0,20,,34963,13,,,0,60,,34964,13,,,0,20,,34965,13,,,0,21,,34966,13,,,0,60,,34967,13,,,0,15,,34968,13,,,0,15,,34969,13,,,0,15,,34970,13,,,0,55,,34971,13,,,0,15,,34972,13,,,0,15,,34973,13,,,0,15,,34974,13,,,0,55,,34975,13,,,0,15,,34976,13,,,0,15,,34977,13,,,0,15,,34978,13,,,0,55,,34979,13,,,0,15,,34980,13,,,0,15,,34981,13,,,0,15,,34982,13,,,0,60,,34983,13,,,0,25,,34984,13,,,0,25,,34985,13,,,0,68,,34986,13,,,0,30,,34987,13,,,0,70,,34988,13,,,0,30,,34989,13,,,0,70,,34990,13,,,0,29,,34991,13,,,0,70,,34992,13,,,0,30,,34993,13,,,0,70,,34994,13,,,0,30,,34995,13,,,0,70,,34996,13,,,0,75,,34997,13,,,0,30,,34998,13,,,0
579600,'2',549,,35010,13,,,0,70,,35011,13,,,0,30,,35012,13,,,0,70,,35013,13,,,0,30,,35014,13,,,0,70,,35015,13,,,0,32,,35016,13,,,0,60,,35017,13,,,0,20,,35018,13,,,0,20,,35019,13,,,0,60,,35020,13,,,0,20,,35021,13,,,0,20,,35022,13,,,0,60,,35023,13,,,0,20,,35024,13,,,0,20,,35025,13,,,0,60,,35026,13,,,0,20,,35027,13,,,0,20,,35028,13,,,0,60,,35029,13,,,0,20,,35030,13,,,0,20,,35031,13,,,0,60,,35032,13,,,0,20,,35033,13,,,0,20,,35034,13,,,0,60,,35035,13,,,0,20,,35036,13,,,0,20,,35037,13,,,0,60,,35038,13,,,0,20,,35039,13,,,0,20,,35040,13,,,0,59,,35041,13,,,0,20,,35042,13,,,0,25,,35043,13,,,0,70,,35044,13,,,0,30,,35045,13,,,0,70,,35046,13,,,0,30,,35047,13,,,0,70,,34999,13,,,0,30,,35000,13,,,0,70,,35001,13,,,0,30,,35002,13,,,0,70,,35003,13,,,0,30,,35004,13,,,0,70,,35005,13,,,0,30,,35006,13,,,0,70,,35007,13,,,0,30,,35008,13,,,0,75,,35009,13,,,0
579600,'3',649,,35071,13,,,0,70,,35072,13,,,0,30,,35070,13,,,0,70,,35073,13,,,0,30,,35069,13,,,0,73,,35068,13,,,0,30,,35067,13,,,0,70,,35066,13,,,0,30,,35065,13,,,0,70,,35064,13,,,0,30,,35063,13,,,0,70,,35062,13,,,0,30,,35061,13,,,0,70,,35060,13,,,0,30,,35059,13,,,0,70,,35058,13,,,0,30,,35057,13,,,0,70,,35056,13,,,0,30,,35055,13,,,0,70,,35054,13,,,0,30,,35053,13,,,0,70,,35052,13,,,0,29,,35051,13,,,0,70,,35074,13,,,0,30,,35050,13,,,0,70,,35075,13,,,0,30,,35049,13,,,0,70,,35076,13,,,0,30,,35048,13,,,0,69,,35077,13,,,0,30,,35078,13,,,0,70,,35079,13,,,0,30,,35080,13,,,0,70,,35081,13,,,0,30,,35082,13,,,0,60,,35083,13,,,0
579600,'4',709,,35106,13,,,0,30,,35084,13,,,0,70,,35085,13,,,0,30,,35086,13,,,0,71,,35087,13,,,0,30,,35088,13,,,0,70,,35089,13,,,0,30,,35090,13,,,0,70,,35091,13,,,0,30,,35092,13,,,0,70,,35093,13,,,0,30,,35094,13,,,0,70,,35095,13,,,0,30,,35096,13,,,0,70,,35097,13,,,0,30,,35098,13,,,0,70,,35099,13,,,0,100,,35100,13,,,0,100,,35101,13,,,0,99,,35102,13,,,0,100,,35103,13,,,0,100,,35104,13,,,0,100,,35105,13,,,0
579600,'6',649,,35130,13,,,0,70,,35131,13,,,0,30,,35129,13,,,0,70,,35132,13,,,0,30,,35128,13,,,0,73,,35127,13,,,0,30,,35126,13,,,0,70,,35125,13,,,0,30,,35124,13,,,0,70,,35123,13,,,0,30,,35122,13,,,0,70,,35121,13,,,0,30,,35120,13,,,0,70,,35119,13,,,0,30,,35118,13,,,0,70,,35117,13,,,0,30,,35116,13,,,0,70,,35115,13,,,0,30,,35114,13,,,0,70,,35113,13,,,0,30,,35112,13,,,0,70,,35111,13,,,0,29,,35110,13,,,0,70,,35133,13,,,0,30,,35109,13,,,0,70,,35134,13,,,0,30,,35108,13,,,0,70,,35135,13,,,0,30,,35107,13,,,0,69,,35136,13,,,0,30,,35137,13,,,0,70,,35138,13,,,0,30,,35139,13,,,0,70,,35140,13,,,0,30,,35141,13,,,0,60,,35142,13,,,0
579700,'1601',1611,,35351,13,,,0
579700,'1',531,,35352,13,,,0,20,,35353,13,,,0,60,,35354,13,,,0,20,,35355,13,,,0,20,,35356,13,,,0,60,,35357,13,,,0,15,,35358,13,,,0,15,,35359,13,,,0,15,,35360,13,,,0,55,,35361,13,,,0,15,,35362,13,,,0,15,,35363,13,,,0,15,,35364,13,,,0,55,,35365,13,,,0,20,,35366,13,,,0,21,,35367,13,,,0,60,,35368,13,,,0,20,,35369,13,,,0,20,,35370,13,,,0,60,,35371,13,,,0,20,,35372,13,,,0,20,,35373,13,,,0,60,,35374,13,,,0,20,,35375,13,,,0,20,,35376,13,,,0,60,,35377,13,,,0,20,,35378,13,,,0,21,,35379,13,,,0,60,,35380,13,,,0,15,,35381,13,,,0,15,,35382,13,,,0,15,,35383,13,,,0,55,,35384,13,,,0,15,,35385,13,,,0,15,,35386,13,,,0,15,,35387,13,,,0,55,,35388,13,,,0,15,,35389,13,,,0,15,,35390,13,,,0,15,,35391,13,,,0,55,,35392,13,,,0,15,,35393,13,,,0,15,,35394,13,,,0,15,,35395,13,,,0,55,,35396,13,,,0,28,,35397,13,,,0,70,,35398,13,,,0,30,,35399,13,,,0,70,,35400,13,,,0,30,,35401,13,,,0,70,,35402,13,,,0,29,,35403,13,,,0,70,,35404,13,,,0,30,,35405,13,,,0,70,,35406,13,,,0,30,,35407,13,,,0,70,,35408,13,,,0,30,,35409,13,,,0,70,,35410,13,,,0
579700,'2',604,,35416,13,,,0,30,,35417,13,,,0,70,,35418,13,,,0,30,,35419,13,,,0,70,,35420,13,,,0,30,,35421,13,,,0,67,,35422,13,,,0,20,,35423,13,,,0,20,,35424,13,,,0,60,,35425,13,,,0,20,,35426,13,,,0,20,,35427,13,,,0,60,,35428,13,,,0,20,,35429,13,,,0,20,,35430,13,,,0,60,,35431,13,,,0,20,,35432,13,,,0,20,,35433,13,,,0,60,,35434,13,,,0,20,,35435,13,,,0,20,,35436,13,,,0,60,,35437,13,,,0,20,,35438,13,,,0,20,,35439,13,,,0,60,,35440,13,,,0,20,,35441,13,,,0,20,,35442,13,,,0,60,,35443,13,,,0,20,,35444,13,,,0,20,,35445,13,,,0,60,,35446,13,,,0,19,,35447,13,,,0,20,,35448,13,,,0,70,,35449,13,,,0,30,,35450,13,,,0,70,,35451,13,,,0,30,,35452,13,,,0,70,,35453,13,,,0,30,,35454,13,,,0,70,,35455,13,,,0,30,,35456,13,,,0,70,,35457,13,,,0,30,,35458,13,,,0,70,,35411,13,,,0,30,,35412,13,,,0,70,,35413,13,,,0,30,,35414,13,,,0,70,,35415,13,,,0
579700,'3',629,,35464,13,,,0,30,,35463,13,,,0,70,,35465,13,,,0,30,,35462,13,,,0,70,,35466,13,,,0,30,,35461,13,,,0,73,,35467,13,,,0,70,,35468,13,,,0,30,,35469,13,,,0,70,,35470,13,,,0,30,,35471,13,,,0,70,,35472,13,,,0,30,,35473,13,,,0,70,,35474,13,,,0,30,,35475,13,,,0,70,,35476,13,,,0,30,,35477,13,,,0,70,,35478,13,,,0,30,,35479,13,,,0,70,,35480,13,,,0,30,,35481,13,,,0,70,,35482,13,,,0,30,,35483,13,,,0,69,,35484,13,,,0,30,,35485,13,,,0,70,,35460,13,,,0,30,,35486,13,,,0,70,,35459,13,,,0,30,,35487,13,,,0,70,,35488,13,,,0,29,,35489,13,,,0,70,,35490,13,,,0,30,,35491,13,,,0,70,,35492,13,,,0,40,,35493,13,,,0
579700,'4',639,,35494,13,,,0,85,,35495,13,,,0,30,,35496,13,,,0,70,,35497,13,,,0,30,,35498,13,,,0,71,,35499,13,,,0,30,,35500,13,,,0,70,,35501,13,,,0,30,,35502,13,,,0,70,,35503,13,,,0,30,,35504,13,,,0,70,,35505,13,,,0,30,,35506,13,,,0,70,,35507,13,,,0,30,,35508,13,,,0,70,,35509,13,,,0,30,,35510,13,,,0,85,,35511,13,,,0,100,,35512,13,,,0,99,,35513,13,,,0,100,,35514,13,,,0,100,,35515,13,,,0,100,,35516,13,,,0
579700,'6',629,,35522,13,,,0,30,,35521,13,,,0,70,,35523,13,,,0,30,,35520,13,,,0,70,,35524,13,,,0,30,,35519,13,,,0,73,,35525,13,,,0,70,,35526,13,,,0,30,,35527,13,,,0,70,,35528,13,,,0,30,,35529,13,,,0,70,,35530,13,,,0,30,,35531,13,,,0,70,,35532,13,,,0,30,,35533,13,,,0,70,,35534,13,,,0,30,,35535,13,,,0,70,,35536,13,,,0,30,,35537,13,,,0,70,,35538,13,,,0,30,,35539,13,,,0,70,,35540,13,,,0,30,,35541,13,,,0,69,,35542,13,,,0,30,,35543,13,,,0,70,,35518,13,,,0,30,,35544,13,,,0,70,,35517,13,,,0,30,,35545,13,,,0,70,,35546,13,,,0,29,,35547,13,,,0,70,,35548,13,,,0,30,,35549,13,,,0,70,,35550,13,,,0,40,,35551,13,,,0
