578200,'1',450,,30152,6,,,0,55,,30182,6,,,0,20,,30189,6,,,0,20,,30188,6,,,0,60,,30187,6,,,0,20,,30186,6,,,0,20,,30185,6,,,0,60,,30184,6,,,0,20,,30183,6,,,0,20,,30190,6,,,0,60,,30153,6,,,0,20,,30154,6,,,0,20,,30155,6,,,0,60,,30156,6,,,0,20,,30157,6,,,0,20,,30158,6,,,0,60,,30159,6,,,0,20,,30162,6,,,0,20,,30163,6,,,0,60,,30164,6,,,0,20,,30165,6,,,0,20,,30166,6,,,0,60,,30167,6,,,0,20,,30160,6,,,0,20,,30161,6,,,0,60,,30136,6,,,0,20,,30168,6,,,0,21,,30169,6,,,0,60,,30170,6,,,0,20,,30171,6,,,0,20,,30172,6,,,0,60,,30173,6,,,0,20,,30174,6,,,0,20,,30175,6,,,0,60,,30176,6,,,0,20,,30177,6,,,0,20,,30178,6,,,0,60,,30179,6,,,0,20,,30180,6,,,0,20,,30181,6,,,0,63,,30151,6,,,0,30,,30150,6,,,0,74,,30149,6,,,0,30,,30148,6,,,0,70,,30147,6,,,0,30,,30146,6,,,0,70,,30145,6,,,0,30,,30137,6,,,0,69,,30138,6,,,0,30,,30139,6,,,0,70,,30140,6,,,0,30,,30141,6,,,0,70,,30142,6,,,0,32,,30143,6,,,0,80,,30144,6,,,0
578200,'2',504,,30191,6,,,0,30,,30192,6,,,0,70,,30193,6,,,0,30,,30194,6,,,0,70,,30195,6,,,0,30,,30196,6,,,0,70,,30197,6,,,0,20,,30239,6,,,0,20,,30198,6,,,0,60,,30199,6,,,0,20,,30200,6,,,0,20,,30201,6,,,0,60,,30202,6,,,0,20,,30203,6,,,0,20,,30204,6,,,0,60,,30205,6,,,0,20,,30206,6,,,0,20,,30207,6,,,0,60,,30208,6,,,0,20,,30209,6,,,0,20,,30210,6,,,0,60,,30211,6,,,0,20,,30212,6,,,0,20,,30213,6,,,0,60,,30214,6,,,0,20,,30215,6,,,0,20,,30216,6,,,0,60,,30217,6,,,0,20,,30218,6,,,0,20,,30219,6,,,0,60,,30220,6,,,0,20,,30221,6,,,0,20,,30222,6,,,0,60,,30223,6,,,0,30,,30224,6,,,0,71,,30225,6,,,0,30,,30226,6,,,0,70,,30227,6,,,0,30,,30228,6,,,0,70,,30229,6,,,0,30,,30230,6,,,0,70,,30231,6,,,0,30,,30232,6,,,0,69,,30233,6,,,0,30,,30234,6,,,0,70,,30235,6,,,0,30,,30236,6,,,0,70,,30237,6,,,0,30,,30240,6,,,0,90,,30238,6,,,0
578200,'3',604,,30276,6,,,0,100,,30275,6,,,0,30,,30274,6,,,0,70,,30273,6,,,0,30,,30272,6,,,0,71,,30271,6,,,0,30,,30270,6,,,0,70,,30269,6,,,0,30,,30268,6,,,0,70,,30267,6,,,0,30,,30266,6,,,0,70,,30265,6,,,0,30,,30264,6,,,0,70,,30263,6,,,0,30,,30262,6,,,0,70,,30261,6,,,0,30,,30260,6,,,0,70,,30259,6,,,0,30,,30258,6,,,0,70,,30257,6,,,0,30,,30256,6,,,0,70,,30255,6,,,0,30,,30254,6,,,0,70,,30253,6,,,0,30,,30252,6,,,0,70,,30251,6,,,0,30,,30250,6,,,0,69,,30249,6,,,0,30,,30248,6,,,0,70,,30247,6,,,0,30,,30246,6,,,0,70,,30245,6,,,0,30,,30244,6,,,0,70,,30243,6,,,0,30,,30242,6,,,0,70,,30241,6,,,0
578200,'4',532,,30277,6,,,0,80,,30278,6,,,0,40,,30279,6,,,0,80,,30280,6,,,0,80,,30281,6,,,0,40,,30282,6,,,0,80,,30283,6,,,0,80,,30284,6,,,0,40,,30285,6,,,0,80,,30286,6,,,0,80,,30287,6,,,0,40,,30288,6,,,0,80,,30289,6,,,0,80,,30290,6,,,0,90,,30291,6,,,0,100,,30292,6,,,0,100,,30293,6,,,0,100,,30294,6,,,0,100,,30295,6,,,0,100,,30296,6,,,0,100,,30297,6,,,0
578200,'6',604,,30333,6,,,0,100,,30332,6,,,0,30,,30331,6,,,0,70,,30330,6,,,0,30,,30329,6,,,0,71,,30328,6,,,0,30,,30327,6,,,0,70,,30326,6,,,0,30,,30325,6,,,0,70,,30324,6,,,0,30,,30323,6,,,0,70,,30322,6,,,0,30,,30321,6,,,0,70,,30320,6,,,0,30,,30319,6,,,0,70,,30318,6,,,0,30,,30317,6,,,0,70,,30316,6,,,0,30,,30315,6,,,0,70,,30314,6,,,0,30,,30313,6,,,0,70,,30312,6,,,0,30,,30311,6,,,0,70,,30310,6,,,0,30,,30309,6,,,0,70,,30308,6,,,0,30,,30307,6,,,0,69,,30306,6,,,0,30,,30305,6,,,0,70,,30304,6,,,0,30,,30303,6,,,0,70,,30302,6,,,0,30,,30301,6,,,0,70,,30300,6,,,0,30,,30299,6,,,0,70,,30298,6,,,0
578501,'1',532,,31956,14,,,0,70,,31957,14,,,0,30,,31958,14,,,0,70,,31959,14,,,0,29,,31960,14,,,0,25,,31961,14,,,0,60,,31962,14,,,0,20,,31963,14,,,0,20,,31964,14,,,0,60,,31965,14,,,0,20,,31966,14,,,0,66,,31967,14,,,0,25,,31968,14,,,0,30,,31969,14,,,0,70,,31970,14,,,0,30,,31971,14,,,0,70,,31972,14,,,0,30,,31973,14,,,0,70,,31974,14,,,0,30,,31975,14,,,0,70,,31976,14,,,0,20,,31977,14,,,0,60,,31978,14,,,0,20,,31979,14,,,0,20,,31980,14,,,0,60,,31981,14,,,0,20,,31982,14,,,0,20,,31983,14,,,0,60,,31984,14,,,0,20,,31985,14,,,0,20,,31986,14,,,0,70,,31987,14,,,0,35,,31988,14,,,0,71,,31989,14,,,0,100,,31990,14,,,0,100,,31991,14,,,0,99,,31992,14,,,0,105,,31993,14,,,0,100,,31994,14,,,0,100,,31995,14,,,0
578501,'2',521,,32029,14,,,0,30,,32028,14,,,0,70,,31996,14,,,0,30,,32022,14,,,0,70,,31997,14,,,0,30,,32024,14,,,0,71,,31998,14,,,0,30,,32023,14,,,0,70,,31999,14,,,0,30,,32000,14,,,0,70,,32001,14,,,0,30,,32002,14,,,0,70,,32003,14,,,0,30,,32004,14,,,0,70,,32005,14,,,0,30,,32006,14,,,0,70,,32007,14,,,0,30,,32008,14,,,0,70,,32009,14,,,0,30,,32010,14,,,0,70,,32011,14,,,0,30,,32012,14,,,0,70,,32013,14,,,0,30,,32014,14,,,0,70,,32015,14,,,0,30,,32016,14,,,0,70,,32017,14,,,0,104,,32018,14,,,0,102,,32019,14,,,0,100,,32020,14,,,0,99,,32021,14,,,0,100,,32025,14,,,0,100,,32026,14,,,0,100,,32027,14,,,0
578501,'3',625,,32059,14,,,0,30,,32032,14,,,0,70,,32053,14,,,0,30,,32054,14,,,0,70,,32033,14,,,0,30,,32055,14,,,0,70,,32034,14,,,0,30,,32056,14,,,0,68,,32035,14,,,0,30,,32036,14,,,0,70,,32037,14,,,0,30,,32038,14,,,0,70,,32039,14,,,0,30,,32040,14,,,0,70,,32041,14,,,0,30,,32042,14,,,0,70,,32043,14,,,0,30,,32044,14,,,0,70,,32045,14,,,0,30,,32046,14,,,0,70,,32047,14,,,0,30,,32048,14,,,0,70,,32049,14,,,0,30,,32060,14,,,0,70,,32050,14,,,0,100,,32051,14,,,0,100,,32052,14,,,0,100,,32030,14,,,0,101,,32031,14,,,0,100,,32057,14,,,0,100,,32058,14,,,0
578501,'4',709,,32061,14,,,0,100,,32062,14,,,0,97,,32063,14,,,0,102,,32064,14,,,0,100,,32065,14,,,0,100,,32066,14,,,0,100,,32067,14,,,0,100,,32068,14,,,0,100,,32069,14,,,0,100,,32070,14,,,0,100,,32071,14,,,0,100,,32072,14,,,0,100,,32073,14,,,0,100,,32074,14,,,0
578501,'6',625,,32104,14,,,0,30,,32077,14,,,0,70,,32098,14,,,0,30,,32099,14,,,0,70,,32078,14,,,0,30,,32100,14,,,0,70,,32079,14,,,0,30,,32101,14,,,0,68,,32080,14,,,0,30,,32081,14,,,0,70,,32082,14,,,0,30,,32083,14,,,0,70,,32084,14,,,0,30,,32085,14,,,0,70,,32086,14,,,0,30,,32087,14,,,0,70,,32088,14,,,0,30,,32089,14,,,0,70,,32090,14,,,0,30,,32091,14,,,0,70,,32092,14,,,0,30,,32093,14,,,0,70,,32094,14,,,0,30,,32105,14,,,0,70,,32095,14,,,0,100,,32096,14,,,0,100,,32097,14,,,0,100,,32075,14,,,0,101,,32076,14,,,0,100,,32102,14,,,0,100,,32103,14,,,0
578600,'1',514,,32106,6,,,0,30,,32107,6,,,0,70,,32108,6,,,0,30,,32109,6,,,0,70,,32110,6,,,0,30,,32111,6,,,0,65,,32112,6,,,0,20,,32113,6,,,0,20,,32114,6,,,0,60,,32115,6,,,0,20,,32116,6,,,0,20,,32117,6,,,0,65,,32118,6,,,0,25,,32119,6,,,0,70,,32120,6,,,0,30,,32121,6,,,0,70,,32122,6,,,0,30,,32123,6,,,0,70,,32124,6,,,0,30,,32125,6,,,0,70,,32126,6,,,0,30,,32127,6,,,0,20,,32128,6,,,0,60,,32129,6,,,0,20,,32130,6,,,0,20,,32131,6,,,0,60,,32132,6,,,0,20,,32133,6,,,0,20,,32134,6,,,0,60,,32135,6,,,0,20,,32136,6,,,0,20,,32137,6,,,0,70,,32138,6,,,0,75,,32139,6,,,0,30,,32145,6,,,0,100,,32140,6,,,0,100,,32141,6,,,0,100,,32142,6,,,0,105,,32143,6,,,0,100,,32144,6,,,0,100,,32146,6,,,0
578600,'2',504,,32181,6,,,0,30,,32174,6,,,0,70,,32175,6,,,0,30,,32173,6,,,0,70,,32176,6,,,0,30,,32172,6,,,0,70,,32147,6,,,0,30,,32171,6,,,0,70,,32170,6,,,0,30,,32169,6,,,0,70,,32168,6,,,0,30,,32167,6,,,0,70,,32166,6,,,0,30,,32165,6,,,0,70,,32164,6,,,0,30,,32163,6,,,0,70,,32162,6,,,0,30,,32161,6,,,0,70,,32160,6,,,0,30,,32159,6,,,0,70,,32158,6,,,0,30,,32157,6,,,0,70,,32156,6,,,0,30,,32155,6,,,0,70,,32154,6,,,0,30,,32153,6,,,0,70,,32152,6,,,0,30,,32151,6,,,0,105,,32150,6,,,0,100,,32149,6,,,0,100,,32148,6,,,0,100,,32177,6,,,0,100,,32178,6,,,0,100,,32179,6,,,0,100,,32180,6,,,0
578600,'3',603,,32210,6,,,0,30,,32211,6,,,0,70,,32209,6,,,0,30,,32203,6,,,0,70,,32205,6,,,0,30,,32202,6,,,0,70,,32206,6,,,0,30,,32201,6,,,0,71,,32200,6,,,0,30,,32199,6,,,0,70,,32198,6,,,0,30,,32197,6,,,0,70,,32196,6,,,0,30,,32195,6,,,0,70,,32194,6,,,0,30,,32193,6,,,0,70,,32192,6,,,0,30,,32191,6,,,0,70,,32190,6,,,0,30,,32189,6,,,0,70,,32188,6,,,0,30,,32187,6,,,0,70,,32186,6,,,0,30,,32185,6,,,0,70,,32212,6,,,0,30,,32184,6,,,0,99,,32183,6,,,0,100,,32182,6,,,0,100,,32204,6,,,0,100,,32207,6,,,0,100,,32208,6,,,0
578600,'4',722,,32213,6,,,0,100,,32214,6,,,0,100,,32215,6,,,0,100,,32216,6,,,0,100,,32217,6,,,0,100,,32218,6,,,0,100,,32219,6,,,0,100,,32220,6,,,0,100,,32221,6,,,0,100,,32222,6,,,0,100,,32223,6,,,0,100,,32224,6,,,0,100,,32225,6,,,0,100,,32226,6,,,0
578600,'6',603,,32255,6,,,0,30,,32256,6,,,0,70,,32254,6,,,0,30,,32248,6,,,0,70,,32250,6,,,0,30,,32247,6,,,0,70,,32251,6,,,0,30,,32246,6,,,0,71,,32245,6,,,0,30,,32244,6,,,0,70,,32243,6,,,0,30,,32242,6,,,0,70,,32241,6,,,0,30,,32240,6,,,0,70,,32239,6,,,0,30,,32238,6,,,0,70,,32237,6,,,0,30,,32236,6,,,0,70,,32235,6,,,0,30,,32234,6,,,0,70,,32233,6,,,0,30,,32232,6,,,0,70,,32231,6,,,0,30,,32230,6,,,0,70,,32257,6,,,0,30,,32229,6,,,0,99,,32228,6,,,0,100,,32227,6,,,0,100,,32249,6,,,0,100,,32252,6,,,0,100,,32253,6,,,0
578700,'703',1007,,32410,6,,,0,100,,32411,6,,,0,100,,32412,6,,,0,100,,32413,6,,,0,100,,32414,6,,,0,100,,32415,6,,,0,100,,32416,6,,,0
