579500,'1',506,,34542,5,,,0,20,,34543,5,,,0,20,,34544,5,,,0,60,,34545,5,,,0,20,,34546,5,,,0,20,,34547,5,,,0,55,,34548,5,,,0,15,,34549,5,,,0,15,,34550,5,,,0,15,,34551,5,,,0,55,,34552,5,,,0,15,,34553,5,,,0,15,,34554,5,,,0,15,,34555,5,,,0,55,,34556,5,,,0,15,,34557,5,,,0,15,,34558,5,,,0,20,,34559,5,,,0,63,,34560,5,,,0,17,,34561,5,,,0,20,,34562,5,,,0,60,,34563,5,,,0,20,,34564,5,,,0,20,,34565,5,,,0,60,,34566,5,,,0,20,,34567,5,,,0,20,,34568,5,,,0,60,,34569,5,,,0,20,,34570,5,,,0,22,,34571,5,,,0,60,,34572,5,,,0,20,,34573,5,,,0,20,,34574,5,,,0,55,,34575,5,,,0,15,,34576,5,,,0,15,,34577,5,,,0,15,,34578,5,,,0,55,,34579,5,,,0,15,,34580,5,,,0,15,,34581,5,,,0,15,,34582,5,,,0,55,,34583,5,,,0,15,,34584,5,,,0,15,,34585,5,,,0,15,,34586,5,,,0,55,,34587,5,,,0,28,,34588,5,,,0,70,,34589,5,,,0,30,,34590,5,,,0,70,,34591,5,,,0,30,,34592,5,,,0,70,,34593,5,,,0,30,,34594,5,,,0,70,,34595,5,,,0,30,,34596,5,,,0,70,,34597,5,,,0,30,,34598,5,,,0,70,,34599,5,,,0,30,,34600,5,,,0,90,,34601,5,,,0
579500,'2',556,,34622,5,,,0,70,,34631,5,,,0,30,,34633,5,,,0,70,,34637,5,,,0,30,,34614,5,,,0,70,,34638,5,,,0,30,,34613,5,,,0,70,,34628,5,,,0,30,,34626,5,,,0,70,,34629,5,,,0,30,,34603,5,,,0,70,,34640,5,,,0,30,,34609,5,,,0,70,,34623,5,,,0,30,,34632,5,,,0,70,,34607,5,,,0,30,,34604,5,,,0,70,,34606,5,,,0,30,,34602,5,,,0,70,,34608,5,,,0,30,,34615,5,,,0,70,,34605,5,,,0,30,,34612,5,,,0,70,,34610,5,,,0,30,,34611,5,,,0,70,,34616,5,,,0,30,,34636,5,,,0,69,,34627,5,,,0,30,,34617,5,,,0,70,,34619,5,,,0,30,,34634,5,,,0,70,,34630,5,,,0,30,,34618,5,,,0,70,,34620,5,,,0,30,,34621,5,,,0,70,,34635,5,,,0,30,,34639,5,,,0,80,,34625,5,,,0,90,,34624,5,,,0
579500,'3',604,,34653,5,,,0,30,,34645,5,,,0,70,,34652,5,,,0,30,,34644,5,,,0,70,,34654,5,,,0,30,,34643,5,,,0,72,,34646,5,,,0,30,,34647,5,,,0,70,,34648,5,,,0,30,,34649,5,,,0,70,,34650,5,,,0,30,,34655,5,,,0,70,,34657,5,,,0,30,,34669,5,,,0,70,,34656,5,,,0,30,,34658,5,,,0,70,,34661,5,,,0,30,,34660,5,,,0,70,,34659,5,,,0,30,,34662,5,,,0,70,,34663,5,,,0,30,,34664,5,,,0,70,,34666,5,,,0,30,,34668,5,,,0,70,,34667,5,,,0,30,,34665,5,,,0,69,,34642,5,,,0,30,,34651,5,,,0,70,,34641,5,,,0,30,,34670,5,,,0,70,,34671,5,,,0,30,,34672,5,,,0,70,,34673,5,,,0,30,,34674,5,,,0,70,,34675,5,,,0,30,,34676,5,,,0,70,,34677,5,,,0
579500,'4',634,,34703,5,,,0,70,,34700,5,,,0,30,,34699,5,,,0,70,,34698,5,,,0,30,,34697,5,,,0,71,,34696,5,,,0,30,,34695,5,,,0,70,,34694,5,,,0,30,,34693,5,,,0,70,,34692,5,,,0,30,,34691,5,,,0,70,,34690,5,,,0,30,,34689,5,,,0,70,,34688,5,,,0,30,,34687,5,,,0,70,,34686,5,,,0,30,,34685,5,,,0,70,,34684,5,,,0,45,,34680,5,,,0,85,,34679,5,,,0,85,,34701,5,,,0,85,,34678,5,,,0,45,,34683,5,,,0,85,,34682,5,,,0,85,,34702,5,,,0,85,,34681,5,,,0
579500,'6',604,,34716,5,,,0,30,,34708,5,,,0,70,,34715,5,,,0,30,,34707,5,,,0,70,,34717,5,,,0,30,,34706,5,,,0,72,,34709,5,,,0,30,,34710,5,,,0,70,,34711,5,,,0,30,,34712,5,,,0,70,,34713,5,,,0,30,,34718,5,,,0,70,,34720,5,,,0,30,,34732,5,,,0,70,,34719,5,,,0,30,,34721,5,,,0,70,,34724,5,,,0,30,,34723,5,,,0,70,,34722,5,,,0,30,,34725,5,,,0,70,,34726,5,,,0,30,,34727,5,,,0,70,,34729,5,,,0,30,,34731,5,,,0,70,,34730,5,,,0,30,,34728,5,,,0,69,,34705,5,,,0,30,,34714,5,,,0,70,,34704,5,,,0,30,,34733,5,,,0,70,,34734,5,,,0,30,,34735,5,,,0,70,,34736,5,,,0,30,,34737,5,,,0,70,,34738,5,,,0,30,,34739,5,,,0,70,,34740,5,,,0
579600,'1601',1537,,34938,5,,,0
579600,'1',536,,34939,5,,,0,20,,34940,5,,,0,57,,34941,5,,,0,15,,34942,5,,,0,15,,34943,5,,,0,15,,34944,5,,,0,55,,34945,5,,,0,15,,34946,5,,,0,15,,34947,5,,,0,15,,34948,5,,,0,55,,34949,5,,,0,15,,34950,5,,,0,15,,34951,5,,,0,15,,34952,5,,,0,58,,34953,5,,,0,20,,34954,5,,,0,20,,34955,5,,,0,60,,34956,5,,,0,20,,34957,5,,,0,20,,34958,5,,,0,60,,34959,5,,,0,20,,34960,5,,,0,20,,34961,5,,,0,60,,34962,5,,,0,20,,34963,5,,,0,20,,34964,5,,,0,60,,34965,5,,,0,21,,34966,5,,,0,20,,34967,5,,,0,55,,34968,5,,,0,15,,34969,5,,,0,15,,34970,5,,,0,15,,34971,5,,,0,55,,34972,5,,,0,15,,34973,5,,,0,15,,34974,5,,,0,15,,34975,5,,,0,55,,34976,5,,,0,15,,34977,5,,,0,15,,34978,5,,,0,15,,34979,5,,,0,55,,34980,5,,,0,15,,34981,5,,,0,15,,34982,5,,,0,60,,34983,5,,,0,25,,34984,5,,,0,25,,34985,5,,,0,69,,34986,5,,,0,30,,34987,5,,,0,70,,34988,5,,,0,30,,34989,5,,,0,70,,34990,5,,,0,29,,34991,5,,,0,70,,34992,5,,,0,30,,34993,5,,,0,70,,34994,5,,,0,30,,34995,5,,,0,70,,34996,5,,,0,35,,34997,5,,,0,70,,34998,5,,,0
579600,'2',544,,35010,5,,,0,70,,35011,5,,,0,30,,35012,5,,,0,70,,35013,5,,,0,30,,35014,5,,,0,70,,35015,5,,,0,32,,35016,5,,,0,60,,35017,5,,,0,20,,35018,5,,,0,20,,35019,5,,,0,60,,35020,5,,,0,20,,35021,5,,,0,20,,35022,5,,,0,60,,35023,5,,,0,20,,35024,5,,,0,20,,35025,5,,,0,60,,35026,5,,,0,20,,35027,5,,,0,20,,35028,5,,,0,60,,35029,5,,,0,20,,35030,5,,,0,20,,35031,5,,,0,60,,35032,5,,,0,20,,35033,5,,,0,20,,35034,5,,,0,60,,35035,5,,,0,20,,35036,5,,,0,20,,35037,5,,,0,60,,35038,5,,,0,20,,35039,5,,,0,20,,35040,5,,,0,59,,35041,5,,,0,20,,35042,5,,,0,25,,35043,5,,,0,70,,35044,5,,,0,30,,35045,5,,,0,70,,35046,5,,,0,30,,35047,5,,,0,70,,34999,5,,,0,30,,35000,5,,,0,70,,35001,5,,,0,30,,35002,5,,,0,70,,35003,5,,,0,30,,35004,5,,,0,70,,35005,5,,,0,30,,35006,5,,,0,70,,35007,5,,,0,30,,35008,5,,,0,75,,35009,5,,,0
579600,'3',644,,35071,5,,,0,70,,35072,5,,,0,30,,35070,5,,,0,70,,35073,5,,,0,30,,35069,5,,,0,72,,35068,5,,,0,30,,35067,5,,,0,70,,35066,5,,,0,30,,35065,5,,,0,70,,35064,5,,,0,30,,35063,5,,,0,70,,35062,5,,,0,30,,35061,5,,,0,70,,35060,5,,,0,30,,35059,5,,,0,70,,35058,5,,,0,30,,35057,5,,,0,70,,35056,5,,,0,30,,35055,5,,,0,70,,35054,5,,,0,30,,35053,5,,,0,70,,35052,5,,,0,29,,35051,5,,,0,70,,35074,5,,,0,30,,35050,5,,,0,70,,35075,5,,,0,30,,35049,5,,,0,70,,35076,5,,,0,30,,35048,5,,,0,70,,35077,5,,,0,30,,35078,5,,,0,70,,35079,5,,,0,30,,35080,5,,,0,70,,35081,5,,,0,30,,35082,5,,,0,60,,35083,5,,,0
579600,'4',704,,35106,5,,,0,30,,35084,5,,,0,70,,35085,5,,,0,30,,35086,5,,,0,71,,35087,5,,,0,30,,35088,5,,,0,70,,35089,5,,,0,30,,35090,5,,,0,70,,35091,5,,,0,30,,35092,5,,,0,70,,35093,5,,,0,30,,35094,5,,,0,70,,35095,5,,,0,30,,35096,5,,,0,70,,35097,5,,,0,30,,35098,5,,,0,70,,35099,5,,,0,100,,35100,5,,,0,100,,35101,5,,,0,99,,35102,5,,,0,100,,35103,5,,,0,100,,35104,5,,,0,100,,35105,5,,,0
579600,'6',644,,35130,5,,,0,70,,35131,5,,,0,30,,35129,5,,,0,70,,35132,5,,,0,30,,35128,5,,,0,72,,35127,5,,,0,30,,35126,5,,,0,70,,35125,5,,,0,30,,35124,5,,,0,70,,35123,5,,,0,30,,35122,5,,,0,70,,35121,5,,,0,30,,35120,5,,,0,70,,35119,5,,,0,30,,35118,5,,,0,70,,35117,5,,,0,30,,35116,5,,,0,70,,35115,5,,,0,30,,35114,5,,,0,70,,35113,5,,,0,30,,35112,5,,,0,70,,35111,5,,,0,29,,35110,5,,,0,70,,35133,5,,,0,30,,35109,5,,,0,70,,35134,5,,,0,30,,35108,5,,,0,70,,35135,5,,,0,30,,35107,5,,,0,70,,35136,5,,,0,30,,35137,5,,,0,70,,35138,5,,,0,30,,35139,5,,,0,70,,35140,5,,,0,30,,35141,5,,,0,60,,35142,5,,,0
579700,'1601',1605,,35351,5,,,0
579700,'1',526,,35352,5,,,0,20,,35353,5,,,0,60,,35354,5,,,0,20,,35355,5,,,0,20,,35356,5,,,0,60,,35357,5,,,0,15,,35358,5,,,0,15,,35359,5,,,0,15,,35360,5,,,0,55,,35361,5,,,0,15,,35362,5,,,0,15,,35363,5,,,0,15,,35364,5,,,0,55,,35365,5,,,0,20,,35366,5,,,0,20,,35367,5,,,0,60,,35368,5,,,0,20,,35369,5,,,0,20,,35370,5,,,0,60,,35371,5,,,0,20,,35372,5,,,0,20,,35373,5,,,0,60,,35374,5,,,0,20,,35375,5,,,0,20,,35376,5,,,0,60,,35377,5,,,0,20,,35378,5,,,0,21,,35379,5,,,0,60,,35380,5,,,0,15,,35381,5,,,0,15,,35382,5,,,0,15,,35383,5,,,0,55,,35384,5,,,0,15,,35385,5,,,0,15,,35386,5,,,0,15,,35387,5,,,0,55,,35388,5,,,0,15,,35389,5,,,0,15,,35390,5,,,0,15,,35391,5,,,0,55,,35392,5,,,0,15,,35393,5,,,0,15,,35394,5,,,0,15,,35395,5,,,0,55,,35396,5,,,0,29,,35397,5,,,0,70,,35398,5,,,0,30,,35399,5,,,0,70,,35400,5,,,0,30,,35401,5,,,0,70,,35402,5,,,0,29,,35403,5,,,0,70,,35404,5,,,0,30,,35405,5,,,0,70,,35406,5,,,0,30,,35407,5,,,0,70,,35408,5,,,0,30,,35409,5,,,0,70,,35410,5,,,0
579700,'2',559,,35416,5,,,0,70,,35417,5,,,0,30,,35418,5,,,0,70,,35419,5,,,0,30,,35420,5,,,0,70,,35421,5,,,0,27,,35422,5,,,0,60,,35423,5,,,0,20,,35424,5,,,0,20,,35425,5,,,0,60,,35426,5,,,0,20,,35427,5,,,0,20,,35428,5,,,0,60,,35429,5,,,0,20,,35430,5,,,0,20,,35431,5,,,0,60,,35432,5,,,0,20,,35433,5,,,0,20,,35434,5,,,0,60,,35435,5,,,0,20,,35436,5,,,0,20,,35437,5,,,0,60,,35438,5,,,0,20,,35439,5,,,0,20,,35440,5,,,0,60,,35441,5,,,0,20,,35442,5,,,0,20,,35443,5,,,0,60,,35444,5,,,0,20,,35445,5,,,0,20,,35446,5,,,0,59,,35447,5,,,0,20,,35448,5,,,0,70,,35449,5,,,0,30,,35450,5,,,0,70,,35451,5,,,0,30,,35452,5,,,0,70,,35453,5,,,0,30,,35454,5,,,0,70,,35455,5,,,0,30,,35456,5,,,0,70,,35457,5,,,0,30,,35458,5,,,0,70,,35411,5,,,0,30,,35412,5,,,0,70,,35413,5,,,0,30,,35414,5,,,0,70,,35415,5,,,0
579700,'3',624,,35464,5,,,0,30,,35463,5,,,0,70,,35465,5,,,0,30,,35462,5,,,0,70,,35466,5,,,0,30,,35461,5,,,0,72,,35467,5,,,0,30,,35468,5,,,0,70,,35469,5,,,0,30,,35470,5,,,0,70,,35471,5,,,0,30,,35472,5,,,0,70,,35473,5,,,0,30,,35474,5,,,0,70,,35475,5,,,0,30,,35476,5,,,0,70,,35477,5,,,0,30,,35478,5,,,0,70,,35479,5,,,0,30,,35480,5,,,0,70,,35481,5,,,0,30,,35482,5,,,0,70,,35483,5,,,0,29,,35484,5,,,0,70,,35485,5,,,0,30,,35460,5,,,0,70,,35486,5,,,0,30,,35459,5,,,0,70,,35487,5,,,0,30,,35488,5,,,0,70,,35489,5,,,0,30,,35490,5,,,0,70,,35491,5,,,0,30,,35492,5,,,0,80,,35493,5,,,0
579700,'4',634,,35494,5,,,0,85,,35495,5,,,0,30,,35496,5,,,0,70,,35497,5,,,0,30,,35498,5,,,0,71,,35499,5,,,0,30,,35500,5,,,0,70,,35501,5,,,0,30,,35502,5,,,0,70,,35503,5,,,0,30,,35504,5,,,0,70,,35505,5,,,0,30,,35506,5,,,0,70,,35507,5,,,0,30,,35508,5,,,0,70,,35509,5,,,0,30,,35510,5,,,0,85,,35511,5,,,0,100,,35512,5,,,0,99,,35513,5,,,0,100,,35514,5,,,0,100,,35515,5,,,0,100,,35516,5,,,0
579700,'6',624,,35522,5,,,0,30,,35521,5,,,0,70,,35523,5,,,0,30,,35520,5,,,0,70,,35524,5,,,0,30,,35519,5,,,0,72,,35525,5,,,0,30,,35526,5,,,0,70,,35527,5,,,0,30,,35528,5,,,0,70,,35529,5,,,0,30,,35530,5,,,0,70,,35531,5,,,0,30,,35532,5,,,0,70,,35533,5,,,0,30,,35534,5,,,0,70,,35535,5,,,0,30,,35536,5,,,0,70,,35537,5,,,0,30,,35538,5,,,0,70,,35539,5,,,0,30,,35540,5,,,0,70,,35541,5,,,0,29,,35542,5,,,0,70,,35543,5,,,0,30,,35518,5,,,0,70,,35544,5,,,0,30,,35517,5,,,0,70,,35545,5,,,0,30,,35546,5,,,0,70,,35547,5,,,0,30,,35548,5,,,0,70,,35549,5,,,0,30,,35550,5,,,0,80,,35551,5,,,0
579800,'1',524,,35757,5,,,0,20,,35758,5,,,0,60,,35759,5,,,0,21,,35760,5,,,0,12,,35761,5,,,0,15,,35762,5,,,0,52,,35763,5,,,0,12,,35764,5,,,0,12,,35765,5,,,0,12,,35766,5,,,0,12,,35767,5,,,0,52,,35768,5,,,0,12,,35769,5,,,0,12,,35770,5,,,0,11,,35771,5,,,0,12,,35772,5,,,0,55,,35773,5,,,0,15,,35774,5,,,0,15,,35775,5,,,0,15,,35776,5,,,0,55,,35777,5,,,0,15,,35778,5,,,0,15,,35779,5,,,0,15,,35780,5,,,0,55,,35781,5,,,0,15,,35782,5,,,0,15,,35783,5,,,0,15,,35784,5,,,0,55,,35785,5,,,0,15,,35786,5,,,0,15,,35787,5,,,0,15,,35788,5,,,0,55,,35789,5,,,0,15,,35790,5,,,0,15,,35791,5,,,0,16,,35792,5,,,0,55,,35793,5,,,0,15,,35794,5,,,0,12,,35795,5,,,0,12,,35796,5,,,0,12,,35797,5,,,0,52,,35798,5,,,0,12,,35799,5,,,0,12,,35800,5,,,0,12,,35801,5,,,0,12,,35802,5,,,0,52,,35803,5,,,0,12,,35804,5,,,0,12,,35805,5,,,0,12,,35806,5,,,0,12,,35807,5,,,0,52,,35808,5,,,0,12,,35809,5,,,0,12,,35810,5,,,0,12,,35811,5,,,0,12,,35812,5,,,0,52,,35813,5,,,0,12,,35814,5,,,0,15,,35815,5,,,0,15,,35816,5,,,0,55,,35817,5,,,0,15,,35818,5,,,0,15,,35819,5,,,0,14,,35820,5,,,0,55,,35821,5,,,0,20,,35822,5,,,0,20,,35823,5,,,0,60,,35824,5,,,0,30,,35825,5,,,0,69,,35826,5,,,0,30,,35827,5,,,0,70,,35828,5,,,0,30,,35829,5,,,0,70,,35830,5,,,0,30,,35831,5,,,0,90,,35832,5,,,0
579800,'2',539,,35842,5,,,0,71,,35843,5,,,0,30,,35844,5,,,0,70,,35845,5,,,0,30,,35846,5,,,0,70,,35847,5,,,0,25,,35848,5,,,0,20,,35849,5,,,0,60,,35850,5,,,0,20,,35851,5,,,0,20,,35852,5,,,0,60,,35853,5,,,0,20,,35854,5,,,0,20,,35855,5,,,0,60,,35856,5,,,0,20,,35857,5,,,0,20,,35858,5,,,0,61,,35859,5,,,0,20,,35860,5,,,0,20,,35861,5,,,0,60,,35862,5,,,0,20,,35863,5,,,0,20,,35864,5,,,0,60,,35865,5,,,0,20,,35866,5,,,0,20,,35867,5,,,0,60,,35868,5,,,0,20,,35869,5,,,0,20,,35870,5,,,0,60,,35871,5,,,0,20,,35872,5,,,0,20,,35873,5,,,0,60,,35874,5,,,0,20,,35875,5,,,0,70,,35876,5,,,0,30,,35877,5,,,0,70,,35878,5,,,0,30,,35879,5,,,0,70,,35833,5,,,0,30,,35834,5,,,0,69,,35835,5,,,0,30,,35836,5,,,0,70,,35837,5,,,0,30,,35838,5,,,0,70,,35839,5,,,0,30,,35840,5,,,0,70,,35880,5,,,0,30,,35841,5,,,0
579800,'3',604,,35914,5,,,0,30,,35881,5,,,0,70,,35882,5,,,0,30,,35883,5,,,0,70,,35884,5,,,0,30,,35885,5,,,0,72,,35886,5,,,0,30,,35887,5,,,0,70,,35888,5,,,0,30,,35889,5,,,0,70,,35890,5,,,0,30,,35891,5,,,0,70,,35892,5,,,0,30,,35893,5,,,0,70,,35894,5,,,0,30,,35895,5,,,0,70,,35896,5,,,0,30,,35897,5,,,0,70,,35898,5,,,0,30,,35899,5,,,0,70,,35900,5,,,0,30,,35901,5,,,0,70,,35902,5,,,0,30,,35903,5,,,0,70,,35904,5,,,0,30,,35911,5,,,0,70,,35905,5,,,0,30,,35912,5,,,0,70,,35906,5,,,0,30,,35913,5,,,0,69,,35907,5,,,0,30,,35915,5,,,0,70,,35908,5,,,0,30,,35916,5,,,0,70,,35909,5,,,0,30,,35917,5,,,0,70,,35910,5,,,0
579800,'4',534,,35918,5,,,0,70,,35919,5,,,0,30,,35920,5,,,0,70,,35921,5,,,0,30,,35922,5,,,0,70,,35923,5,,,0,30,,35924,5,,,0,71,,35925,5,,,0,30,,35926,5,,,0,70,,35927,5,,,0,30,,35928,5,,,0,70,,35929,5,,,0,30,,35930,5,,,0,70,,35931,5,,,0,30,,35932,5,,,0,70,,35933,5,,,0,30,,35934,5,,,0,70,,35935,5,,,0,100,,35936,5,,,0,100,,35937,5,,,0,100,,35938,5,,,0,100,,35939,5,,,0,100,,35940,5,,,0,100,,35941,5,,,0,100,,35942,5,,,0
579800,'6',539,,35952,5,,,0,71,,35953,5,,,0,30,,35954,5,,,0,70,,35955,5,,,0,30,,35956,5,,,0,70,,35957,5,,,0,25,,35958,5,,,0,20,,35959,5,,,0,60,,35960,5,,,0,20,,35961,5,,,0,20,,35962,5,,,0,60,,35963,5,,,0,20,,35964,5,,,0,20,,35965,5,,,0,60,,35966,5,,,0,20,,35967,5,,,0,20,,35968,5,,,0,61,,35969,5,,,0,20,,35970,5,,,0,20,,35971,5,,,0,60,,35972,5,,,0,20,,35973,5,,,0,20,,35974,5,,,0,60,,35975,5,,,0,20,,35976,5,,,0,20,,35977,5,,,0,60,,35978,5,,,0,20,,35979,5,,,0,20,,35980,5,,,0,60,,35981,5,,,0,20,,35982,5,,,0,20,,35983,5,,,0,60,,35984,5,,,0,20,,35985,5,,,0,70,,35986,5,,,0,30,,35987,5,,,0,70,,35988,5,,,0,30,,35989,5,,,0,70,,35943,5,,,0,30,,35944,5,,,0,69,,35945,5,,,0,30,,35946,5,,,0,70,,35947,5,,,0,30,,35948,5,,,0,70,,35949,5,,,0,30,,35950,5,,,0,70,,35990,5,,,0,30,,35951,5,,,0
579900,'1',534,,36223,5,,,0,25,,36224,5,,,0,60,,36225,5,,,0,12,,36226,5,,,0,12,,36227,5,,,0,15,,36228,5,,,0,52,,36229,5,,,0,12,,36230,5,,,0,12,,36231,5,,,0,12,,36232,5,,,0,12,,36233,5,,,0,52,,36234,5,,,0,12,,36235,5,,,0,12,,36236,5,,,0,12,,36237,5,,,0,11,,36238,5,,,0,54,,36239,5,,,0,15,,36240,5,,,0,15,,36241,5,,,0,15,,36242,5,,,0,55,,36243,5,,,0,15,,36244,5,,,0,15,,36245,5,,,0,15,,36246,5,,,0,55,,36247,5,,,0,15,,36248,5,,,0,15,,36249,5,,,0,15,,36250,5,,,0,55,,36251,5,,,0,15,,36252,5,,,0,15,,36253,5,,,0,15,,36254,5,,,0,55,,36255,5,,,0,15,,36256,5,,,0,15,,36257,5,,,0,15,,36258,5,,,0,55,,36259,5,,,0,16,,36260,5,,,0,13,,36261,5,,,0,12,,36262,5,,,0,52,,36263,5,,,0,12,,36264,5,,,0,12,,36265,5,,,0,12,,36266,5,,,0,12,,36267,5,,,0,52,,36268,5,,,0,12,,36269,5,,,0,12,,36270,5,,,0,12,,36271,5,,,0,12,,36272,5,,,0,52,,36273,5,,,0,12,,36274,5,,,0,12,,36275,5,,,0,12,,36276,5,,,0,12,,36277,5,,,0,52,,36278,5,,,0,12,,36279,5,,,0,14,,36280,5,,,0,14,,36281,5,,,0,15,,36282,5,,,0,55,,36283,5,,,0,15,,36284,5,,,0,15,,36285,5,,,0,14,,36286,5,,,0,58,,36287,5,,,0,20,,36288,5,,,0,20,,36289,5,,,0,60,,36290,5,,,0,20,,36291,5,,,0,20,,36292,5,,,0,59,,36293,5,,,0,30,,36294,5,,,0,70,,36295,5,,,0,30,,36298,5,,,0,70,,36296,5,,,0,90,,36297,5,,,0
579900,'2',554,,36313,5,,,0,71,,36314,5,,,0,30,,36315,5,,,0,70,,36316,5,,,0,30,,36317,5,,,0,65,,36318,5,,,0,30,,36319,5,,,0,65,,36320,5,,,0,25,,36321,5,,,0,60,,36322,5,,,0,20,,36323,5,,,0,20,,36324,5,,,0,60,,36325,5,,,0,20,,36326,5,,,0,20,,36327,5,,,0,60,,36328,5,,,0,21,,36329,5,,,0,20,,36330,5,,,0,60,,36331,5,,,0,20,,36332,5,,,0,20,,36333,5,,,0,60,,36334,5,,,0,20,,36335,5,,,0,20,,36336,5,,,0,60,,36337,5,,,0,20,,36338,5,,,0,20,,36339,5,,,0,60,,36340,5,,,0,20,,36341,5,,,0,20,,36342,5,,,0,60,,36343,5,,,0,20,,36344,5,,,0,20,,36345,5,,,0,60,,36299,5,,,0,20,,36300,5,,,0,30,,36301,5,,,0,70,,36302,5,,,0,30,,36303,5,,,0,70,,36304,5,,,0,30,,36305,5,,,0,69,,36306,5,,,0,30,,36307,5,,,0,70,,36308,5,,,0,30,,36309,5,,,0,65,,36310,5,,,0,90,,36311,5,,,0,100,,36312,5,,,0
579900,'3',619,,36378,5,,,0,30,,36346,5,,,0,70,,36347,5,,,0,30,,36348,5,,,0,70,,36349,5,,,0,30,,36350,5,,,0,72,,36351,5,,,0,30,,36352,5,,,0,70,,36353,5,,,0,30,,36354,5,,,0,70,,36355,5,,,0,30,,36356,5,,,0,70,,36357,5,,,0,30,,36358,5,,,0,70,,36359,5,,,0,30,,36360,5,,,0,70,,36361,5,,,0,30,,36362,5,,,0,70,,36363,5,,,0,30,,36364,5,,,0,70,,36365,5,,,0,30,,36366,5,,,0,70,,36367,5,,,0,30,,36368,5,,,0,70,,36372,5,,,0,30,,36373,5,,,0,70,,36374,5,,,0,30,,36375,5,,,0,70,,36376,5,,,0,30,,36377,5,,,0,68,,36369,5,,,0,30,,36379,5,,,0,70,,36370,5,,,0,30,,36380,5,,,0,70,,36371,5,,,0,30,,36381,5,,,0
579900,'4',619,,36382,5,,,0,30,,36383,5,,,0,70,,36384,5,,,0,30,,36385,5,,,0,70,,36386,5,,,0,30,,36387,5,,,0,72,,36388,5,,,0,30,,36389,5,,,0,70,,36390,5,,,0,30,,36391,5,,,0,70,,36392,5,,,0,30,,36393,5,,,0,70,,36394,5,,,0,30,,36395,5,,,0,70,,36396,5,,,0,30,,36397,5,,,0,85,,36398,5,,,0,100,,36399,5,,,0,100,,36400,5,,,0,100,,36401,5,,,0,98,,36402,5,,,0,100,,36403,5,,,0,100,,36404,5,,,0
579900,'6',554,,36419,5,,,0,71,,36420,5,,,0,30,,36421,5,,,0,70,,36422,5,,,0,30,,36423,5,,,0,65,,36424,5,,,0,30,,36425,5,,,0,65,,36426,5,,,0,25,,36427,5,,,0,60,,36428,5,,,0,20,,36429,5,,,0,20,,36430,5,,,0,60,,36431,5,,,0,20,,36432,5,,,0,20,,36433,5,,,0,60,,36434,5,,,0,21,,36435,5,,,0,20,,36436,5,,,0,60,,36437,5,,,0,20,,36438,5,,,0,20,,36439,5,,,0,60,,36440,5,,,0,20,,36441,5,,,0,20,,36442,5,,,0,60,,36443,5,,,0,20,,36444,5,,,0,20,,36445,5,,,0,60,,36446,5,,,0,20,,36447,5,,,0,20,,36448,5,,,0,60,,36449,5,,,0,20,,36450,5,,,0,20,,36451,5,,,0,60,,36405,5,,,0,20,,36406,5,,,0,30,,36407,5,,,0,70,,36408,5,,,0,30,,36409,5,,,0,70,,36410,5,,,0,30,,36411,5,,,0,69,,36412,5,,,0,30,,36413,5,,,0,70,,36414,5,,,0,30,,36415,5,,,0,65,,36416,5,,,0,90,,36417,5,,,0,100,,36418,5,,,0
580000,'1',501,,36693,5,,,0,35,,36695,5,,,0,20,,36696,5,,,0,60,,36697,5,,,0,20,,36698,5,,,0,17,,36699,5,,,0,55,,36700,5,,,0,15,,36701,5,,,0,15,,36702,5,,,0,15,,36703,5,,,0,55,,36704,5,,,0,15,,36705,5,,,0,15,,36706,5,,,0,70,,36707,5,,,0,30,,36708,5,,,0,70,,36709,5,,,0,30,,36710,5,,,0,70,,36711,5,,,0,30,,36712,5,,,0,70,,36713,5,,,0,30,,36714,5,,,0,70,,36715,5,,,0,30,,36716,5,,,0,70,,36717,5,,,0,32,,36718,5,,,0,15,,36719,5,,,0,55,,36720,5,,,0,15,,36721,5,,,0,15,,36722,5,,,0,15,,36723,5,,,0,55,,36724,5,,,0,15,,36725,5,,,0,15,,36726,5,,,0,15,,36727,5,,,0,55,,36728,5,,,0,15,,36729,5,,,0,15,,36730,5,,,0,15,,36731,5,,,0,55,,36732,5,,,0,15,,36733,5,,,0,30,,36734,5,,,0,68,,36735,5,,,0,30,,36736,5,,,0,70,,36737,5,,,0,30,,36738,5,,,0,70,,36739,5,,,0,30,,36740,5,,,0,70,,36741,5,,,0,30,,36742,5,,,0,68,,36743,5,,,0,30,,36744,5,,,0,70,,36745,5,,,0,30,,36746,5,,,0,75,,36747,5,,,0
580000,'2',534,,36750,5,,,0,70,,36796,5,,,0,15,,36748,5,,,0,15,,36795,5,,,0,70,,36794,5,,,0,30,,36793,5,,,0,70,,36792,5,,,0,30,,36791,5,,,0,72,,36779,5,,,0,20,,36782,5,,,0,20,,36780,5,,,0,60,,36781,5,,,0,20,,36785,5,,,0,20,,36789,5,,,0,60,,36790,5,,,0,20,,36778,5,,,0,20,,36775,5,,,0,60,,36776,5,,,0,20,,36777,5,,,0,20,,36767,5,,,0,60,,36765,5,,,0,20,,36770,5,,,0,20,,36768,5,,,0,60,,36769,5,,,0,20,,36774,5,,,0,20,,36761,5,,,0,60,,36763,5,,,0,20,,36766,5,,,0,20,,36764,5,,,0,60,,36798,5,,,0,20,,36797,5,,,0,20,,36760,5,,,0,60,,36762,5,,,0,20,,36773,5,,,0,20,,36759,5,,,0,60,,36758,5,,,0,20,,36757,5,,,0,20,,36749,5,,,0,60,,36772,5,,,0,30,,36771,5,,,0,70,,36756,5,,,0,30,,36755,5,,,0,70,,36788,5,,,0,30,,36787,5,,,0,70,,36786,5,,,0,30,,36784,5,,,0,69,,36783,5,,,0,30,,36754,5,,,0,70,,36753,5,,,0,30,,36752,5,,,0,70,,36751,5,,,0
580000,'3',534,,36808,5,,,0,70,,36825,5,,,0,30,,36807,5,,,0,70,,36826,5,,,0,30,,36806,5,,,0,70,,36827,5,,,0,30,,36805,5,,,0,73,,36828,5,,,0,30,,36804,5,,,0,70,,36830,5,,,0,30,,36813,5,,,0,70,,36820,5,,,0,30,,36824,5,,,0,70,,36821,5,,,0,30,,36810,5,,,0,70,,36809,5,,,0,30,,36831,5,,,0,70,,36822,5,,,0,30,,36814,5,,,0,70,,36823,5,,,0,30,,36816,5,,,0,70,,36815,5,,,0,30,,36829,5,,,0,70,,36817,5,,,0,30,,36818,5,,,0,70,,36819,5,,,0,30,,36832,5,,,0,68,,36811,5,,,0,30,,36833,5,,,0,70,,36812,5,,,0,30,,36838,5,,,0,70,,36839,5,,,0,30,,36840,5,,,0,69,,36841,5,,,0,30,,36842,5,,,0,70,,36843,5,,,0,30,,36844,5,,,0,70,,36845,5,,,0
580000,'4',604,,36846,5,,,0,45,,36847,5,,,0,85,,36848,5,,,0,85,,36849,5,,,0,85,,36850,5,,,0,45,,36851,5,,,0,86,,36852,5,,,0,85,,36853,5,,,0,85,,36854,5,,,0,45,,36855,5,,,0,85,,36856,5,,,0,85,,36857,5,,,0,85,,36858,5,,,0,45,,36859,5,,,0,85,,36860,5,,,0,85,,36861,5,,,0,84,,36862,5,,,0,45,,36863,5,,,0,85,,36864,5,,,0,85,,36865,5,,,0,85,,36866,5,,,0
580000,'6',534,,36872,5,,,0,70,,36889,5,,,0,30,,36871,5,,,0,70,,36890,5,,,0,30,,36870,5,,,0,70,,36891,5,,,0,30,,36869,5,,,0,73,,36892,5,,,0,30,,36868,5,,,0,70,,36894,5,,,0,30,,36877,5,,,0,70,,36884,5,,,0,30,,36888,5,,,0,70,,36885,5,,,0,30,,36874,5,,,0,70,,36873,5,,,0,30,,36895,5,,,0,70,,36886,5,,,0,30,,36878,5,,,0,70,,36887,5,,,0,30,,36880,5,,,0,70,,36879,5,,,0,30,,36893,5,,,0,70,,36881,5,,,0,30,,36882,5,,,0,70,,36883,5,,,0,30,,36896,5,,,0,68,,36875,5,,,0,30,,36897,5,,,0,70,,36876,5,,,0,30,,36902,5,,,0,70,,36903,5,,,0,30,,36904,5,,,0,69,,36905,5,,,0,30,,36906,5,,,0,70,,36907,5,,,0,30,,36908,5,,,0,70,,36909,5,,,0
