578001,'1',507,,29290,51,,,0,15,,29291,51,,,0,15,,29292,51,,,0,10,,29293,51,,,0,10,,29294,51,,,0,50,,29295,51,,,0,10,,29296,51,,,0,10,,29297,51,,,0,10,,29298,51,,,0,10,,29299,51,,,0,10,,29300,51,,,0,50,,29301,51,,,0,10,,29302,51,,,0,10,,29303,51,,,0,13,,29304,51,,,0,8,,29305,51,,,0,7,,29306,51,,,0,48,,29307,51,,,0,7,,29308,51,,,0,8,,29309,51,,,0,7,,29310,51,,,0,8,,29311,51,,,0,7,,29312,51,,,0,8,,29313,51,,,0,7,,29314,51,,,0,48,,29315,51,,,0,7,,29316,51,,,0,8,,29317,51,,,0,7,,29318,51,,,0,8,,29319,51,,,0,7,,29320,51,,,0,8,,29321,51,,,0,7,,29322,51,,,0,48,,29323,51,,,0,7,,29324,51,,,0,8,,29325,51,,,0,7,,29326,51,,,0,8,,29327,51,,,0,10,,29328,51,,,0,8,,29329,51,,,0,7,,29330,51,,,0,48,,29331,51,,,0,7,,29332,51,,,0,8,,29333,51,,,0,7,,29334,51,,,0,8,,29335,51,,,0,7,,29336,51,,,0,6,,29337,51,,,0,6,,29338,51,,,0,46,,29339,51,,,0,6,,29340,51,,,0,6,,29341,51,,,0,6,,29342,51,,,0,6,,29343,51,,,0,6,,29344,51,,,0,6,,29345,51,,,0,6,,29346,51,,,0,6,,29347,51,,,0,6,,29348,51,,,0,46,,29349,51,,,0,6,,29350,51,,,0,6,,29351,51,,,0,6,,29352,51,,,0,6,,29353,51,,,0,6,,29354,51,,,0,6,,29355,51,,,0,6,,29356,51,,,0,6,,29357,51,,,0,6,,29358,51,,,0,46,,29359,51,,,0,6,,29360,51,,,0,6,,29361,51,,,0,6,,29362,51,,,0,6,,29363,51,,,0,6,,29364,51,,,0,6,,29365,51,,,0,8,,29366,51,,,0,6,,29367,51,,,0,6,,29368,51,,,0,46,,29369,51,,,0,6,,29370,51,,,0,6,,29371,51,,,0,6,,29372,51,,,0,6,,29373,51,,,0,6,,29374,51,,,0,6,,29375,51,,,0,6,,29376,51,,,0,6,,29377,51,,,0,6,,29378,51,,,0,46,,29379,51,,,0,6,,29380,51,,,0,6,,29381,51,,,0,6,,29382,51,,,0,6,,29383,51,,,0,6,,29384,51,,,0,6,,29385,51,,,0,6,,29386,51,,,0,6,,29387,51,,,0,6,,29388,51,,,0,46,,29389,51,,,0,6,,29390,51,,,0,6,,29391,51,,,0,6,,29392,51,,,0,6,,29393,51,,,0,6,,29394,51,,,0,6,,29395,51,,,0,6,,29396,51,,,0,6,,29397,51,,,0,6,,29398,51,,,0,46,,29399,51,,,0,6,,29400,51,,,0,6,,29401,51,,,0,6,,29402,51,,,0,6,,29403,51,,,0,6,,29404,51,,,0,6,,29405,51,,,0,6,,29406,51,,,0,7,,29407,51,,,0,48,,29408,51,,,0,7,,29409,51,,,0,8,,29410,51,,,0,7,,29411,51,,,0,8,,29412,51,,,0,10,,29413,51,,,0,9,,29414,51,,,0,55,,29415,51,,,0,15,,29416,51,,,0,15,,29417,51,,,0,15,,29418,51,,,0,55,,29419,51,,,0,15,,29420,51,,,0,15,,29421,51,,,0,15,,29422,51,,,0,55,,29423,51,,,0,15,,29424,51,,,0,15,,29425,51,,,0,13,,29426,51,,,0,60,,29427,51,,,0,20,,29428,51,,,0,20,,29429,51,,,0,62,,29430,51,,,0,18,,29431,51,,,0,20,,29432,51,,,0,62,,29433,51,,,0,18,,29434,51,,,0,22,,29435,51,,,0,58,,29436,51,,,0
578001,'2',533,,29437,51,,,0,15,,29438,51,,,0,55,,29439,51,,,0,15,,29440,51,,,0,15,,29441,51,,,0,15,,29442,51,,,0,55,,29443,51,,,0,15,,29444,51,,,0,15,,29445,51,,,0,10,,29446,51,,,0,10,,29447,51,,,0,50,,29448,51,,,0,10,,29449,51,,,0,10,,29450,51,,,0,10,,29451,51,,,0,8,,29452,51,,,0,8,,29453,51,,,0,8,,29454,51,,,0,52,,29455,51,,,0,8,,29456,51,,,0,8,,29457,51,,,0,8,,29458,51,,,0,8,,29459,51,,,0,8,,29460,51,,,0,8,,29461,51,,,0,48,,29462,51,,,0,8,,29463,51,,,0,8,,29464,51,,,0,8,,29465,51,,,0,8,,29466,51,,,0,8,,29467,51,,,0,8,,29468,51,,,0,48,,29469,51,,,0,8,,29470,51,,,0,8,,29471,51,,,0,8,,29472,51,,,0,8,,29473,51,,,0,8,,29474,51,,,0,8,,29475,51,,,0,8,,29476,51,,,0,48,,29477,51,,,0,8,,29478,51,,,0,8,,29479,51,,,0,8,,29480,51,,,0,10,,29481,51,,,0,8,,29482,51,,,0,8,,29483,51,,,0,48,,29484,51,,,0,8,,29485,51,,,0,8,,29486,51,,,0,8,,29487,51,,,0,8,,29488,51,,,0,8,,29489,51,,,0,8,,29490,51,,,0,8,,29491,51,,,0,48,,29492,51,,,0,8,,29493,51,,,0,8,,29494,51,,,0,8,,29495,51,,,0,8,,29496,51,,,0,8,,29497,51,,,0,8,,29498,51,,,0,48,,29499,51,,,0,8,,29500,51,,,0,8,,29501,51,,,0,8,,29502,51,,,0,8,,29503,51,,,0,8,,29504,51,,,0,8,,29505,51,,,0,8,,29506,51,,,0,48,,29507,51,,,0,8,,29508,51,,,0,8,,29509,51,,,0,8,,29510,51,,,0,8,,29511,51,,,0,8,,29512,51,,,0,8,,29513,51,,,0,48,,29514,51,,,0,8,,29515,51,,,0,8,,29516,51,,,0,8,,29517,51,,,0,8,,29518,51,,,0,8,,29519,51,,,0,8,,29520,51,,,0,8,,29521,51,,,0,48,,29522,51,,,0,8,,29523,51,,,0,8,,29524,51,,,0,8,,29525,51,,,0,5,,29526,51,,,0,10,,29527,51,,,0,10,,29528,51,,,0,50,,29529,51,,,0,10,,29530,51,,,0,10,,29531,51,,,0,10,,29532,51,,,0,15,,29533,51,,,0,55,,29534,51,,,0,15,,29535,51,,,0,15,,29536,51,,,0,15,,29537,51,,,0,55,,29538,51,,,0,15,,29539,51,,,0,15,,29540,51,,,0,20,,29541,51,,,0,58,,29542,51,,,0,20,,29543,51,,,0,20,,29544,51,,,0,60,,29545,51,,,0,20,,29546,51,,,0,20,,29547,51,,,0,60,,29548,51,,,0,20,,29549,51,,,0,20,,29550,51,,,0,60,,29551,51,,,0,20,,29552,51,,,0,20,,29553,51,,,0
578001,'3',546,,29554,51,,,0,70,,29555,51,,,0,30,,29556,51,,,0,70,,29557,51,,,0,30,,29558,51,,,0,70,,29559,51,,,0,30,,29560,51,,,0,70,,29561,51,,,0,38,,29562,51,,,0,70,,29563,51,,,0,25,,29564,51,,,0,60,,29565,51,,,0,15,,29566,51,,,0,15,,29567,51,,,0,10,,29568,51,,,0,10,,29569,51,,,0,50,,29570,51,,,0,10,,29571,51,,,0,10,,29572,51,,,0,10,,29573,51,,,0,10,,29574,51,,,0,10,,29575,51,,,0,50,,29576,51,,,0,10,,29577,51,,,0,10,,29578,51,,,0,10,,29579,51,,,0,10,,29580,51,,,0,10,,29581,51,,,0,50,,29582,51,,,0,10,,29583,51,,,0,10,,29584,51,,,0,10,,29585,51,,,0,10,,29586,51,,,0,10,,29587,51,,,0,50,,29588,51,,,0,10,,29589,51,,,0,10,,29590,51,,,0,10,,29591,51,,,0,10,,29592,51,,,0,10,,29593,51,,,0,50,,29594,51,,,0,10,,29595,51,,,0,10,,29596,51,,,0,10,,29597,51,,,0,10,,29598,51,,,0,10,,29599,51,,,0,50,,29600,51,,,0,10,,29601,51,,,0,10,,29602,51,,,0,10,,29603,51,,,0,10,,29604,51,,,0,10,,29605,51,,,0,50,,29606,51,,,0,10,,29607,51,,,0,10,,29608,51,,,0,10,,29609,51,,,0,10,,29610,51,,,0,10,,29611,51,,,0,50,,29612,51,,,0,10,,29613,51,,,0,10,,29614,51,,,0,5,,29615,51,,,0,15,,29616,51,,,0,60,,29617,51,,,0,20,,29618,51,,,0,20,,29619,51,,,0,60,,29620,51,,,0,20,,29621,51,,,0,20,,29622,51,,,0,60,,29623,51,,,0,20,,29624,51,,,0,18,,29625,51,,,0,60,,29626,51,,,0,20,,29627,51,,,0,20,,29628,51,,,0,60,,29629,51,,,0,20,,29630,51,,,0,20,,29631,51,,,0
578001,'4',621,,29632,51,,,0,30,,29633,51,,,0,70,,29634,51,,,0,30,,29635,51,,,0,70,,29636,51,,,0,30,,29637,51,,,0,70,,29638,51,,,0,30,,29639,51,,,0,70,,29640,51,,,0,30,,29641,51,,,0,70,,29642,51,,,0,30,,29643,51,,,0,70,,29644,51,,,0,30,,29645,51,,,0,70,,29646,51,,,0,30,,29647,51,,,0,70,,29648,51,,,0,30,,29649,51,,,0,70,,29650,51,,,0,30,,29651,51,,,0,70,,29652,51,,,0,30,,29653,51,,,0,70,,29654,51,,,0,30,,29655,51,,,0,70,,29656,51,,,0,30,,29657,51,,,0,70,,29658,51,,,0,30,,29659,51,,,0,70,,29660,51,,,0,30,,29661,51,,,0,70,,29662,51,,,0,30,,29663,51,,,0,70,,29664,51,,,0
578001,'6',533,,29665,51,,,0,15,,29666,51,,,0,55,,29667,51,,,0,15,,29668,51,,,0,15,,29669,51,,,0,15,,29670,51,,,0,55,,29671,51,,,0,15,,29672,51,,,0,15,,29673,51,,,0,10,,29674,51,,,0,10,,29675,51,,,0,50,,29676,51,,,0,10,,29677,51,,,0,10,,29678,51,,,0,10,,29679,51,,,0,8,,29680,51,,,0,8,,29681,51,,,0,8,,29682,51,,,0,52,,29683,51,,,0,8,,29684,51,,,0,8,,29685,51,,,0,8,,29686,51,,,0,8,,29687,51,,,0,8,,29688,51,,,0,8,,29689,51,,,0,48,,29690,51,,,0,8,,29691,51,,,0,8,,29692,51,,,0,8,,29693,51,,,0,8,,29694,51,,,0,8,,29695,51,,,0,8,,29696,51,,,0,48,,29697,51,,,0,8,,29698,51,,,0,8,,29699,51,,,0,8,,29700,51,,,0,8,,29701,51,,,0,8,,29702,51,,,0,8,,29703,51,,,0,8,,29704,51,,,0,48,,29705,51,,,0,8,,29706,51,,,0,8,,29707,51,,,0,8,,29708,51,,,0,10,,29709,51,,,0,8,,29710,51,,,0,8,,29711,51,,,0,48,,29712,51,,,0,8,,29713,51,,,0,8,,29714,51,,,0,8,,29715,51,,,0,8,,29716,51,,,0,8,,29717,51,,,0,8,,29718,51,,,0,8,,29719,51,,,0,48,,29720,51,,,0,8,,29721,51,,,0,8,,29722,51,,,0,8,,29723,51,,,0,8,,29724,51,,,0,8,,29725,51,,,0,8,,29726,51,,,0,48,,29727,51,,,0,8,,29728,51,,,0,8,,29729,51,,,0,8,,29730,51,,,0,8,,29731,51,,,0,8,,29732,51,,,0,8,,29733,51,,,0,8,,29734,51,,,0,48,,29735,51,,,0,8,,29736,51,,,0,8,,29737,51,,,0,8,,29738,51,,,0,8,,29739,51,,,0,8,,29740,51,,,0,8,,29741,51,,,0,48,,29742,51,,,0,8,,29743,51,,,0,8,,29744,51,,,0,8,,29745,51,,,0,8,,29746,51,,,0,8,,29747,51,,,0,8,,29748,51,,,0,8,,29749,51,,,0,48,,29750,51,,,0,8,,29751,51,,,0,8,,29752,51,,,0,8,,29753,51,,,0,5,,29754,51,,,0,10,,29755,51,,,0,10,,29756,51,,,0,50,,29757,51,,,0,10,,29758,51,,,0,10,,29759,51,,,0,10,,29760,51,,,0,15,,29761,51,,,0,55,,29762,51,,,0,15,,29763,51,,,0,15,,29764,51,,,0,15,,29765,51,,,0,55,,29766,51,,,0,15,,29767,51,,,0,15,,29768,51,,,0,20,,29769,51,,,0,58,,29770,51,,,0,20,,29771,51,,,0,20,,29772,51,,,0,60,,29773,51,,,0,20,,29774,51,,,0,20,,29775,51,,,0,60,,29776,51,,,0,20,,29777,51,,,0,20,,29778,51,,,0,60,,29779,51,,,0,20,,29780,51,,,0,20,,29781,51,,,0
578101,'1',607,,29961,36,,,0,30,,29962,36,,,0,70,,29963,36,,,0,28,,29964,36,,,0,15,,29965,36,,,0,55,,29966,36,,,0,15,,29967,36,,,0,15,,29968,36,,,0,15,,29969,36,,,0,55,,29970,36,,,0,12,,29971,36,,,0,15,,29972,36,,,0,15,,29973,36,,,0,55,,29974,36,,,0,15,,29975,36,,,0,30,,29976,36,,,0,70,,29977,36,,,0,30,,29978,36,,,0,70,,29979,36,,,0,30,,29980,36,,,0,70,,29981,36,,,0,30,,29982,36,,,0,70,,29983,36,,,0,20,,29984,36,,,0,15,,29985,36,,,0,58,,29986,36,,,0,15,,29987,36,,,0,15,,29988,36,,,0,15,,29989,36,,,0,55,,29990,36,,,0,15,,29991,36,,,0,15,,29992,36,,,0,15,,29993,36,,,0,55,,29994,36,,,0,15,,29995,36,,,0,15,,29996,36,,,0,10,,29997,36,,,0,55,,29998,36,,,0,18,,29999,36,,,0,30,,30000,36,,,0,70,,30001,36,,,0,30,,30002,36,,,0,70,,30003,36,,,0,30,,30004,36,,,0,70,,30005,36,,,0,30,,30006,36,,,0,69,,30007,36,,,0,30,,30008,36,,,0,70,,30009,36,,,0,30,,30010,36,,,0,70,,30011,36,,,0,30,,30012,36,,,0,60,,30013,36,,,0
578101,'2',621,,30017,36,,,0,30,,30043,36,,,0,70,,30015,36,,,0,30,,30016,36,,,0,70,,30041,36,,,0,30,,30042,36,,,0,70,,30018,36,,,0,30,,30021,36,,,0,77,,30019,36,,,0,30,,30020,36,,,0,70,,30022,36,,,0,30,,30024,36,,,0,70,,30026,36,,,0,30,,30023,36,,,0,70,,30034,36,,,0,30,,30025,36,,,0,70,,30040,36,,,0,30,,30029,36,,,0,70,,30027,36,,,0,30,,30028,36,,,0,70,,30032,36,,,0,30,,30030,36,,,0,70,,30031,36,,,0,30,,30039,36,,,0,65,,30045,36,,,0,30,,30044,36,,,0,70,,30038,36,,,0,30,,30037,36,,,0,70,,30014,36,,,0,30,,30036,36,,,0,70,,30033,36,,,0,29,,30035,36,,,0,70,,30046,36,,,0,30,,30047,36,,,0,70,,30048,36,,,0,30,,30049,36,,,0,70,,30050,36,,,0,30,,30051,36,,,0,70,,30052,36,,,0
578101,'3',921,,30072,36,,,0,30,,30071,36,,,0,70,,30070,36,,,0,30,,30069,36,,,0,70,,30068,36,,,0,30,,30067,36,,,0,70,,30066,36,,,0,31,,30065,36,,,0,65,,30064,36,,,0,30,,30063,36,,,0,70,,30062,36,,,0,30,,30061,36,,,0,70,,30060,36,,,0,30,,30059,36,,,0,70,,30058,36,,,0,30,,30057,36,,,0,70,,30056,36,,,0,30,,30055,36,,,0,70,,30054,36,,,0,30,,30053,36,,,0,70,,30073,36,,,0,30,,30074,36,,,0,70,,30075,36,,,0,34,,30076,36,,,0,70,,30077,36,,,0,30,,30078,36,,,0,70,,30079,36,,,0,30,,30080,36,,,0,70,,30081,36,,,0,30,,30082,36,,,0
578101,'4',916,,30083,36,,,0,30,,30084,36,,,0,70,,30085,36,,,0,30,,30086,36,,,0,70,,30087,36,,,0,30,,30088,36,,,0,70,,30089,36,,,0,30,,30090,36,,,0,70,,30091,36,,,0,30,,30092,36,,,0,70,,30093,36,,,0,30,,30094,36,,,0,70,,30095,36,,,0,30,,30096,36,,,0,70,,30097,36,,,0,30,,30098,36,,,0,70,,30099,36,,,0,30,,30100,36,,,0,70,,30101,36,,,0,30,,30102,36,,,0,70,,30103,36,,,0,30,,30104,36,,,0,100,,30105,36,,,0
578101,'6',921,,30125,36,,,0,30,,30124,36,,,0,70,,30123,36,,,0,30,,30122,36,,,0,70,,30121,36,,,0,30,,30120,36,,,0,70,,30119,36,,,0,31,,30118,36,,,0,65,,30117,36,,,0,30,,30116,36,,,0,70,,30115,36,,,0,30,,30114,36,,,0,70,,30113,36,,,0,30,,30112,36,,,0,70,,30111,36,,,0,30,,30110,36,,,0,70,,30109,36,,,0,30,,30108,36,,,0,70,,30107,36,,,0,30,,30106,36,,,0,70,,30126,36,,,0,30,,30127,36,,,0,70,,30128,36,,,0,34,,30129,36,,,0,70,,30130,36,,,0,30,,30131,36,,,0,70,,30132,36,,,0,30,,30133,36,,,0,70,,30134,36,,,0,30,,30135,36,,,0
578201,'1',544,,30350,70,,,0,60,,30336,70,,,0,20,,30349,70,,,0,20,,30348,70,,,0,60,,30351,70,,,0,20,,30352,70,,,0,21,,30353,70,,,0,60,,30354,70,,,0,20,,30355,70,,,0,25,,30356,74,,,0,60,,30357,74,,,0,20,,30358,74,,,0,20,,30359,74,,,0,60,,30360,74,,,0,20,,30361,74,,,0,20,,30362,74,,,0,60,,30363,74,,,0,20,,30364,74,,,0,20,,30365,74,,,0,60,,30366,74,,,0,20,,30367,74,,,0,20,,30368,74,,,0,60,,30369,74,,,0,20,,30370,74,,,0,20,,30371,74,,,0,60,,30372,74,,,0,20,,30373,74,,,0,20,,30374,74,,,0,60,,30375,74,,,0,20,,30376,74,,,0,20,,30377,74,,,0,60,,30378,74,,,0,20,,30379,74,,,0,20,,30380,74,,,0,60,,30381,74,,,0,20,,30382,74,,,0,20,,30383,74,,,0,60,,30384,74,,,0,20,,30385,74,,,0,25,,30386,74,,,0,70,,30337,74,,,0,30,,30338,74,,,0,70,,30339,74,,,0,30,,30340,74,,,0,70,,30341,74,,,0,30,,30342,74,,,0,70,,30343,74,,,0,23,,30344,70,,,0,70,,30345,70,,,0,30,,30335,70,,,0,70,,30346,70,,,0,40,,30334,70,,,0,65,,30347,70,,,0
578201,'2',556,,30387,13,,,0,67,,30388,70,,,0,30,,30389,70,,,0,70,,30390,70,,,0,30,,30391,70,,,0,70,,30392,70,,,0,30,,30393,74,,,0,69,,30394,74,,,0,29,,30395,74,,,0,60,,30396,74,,,0,20,,30397,74,,,0,20,,30398,74,,,0,60,,30399,74,,,0,20,,30400,74,,,0,20,,30401,74,,,0,60,,30402,74,,,0,20,,30403,74,,,0,19,,30404,70,,,0,60,,30405,70,,,0,20,,30406,70,,,0,20,,30407,70,,,0,60,,30408,70,,,0,20,,30409,70,,,0,20,,30410,70,,,0,60,,30411,70,,,0,20,,30412,70,,,0,20,,30413,70,,,0,60,,30414,70,,,0,20,,30415,70,,,0,20,,30416,70,,,0,60,,30417,70,,,0,20,,30418,70,,,0,23,,30419,70,,,0,70,,30420,70,,,0,30,,30421,70,,,0,70,,30422,70,,,0,30,,30423,70,,,0,70,,30424,70,,,0,30,,30425,70,,,0,70,,30426,70,,,0,30,,30427,70,,,0,70,,30428,70,,,0,30,,30429,70,,,0,70,,30430,70,,,0,30,,30431,70,,,0,70,,30432,70,,,0,90,,30433,70,,,0
578201,'3',556,,30470,13,,,0,90,,30469,70,,,0,75,,30468,70,,,0,30,,30467,70,,,0,70,,30466,70,,,0,30,,30465,70,,,0,70,,30464,70,,,0,32,,30463,70,,,0,70,,30462,70,,,0,30,,30461,70,,,0,70,,30460,70,,,0,30,,30459,70,,,0,70,,30458,70,,,0,30,,30457,70,,,0,70,,30456,70,,,0,30,,30455,70,,,0,70,,30454,70,,,0,30,,30453,70,,,0,70,,30452,70,,,0,30,,30451,70,,,0,70,,30450,70,,,0,30,,30449,70,,,0,70,,30448,70,,,0,30,,30447,70,,,0,70,,30446,70,,,0,30,,30445,70,,,0,70,,30444,70,,,0,30,,30443,70,,,0,70,,30442,70,,,0,28,,30441,70,,,0,70,,30440,70,,,0,30,,30439,70,,,0,70,,30438,70,,,0,30,,30437,70,,,0,70,,30436,70,,,0,30,,30435,70,,,0,70,,30434,70,,,0
578201,'4',723,,30471,70,,,0,80,,30472,70,,,0,40,,30473,70,,,0,80,,30474,70,,,0,80,,30475,70,,,0,40,,30476,70,,,0,80,,30477,70,,,0,80,,30478,70,,,0,40,,30479,70,,,0,80,,30480,70,,,0,80,,30481,70,,,0,40,,30482,70,,,0,105,,30483,70,,,0,100,,30484,70,,,0,100,,30485,70,,,0,100,,30486,70,,,0,100,,30487,70,,,0,100,,30488,70,,,0,90,,30489,70,,,0
578201,'6',556,,30526,13,,,0,90,,30525,70,,,0,75,,30524,70,,,0,30,,30523,70,,,0,70,,30522,70,,,0,30,,30521,70,,,0,70,,30520,70,,,0,32,,30519,70,,,0,70,,30518,70,,,0,30,,30517,70,,,0,70,,30516,70,,,0,30,,30515,70,,,0,70,,30514,70,,,0,30,,30513,70,,,0,70,,30512,70,,,0,30,,30511,70,,,0,70,,30510,70,,,0,30,,30509,70,,,0,70,,30508,70,,,0,30,,30507,70,,,0,70,,30506,70,,,0,30,,30505,70,,,0,70,,30504,70,,,0,30,,30503,70,,,0,70,,30502,70,,,0,30,,30501,70,,,0,70,,30500,70,,,0,30,,30499,70,,,0,70,,30498,70,,,0,28,,30497,70,,,0,70,,30496,70,,,0,30,,30495,70,,,0,70,,30494,70,,,0,30,,30493,70,,,0,70,,30492,70,,,0,30,,30491,70,,,0,70,,30490,70,,,0
579300,'1',517,,33626,9,,,0,20,,33603,9,,,0,15,,33616,9,,,0,55,,33617,9,,,0,15,,33604,9,,,0,15,,33554,9,,,0,15,,33618,9,,,0,56,,33555,9,,,0,15,,33619,9,,,0,15,,33556,9,,,0,15,,33557,9,,,0,55,,33559,9,,,0,15,,33558,9,,,0,10,,33581,9,,,0,10,,33553,9,,,0,10,,33552,9,,,0,50,,33582,9,,,0,10,,33551,9,,,0,10,,33550,9,,,0,10,,33583,9,,,0,10,,33549,9,,,0,10,,33548,9,,,0,50,,33584,9,,,0,10,,33580,9,,,0,10,,33547,9,,,0,10,,33585,9,,,0,20,,33605,9,,,0,60,,33606,9,,,0,20,,33607,9,,,0,20,,33608,9,,,0,60,,33609,9,,,0,20,,33610,9,,,0,20,,33611,9,,,0,60,,33612,9,,,0,20,,33613,9,,,0,20,,33614,9,,,0,60,,33615,9,,,0,20,,33544,9,,,0,20,,33586,9,,,0,60,,33579,9,,,0,10,,33578,9,,,0,10,,33587,9,,,0,10,,33577,9,,,0,10,,33576,9,,,0,50,,33588,9,,,0,10,,33575,9,,,0,10,,33574,9,,,0,10,,33589,9,,,0,10,,33573,9,,,0,10,,33572,9,,,0,50,,33590,9,,,0,10,,33571,9,,,0,10,,33570,9,,,0,10,,33591,9,,,0,10,,33569,9,,,0,10,,33568,9,,,0,50,,33592,9,,,0,10,,33567,9,,,0,10,,33566,9,,,0,9,,33593,9,,,0,10,,33565,9,,,0,10,,33564,9,,,0,50,,33594,9,,,0,10,,33563,9,,,0,15,,33602,9,,,0,15,,33562,9,,,0,60,,33561,9,,,0,20,,33560,9,,,0,20,,33620,9,,,0,60,,33546,9,,,0,20,,33621,9,,,0,20,,33545,9,,,0,60,,33595,9,,,0,20,,33622,9,,,0,20,,33596,9,,,0,60,,33597,9,,,0,20,,33623,9,,,0,20,,33598,9,,,0,60,,33599,9,,,0,20,,33624,9,,,0,20,,33600,9,,,0,60,,33625,9,,,0,13,,33601,9,,,0
579300,'2',527,,33687,9,,,0,20,,33627,9,,,0,60,,33688,9,,,0,20,,33628,9,,,0,20,,33689,9,,,0,60,,33629,9,,,0,20,,33630,9,,,0,20,,33690,9,,,0,60,,33631,9,,,0,20,,33632,9,,,0,20,,33633,9,,,0,55,,33634,9,,,0,15,,33635,9,,,0,15,,33636,9,,,0,15,,33637,9,,,0,55,,33638,9,,,0,15,,33639,9,,,0,15,,33640,9,,,0,15,,33641,9,,,0,55,,33642,9,,,0,15,,33643,9,,,0,15,,33644,9,,,0,15,,33645,9,,,0,55,,33646,9,,,0,15,,33647,9,,,0,15,,33648,9,,,0,15,,33649,9,,,0,55,,33650,9,,,0,15,,33651,9,,,0,15,,33652,9,,,0,15,,33653,9,,,0,55,,33654,9,,,0,15,,33655,9,,,0,15,,33656,9,,,0,15,,33657,9,,,0,55,,33658,9,,,0,15,,33659,9,,,0,15,,33660,9,,,0,15,,33661,9,,,0,55,,33662,9,,,0,15,,33663,9,,,0,15,,33664,9,,,0,15,,33665,9,,,0,55,,33666,9,,,0,15,,33667,9,,,0,15,,33668,9,,,0,15,,33669,9,,,0,55,,33670,9,,,0,15,,33671,9,,,0,15,,33672,9,,,0,15,,33673,9,,,0,55,,33674,9,,,0,20,,33691,9,,,0,20,,33675,9,,,0,60,,33676,9,,,0,20,,33692,9,,,0,20,,33677,9,,,0,60,,33678,9,,,0,20,,33693,9,,,0,20,,33679,9,,,0,60,,33680,9,,,0,20,,33694,9,,,0,20,,33681,9,,,0,60,,33682,9,,,0,20,,33695,9,,,0,20,,33683,9,,,0,60,,33684,9,,,0,20,,33696,9,,,0,20,,33685,9,,,0,60,,33686,9,,,0,20,,33697,9,,,0
579300,'3',537,,33744,9,,,0,70,,33728,9,,,0,30,,33729,9,,,0,70,,33730,9,,,0,30,,33731,9,,,0,70,,33732,9,,,0,30,,33733,9,,,0,71,,33734,9,,,0,30,,33735,9,,,0,70,,33736,9,,,0,30,,33737,9,,,0,20,,33738,9,,,0,60,,33739,9,,,0,20,,33740,9,,,0,20,,33741,9,,,0,60,,33742,9,,,0,20,,33743,9,,,0,20,,33698,9,,,0,60,,33699,9,,,0,20,,33700,9,,,0,20,,33701,9,,,0,60,,33702,9,,,0,20,,33703,9,,,0,20,,33704,9,,,0,60,,33705,9,,,0,20,,33706,9,,,0,20,,33707,9,,,0,60,,33708,9,,,0,20,,33709,9,,,0,20,,33710,9,,,0,60,,33711,9,,,0,20,,33712,9,,,0,20,,33713,9,,,0,59,,33714,9,,,0,20,,33715,9,,,0,20,,33716,9,,,0,60,,33717,9,,,0,30,,33718,9,,,0,70,,33719,9,,,0,30,,33720,9,,,0,70,,33721,9,,,0,30,,33722,9,,,0,70,,33723,9,,,0,30,,33724,9,,,0,70,,33725,9,,,0,30,,33726,9,,,0,70,,33727,9,,,0
579300,'4',544,,33784,9,,,0,90,,33783,9,,,0,70,,33782,9,,,0,30,,33781,9,,,0,70,,33780,9,,,0,30,,33779,9,,,0,70,,33778,9,,,0,30,,33777,9,,,0,70,,33776,9,,,0,30,,33775,9,,,0,70,,33774,9,,,0,20,,33773,9,,,0,20,,33772,9,,,0,60,,33771,9,,,0,20,,33770,9,,,0,20,,33769,9,,,0,60,,33768,9,,,0,20,,33767,9,,,0,20,,33766,9,,,0,60,,33765,9,,,0,20,,33764,9,,,0,20,,33763,9,,,0,60,,33762,9,,,0,20,,33761,9,,,0,20,,33760,9,,,0,60,,33759,9,,,0,20,,33758,9,,,0,20,,33757,9,,,0,60,,33756,9,,,0,20,,33755,9,,,0,20,,33754,9,,,0,60,,33753,9,,,0,20,,33752,9,,,0,20,,33751,9,,,0,60,,33750,9,,,0,20,,33749,9,,,0,20,,33748,9,,,0,65,,33747,9,,,0,30,,33746,9,,,0,70,,33745,9,,,0
579300,'6',537,,33831,9,,,0,70,,33815,9,,,0,30,,33816,9,,,0,70,,33817,9,,,0,30,,33818,9,,,0,70,,33819,9,,,0,30,,33820,9,,,0,71,,33821,9,,,0,30,,33822,9,,,0,70,,33823,9,,,0,30,,33824,9,,,0,20,,33825,9,,,0,60,,33826,9,,,0,20,,33827,9,,,0,20,,33828,9,,,0,60,,33829,9,,,0,20,,33830,9,,,0,20,,33785,9,,,0,60,,33786,9,,,0,20,,33787,9,,,0,20,,33788,9,,,0,60,,33789,9,,,0,20,,33790,9,,,0,20,,33791,9,,,0,60,,33792,9,,,0,20,,33793,9,,,0,20,,33794,9,,,0,60,,33795,9,,,0,20,,33796,9,,,0,20,,33797,9,,,0,60,,33798,9,,,0,20,,33799,9,,,0,20,,33800,9,,,0,59,,33801,9,,,0,20,,33802,9,,,0,20,,33803,9,,,0,60,,33804,9,,,0,30,,33805,9,,,0,70,,33806,9,,,0,30,,33807,9,,,0,70,,33808,9,,,0,30,,33809,9,,,0,70,,33810,9,,,0,30,,33811,9,,,0,70,,33812,9,,,0,30,,33813,9,,,0,70,,33814,9,,,0
581201,'3401',1023,,40121,4,,,0,30,,40122,4,,,0,70,,40123,4,,,0,30,,40124,4,,,0,70,,40125,4,,,0,30,,40126,4,,,0,70,,40127,4,,,0,30,,40128,4,,,0,70,,40129,4,,,0,30,,40130,4,,,0,70,,40131,4,,,0,30,,40132,4,,,0,70,,40133,4,,,0,30,,40134,4,,,0,70,,40135,4,,,0,30,,40136,4,,,0,70,,40137,4,,,0,30,,40138,4,,,0,70,,40139,4,,,0,30,,40140,4,,,0,70,,40141,4,,,0,30,,40142,4,,,0
581201,'3402',1023,,40143,4,,,0,30,,40144,4,,,0,70,,40145,4,,,0,30,,40146,4,,,0,70,,40147,4,,,0,30,,40148,4,,,0,70,,40149,4,,,0,30,,40150,4,,,0,70,,40151,4,,,0,30,,40152,4,,,0,70,,40153,4,,,0,30,,40154,4,,,0,70,,40155,4,,,0,30,,40156,4,,,0,70,,40157,4,,,0,30,,40158,4,,,0,70,,40159,4,,,0,30,,40160,4,,,0,70,,40161,4,,,0,30,,40162,4,,,0,70,,40163,4,,,0,30,,40164,4,,,0
581201,'3403',1023,,40165,4,,,0,30,,40166,4,,,0,70,,40167,4,,,0,30,,40168,4,,,0,70,,40169,4,,,0,30,,40170,4,,,0,70,,40171,4,,,0,30,,40172,4,,,0,70,,40173,4,,,0,30,,40174,4,,,0,70,,40175,4,,,0,30,,40176,4,,,0,70,,40177,4,,,0,30,,40178,4,,,0,70,,40179,4,,,0,30,,40180,4,,,0,70,,40181,4,,,0,30,,40182,4,,,0,70,,40183,4,,,0,30,,40184,4,,,0,70,,40185,4,,,0,30,,40186,4,,,0
