578300,'1',524,,30529,24,0,23 24,0,25,,30532,67,0,23 24,0,70,,30535,67,0,23 24,0,30,,30538,67,0,23 24,0,55,,30540,67,0,23 24,0,15,,30542,67,0,23 24,0,15,,30544,67,0,23 24,0,15,,30546,67,0,23 24,0,55,,30548,67,0,23 24,0,15,,30550,67,0,23 24,0,15,,30552,67,0,23 24,0,15,,30554,67,0,23 24,0,55,,30556,67,0,23 24,0,20,,30558,67,0,23 24,0,15,,30560,67,0,23 24,0,15,,30562,67,0,23 24,0,70,,30566,67,0,23 24,0,30,,30569,67,0,23 24,0,70,,30572,67,0,23 24,0,30,,30575,67,0,23 24,0,70,,30578,67,0,23 24,0,30,,30581,67,0,23 24,0,70,,30584,67,0,23 24,0,30,,30587,67,0,23 24,0,71,,30590,67,0,23 24,0,15,,30592,67,0,23 24,0,15,,30594,67,0,23 24,0,55,,30596,67,0,23 24,0,15,,30598,67,0,23 24,0,15,,30600,67,0,23 24,0,15,,30602,67,0,23 24,0,55,,30604,67,0,23 24,0,15,,30606,67,0,23 24,0,15,,30608,67,0,23 24,0,15,,30610,67,0,23 24,0,55,,30612,67,0,23 24,0,15,,30614,67,0,23 24,0,15,,30616,67,0,23 24,0,15,,30618,67,0,23 24,0,55,,30620,67,0,23 24,0,15,,30622,67,0,23 24,0,15,,30624,67,0,23 24,0,9,,30626,67,0,23 24,0,70,,30629,67,0,23 24,0,30,,30632,67,0,23 24,0,70,,30635,67,0,23 24,0,30,,30638,67,0,23 24,0,70,,30641,67,0,23 24,0,30,,30644,67,0,23 24,0,66,,30647,67,0,23 24,0,85,,30650,67,0,23 24,0,45,,30653,67,0,23 24,0,85,,30656,67,0,23 24,0,85,,30659,67,0,23 24,0,21,,30662,67,0,23 24,0
578300,'2',447,,30665,24,0,23 24,0,70,,30667,24,0,23 24,0,85,,30670,67,0,23 24,0,27,,30672,67,0,23 24,0,76,,30675,67,0,23 24,0,36,,30678,67,0,23 24,0,70,,30681,24,0,23 24,0,13,,30682,67,0,23 24,0,76,,30685,67,0,23 24,0,36,,30688,67,0,23 24,0,76,,30691,67,0,23 24,0,36,,30694,67,0,23 24,0,76,,30697,67,0,23 24,0,76,,30700,67,0,23 24,0,36,,30703,67,0,23 24,0,76,,30706,67,0,23 24,0,36,,30709,67,0,23 24,0,76,,30712,67,0,23 24,0,76,,30715,67,0,23 24,0,36,,30718,67,0,23 24,0,76,,30721,67,0,23 24,0,36,,30724,67,0,23 24,0,76,,30727,67,0,23 24,0,76,,30730,67,0,23 24,0,32,,30733,67,0,23 24,0,76,,30736,67,0,23 24,0,32,,30739,67,0,23 24,0,76,,30742,67,0,23 24,0,36,,30745,67,0,23 24,0,76,,30748,67,0,23 24,0,77,,30751,67,0,23 24,0,43,,30754,67,0,23 24,0,70,,30756,67,0,23 24,0,85,,30759,67,0,23 24,0,45,,30762,67,0,23 24,0,90,,30766,67,0,23 24,0
578300,'3',532,,30769,24,0,23 24,0,85,,30772,67,0,23 24,0,23,,30774,24,0,23 24,0,62,,30776,67,0,23 24,0,45,,30779,67,0,23 24,0,85,,30782,67,0,23 24,0,85,,30785,67,0,23 24,0,36,,30788,67,0,23 24,0,83,,30791,67,0,23 24,0,76,,30794,67,0,23 24,0,36,,30797,67,0,23 24,0,76,,30800,67,0,23 24,0,76,,30803,67,0,23 24,0,36,,30806,67,0,23 24,0,76,,30809,67,0,23 24,0,36,,30812,67,0,23 24,0,76,,30815,67,0,23 24,0,76,,30818,67,0,23 24,0,36,,30821,67,0,23 24,0,76,,30824,67,0,23 24,0,36,,30827,67,0,23 24,0,73,,30830,67,0,23 24,0,85,,30833,67,0,23 24,0,45,,30836,67,0,23 24,0,85,,30839,67,0,23 24,0,85,,30842,67,0,23 24,0,85,,30845,67,0,23 24,0,42,,30848,67,0,23 24,0,85,,30851,67,0,23 24,0,85,,30855,67,0,23 24,0
578300,'4',547,,30921,24,0,23 24,0,80,,30857,24,0,23 24,0,75,,30860,67,0,23 24,0,45,,30863,67,0,23 24,0,85,,30866,67,0,23 24,0,85,,30869,67,0,23 24,0,85,,30872,67,0,23 24,0,50,,30875,67,0,23 24,0,85,,30878,67,0,23 24,0,85,,30881,67,0,23 24,0,85,,30884,67,0,23 24,0,45,,30887,67,0,23 24,0,85,,30890,67,0,23 24,0,85,,30893,67,0,23 24,0,85,,30896,67,0,23 24,0,45,,30899,67,0,23 24,0,85,,30902,67,0,23 24,0,80,,30905,67,0,23 24,0,85,,30908,67,0,23 24,0,45,,30911,67,0,23 24,0,85,,30914,67,0,23 24,0,85,,30918,67,0,23 24,0
578300,'6',532,,30923,24,0,23 24,0,85,,30926,67,0,23 24,0,23,,30928,24,0,23 24,0,62,,30930,67,0,23 24,0,45,,30933,67,0,23 24,0,85,,30936,67,0,23 24,0,85,,30939,67,0,23 24,0,36,,30942,67,0,23 24,0,83,,30945,67,0,23 24,0,76,,30948,67,0,23 24,0,36,,30951,67,0,23 24,0,76,,30954,67,0,23 24,0,76,,30957,67,0,23 24,0,36,,30960,67,0,23 24,0,76,,30963,67,0,23 24,0,36,,30966,67,0,23 24,0,76,,30969,67,0,23 24,0,76,,30972,67,0,23 24,0,36,,30975,67,0,23 24,0,76,,30978,67,0,23 24,0,36,,30981,67,0,23 24,0,73,,30984,67,0,23 24,0,85,,30987,67,0,23 24,0,45,,30990,67,0,23 24,0,85,,30993,67,0,23 24,0,85,,30996,67,0,23 24,0,85,,30999,67,0,23 24,0,42,,31002,67,0,23 24,0,85,,31005,67,0,23 24,0,85,,31009,67,0,23 24,0
580800,'14601',526,,39276,27,,,0,20,,39270,27,,,0,60,,39271,27,,,0,20,,39272,27,,,0,20,,39273,27,,,0,60,,39274,27,,,0,20,,39275,27,,,0,20,,39174,27,,,0,58,,39175,27,,,0,7,,39188,27,,,0,7,,39189,27,,,0,8,,39196,27,,,0,7,,39190,27,,,0,8,,39197,27,,,0,7,,39191,27,,,0,8,,39198,27,,,0,47,,39192,27,,,0,8,,39199,27,,,0,7,,39193,27,,,0,10,,39200,27,,,0,7,,39194,27,,,0,8,,39201,27,,,0,7,,39195,27,,,0,50,,39202,27,,,0,10,,39203,27,,,0,10,,39204,27,,,0,10,,39205,27,,,0,10,,39206,27,,,0,10,,39207,27,,,0,50,,39208,27,,,0,10,,39209,27,,,0,10,,39210,27,,,0,10,,39211,27,,,0,10,,39212,27,,,0,10,,39213,27,,,0,50,,39214,27,,,0,10,,39215,27,,,0,10,,39216,27,,,0,10,,39217,27,,,0,10,,39218,27,,,0,10,,39219,27,,,0,50,,39220,27,,,0,10,,39221,27,,,0,10,,39222,27,,,0,10,,39223,27,,,0,10,,39224,27,,,0,10,,39225,27,,,0,50,,39226,27,,,0,10,,39227,27,,,0,10,,39228,27,,,0,10,,39229,27,,,0,10,,39230,27,,,0,10,,39231,27,,,0,50,,39232,27,,,0,10,,39233,27,,,0,10,,39247,27,,,0,7,,39234,27,,,0,8,,39248,27,,,0,7,,39235,27,,,0,8,,39249,27,,,0,7,,39236,27,,,0,48,,39250,27,,,0,7,,39237,27,,,0,8,,39251,27,,,0,7,,39238,27,,,0,8,,39252,27,,,0,7,,39239,27,,,0,8,,39253,27,,,0,7,,39240,27,,,0,48,,39254,27,,,0,7,,39241,27,,,0,8,,39255,27,,,0,7,,39242,27,,,0,8,,39256,27,,,0,7,,39243,27,,,0,8,,39257,27,,,0,7,,39244,27,,,0,48,,39258,27,,,0,7,,39245,27,,,0,8,,39259,27,,,0,7,,39246,27,,,0,8,,39260,27,,,0,11,,39261,27,,,0,55,,39176,27,,,0,15,,39177,27,,,0,11,,39178,27,,,0,15,,39171,27,,,0,15,,39172,27,,,0,55,,39173,27,,,0,15,,39262,27,,,0,15,,39263,27,,,0,15,,39264,27,,,0,55,,39265,27,,,0,15,,39266,27,,,0,15,,39267,27,,,0,15,,39268,27,,,0,63,,39269,27,,,0,27,,39179,27,,,0,70,,39180,27,,,0,30,,39181,27,,,0,70,,39182,27,,,0,30,,39183,27,,,0,70,,39184,27,,,0,30,,39185,27,,,0,70,,39186,27,,,0,30,,39187,27,,,0
580800,'14602',526,,39308,27,,,0,30,,39309,27,,,0,70,,39310,27,,,0,30,,39311,27,,,0,70,,39312,27,,,0,30,,39313,27,,,0,70,,39314,27,,,0,30,,39315,27,,,0,72,,39316,27,,,0,30,,39317,27,,,0,70,,39318,27,,,0,30,,39319,27,,,0,70,,39320,27,,,0,30,,39291,27,,,0,70,,39292,27,,,0,30,,39293,27,,,0,70,,39294,27,,,0,30,,39295,27,,,0,70,,39296,27,,,0,30,,39297,27,,,0,70,,39298,27,,,0,30,,39299,27,,,0,70,,39300,27,,,0,30,,39301,27,,,0,70,,39302,27,,,0,30,,39303,27,,,0,70,,39304,27,,,0,30,,39305,27,,,0,66,,39306,27,,,0,30,,39307,27,,,0,70,,39290,27,,,0,30,,39289,27,,,0,70,,39288,27,,,0,30,,39287,27,,,0,67,,39286,27,,,0,30,,39285,27,,,0,70,,39284,27,,,0,30,,39283,27,,,0,70,,39282,27,,,0,30,,39281,27,,,0,70,,39280,27,,,0,30,,39279,27,,,0,70,,39278,27,,,0,30,,39277,27,,,0
580800,'14603',626,,39346,27,,,0,30,,39347,27,,,0,70,,39348,27,,,0,30,,39349,27,,,0,70,,39350,27,,,0,30,,39351,27,,,0,72,,39352,27,,,0,30,,39353,27,,,0,70,,39354,27,,,0,30,,39355,27,,,0,70,,39356,27,,,0,30,,39337,27,,,0,70,,39336,27,,,0,30,,39335,27,,,0,70,,39334,27,,,0,30,,39333,27,,,0,70,,39332,27,,,0,30,,39331,27,,,0,70,,39330,27,,,0,30,,39329,27,,,0,70,,39328,27,,,0,30,,39327,27,,,0,70,,39326,27,,,0,30,,39325,27,,,0,70,,39324,27,,,0,30,,39323,27,,,0,66,,39322,27,,,0,30,,39321,27,,,0,70,,39338,27,,,0,30,,39339,27,,,0,70,,39340,27,,,0,30,,39341,27,,,0,67,,39342,27,,,0,30,,39343,27,,,0,70,,39344,27,,,0,30,,39345,27,,,0
580800,'14604',626,,39376,27,,,0,30,,39377,27,,,0,70,,39378,27,,,0,30,,39379,27,,,0,70,,39380,27,,,0,30,,39381,27,,,0,72,,39382,27,,,0,30,,39383,27,,,0,70,,39384,27,,,0,30,,39385,27,,,0,70,,39386,27,,,0,30,,39373,27,,,0,70,,39372,27,,,0,30,,39371,27,,,0,70,,39370,27,,,0,30,,39369,27,,,0,70,,39368,27,,,0,30,,39367,27,,,0,70,,39366,27,,,0,30,,39365,27,,,0,70,,39364,27,,,0,30,,39363,27,,,0,70,,39362,27,,,0,30,,39361,27,,,0,70,,39360,27,,,0,30,,39359,27,,,0,66,,39358,27,,,0,30,,39357,27,,,0,70,,39374,27,,,0,30,,39375,27,,,0
580800,'14606',626,,39412,27,,,0,30,,39413,27,,,0,70,,39414,27,,,0,30,,39415,27,,,0,70,,39416,27,,,0,30,,39417,27,,,0,72,,39418,27,,,0,30,,39419,27,,,0,70,,39420,27,,,0,30,,39421,27,,,0,70,,39422,27,,,0,30,,39403,27,,,0,70,,39402,27,,,0,30,,39401,27,,,0,70,,39400,27,,,0,30,,39399,27,,,0,70,,39398,27,,,0,30,,39397,27,,,0,70,,39396,27,,,0,30,,39395,27,,,0,70,,39394,27,,,0,30,,39393,27,,,0,70,,39392,27,,,0,30,,39391,27,,,0,70,,39390,27,,,0,30,,39389,27,,,0,66,,39388,27,,,0,30,,39387,27,,,0,70,,39404,27,,,0,30,,39405,27,,,0,70,,39406,27,,,0,30,,39407,27,,,0,67,,39408,27,,,0,30,,39409,27,,,0,70,,39410,27,,,0,30,,39411,27,,,0
