580701,'1',454,,39023,54,,,0,68,,39022,54,,,0,36,,39021,54,,,0,55,,39020,54,,,0,10,,39018,54,,,0,2,,39019,89,,,0,28,,39016,54,,,0,2,,39017,89,,,0,64,,39015,89,,,0,4,,39014,54,,,0,18,,39013,89,,,0,60,,39012,89,,,0,15,,39011,89,,,0,15,,39010,89,,,0,15,,39009,89,,,0,55,,39008,89,,,0,15,,39007,89,,,0,15,,39006,89,,,0,15,,39005,89,,,0,55,,39004,89,,,0,15,,39003,89,,,0,25,,39002,89,,,0,67,,39001,89,,,0,30,,39000,89,,,0,70,,38999,89,,,0,30,,38998,89,,,0,70,,38997,89,,,0,30,,38996,89,,,0,20,,38995,54,,,0,50,,38994,89,,,0,20,,38993,54,,,0,10,,38992,89,,,0,68,,38991,89,,,0,15,,38990,89,,,0,15,,38989,89,,,0,15,,38988,89,,,0,55,,38987,89,,,0,15,,38986,89,,,0,15,,38985,89,,,0,15,,38984,89,,,0,55,,38983,89,,,0,15,,38982,89,,,0,15,,38981,89,,,0,15,,38980,89,,,0,55,,38979,89,,,0,15,,38978,89,,,0,15,,38977,89,,,0,15,,38976,89,,,0,60,,38975,89,,,0,30,,38974,89,,,0,67,,38973,89,,,0,30,,38972,89,,,0,70,,38971,89,,,0,30,,38970,89,,,0,70,,38969,89,,,0,30,,38968,89,,,0,70,,38967,89,,,0,30,,38966,89,,,0,70,,38963,89,,,0,30,,38965,89,,,0,70,,38962,89,,,0,30,,38964,89,,,0
580701,'2',615,,39063,89,,,0,30,,39024,89,,,0,70,,39025,89,,,0,30,,39026,89,,,0,65,,39038,89,,,0,30,,39027,89,,,0,70,,39039,89,,,0,30,,39028,89,,,0,70,,39040,89,,,0,30,,39029,89,,,0,75,,39041,89,,,0,30,,39030,89,,,0,70,,39042,89,,,0,30,,39043,89,,,0,70,,39044,89,,,0,30,,39045,89,,,0,70,,39046,89,,,0,30,,39047,89,,,0,70,,39048,89,,,0,30,,39031,89,,,0,70,,39049,89,,,0,30,,39032,89,,,0,70,,39050,89,,,0,30,,39033,89,,,0,70,,39051,89,,,0,30,,39052,89,,,0,70,,39053,89,,,0,30,,39034,89,,,0,65,,39054,89,,,0,30,,39055,89,,,0,70,,39056,89,,,0,30,,39057,89,,,0,70,,39058,89,,,0,30,,39059,89,,,0,70,,39060,89,,,0,30,,39035,89,,,0,70,,39036,89,,,0,30,,39061,89,,,0,70,,39037,89,,,0,45,,39062,89,,,0
580701,'3',636,,39065,54,,,0,70,,39066,54,,,0,30,,39101,89,,,0,70,,39067,89,,,0,36,,39084,89,,,0,64,,39068,89,,,0,36,,39085,89,,,0,70,,39069,89,,,0,30,,39086,89,,,0,71,,39070,89,,,0,30,,39087,89,,,0,70,,39071,89,,,0,30,,39088,89,,,0,70,,39072,89,,,0,30,,39089,89,,,0,70,,39073,89,,,0,30,,39090,89,,,0,70,,39074,89,,,0,30,,39091,89,,,0,70,,39075,89,,,0,30,,39092,89,,,0,70,,39076,89,,,0,30,,39093,89,,,0,70,,39077,89,,,0,30,,39094,89,,,0,69,,39078,89,,,0,30,,39095,89,,,0,70,,39079,89,,,0,30,,39096,89,,,0,70,,39080,89,,,0,30,,39097,89,,,0,70,,39081,89,,,0,30,,39098,89,,,0,70,,39082,89,,,0,30,,39099,89,,,0,70,,39083,89,,,0,30,,39100,89,,,0
580701,'4',722,,39131,89,,,0,30,,39132,89,,,0,70,,39115,89,,,0,30,,39117,89,,,0,70,,39114,89,,,0,30,,39118,89,,,0,70,,39113,89,,,0,30,,39119,89,,,0,70,,39112,89,,,0,30,,39120,89,,,0,70,,39111,89,,,0,30,,39121,89,,,0,70,,39110,89,,,0,30,,39122,89,,,0,70,,39109,89,,,0,30,,39123,89,,,0,70,,39108,89,,,0,30,,39124,89,,,0,70,,39107,89,,,0,30,,39125,89,,,0,70,,39106,89,,,0,30,,39126,89,,,0,70,,39105,89,,,0,30,,39127,89,,,0,70,,39104,89,,,0,30,,39128,89,,,0,70,,39103,89,,,0,30,,39129,89,,,0,70,,39102,89,,,0,30,,39130,89,,,0
580701,'6',636,,39134,54,,,0,70,,39135,54,,,0,30,,39170,89,,,0,70,,39136,89,,,0,36,,39153,89,,,0,64,,39137,89,,,0,36,,39154,89,,,0,70,,39138,89,,,0,30,,39155,89,,,0,71,,39139,89,,,0,30,,39156,89,,,0,70,,39140,89,,,0,30,,39157,89,,,0,70,,39141,89,,,0,30,,39158,89,,,0,70,,39142,89,,,0,30,,39159,89,,,0,70,,39143,89,,,0,30,,39160,89,,,0,70,,39144,89,,,0,30,,39161,89,,,0,70,,39145,89,,,0,30,,39162,89,,,0,70,,39146,89,,,0,30,,39163,89,,,0,69,,39147,89,,,0,30,,39164,89,,,0,70,,39148,89,,,0,30,,39165,89,,,0,70,,39149,89,,,0,30,,39166,89,,,0,70,,39150,89,,,0,30,,39167,89,,,0,70,,39151,89,,,0,30,,39168,89,,,0,70,,39152,89,,,0,30,,39169,89,,,0
581100,'14701',1005,,39947,6,,,0,100,,39948,6,,,0,100,,39949,6,,,0,100,,39950,6,,,0,100,,39951,6,,,0,100,,39952,6,,,0,100,,39953,6,,,0,100,,39954,6,,,0,100,,39955,6,,,0,100,,39956,6,,,0,100,,39957,6,,,0
581100,'14702',1005,,39958,6,,,0,45,,39959,6,,,0,85,,39960,6,,,0,85,,39961,6,,,0,85,,39962,6,,,0,45,,39963,6,,,0,85,,39964,6,,,0,85,,39965,6,,,0,85,,39966,6,,,0,45,,39967,6,,,0,85,,39968,6,,,0
581100,'14703',1005,,39969,6,,,0,45,,39970,6,,,0,85,,39971,6,,,0,85,,39972,6,,,0,85,,39973,6,,,0,45,,39974,6,,,0,85,,39975,6,,,0,85,,39976,6,,,0,85,,39977,6,,,0,45,,39978,6,,,0,85,,39979,6,,,0
581100,'14704',1005,,39980,6,,,0,45,,39981,6,,,0,85,,39982,6,,,0,85,,39983,6,,,0,85,,39984,6,,,0,45,,39985,6,,,0,85,,39986,6,,,0,85,,39987,6,,,0,85,,39988,6,,,0,45,,39989,6,,,0
581100,'14706',1005,,39990,6,,,0,45,,39991,6,,,0,85,,39992,6,,,0,85,,39993,6,,,0,85,,39994,6,,,0,45,,39995,6,,,0,85,,39996,6,,,0,85,,39997,6,,,0,85,,39998,6,,,0,45,,39999,6,,,0,85,,40000,6,,,0
