580000,'1',441,,36688,3,4,,0,6,,36689,3,4,,0,6,,36690,3,4,,0,73,,36691,3,4,,0,2,,36692,3,4,,0,1,,36693,41,4,,0,8,,36694,3,4,,0,67,,36695,41,4,,0,20,,36696,41,4,,0,20,,36697,41,4,,0,60,,36698,41,4,,0,17,,36699,41,4,,0,15,,36700,41,4,,0,15,,36701,41,4,,0,55,,36702,41,4,,0,15,,36703,41,4,,0,15,,36704,41,4,,0,15,,36705,41,4,,0,55,,36706,41,4,,0,34,,36707,41,4,,0,70,,36708,41,4,,0,30,,36709,41,4,,0,70,,36710,41,4,,0,30,,36711,41,4,,0,70,,36712,41,4,,0,30,,36713,41,4,,0,70,,36714,41,4,,0,30,,36715,41,4,,0,70,,36716,41,4,,0,30,,36717,41,4,,0,74,,36718,41,4,,0,15,,36719,41,4,,0,15,,36720,41,4,,0,15,,36721,41,4,,0,55,,36722,41,4,,0,15,,36723,41,4,,0,15,,36724,41,4,,0,15,,36725,41,4,,0,55,,36726,41,4,,0,15,,36727,41,4,,0,15,,36728,41,4,,0,15,,36729,41,4,,0,55,,36730,41,4,,0,15,,36731,41,4,,0,15,,36732,41,4,,0,15,,36733,41,4,,0,70,,36734,41,4,,0,27,,36735,41,4,,0,70,,36736,41,4,,0,30,,36737,41,4,,0,70,,36738,41,4,,0,30,,36739,41,4,,0,70,,36740,41,4,,0,30,,36741,41,4,,0,70,,36742,41,4,,0,21,,36743,41,4,,0,70,,36744,41,4,,0,30,,36745,41,4,,0,70,,36746,41,4,,0,35,,36747,41,4,,0
580000,'2',444,,36802,3,4,,0,4,,36801,3,4,,0,70,,36799,3,4,,0,30,,36800,3,4,,0,53,,36750,41,4,,0,30,,36796,41,4,,0,15,,36748,41,4,,0,55,,36795,41,4,,0,30,,36794,41,4,,0,70,,36793,41,4,,0,30,,36792,41,4,,0,70,,36791,41,4,,0,34,,36779,41,4,,0,20,,36782,41,4,,0,60,,36780,41,4,,0,20,,36781,41,4,,0,20,,36785,41,4,,0,60,,36789,41,4,,0,23,,36790,41,4,,0,20,,36778,41,4,,0,60,,36775,41,4,,0,20,,36776,41,4,,0,20,,36777,41,4,,0,60,,36767,41,4,,0,20,,36765,41,4,,0,20,,36770,41,4,,0,60,,36768,41,4,,0,20,,36769,41,4,,0,20,,36774,41,4,,0,60,,36761,41,4,,0,20,,36763,41,4,,0,20,,36766,41,4,,0,60,,36764,41,4,,0,20,,36798,41,4,,0,20,,36797,41,4,,0,60,,36760,41,4,,0,20,,36762,41,4,,0,20,,36773,41,4,,0,60,,36759,41,4,,0,20,,36758,41,4,,0,20,,36757,41,4,,0,60,,36749,41,4,,0,20,,36772,41,4,,0,70,,36771,41,4,,0,30,,36756,41,4,,0,70,,36755,41,4,,0,30,,36788,41,4,,0,70,,36787,41,4,,0,30,,36786,41,4,,0,70,,36784,41,4,,0,24,,36783,41,4,,0,70,,36754,41,4,,0,30,,36753,41,4,,0,70,,36752,41,4,,0,30,,36751,41,4,,0
580000,'3',442,,36835,3,4,,0,58,,36836,3,4,,0,23,,36803,3,4,,0,7,,36834,3,4,,0,16,,36837,3,4,,0,13,,36808,41,4,,0,72,,36825,41,4,,0,70,,36807,41,4,,0,30,,36826,41,4,,0,70,,36806,41,4,,0,30,,36827,41,4,,0,70,,36805,41,4,,0,37,,36828,41,4,,0,70,,36804,41,4,,0,30,,36830,41,4,,0,70,,36813,41,4,,0,30,,36820,41,4,,0,70,,36824,41,4,,0,30,,36821,41,4,,0,70,,36810,41,4,,0,30,,36809,41,4,,0,70,,36831,41,4,,0,30,,36822,41,4,,0,70,,36814,41,4,,0,30,,36823,41,4,,0,70,,36816,41,4,,0,30,,36815,41,4,,0,70,,36829,41,4,,0,30,,36817,41,4,,0,70,,36818,41,4,,0,30,,36819,41,4,,0,70,,36832,41,4,,0,25,,36811,41,4,,0,70,,36833,41,4,,0,30,,36812,41,4,,0,70,,36838,41,4,,0,30,,36839,41,4,,0,70,,36840,41,4,,0,27,,36841,41,4,,0,70,,36842,41,4,,0,30,,36843,41,4,,0,70,,36844,41,4,,0,30,,36845,41,4,,0
580000,'4',630,,36846,41,4,,0,85,,36847,41,4,,0,85,,36848,41,4,,0,45,,36849,41,4,,0,85,,36850,41,4,,0,85,,36851,41,4,,0,86,,36852,41,4,,0,45,,36853,41,4,,0,85,,36854,41,4,,0,85,,36855,41,4,,0,85,,36856,41,4,,0,45,,36857,41,4,,0,85,,36858,41,4,,0,85,,36859,41,4,,0,85,,36860,41,4,,0,45,,36861,41,4,,0,84,,36862,41,4,,0,85,,36863,41,4,,0,85,,36864,41,4,,0,45,,36865,41,4,,0,85,,36866,41,4,,0
580000,'6',442,,36899,3,4,,0,58,,36900,3,4,,0,23,,36867,3,4,,0,7,,36898,3,4,,0,16,,36901,3,4,,0,13,,36872,41,4,,0,72,,36889,41,4,,0,70,,36871,41,4,,0,30,,36890,41,4,,0,70,,36870,41,4,,0,30,,36891,41,4,,0,70,,36869,41,4,,0,37,,36892,41,4,,0,70,,36868,41,4,,0,30,,36894,41,4,,0,70,,36877,41,4,,0,30,,36884,41,4,,0,70,,36888,41,4,,0,30,,36885,41,4,,0,70,,36874,41,4,,0,30,,36873,41,4,,0,70,,36895,41,4,,0,30,,36886,41,4,,0,70,,36878,41,4,,0,30,,36887,41,4,,0,70,,36880,41,4,,0,30,,36879,41,4,,0,70,,36893,41,4,,0,30,,36881,41,4,,0,70,,36882,41,4,,0,30,,36883,41,4,,0,70,,36896,41,4,,0,25,,36875,41,4,,0,70,,36897,41,4,,0,30,,36876,41,4,,0,70,,36902,41,4,,0,30,,36903,41,4,,0,70,,36904,41,4,,0,27,,36905,41,4,,0,70,,36906,41,4,,0,30,,36907,41,4,,0,70,,36908,41,4,,0,30,,36909,41,4,,0
580001,'1',425,,36910,1,,,0,16,,36911,1,,,0,6,,36912,1,,,0,9,,36913,1,,,0,60,,36914,1,,,0,10,,36915,1,,,0,2,,36916,1,,,0,8,,36917,1,,,0,1,,36918,1,,,0,13,,36919,1,,,0,9,,36920,1,,,0,55,,36921,1,,,0,15,,36922,1,,,0,15,,36923,1,,,0,15,,36924,1,,,0,55,,36925,1,,,0,15,,36926,1,,,0,15,,36927,1,,,0,15,,36928,1,,,0,55,,36929,1,,,0,13,,36930,1,,,0,16,,36931,1,,,0,15,,36932,1,,,0,65,,36933,1,,,0,30,,36934,1,,,0,70,,36935,1,,,0,30,,36936,1,,,0,70,,36937,1,,,0,30,,36938,1,,,0,70,,36939,1,,,0,30,,36940,1,,,0,70,,36941,1,,,0,30,,36942,1,,,0,67,,36943,1,,,0,29,,36944,1,,,0,55,,36945,1,,,0,15,,36946,1,,,0,15,,36947,1,,,0,15,,36948,1,,,0,55,,36949,1,,,0,15,,36950,1,,,0,15,,36951,1,,,0,15,,36952,1,,,0,59,,36953,1,,,0,15,,36954,1,,,0,15,,36955,1,,,0,70,,36956,1,,,0,28,,36957,1,,,0,70,,36958,1,,,0,32,,36959,1,,,0,70,,36960,1,,,0,30,,36961,1,,,0,70,,36962,1,,,0,30,,36963,1,,,0,70,,36964,1,,,0,30,,36965,1,,,0,79,,36966,1,,,0,30,,36967,1,,,0,70,,36968,1,,,0,36,,36969,1,,,0
580001,'2',444,,37020,1,,,0,4,,37014,1,,,0,70,,37013,1,,,0,30,,37012,1,,,0,70,,37011,1,,,0,30,,37010,1,,,0,70,,37009,1,,,0,30,,37008,1,,,0,70,,37007,1,,,0,30,,37006,1,,,0,57,,37005,1,,,0,20,,37004,1,,,0,20,,37003,1,,,0,60,,37002,1,,,0,20,,36996,1,,,0,20,,36997,1,,,0,55,,36985,1,,,0,20,,36988,1,,,0,20,,36989,1,,,0,60,,36987,1,,,0,20,,36993,1,,,0,20,,36995,1,,,0,60,,36994,1,,,0,20,,36992,1,,,0,20,,36980,1,,,0,60,,36981,1,,,0,20,,36982,1,,,0,20,,36983,1,,,0,60,,36984,1,,,0,20,,36986,1,,,0,20,,37001,1,,,0,60,,36998,1,,,0,20,,36999,1,,,0,20,,37000,1,,,0,60,,36978,1,,,0,20,,36977,1,,,0,20,,36979,1,,,0,60,,36970,1,,,0,20,,36990,1,,,0,30,,36991,1,,,0,70,,36976,1,,,0,30,,36975,1,,,0,70,,36974,1,,,0,30,,36973,1,,,0,70,,36972,1,,,0,30,,36971,1,,,0,70,,37019,1,,,0,80,,37018,1,,,0,30,,37017,1,,,0,70,,37016,1,,,0,30,,37015,1,,,0
580001,'3',442,,37053,1,,,0,58,,37026,1,,,0,23,,37021,1,,,0,7,,37035,1,,,0,16,,37054,1,,,0,13,,37025,1,,,0,69,,37044,1,,,0,30,,37024,1,,,0,70,,37045,1,,,0,30,,37023,1,,,0,70,,37046,1,,,0,30,,37022,1,,,0,63,,37027,1,,,0,30,,37049,1,,,0,70,,37029,1,,,0,30,,37043,1,,,0,70,,37032,1,,,0,30,,37042,1,,,0,70,,37041,1,,,0,30,,37047,1,,,0,70,,37048,1,,,0,30,,37028,1,,,0,70,,37033,1,,,0,30,,37030,1,,,0,70,,37034,1,,,0,30,,37031,1,,,0,70,,37036,1,,,0,30,,37039,1,,,0,70,,37037,1,,,0,30,,37050,1,,,0,70,,37038,1,,,0,35,,37051,1,,,0,70,,37040,1,,,0,30,,37052,1,,,0,70,,37055,1,,,0,30,,37056,1,,,0,70,,37057,1,,,0,74,,37058,1,,,0,30,,37059,1,,,0,70,,37060,1,,,0,30,,37061,1,,,0
580001,'4',527,,37062,1,,,0,85,,37063,1,,,0,45,,37064,1,,,0,85,,37065,1,,,0,85,,37066,1,,,0,85,,37067,1,,,0,45,,37068,1,,,0,85,,37069,1,,,0,85,,37070,1,,,0,85,,37071,1,,,0,45,,37072,1,,,0,85,,37073,1,,,0,85,,37074,1,,,0,85,,37075,1,,,0,45,,37076,1,,,0,85,,37077,1,,,0,85,,37078,1,,,0,85,,37079,1,,,0,45,,37080,1,,,0,85,,37081,1,,,0,85,,37082,1,,,0
580001,'6',442,,37115,1,,,0,58,,37088,1,,,0,23,,37083,1,,,0,7,,37097,1,,,0,16,,37116,1,,,0,13,,37087,1,,,0,69,,37106,1,,,0,30,,37086,1,,,0,70,,37107,1,,,0,30,,37085,1,,,0,70,,37108,1,,,0,30,,37084,1,,,0,63,,37089,1,,,0,30,,37111,1,,,0,70,,37091,1,,,0,30,,37105,1,,,0,70,,37094,1,,,0,30,,37104,1,,,0,70,,37103,1,,,0,30,,37109,1,,,0,70,,37110,1,,,0,30,,37090,1,,,0,70,,37095,1,,,0,30,,37092,1,,,0,70,,37096,1,,,0,30,,37093,1,,,0,70,,37098,1,,,0,30,,37101,1,,,0,70,,37099,1,,,0,30,,37112,1,,,0,70,,37100,1,,,0,35,,37113,1,,,0,70,,37102,1,,,0,30,,37114,1,,,0,70,,37117,1,,,0,30,,37118,1,,,0,70,,37119,1,,,0,74,,37120,1,,,0,30,,37121,1,,,0,70,,37122,1,,,0,30,,37123,1,,,0
