579500,'1',527,,34542,46,,,0,20,,34543,46,,,0,63,,34544,46,,,0,20,,34545,46,,,0,20,,34546,46,,,0,60,,34547,46,,,0,15,,34548,46,,,0,16,,34549,46,,,0,15,,34550,46,,,0,55,,34551,46,,,0,15,,34552,46,,,0,15,,34553,46,,,0,15,,34554,46,,,0,55,,34555,46,,,0,15,,34556,46,,,0,15,,34557,46,,,0,15,,34558,46,,,0,60,,34559,46,,,0,23,,34560,46,,,0,17,,34561,46,,,0,60,,34562,46,,,0,20,,34563,46,,,0,20,,34564,46,,,0,60,,34565,46,,,0,20,,34566,46,,,0,20,,34567,46,,,0,60,,34568,46,,,0,20,,34569,46,,,0,20,,34570,46,,,0,65,,34571,46,,,0,20,,34572,46,,,0,60,,34573,46,,,0,20,,34574,46,,,0,15,,34575,46,,,0,15,,34576,46,,,0,55,,34577,46,,,0,15,,34578,46,,,0,15,,34579,46,,,0,15,,34580,46,,,0,55,,34581,46,,,0,15,,34582,46,,,0,15,,34583,46,,,0,15,,34584,46,,,0,55,,34585,46,,,0,15,,34586,46,,,0,15,,34587,46,,,0,64,,34588,46,,,0,30,,34589,46,,,0,70,,34590,46,,,0,30,,34591,46,,,0,70,,34592,46,,,0,30,,34593,46,,,0,70,,34594,46,,,0,27,,34595,46,,,0,30,,34596,46,,,0,70,,34597,46,,,0,30,,34598,46,,,0,70,,34599,46,,,0,30,,34600,46,,,0,90,,34601,46,,,0
579500,'2',619,,34622,46,,,0,30,,34631,46,,,0,70,,34633,46,,,0,30,,34637,46,,,0,70,,34614,46,,,0,30,,34638,46,,,0,70,,34613,46,,,0,33,,34628,46,,,0,70,,34626,46,,,0,30,,34629,46,,,0,70,,34603,46,,,0,30,,34640,46,,,0,70,,34609,46,,,0,30,,34623,46,,,0,70,,34632,46,,,0,30,,34607,46,,,0,70,,34604,46,,,0,30,,34606,46,,,0,70,,34602,46,,,0,30,,34608,46,,,0,70,,34615,46,,,0,30,,34605,46,,,0,70,,34612,46,,,0,30,,34610,46,,,0,70,,34611,46,,,0,30,,34616,46,,,0,70,,34636,46,,,0,26,,34627,46,,,0,70,,34617,46,,,0,30,,34619,46,,,0,70,,34634,46,,,0,30,,34630,46,,,0,70,,34618,46,,,0,30,,34620,46,,,0,70,,34621,46,,,0,30,,34635,46,,,0,70,,34639,46,,,0,40,,34625,46,,,0,90,,34624,46,,,0
579500,'3',627,,34653,46,,,0,30,,34645,46,,,0,70,,34652,46,,,0,30,,34644,46,,,0,70,,34654,46,,,0,30,,34643,46,,,0,75,,34646,46,,,0,70,,34647,46,,,0,30,,34648,46,,,0,70,,34649,46,,,0,30,,34650,46,,,0,70,,34655,46,,,0,30,,34657,46,,,0,70,,34669,46,,,0,30,,34656,46,,,0,70,,34658,46,,,0,30,,34661,46,,,0,70,,34660,46,,,0,30,,34659,46,,,0,70,,34662,46,,,0,30,,34663,46,,,0,70,,34664,46,,,0,30,,34666,46,,,0,70,,34668,46,,,0,30,,34667,46,,,0,70,,34665,46,,,0,26,,34642,46,,,0,30,,34651,46,,,0,70,,34641,46,,,0,30,,34670,46,,,0,70,,34671,46,,,0,30,,34672,46,,,0,70,,34673,46,,,0,30,,34674,46,,,0,70,,34675,46,,,0,30,,34676,46,,,0,70,,34677,46,,,0
579500,'4',656,,34703,46,,,0,70,,34700,46,,,0,30,,34699,46,,,0,70,,34698,46,,,0,30,,34697,46,,,0,74,,34696,46,,,0,70,,34695,46,,,0,30,,34694,46,,,0,70,,34693,46,,,0,30,,34692,46,,,0,70,,34691,46,,,0,30,,34690,46,,,0,70,,34689,46,,,0,30,,34688,46,,,0,70,,34687,46,,,0,30,,34686,46,,,0,70,,34685,46,,,0,30,,34684,46,,,0,85,,34680,46,,,0,85,,34679,46,,,0,45,,34701,46,,,0,82,,34678,46,,,0,85,,34683,46,,,0,45,,34682,46,,,0,85,,34702,46,,,0,85,,34681,46,,,0
579500,'6',627,,34716,46,,,0,30,,34708,46,,,0,70,,34715,46,,,0,30,,34707,46,,,0,70,,34717,46,,,0,30,,34706,46,,,0,75,,34709,46,,,0,70,,34710,46,,,0,30,,34711,46,,,0,70,,34712,46,,,0,30,,34713,46,,,0,70,,34718,46,,,0,30,,34720,46,,,0,70,,34732,46,,,0,30,,34719,46,,,0,70,,34721,46,,,0,30,,34724,46,,,0,70,,34723,46,,,0,30,,34722,46,,,0,70,,34725,46,,,0,30,,34726,46,,,0,70,,34727,46,,,0,30,,34729,46,,,0,70,,34731,46,,,0,30,,34730,46,,,0,70,,34728,46,,,0,26,,34705,46,,,0,30,,34714,46,,,0,70,,34704,46,,,0,30,,34733,46,,,0,70,,34734,46,,,0,30,,34735,46,,,0,70,,34736,46,,,0,30,,34737,46,,,0,70,,34738,46,,,0,30,,34739,46,,,0,70,,34740,46,,,0
580701,'1601',827,,38961,25,0,21 22,0
580701,'1',422,,39023,15,,,0,28,,39022,15,,,0,76,,39021,15,,,0,15,,39020,15,,,0,10,,39018,15,,,0,2,,39019,50,,,0,68,,39016,15,,,0,2,,39017,50,,,0,24,,39015,50,,,0,4,,39014,15,,,0,58,,39013,50,,,0,14,,39012,50,,,0,15,,39011,50,,,0,15,,39010,50,,,0,55,,39009,50,,,0,15,,39008,50,,,0,15,,39007,50,,,0,15,,39006,50,,,0,55,,39005,50,,,0,15,,39004,50,,,0,15,,39003,50,,,0,65,,39002,50,,,0,28,,39001,50,,,0,70,,39000,50,,,0,30,,38999,50,,,0,70,,38998,50,,,0,30,,38997,50,,,0,70,,38996,50,,,0,20,,38995,15,,,0,10,,38994,50,,,0,20,,38993,15,,,0,50,,38992,50,,,0,27,,38991,50,,,0,15,,38990,50,,,0,15,,38989,50,,,0,55,,38988,50,,,0,15,,38987,50,,,0,15,,38986,50,,,0,15,,38985,50,,,0,55,,38984,50,,,0,15,,38983,50,,,0,15,,38982,50,,,0,15,,38981,50,,,0,55,,38980,50,,,0,15,,38979,50,,,0,15,,38978,50,,,0,15,,38977,50,,,0,55,,38976,50,,,0,20,,38975,50,,,0,70,,38974,50,,,0,33,,38973,50,,,0,70,,38972,50,,,0,30,,38971,50,,,0,70,,38970,50,,,0,30,,38969,50,,,0,70,,38968,50,,,0,30,,38967,50,,,0,70,,38966,50,,,0,30,,38963,50,,,0,70,,38965,50,,,0,30,,38962,50,,,0,70,,38964,50,,,0
580701,'2',540,,39063,50,,,0,70,,39024,50,,,0,30,,39025,50,,,0,70,,39026,50,,,0,25,,39038,50,,,0,70,,39027,50,,,0,30,,39039,50,,,0,70,,39028,50,,,0,30,,39040,50,,,0,70,,39029,50,,,0,31,,39041,50,,,0,70,,39030,50,,,0,30,,39042,50,,,0,70,,39043,50,,,0,30,,39044,50,,,0,70,,39045,50,,,0,30,,39046,50,,,0,70,,39047,50,,,0,30,,39048,50,,,0,70,,39031,50,,,0,30,,39049,50,,,0,70,,39032,50,,,0,30,,39050,50,,,0,70,,39033,50,,,0,30,,39051,50,,,0,70,,39052,50,,,0,30,,39053,50,,,0,70,,39034,50,,,0,29,,39054,50,,,0,70,,39055,50,,,0,30,,39056,50,,,0,70,,39057,50,,,0,30,,39058,50,,,0,70,,39059,50,,,0,30,,39060,50,,,0,70,,39035,50,,,0,30,,39036,50,,,0,70,,39061,50,,,0,30,,39037,50,,,0,85,,39062,50,,,0
580701,'3',601,,39065,15,,,0,30,,39066,15,,,0,70,,39101,50,,,0,30,,39067,50,,,0,76,,39084,50,,,0,24,,39068,50,,,0,76,,39085,50,,,0,30,,39069,50,,,0,70,,39086,50,,,0,30,,39070,50,,,0,70,,39087,50,,,0,30,,39071,50,,,0,70,,39088,50,,,0,30,,39072,50,,,0,70,,39089,50,,,0,30,,39073,50,,,0,70,,39090,50,,,0,30,,39074,50,,,0,70,,39091,50,,,0,30,,39075,50,,,0,70,,39092,50,,,0,30,,39076,50,,,0,70,,39093,50,,,0,30,,39077,50,,,0,70,,39094,50,,,0,30,,39078,50,,,0,70,,39095,50,,,0,30,,39079,50,,,0,70,,39096,50,,,0,30,,39080,50,,,0,70,,39097,50,,,0,30,,39081,50,,,0,70,,39098,50,,,0,30,,39082,50,,,0,70,,39099,50,,,0,30,,39083,50,,,0,70,,39100,50,,,0
580701,'4',649,,39131,50,,,0,70,,39132,50,,,0,30,,39115,50,,,0,70,,39117,50,,,0,30,,39114,50,,,0,70,,39118,50,,,0,30,,39113,50,,,0,70,,39119,50,,,0,30,,39112,50,,,0,70,,39120,50,,,0,30,,39111,50,,,0,70,,39121,50,,,0,30,,39110,50,,,0,70,,39122,50,,,0,30,,39109,50,,,0,70,,39123,50,,,0,30,,39108,50,,,0,70,,39124,50,,,0,30,,39107,50,,,0,70,,39125,50,,,0,30,,39106,50,,,0,70,,39126,50,,,0,30,,39105,50,,,0,70,,39127,50,,,0,30,,39104,50,,,0,70,,39128,50,,,0,30,,39103,50,,,0,70,,39129,50,,,0,30,,39102,50,,,0,70,,39130,50,,,0
580701,'6',601,,39134,15,,,0,30,,39135,15,,,0,70,,39170,50,,,0,30,,39136,50,,,0,76,,39153,50,,,0,24,,39137,50,,,0,76,,39154,50,,,0,30,,39138,50,,,0,70,,39155,50,,,0,30,,39139,50,,,0,70,,39156,50,,,0,30,,39140,50,,,0,70,,39157,50,,,0,30,,39141,50,,,0,70,,39158,50,,,0,30,,39142,50,,,0,70,,39159,50,,,0,30,,39143,50,,,0,70,,39160,50,,,0,30,,39144,50,,,0,70,,39161,50,,,0,30,,39145,50,,,0,70,,39162,50,,,0,30,,39146,50,,,0,70,,39163,50,,,0,30,,39147,50,,,0,70,,39164,50,,,0,30,,39148,50,,,0,70,,39165,50,,,0,30,,39149,50,,,0,70,,39166,50,,,0,30,,39150,50,,,0,70,,39167,50,,,0,30,,39151,50,,,0,70,,39168,50,,,0,30,,39152,50,,,0,70,,39169,50,,,0
