578200,'1',456,,30152,14,,,0,55,,30182,14,,,0,20,,30189,14,,,0,20,,30188,14,,,0,60,,30187,14,,,0,20,,30186,14,,,0,20,,30185,14,,,0,62,,30184,14,,,0,20,,30183,14,,,0,20,,30190,14,,,0,60,,30153,14,,,0,20,,30154,14,,,0,20,,30155,14,,,0,60,,30156,14,,,0,20,,30157,14,,,0,20,,30158,14,,,0,60,,30159,14,,,0,20,,30162,14,,,0,20,,30163,14,,,0,60,,30164,14,,,0,20,,30165,14,,,0,20,,30166,14,,,0,60,,30167,14,,,0,20,,30160,14,,,0,20,,30161,14,,,0,60,,30136,14,,,0,20,,30168,14,,,0,21,,30169,14,,,0,60,,30170,14,,,0,20,,30171,14,,,0,20,,30172,14,,,0,60,,30173,14,,,0,20,,30174,14,,,0,20,,30175,14,,,0,60,,30176,14,,,0,20,,30177,14,,,0,20,,30178,14,,,0,60,,30179,14,,,0,20,,30180,14,,,0,20,,30181,14,,,0,63,,30151,14,,,0,30,,30150,14,,,0,72,,30149,14,,,0,30,,30148,14,,,0,70,,30147,14,,,0,30,,30146,14,,,0,70,,30145,14,,,0,30,,30137,14,,,0,69,,30138,14,,,0,30,,30139,14,,,0,70,,30140,14,,,0,30,,30141,14,,,0,70,,30142,14,,,0,32,,30143,14,,,0,80,,30144,14,,,0
578200,'2',510,,30191,14,,,0,30,,30192,14,,,0,70,,30193,14,,,0,30,,30194,14,,,0,70,,30195,14,,,0,30,,30196,14,,,0,70,,30197,14,,,0,20,,30239,14,,,0,20,,30198,14,,,0,62,,30199,14,,,0,20,,30200,14,,,0,20,,30201,14,,,0,60,,30202,14,,,0,20,,30203,14,,,0,20,,30204,14,,,0,60,,30205,14,,,0,20,,30206,14,,,0,20,,30207,14,,,0,60,,30208,14,,,0,20,,30209,14,,,0,20,,30210,14,,,0,60,,30211,14,,,0,20,,30212,14,,,0,20,,30213,14,,,0,60,,30214,14,,,0,20,,30215,14,,,0,20,,30216,14,,,0,60,,30217,14,,,0,20,,30218,14,,,0,20,,30219,14,,,0,60,,30220,14,,,0,20,,30221,14,,,0,20,,30222,14,,,0,60,,30223,14,,,0,30,,30224,14,,,0,70,,30225,14,,,0,30,,30226,14,,,0,70,,30227,14,,,0,30,,30228,14,,,0,70,,30229,14,,,0,30,,30230,14,,,0,70,,30231,14,,,0,30,,30232,14,,,0,68,,30233,14,,,0,30,,30234,14,,,0,70,,30235,14,,,0,30,,30236,14,,,0,70,,30237,14,,,0,30,,30240,14,,,0,90,,30238,14,,,0
578200,'3',610,,30276,14,,,0,100,,30275,14,,,0,30,,30274,14,,,0,70,,30273,14,,,0,30,,30272,14,,,0,72,,30271,14,,,0,30,,30270,14,,,0,70,,30269,14,,,0,30,,30268,14,,,0,70,,30267,14,,,0,30,,30266,14,,,0,70,,30265,14,,,0,30,,30264,14,,,0,70,,30263,14,,,0,30,,30262,14,,,0,70,,30261,14,,,0,30,,30260,14,,,0,70,,30259,14,,,0,30,,30258,14,,,0,70,,30257,14,,,0,30,,30256,14,,,0,70,,30255,14,,,0,30,,30254,14,,,0,70,,30253,14,,,0,30,,30252,14,,,0,70,,30251,14,,,0,30,,30250,14,,,0,68,,30249,14,,,0,30,,30248,14,,,0,70,,30247,14,,,0,30,,30246,14,,,0,70,,30245,14,,,0,30,,30244,14,,,0,70,,30243,14,,,0,30,,30242,14,,,0,70,,30241,14,,,0
578200,'4',538,,30277,14,,,0,80,,30278,14,,,0,40,,30279,14,,,0,80,,30280,14,,,0,80,,30281,14,,,0,40,,30282,14,,,0,80,,30283,14,,,0,80,,30284,14,,,0,40,,30285,14,,,0,80,,30286,14,,,0,80,,30287,14,,,0,40,,30288,14,,,0,80,,30289,14,,,0,80,,30290,14,,,0,90,,30291,14,,,0,100,,30292,14,,,0,100,,30293,14,,,0,100,,30294,14,,,0,100,,30295,14,,,0,100,,30296,14,,,0,100,,30297,14,,,0
578200,'6',610,,30333,14,,,0,100,,30332,14,,,0,30,,30331,14,,,0,70,,30330,14,,,0,30,,30329,14,,,0,72,,30328,14,,,0,30,,30327,14,,,0,70,,30326,14,,,0,30,,30325,14,,,0,70,,30324,14,,,0,30,,30323,14,,,0,70,,30322,14,,,0,30,,30321,14,,,0,70,,30320,14,,,0,30,,30319,14,,,0,70,,30318,14,,,0,30,,30317,14,,,0,70,,30316,14,,,0,30,,30315,14,,,0,70,,30314,14,,,0,30,,30313,14,,,0,70,,30312,14,,,0,30,,30311,14,,,0,70,,30310,14,,,0,30,,30309,14,,,0,70,,30308,14,,,0,30,,30307,14,,,0,68,,30306,14,,,0,30,,30305,14,,,0,70,,30304,14,,,0,30,,30303,14,,,0,70,,30302,14,,,0,30,,30301,14,,,0,70,,30300,14,,,0,30,,30299,14,,,0,70,,30298,14,,,0
579301,'1',544,,33902,27,,,0,15,,33903,27,,,0,55,,33833,27,,,0,15,,33904,27,,,0,15,,33832,27,,,0,15,,33905,27,,,0,55,,33835,27,,,0,15,,33836,27,,,0,19,,33837,27,,,0,10,,33847,27,,,0,50,,33875,27,,,0,10,,33846,27,,,0,10,,33845,27,,,0,10,,33876,27,,,0,10,,33844,27,,,0,10,,33843,27,,,0,50,,33877,27,,,0,10,,33842,27,,,0,10,,33841,27,,,0,10,,33878,27,,,0,10,,33840,27,,,0,10,,33839,27,,,0,50,,33879,27,,,0,10,,33838,27,,,0,10,,33913,27,,,0,10,,33892,27,,,0,20,,33893,27,,,0,60,,33894,27,,,0,20,,33895,27,,,0,20,,33896,27,,,0,60,,33897,27,,,0,20,,33898,27,,,0,20,,33899,27,,,0,60,,33900,27,,,0,20,,33901,27,,,0,20,,33834,27,,,0,60,,33880,27,,,0,20,,33867,27,,,0,20,,33866,27,,,0,60,,33881,27,,,0,20,,33865,27,,,0,13,,33882,27,,,0,50,,33864,27,,,0,10,,33863,27,,,0,10,,33883,27,,,0,10,,33862,27,,,0,10,,33861,27,,,0,10,,33884,27,,,0,50,,33860,27,,,0,10,,33859,27,,,0,10,,33885,27,,,0,10,,33858,27,,,0,10,,33857,27,,,0,10,,33886,27,,,0,50,,33856,27,,,0,10,,33855,27,,,0,10,,33887,27,,,0,10,,33854,27,,,0,10,,33888,27,,,0,10,,33853,27,,,0,50,,33852,27,,,0,10,,33889,27,,,0,15,,33851,27,,,0,16,,33850,27,,,0,60,,33910,27,,,0,20,,33911,27,,,0,20,,33849,27,,,0,60,,33848,27,,,0,20,,33906,27,,,0,20,,33868,27,,,0,60,,33869,27,,,0,20,,33907,27,,,0,17,,33870,27,,,0,20,,33871,27,,,0,60,,33908,27,,,0,20,,33872,27,,,0,20,,33873,27,,,0,60,,33909,27,,,0,20,,33874,27,,,0,20,,33891,27,,,0,60,,33890,27,,,0,20,,33912,27,,,0
579301,'2',543,,33984,27,,,0,60,,33914,27,,,0,20,,33974,27,,,0,20,,33915,27,,,0,60,,33916,27,,,0,20,,33975,27,,,0,20,,33917,27,,,0,60,,33918,27,,,0,20,,33919,27,,,0,22,,33920,27,,,0,55,,33921,27,,,0,15,,33922,27,,,0,15,,33923,27,,,0,15,,33924,27,,,0,55,,33925,27,,,0,15,,33926,27,,,0,15,,33927,27,,,0,15,,33928,27,,,0,55,,33929,27,,,0,15,,33930,27,,,0,15,,33931,27,,,0,13,,33932,27,,,0,57,,33933,27,,,0,15,,33934,27,,,0,15,,33935,27,,,0,15,,33936,27,,,0,55,,33937,27,,,0,15,,33938,27,,,0,15,,33939,27,,,0,15,,33940,27,,,0,55,,33941,27,,,0,15,,33942,27,,,0,15,,33943,27,,,0,15,,33944,27,,,0,55,,33945,27,,,0,15,,33946,27,,,0,15,,33947,27,,,0,15,,33948,27,,,0,55,,33949,27,,,0,15,,33950,27,,,0,15,,33951,27,,,0,15,,33952,27,,,0,55,,33953,27,,,0,15,,33954,27,,,0,15,,33955,27,,,0,15,,33956,27,,,0,55,,33957,27,,,0,15,,33958,27,,,0,15,,33959,27,,,0,15,,33960,27,,,0,60,,33961,27,,,0,20,,33976,27,,,0,19,,33962,27,,,0,60,,33977,27,,,0,20,,33963,27,,,0,20,,33964,27,,,0,60,,33978,27,,,0,20,,33965,27,,,0,20,,33966,27,,,0,60,,33979,27,,,0,20,,33967,27,,,0,19,,33968,27,,,0,60,,33980,27,,,0,20,,33969,27,,,0,20,,33970,27,,,0,60,,33981,27,,,0,20,,33971,27,,,0,20,,33972,27,,,0,60,,33973,27,,,0,20,,33982,27,,,0,20,,33983,27,,,0
579301,'3',542,,34030,27,,,0,70,,33985,27,,,0,30,,33986,27,,,0,70,,33987,27,,,0,30,,33988,27,,,0,70,,33989,27,,,0,30,,33990,27,,,0,70,,33991,27,,,0,30,,33992,27,,,0,60,,33993,27,,,0,20,,33994,27,,,0,22,,33995,27,,,0,60,,33996,27,,,0,20,,33997,27,,,0,20,,33998,27,,,0,65,,33999,27,,,0,20,,34000,27,,,0,20,,34001,27,,,0,60,,34002,27,,,0,20,,34003,27,,,0,20,,34004,27,,,0,60,,34005,27,,,0,20,,34006,27,,,0,20,,34007,27,,,0,60,,34008,27,,,0,20,,34009,27,,,0,20,,34010,27,,,0,60,,34011,27,,,0,20,,34012,27,,,0,20,,34013,27,,,0,60,,34014,27,,,0,20,,34015,27,,,0,20,,34016,27,,,0,60,,34017,27,,,0,20,,34018,27,,,0,30,,34019,27,,,0,70,,34020,27,,,0,30,,34021,27,,,0,70,,34022,27,,,0,30,,34023,27,,,0,70,,34024,27,,,0,30,,34025,27,,,0,70,,34026,27,,,0,28,,34027,27,,,0,70,,34028,27,,,0,30,,34029,27,,,0,70,,34031,27,,,0
579301,'4',637,,34069,27,,,0,70,,34068,27,,,0,30,,34067,27,,,0,70,,34066,27,,,0,30,,34065,27,,,0,70,,34064,27,,,0,30,,34063,27,,,0,70,,34062,27,,,0,20,,34061,27,,,0,20,,34060,27,,,0,60,,34059,27,,,0,20,,34058,27,,,0,20,,34057,27,,,0,60,,34056,27,,,0,20,,34055,27,,,0,20,,34054,27,,,0,60,,34053,27,,,0,20,,34052,27,,,0,20,,34051,27,,,0,60,,34050,27,,,0,20,,34049,27,,,0,20,,34048,27,,,0,60,,34047,27,,,0,20,,34046,27,,,0,20,,34045,27,,,0,60,,34044,27,,,0,20,,34043,27,,,0,20,,34042,27,,,0,60,,34041,27,,,0,20,,34040,27,,,0,20,,34039,27,,,0,60,,34038,27,,,0,20,,34037,27,,,0,20,,34036,27,,,0,70,,34035,27,,,0,30,,34034,27,,,0,70,,34033,27,,,0,30,,34032,27,,,0
579301,'6',542,,34115,27,,,0,70,,34070,27,,,0,30,,34071,27,,,0,70,,34072,27,,,0,30,,34073,27,,,0,70,,34074,27,,,0,30,,34075,27,,,0,70,,34076,27,,,0,30,,34077,27,,,0,60,,34078,27,,,0,20,,34079,27,,,0,22,,34080,27,,,0,60,,34081,27,,,0,20,,34082,27,,,0,20,,34083,27,,,0,65,,34084,27,,,0,20,,34085,27,,,0,20,,34086,27,,,0,60,,34087,27,,,0,20,,34088,27,,,0,20,,34089,27,,,0,60,,34090,27,,,0,20,,34091,27,,,0,20,,34092,27,,,0,60,,34093,27,,,0,20,,34094,27,,,0,20,,34095,27,,,0,60,,34096,27,,,0,20,,34097,27,,,0,20,,34098,27,,,0,60,,34099,27,,,0,20,,34100,27,,,0,20,,34101,27,,,0,60,,34102,27,,,0,20,,34103,27,,,0,30,,34104,27,,,0,70,,34105,27,,,0,30,,34106,27,,,0,70,,34107,27,,,0,30,,34108,27,,,0,70,,34109,27,,,0,30,,34110,27,,,0,70,,34111,27,,,0,28,,34112,27,,,0,70,,34113,27,,,0,30,,34114,27,,,0,70,,34116,27,,,0
