582800,'1',444,,40216,12,,,0,63,,40217,12,,,0,14,,40218,12,,,0,14,,40219,12,,,0,14,,40220,12,,,0,10,,40221,12,,,0,50,,40222,12,,,0,10,,40223,12,,,0,10,,40224,12,,,0,10,,40225,12,,,0,10,,40226,12,,,0,10,,40227,12,,,0,50,,40228,12,,,0,8,,40229,43,,,0,7,,40230,12,,,0,8,,40231,43,,,0,7,,40232,12,,,0,8,,40233,43,,,0,7,,40234,12,,,0,48,,40235,43,,,0,7,,40236,12,,,0,8,,40237,43,,,0,7,,40238,12,,,0,8,,40239,43,,,0,7,,40240,12,,,0,8,,40241,43,,,0,7,,40242,12,,,0,48,,40243,43,,,0,7,,40244,12,,,0,7,,40245,43,,,0,7,,40246,12,,,0,6,,40247,43,,,0,6,,40248,12,,,0,6,,40249,43,,,0,6,,40250,12,,,0,6,,40251,43,,,0,6,,40252,12,,,0,46,,40253,43,,,0,6,,40254,12,,,0,6,,40255,43,,,0,6,,40256,12,,,0,6,,40257,43,,,0,6,,40258,12,,,0,6,,40259,43,,,0,6,,40260,12,,,0,6,,40261,43,,,0,6,,40262,12,,,0,46,,40263,43,,,0,6,,40264,12,,,0,6,,40265,43,,,0,6,,40266,12,,,0,6,,40267,43,,,0,6,,40268,12,,,0,6,,40269,43,,,0,6,,40270,12,,,0,6,,40271,43,,,0,6,,40272,12,,,0,46,,40273,43,,,0,6,,40274,12,,,0,6,,40275,43,,,0,6,,40276,12,,,0,6,,40277,43,,,0,6,,40278,12,,,0,6,,40279,43,,,0,6,,40280,12,,,0,6,,40281,43,,,0,6,,40282,12,,,0,46,,40283,43,,,0,6,,40284,12,,,0,6,,40285,43,,,0,6,,40286,12,,,0,6,,40287,43,,,0,6,,40288,12,,,0,6,,40289,43,,,0,6,,40290,12,,,0,6,,40291,43,,,0,6,,40292,12,,,0,46,,40293,43,,,0,6,,40294,12,,,0,6,,40295,43,,,0,6,,40296,12,,,0,5,,40297,43,,,0,6,,40298,12,,,0,6,,40299,43,,,0,6,,40300,12,,,0,6,,40301,43,,,0,6,,40302,12,,,0,46,,40303,43,,,0,6,,40304,12,,,0,6,,40305,43,,,0,6,,40306,12,,,0,6,,40307,43,,,0,6,,40308,12,,,0,6,,40309,43,,,0,6,,40310,12,,,0,6,,40311,43,,,0,6,,40312,12,,,0,46,,40313,43,,,0,7,,40314,12,,,0,6,,40315,43,,,0,6,,40316,12,,,0,6,,40317,43,,,0,6,,40318,12,,,0,6,,40319,43,,,0,6,,40320,12,,,0,6,,40321,43,,,0,6,,40322,12,,,0,46,,40323,43,,,0,6,,40324,12,,,0,6,,40325,43,,,0,6,,40326,12,,,0,6,,40327,43,,,0,6,,40328,12,,,0,6,,40329,43,,,0,6,,40330,12,,,0,6,,40331,43,,,0,6,,40332,12,,,0,46,,40333,43,,,0,6,,40334,12,,,0,6,,40335,43,,,0,6,,40336,12,,,0,6,,40337,43,,,0,6,,40338,12,,,0,6,,40215,43,,,0,6,,40340,12,,,0,6,,40339,43,,,0,6,,40342,12,,,0,46,,40341,43,,,0,10,,40343,12,,,0,10,,40344,12,,,0,15,,40345,12,,,0,15,,40346,12,,,0,55,,40347,12,,,0,15,,40348,12,,,0,15,,40349,12,,,0,15,,40350,12,,,0,55,,40351,12,,,0,15,,40352,12,,,0,15,,40353,12,,,0,15,,40354,12,,,0,55,,40355,12,,,0,20,,40356,12,,,0,20,,40357,12,,,0,60,,40358,12,,,0,20,,40359,12,,,0,20,,40360,12,,,0,60,,40361,12,,,0,20,,40362,12,,,0,20,,40363,12,,,0,60,,40364,12,,,0,18,,40365,12,,,0
582800,'2',511,,40372,12,,,0,20,,40373,12,,,0,20,,40374,12,,,0,60,,40375,12,,,0,20,,40376,12,,,0,20,,40377,12,,,0,60,,40378,12,,,0,15,,40379,12,,,0,15,,40380,12,,,0,15,,40381,12,,,0,55,,40382,12,,,0,15,,40383,12,,,0,15,,40384,12,,,0,15,,40385,12,,,0,55,,40386,12,,,0,15,,40398,12,,,0,15,,40399,12,,,0,15,,40400,12,,,0,55,,40401,12,,,0,15,,40402,12,,,0,15,,40403,12,,,0,15,,40404,12,,,0,55,,40405,12,,,0,15,,40406,12,,,0,15,,40407,12,,,0,15,,40408,12,,,0,55,,40409,12,,,0,15,,40410,12,,,0,15,,40411,12,,,0,15,,40412,12,,,0,55,,40413,12,,,0,15,,40414,12,,,0,15,,40415,12,,,0,15,,40416,12,,,0,55,,40417,12,,,0,15,,40418,12,,,0,15,,40419,12,,,0,15,,40420,12,,,0,55,,40421,12,,,0,15,,40422,12,,,0,15,,40423,12,,,0,15,,40424,12,,,0,55,,40425,12,,,0,15,,40426,12,,,0,15,,40427,12,,,0,15,,40428,12,,,0,55,,40429,12,,,0,15,,40430,12,,,0,15,,40431,12,,,0,15,,40432,12,,,0,55,,40433,12,,,0,15,,40434,12,,,0,15,,40435,12,,,0,15,,40436,12,,,0,55,,40437,12,,,0,15,,40438,12,,,0,15,,40439,12,,,0,15,,40440,12,,,0,55,,40371,12,,,0,20,,40370,12,,,0,20,,40369,12,,,0,60,,40368,12,,,0,20,,40367,12,,,0,20,,40366,12,,,0,60,,40387,12,,,0,20,,40394,12,,,0,20,,40388,12,,,0,60,,40389,12,,,0,20,,40395,12,,,0,20,,40390,12,,,0,60,,40391,12,,,0,20,,40396,12,,,0,20,,40392,12,,,0,60,,40397,12,,,0,20,,40393,12,,,0
582800,'3',512,,40441,12,,,0,30,,40442,12,,,0,70,,40443,12,,,0,30,,40444,12,,,0,70,,40445,12,,,0,25,,40468,12,,,0,20,,40446,12,,,0,60,,40447,12,,,0,20,,40448,12,,,0,20,,40449,12,,,0,60,,40450,12,,,0,20,,40470,12,,,0,20,,40471,12,,,0,61,,40472,12,,,0,20,,40473,12,,,0,20,,40474,12,,,0,55,,40475,12,,,0,15,,40469,12,,,0,15,,40476,12,,,0,15,,40477,12,,,0,55,,40478,12,,,0,15,,40479,12,,,0,15,,40480,12,,,0,15,,40481,12,,,0,55,,40482,12,,,0,15,,40483,12,,,0,15,,40484,12,,,0,15,,40485,12,,,0,55,,40486,12,,,0,15,,40487,12,,,0,15,,40488,12,,,0,15,,40489,12,,,0,55,,40490,12,,,0,15,,40491,12,,,0,15,,40492,12,,,0,15,,40493,12,,,0,55,,40494,12,,,0,15,,40495,12,,,0,15,,40496,12,,,0,15,,40497,12,,,0,55,,40498,12,,,0,15,,40499,12,,,0,15,,40500,12,,,0,15,,40501,12,,,0,55,,40502,12,,,0,20,,40503,12,,,0,20,,40451,12,,,0,60,,40452,12,,,0,20,,40463,12,,,0,20,,40453,12,,,0,60,,40454,12,,,0,20,,40464,12,,,0,20,,40455,12,,,0,60,,40456,12,,,0,20,,40465,12,,,0,20,,40457,12,,,0,58,,40458,12,,,0,20,,40466,12,,,0,20,,40459,12,,,0,60,,40460,12,,,0,20,,40467,12,,,0,20,,40461,12,,,0,60,,40462,12,,,0
582800,'4',541,,40504,12,,,0,70,,40505,12,,,0,30,,40506,12,,,0,70,,40507,12,,,0,30,,40508,12,,,0,70,,40509,12,,,0,30,,40510,12,,,0,70,,40511,12,,,0,30,,40512,12,,,0,70,,40513,12,,,0,30,,40514,12,,,0,70,,40515,12,,,0,30,,40516,12,,,0,70,,40517,12,,,0,30,,40518,12,,,0,70,,40519,12,,,0,30,,40520,12,,,0,70,,40521,12,,,0,30,,40522,12,,,0,70,,40523,12,,,0,30,,40524,12,,,0,70,,40525,12,,,0,30,,40526,12,,,0,70,,40527,12,,,0,30,,40528,12,,,0,70,,40529,12,,,0,30,,40530,12,,,0,70,,40531,12,,,0,30,,40532,12,,,0,70,,40533,12,,,0,30,,40534,12,,,0,70,,40535,12,,,0
582800,'6',511,,40542,12,,,0,20,,40543,12,,,0,20,,40544,12,,,0,60,,40545,12,,,0,20,,40546,12,,,0,20,,40547,12,,,0,60,,40548,12,,,0,15,,40549,12,,,0,15,,40550,12,,,0,15,,40551,12,,,0,55,,40552,12,,,0,15,,40553,12,,,0,15,,40554,12,,,0,15,,40555,12,,,0,55,,40556,12,,,0,15,,40568,12,,,0,15,,40569,12,,,0,15,,40570,12,,,0,55,,40571,12,,,0,15,,40572,12,,,0,15,,40573,12,,,0,15,,40574,12,,,0,55,,40575,12,,,0,15,,40576,12,,,0,15,,40577,12,,,0,15,,40578,12,,,0,55,,40579,12,,,0,15,,40580,12,,,0,15,,40581,12,,,0,15,,40582,12,,,0,55,,40583,12,,,0,15,,40584,12,,,0,15,,40585,12,,,0,15,,40586,12,,,0,55,,40587,12,,,0,15,,40588,12,,,0,15,,40589,12,,,0,15,,40590,12,,,0,55,,40591,12,,,0,15,,40592,12,,,0,15,,40593,12,,,0,15,,40594,12,,,0,55,,40595,12,,,0,15,,40596,12,,,0,15,,40597,12,,,0,15,,40598,12,,,0,55,,40599,12,,,0,15,,40600,12,,,0,15,,40601,12,,,0,15,,40602,12,,,0,55,,40603,12,,,0,15,,40604,12,,,0,15,,40605,12,,,0,15,,40606,12,,,0,55,,40607,12,,,0,15,,40608,12,,,0,15,,40609,12,,,0,15,,40610,12,,,0,55,,40541,12,,,0,20,,40540,12,,,0,20,,40539,12,,,0,60,,40538,12,,,0,20,,40537,12,,,0,20,,40536,12,,,0,60,,40557,12,,,0,20,,40564,12,,,0,20,,40558,12,,,0,60,,40559,12,,,0,20,,40565,12,,,0,20,,40560,12,,,0,60,,40561,12,,,0,20,,40566,12,,,0,20,,40562,12,,,0,60,,40567,12,,,0,20,,40563,12,,,0
582900,'1',626,,41003,11,,,0,10,,41004,11,,,0,10,,41005,11,,,0,10,,41006,11,,,0,50,,41007,11,,,0,10,,41008,11,,,0,10,,41009,11,,,0,10,,41010,11,,,0,10,,41011,11,,,0,10,,41012,11,,,0,50,,41013,11,,,0,10,,41014,11,,,0,10,,41015,11,,,0,10,,41016,11,,,0,10,,41017,11,,,0,10,,41018,11,,,0,50,,41019,11,,,0,10,,41020,11,,,0,10,,41021,11,,,0,10,,41022,11,,,0,10,,41023,11,,,0,10,,41024,11,,,0,50,,41025,11,,,0,10,,41026,11,,,0,10,,41027,11,,,0,11,,41028,11,,,0,12,,41029,11,,,0,52,,41030,11,,,0,12,,41031,11,,,0,12,,41032,11,,,0,12,,41033,11,,,0,12,,41034,11,,,0,52,,41035,11,,,0,12,,41036,11,,,0,12,,41037,11,,,0,12,,41038,11,,,0,12,,41039,11,,,0,52,,41040,11,,,0,12,,41041,11,,,0,12,,41042,11,,,0,12,,41043,11,,,0,12,,41044,11,,,0,52,,41045,11,,,0,12,,41046,11,,,0,12,,41047,11,,,0,12,,41048,11,,,0,10,,41049,11,,,0,10,,41050,11,,,0,50,,41051,11,,,0,10,,41052,11,,,0,10,,41053,11,,,0,10,,41054,11,,,0,10,,41055,11,,,0,10,,41056,11,,,0,50,,41057,11,,,0,10,,41058,11,,,0,10,,41059,11,,,0,10,,41060,11,,,0,10,,41061,11,,,0,10,,41062,11,,,0,50,,41063,11,,,0,10,,41064,11,,,0,10,,41065,11,,,0,10,,41066,11,,,0,10,,41067,11,,,0,10,,41068,11,,,0,50,,41069,11,,,0,10,,41070,11,,,0,10,,41071,11,,,0,10,,41072,11,,,0,10,,41073,11,,,0,10,,41074,11,,,0,50,,41075,11,,,0,9,,41076,11,,,0,10,,41077,11,,,0,12,,41078,11,,,0,12,,41079,11,,,0,52,,41080,11,,,0,12,,41081,11,,,0,12,,41082,11,,,0,12,,41083,11,,,0,12,,41084,11,,,0,52,,41085,11,,,0,12,,41086,11,,,0,12,,41087,11,,,0,12,,41088,11,,,0,12,,41089,11,,,0,52,,41090,11,,,0,16,,41091,11,,,0,30,,41092,11,,,0,70,,41093,11,,,0,30,,41094,11,,,0,70,,41095,11,,,0,30,,41096,11,,,0,79,,41097,11,,,0
582900,'2',814,,41185,4,,,0,10,,41184,4,,,0,10,,41186,11,,,0,10,,41183,11,,,0,10,,41182,11,,,0,50,,41181,11,,,0,10,,41180,11,,,0,10,,41179,11,,,0,10,,41178,11,,,0,10,,41177,11,,,0,10,,41176,11,,,0,50,,41175,11,,,0,10,,41174,11,,,0,10,,41173,11,,,0,10,,41172,11,,,0,10,,41171,11,,,0,10,,41170,11,,,0,50,,41169,11,,,0,10,,41168,11,,,0,11,,41167,11,,,0,10,,41166,11,,,0,10,,41165,11,,,0,10,,41164,11,,,0,50,,41163,11,,,0,10,,41162,11,,,0,10,,41161,11,,,0,10,,41160,11,,,0,10,,41159,11,,,0,10,,41158,11,,,0,50,,41157,11,,,0,10,,41156,11,,,0,10,,41155,11,,,0,10,,41154,11,,,0,10,,41153,11,,,0,10,,41152,11,,,0,50,,41151,11,,,0,10,,41150,11,,,0,10,,41149,11,,,0,10,,41148,11,,,0,10,,41147,11,,,0,10,,41146,11,,,0,50,,41145,11,,,0,10,,41144,11,,,0,10,,41143,11,,,0,10,,41142,11,,,0,10,,41141,11,,,0,10,,41140,11,,,0,50,,41139,11,,,0,10,,41138,11,,,0,10,,41137,11,,,0,10,,41136,11,,,0,10,,41135,11,,,0,10,,41134,11,,,0,50,,41133,11,,,0,10,,41132,11,,,0,10,,41131,11,,,0,10,,41130,11,,,0,10,,41129,11,,,0,10,,41128,11,,,0,50,,41127,11,,,0,10,,41126,11,,,0,10,,41125,11,,,0,10,,41124,11,,,0,10,,41123,11,,,0,10,,41122,11,,,0,50,,41121,11,,,0,10,,41120,11,,,0,9,,41119,11,,,0,10,,41118,11,,,0,10,,41117,11,,,0,10,,41116,11,,,0,52,,41115,11,,,0,12,,41114,11,,,0,12,,41113,11,,,0,12,,41112,11,,,0,12,,41111,11,,,0,52,,41110,11,,,0,12,,41109,11,,,0,12,,41108,11,,,0,12,,41107,11,,,0,12,,41106,11,,,0,52,,41105,11,,,0,12,,41104,11,,,0,30,,41103,11,,,0,70,,41102,11,,,0,30,,41101,11,,,0,70,,41100,11,,,0,30,,41099,11,,,0,65,,41098,11,,,0
582900,'3',805,,41187,4,,,0,15,,41188,4,,,0,12,,41189,11,,,0,15,,41190,11,,,0,55,,41191,11,,,0,15,,41192,11,,,0,15,,41193,11,,,0,15,,41194,11,,,0,56,,41195,11,,,0,15,,41196,11,,,0,15,,41197,11,,,0,15,,41198,11,,,0,55,,41199,11,,,0,15,,41200,11,,,0,15,,41201,11,,,0,15,,41202,11,,,0,55,,41203,11,,,0,15,,41204,11,,,0,15,,41205,11,,,0,15,,41206,11,,,0,55,,41207,11,,,0,15,,41208,11,,,0,15,,41209,11,,,0,15,,41210,11,,,0,55,,41211,11,,,0,15,,41212,11,,,0,15,,41213,11,,,0,15,,41214,11,,,0,55,,41215,11,,,0,15,,41216,11,,,0,15,,41217,11,,,0,15,,41218,11,,,0,55,,41219,11,,,0,15,,41220,11,,,0,15,,41221,11,,,0,15,,41222,11,,,0,55,,41223,11,,,0,15,,41224,11,,,0,15,,41225,11,,,0,15,,41226,11,,,0,55,,41227,11,,,0,15,,41228,11,,,0,15,,41229,11,,,0,15,,41230,11,,,0,57,,41231,11,,,0,20,,41232,11,,,0,20,,41233,11,,,0,60,,41234,11,,,0,20,,41235,11,,,0,20,,41236,11,,,0,60,,41237,11,,,0,20,,41238,11,,,0,20,,41239,11,,,0,62,,41240,11,,,0,30,,41241,11,,,0,70,,41242,11,,,0,30,,41243,11,,,0
582900,'4',814,,41245,11,,,0,30,,41246,11,,,0,70,,41247,11,,,0,30,,41248,11,,,0,70,,41249,11,,,0,30,,41250,11,,,0,60,,41251,11,,,0,20,,41252,11,,,0,20,,41253,11,,,0,60,,41254,11,,,0,20,,41255,11,,,0,20,,41256,11,,,0,60,,41257,11,,,0,20,,41258,11,,,0,20,,41259,11,,,0,60,,41260,11,,,0,20,,41261,11,,,0,20,,41262,11,,,0,60,,41263,11,,,0,20,,41264,11,,,0,20,,41265,11,,,0,60,,41266,11,,,0,20,,41267,11,,,0,20,,41268,11,,,0,60,,41269,11,,,0,20,,41270,11,,,0,20,,41271,11,,,0,60,,41272,11,,,0,20,,41273,11,,,0,20,,41274,11,,,0,70,,41275,11,,,0,30,,41276,11,,,0,70,,41277,11,,,0,30,,41278,11,,,0,70,,41279,11,,,0
582900,'6',805,,41280,4,,,0,15,,41281,4,,,0,12,,41282,11,,,0,15,,41283,11,,,0,55,,41284,11,,,0,15,,41285,11,,,0,15,,41286,11,,,0,15,,41287,11,,,0,56,,41288,11,,,0,15,,41289,11,,,0,15,,41290,11,,,0,15,,41291,11,,,0,55,,41292,11,,,0,15,,41293,11,,,0,15,,41294,11,,,0,15,,41295,11,,,0,55,,41296,11,,,0,15,,41297,11,,,0,15,,41298,11,,,0,15,,41299,11,,,0,55,,41300,11,,,0,15,,41301,11,,,0,15,,41302,11,,,0,15,,41303,11,,,0,55,,41304,11,,,0,15,,41305,11,,,0,15,,41306,11,,,0,15,,41307,11,,,0,55,,41308,11,,,0,15,,41309,11,,,0,15,,41310,11,,,0,15,,41311,11,,,0,55,,41312,11,,,0,15,,41313,11,,,0,15,,41314,11,,,0,15,,41315,11,,,0,55,,41316,11,,,0,15,,41317,11,,,0,15,,41318,11,,,0,15,,41319,11,,,0,55,,41320,11,,,0,15,,41321,11,,,0,15,,41322,11,,,0,15,,41323,11,,,0,57,,41324,11,,,0,20,,41325,11,,,0,20,,41326,11,,,0,60,,41327,11,,,0,20,,41328,11,,,0,20,,41329,11,,,0,60,,41330,11,,,0,20,,41331,11,,,0,20,,41332,11,,,0,62,,41333,11,,,0,30,,41334,11,,,0,70,,41335,11,,,0,30,,41336,11,,,0
