578401,'1',546,,31649,17,,,0,70,,31650,17,,,0,30,,31651,17,,,0,65,,31652,17,,,0,18,,31653,17,,,0,20,,31654,17,,,0,60,,31655,17,,,0,20,,31656,17,,,0,20,,31657,17,,,0,60,,31658,17,,,0,20,,31659,17,,,0,20,,31660,17,,,0,60,,31661,17,,,0,20,,31662,17,,,0,30,,31663,17,,,0,70,,31664,17,,,0,30,,31665,17,,,0,70,,31666,17,,,0,30,,31667,17,,,0,70,,31668,17,,,0,30,,31669,17,,,0,69,,31670,17,,,0,20,,31671,17,,,0,60,,31672,17,,,0,20,,31673,17,,,0,20,,31674,17,,,0,60,,31675,17,,,0,20,,31676,17,,,0,20,,31677,17,,,0,60,,31678,17,,,0,20,,31679,17,,,0,30,,31680,17,,,0,70,,31681,17,,,0,30,,31682,17,,,0,78,,31683,17,,,0,100,,31684,17,,,0,100,,31685,17,,,0,101,,31686,17,,,0,100,,31687,17,,,0,100,,31688,17,,,0,104,,31689,17,,,0
578401,'2',504,,31724,17,,,0,30,,31690,17,,,0,70,,31721,17,,,0,30,,31691,17,,,0,70,,31723,17,,,0,30,,31692,17,,,0,72,,31722,17,,,0,30,,31693,17,,,0,70,,31694,17,,,0,30,,31695,17,,,0,70,,31696,17,,,0,30,,31697,17,,,0,70,,31698,17,,,0,30,,31699,17,,,0,70,,31700,17,,,0,30,,31701,17,,,0,70,,31702,17,,,0,30,,31703,17,,,0,70,,31704,17,,,0,30,,31705,17,,,0,70,,31706,17,,,0,30,,31707,17,,,0,70,,31708,17,,,0,30,,31709,17,,,0,70,,31710,17,,,0,30,,31711,17,,,0,70,,31712,17,,,0,35,,31713,17,,,0,102,,31714,17,,,0,100,,31715,17,,,0,100,,31716,17,,,0,100,,31717,17,,,0,100,,31718,17,,,0,100,,31719,17,,,0,100,,31720,17,,,0
578401,'3',614,,31755,17,,,0,30,,31733,17,,,0,70,,31749,17,,,0,30,,31732,17,,,0,70,,31751,17,,,0,30,,31731,17,,,0,70,,31750,17,,,0,30,,31730,17,,,0,68,,31752,17,,,0,30,,31729,17,,,0,70,,31728,17,,,0,30,,31727,17,,,0,70,,31726,17,,,0,30,,31725,17,,,0,70,,31748,17,,,0,30,,31747,17,,,0,70,,31746,17,,,0,30,,31745,17,,,0,70,,31744,17,,,0,30,,31743,17,,,0,70,,31742,17,,,0,30,,31741,17,,,0,70,,31740,17,,,0,30,,31739,17,,,0,100,,31738,17,,,0,102,,31737,17,,,0,100,,31736,17,,,0,100,,31735,17,,,0,100,,31734,17,,,0,100,,31753,17,,,0,100,,31754,17,,,0
578401,'4',626,,31756,17,,,0,101,,31757,17,,,0,100,,31758,17,,,0,101,,31759,17,,,0,100,,31760,17,,,0,100,,31761,17,,,0,100,,31762,17,,,0,100,,31763,17,,,0,100,,31764,17,,,0,100,,31765,17,,,0,100,,31766,17,,,0,100,,31767,17,,,0,100,,31768,17,,,0,100,,31769,17,,,0,100,,31770,17,,,0
578401,'6',614,,31801,17,,,0,30,,31779,17,,,0,70,,31795,17,,,0,30,,31778,17,,,0,70,,31797,17,,,0,30,,31777,17,,,0,70,,31796,17,,,0,30,,31776,17,,,0,68,,31798,17,,,0,30,,31775,17,,,0,70,,31774,17,,,0,30,,31773,17,,,0,70,,31772,17,,,0,30,,31771,17,,,0,70,,31794,17,,,0,30,,31793,17,,,0,70,,31792,17,,,0,30,,31791,17,,,0,70,,31790,17,,,0,30,,31789,17,,,0,70,,31788,17,,,0,30,,31787,17,,,0,70,,31786,17,,,0,30,,31785,17,,,0,100,,31784,17,,,0,102,,31783,17,,,0,100,,31782,17,,,0,100,,31781,17,,,0,100,,31780,17,,,0,100,,31799,17,,,0,100,,31800,17,,,0
580201,'1',525,,37677,28,,,0,33,,37678,27,,,0,71,,37679,28,,,0,24,,37680,27,,,0,57,,37681,28,,,0,16,,37682,27,,,0,15,,37683,28,,,0,14,,37684,27,,,0,56,,37685,28,,,0,15,,37686,27,,,0,15,,37687,28,,,0,15,,37688,27,,,0,55,,37689,28,,,0,30,,37690,27,,,0,70,,37691,28,,,0,29,,37692,27,,,0,71,,37693,28,,,0,30,,37694,27,,,0,70,,37695,28,,,0,30,,37696,27,,,0,70,,37697,28,,,0,30,,37698,27,,,0,70,,37699,28,,,0,30,,37700,27,,,0,70,,37701,28,,,0,19,,37702,27,,,0,15,,37703,28,,,0,55,,37704,27,,,0,15,,37705,28,,,0,15,,37706,27,,,0,15,,37707,28,,,0,55,,37708,27,,,0,15,,37709,28,,,0,15,,37710,27,,,0,15,,37711,28,,,0,13,,37712,27,,,0,55,,37713,28,,,0,20,,37714,27,,,0,71,,37715,28,,,0,29,,37716,27,,,0,71,,37717,28,,,0,29,,37718,27,,,0,71,,37719,28,,,0,29,,37720,27,,,0,74,,37721,28,,,0,98,,37722,27,,,0,100,,37723,28,,,0
580201,'2',707,,37739,27,,,0,30,,37743,28,,,0,70,,37734,27,,,0,30,,37733,28,,,0,70,,37732,27,,,0,30,,37736,28,,,0,70,,37735,27,,,0,30,,37731,28,,,0,70,,37730,27,,,0,30,,37744,28,,,0,70,,37741,27,,,0,30,,37729,28,,,0,70,,37728,27,,,0,30,,37740,28,,,0,70,,37742,27,,,0,30,,37726,28,,,0,70,,37727,27,,,0,30,,37753,28,,,0,70,,37752,27,,,0,30,,37757,28,,,0,70,,37756,27,,,0,30,,37725,28,,,0,75,,37724,27,,,0,30,,37749,28,,,0,70,,37746,27,,,0,31,,37750,28,,,0,69,,37755,27,,,0,31,,37754,28,,,0,69,,37751,27,,,0,31,,37738,28,,,0,69,,37737,27,,,0,31,,37745,28,,,0,69,,37748,27,,,0,41,,37747,28,,,0
580201,'3',722,,37763,27,,,0,30,,37770,28,,,0,70,,37762,27,,,0,30,,37771,28,,,0,70,,37766,27,,,0,30,,37772,28,,,0,70,,37765,27,,,0,30,,37773,28,,,0,70,,37760,27,,,0,30,,37774,28,,,0,70,,37761,27,,,0,30,,37775,28,,,0,70,,37768,27,,,0,30,,37776,28,,,0,70,,37767,27,,,0,30,,37777,28,,,0,70,,37764,27,,,0,30,,37778,28,,,0,70,,37759,27,,,0,30,,37779,28,,,0,70,,37758,27,,,0,30,,37780,28,,,0,70,,37769,27,,,0,30,,37781,28,,,0,70,,37786,27,,,0,30,,37782,28,,,0,70,,37787,27,,,0,30,,37783,28,,,0,70,,37788,27,,,0,30,,37784,28,,,0,70,,37789,27,,,0,30,,37785,28,,,0,70,,37790,27,,,0,30,,37791,28,,,0
580201,'4',548,,37792,28,,,0,100,,37793,27,,,0,100,,37794,28,,,0,100,,37795,27,,,0,100,,37796,28,,,0,100,,37797,27,,,0,100,,37798,28,,,0,100,,37799,27,,,0,100,,37800,28,,,0,100,,37801,27,,,0,100,,37802,28,,,0,100,,37803,27,,,0,100,,37804,28,,,0,100,,37805,27,,,0,100,,37806,28,,,0,100,,37807,27,,,0
580201,'6',722,,37813,27,,,0,30,,37820,28,,,0,70,,37812,27,,,0,30,,37821,28,,,0,70,,37816,27,,,0,30,,37822,28,,,0,70,,37815,27,,,0,30,,37823,28,,,0,70,,37810,27,,,0,30,,37824,28,,,0,70,,37811,27,,,0,30,,37825,28,,,0,70,,37818,27,,,0,30,,37826,28,,,0,70,,37817,27,,,0,30,,37827,28,,,0,70,,37814,27,,,0,30,,37828,28,,,0,70,,37809,27,,,0,30,,37829,28,,,0,70,,37808,27,,,0,30,,37830,28,,,0,70,,37819,27,,,0,30,,37831,28,,,0,70,,37836,27,,,0,30,,37832,28,,,0,70,,37837,27,,,0,30,,37833,28,,,0,70,,37838,27,,,0,30,,37834,28,,,0,70,,37839,27,,,0,30,,37835,28,,,0,70,,37840,27,,,0,30,,37841,28,,,0
