578300,'1',515,,30529,11,0,23 24,0,25,,30532,54,0,23 24,0,70,,30535,54,0,23 24,0,30,,30538,54,0,23 24,0,15,,30540,54,0,23 24,0,55,,30542,54,0,23 24,0,15,,30544,54,0,23 24,0,15,,30546,54,0,23 24,0,15,,30548,54,0,23 24,0,55,,30550,54,0,23 24,0,15,,30552,54,0,23 24,0,15,,30554,54,0,23 24,0,15,,30556,54,0,23 24,0,58,,30558,54,0,23 24,0,15,,30560,54,0,23 24,0,15,,30562,54,0,23 24,0,70,,30566,54,0,23 24,0,30,,30569,54,0,23 24,0,70,,30572,54,0,23 24,0,30,,30575,54,0,23 24,0,70,,30578,54,0,23 24,0,30,,30581,54,0,23 24,0,70,,30584,54,0,23 24,0,30,,30587,54,0,23 24,0,70,,30590,54,0,23 24,0,15,,30592,54,0,23 24,0,15,,30594,54,0,23 24,0,15,,30596,54,0,23 24,0,55,,30598,54,0,23 24,0,15,,30600,54,0,23 24,0,15,,30602,54,0,23 24,0,15,,30604,54,0,23 24,0,55,,30606,54,0,23 24,0,15,,30608,54,0,23 24,0,15,,30610,54,0,23 24,0,15,,30612,54,0,23 24,0,55,,30614,54,0,23 24,0,15,,30616,54,0,23 24,0,15,,30618,54,0,23 24,0,15,,30620,54,0,23 24,0,55,,30622,54,0,23 24,0,15,,30624,54,0,23 24,0,11,,30626,54,0,23 24,0,70,,30629,54,0,23 24,0,30,,30632,54,0,23 24,0,70,,30635,54,0,23 24,0,30,,30638,54,0,23 24,0,70,,30641,54,0,23 24,0,30,,30644,54,0,23 24,0,69,,30647,54,0,23 24,0,45,,30650,54,0,23 24,0,85,,30653,54,0,23 24,0,85,,30656,54,0,23 24,0,85,,30659,54,0,23 24,0,21,,30662,54,0,23 24,0
578300,'2',439,,30665,11,0,23 24,0,70,,30667,11,0,23 24,0,45,,30670,54,0,23 24,0,67,,30672,54,0,23 24,0,36,,30675,54,0,23 24,0,76,,30678,54,0,23 24,0,70,,30681,11,0,23 24,0,10,,30682,54,0,23 24,0,36,,30685,54,0,23 24,0,76,,30688,54,0,23 24,0,76,,30691,54,0,23 24,0,36,,30694,54,0,23 24,0,76,,30697,54,0,23 24,0,36,,30700,54,0,23 24,0,76,,30703,54,0,23 24,0,76,,30706,54,0,23 24,0,36,,30709,54,0,23 24,0,76,,30712,54,0,23 24,0,36,,30715,54,0,23 24,0,76,,30718,54,0,23 24,0,76,,30721,54,0,23 24,0,36,,30724,54,0,23 24,0,76,,30727,54,0,23 24,0,36,,30730,54,0,23 24,0,72,,30733,54,0,23 24,0,36,,30736,54,0,23 24,0,74,,30739,54,0,23 24,0,76,,30742,54,0,23 24,0,36,,30745,54,0,23 24,0,76,,30748,54,0,23 24,0,37,,30751,54,0,23 24,0,84,,30754,54,0,23 24,0,70,,30756,54,0,23 24,0,45,,30759,54,0,23 24,0,85,,30762,54,0,23 24,0,90,,30766,54,0,23 24,0
578300,'3',524,,30769,11,0,23 24,0,85,,30772,54,0,23 24,0,23,,30774,11,0,23 24,0,22,,30776,54,0,23 24,0,85,,30779,54,0,23 24,0,85,,30782,54,0,23 24,0,85,,30785,54,0,23 24,0,36,,30788,54,0,23 24,0,80,,30791,54,0,23 24,0,76,,30794,54,0,23 24,0,36,,30797,54,0,23 24,0,76,,30800,54,0,23 24,0,36,,30803,54,0,23 24,0,76,,30806,54,0,23 24,0,76,,30809,54,0,23 24,0,36,,30812,54,0,23 24,0,76,,30815,54,0,23 24,0,36,,30818,54,0,23 24,0,76,,30821,54,0,23 24,0,76,,30824,54,0,23 24,0,36,,30827,54,0,23 24,0,74,,30830,54,0,23 24,0,45,,30833,54,0,23 24,0,85,,30836,54,0,23 24,0,85,,30839,54,0,23 24,0,85,,30842,54,0,23 24,0,45,,30845,54,0,23 24,0,84,,30848,54,0,23 24,0,85,,30851,54,0,23 24,0,85,,30855,54,0,23 24,0
578300,'4',539,,30921,11,0,23 24,0,80,,30857,11,0,23 24,0,35,,30860,54,0,23 24,0,85,,30863,54,0,23 24,0,85,,30866,54,0,23 24,0,85,,30869,54,0,23 24,0,45,,30872,54,0,23 24,0,87,,30875,54,0,23 24,0,85,,30878,54,0,23 24,0,85,,30881,54,0,23 24,0,45,,30884,54,0,23 24,0,85,,30887,54,0,23 24,0,85,,30890,54,0,23 24,0,85,,30893,54,0,23 24,0,45,,30896,54,0,23 24,0,85,,30899,54,0,23 24,0,85,,30902,54,0,23 24,0,83,,30905,54,0,23 24,0,45,,30908,54,0,23 24,0,85,,30911,54,0,23 24,0,85,,30914,54,0,23 24,0,85,,30918,54,0,23 24,0
578300,'6',524,,30923,11,0,23 24,0,85,,30926,54,0,23 24,0,23,,30928,11,0,23 24,0,22,,30930,54,0,23 24,0,85,,30933,54,0,23 24,0,85,,30936,54,0,23 24,0,85,,30939,54,0,23 24,0,36,,30942,54,0,23 24,0,80,,30945,54,0,23 24,0,76,,30948,54,0,23 24,0,36,,30951,54,0,23 24,0,76,,30954,54,0,23 24,0,36,,30957,54,0,23 24,0,76,,30960,54,0,23 24,0,76,,30963,54,0,23 24,0,36,,30966,54,0,23 24,0,76,,30969,54,0,23 24,0,36,,30972,54,0,23 24,0,76,,30975,54,0,23 24,0,76,,30978,54,0,23 24,0,36,,30981,54,0,23 24,0,74,,30984,54,0,23 24,0,45,,30987,54,0,23 24,0,85,,30990,54,0,23 24,0,85,,30993,54,0,23 24,0,85,,30996,54,0,23 24,0,45,,30999,54,0,23 24,0,84,,31002,54,0,23 24,0,85,,31005,54,0,23 24,0,85,,31009,54,0,23 24,0
580800,'14601',515,,39276,14,,,0,20,,39270,14,,,0,20,,39271,14,,,0,60,,39272,14,,,0,20,,39273,14,,,0,20,,39274,14,,,0,60,,39275,14,,,0,20,,39174,14,,,0,18,,39175,14,,,0,47,,39188,14,,,0,7,,39189,14,,,0,8,,39196,14,,,0,7,,39190,14,,,0,8,,39197,14,,,0,7,,39191,14,,,0,8,,39198,14,,,0,7,,39192,14,,,0,48,,39199,14,,,0,7,,39193,14,,,0,9,,39200,14,,,0,7,,39194,14,,,0,8,,39201,14,,,0,7,,39195,14,,,0,10,,39202,14,,,0,10,,39203,14,,,0,50,,39204,14,,,0,10,,39205,14,,,0,10,,39206,14,,,0,10,,39207,14,,,0,10,,39208,14,,,0,10,,39209,14,,,0,50,,39210,14,,,0,10,,39211,14,,,0,10,,39212,14,,,0,10,,39213,14,,,0,10,,39214,14,,,0,10,,39215,14,,,0,50,,39216,14,,,0,10,,39217,14,,,0,10,,39218,14,,,0,10,,39219,14,,,0,10,,39220,14,,,0,10,,39221,14,,,0,50,,39222,14,,,0,10,,39223,14,,,0,10,,39224,14,,,0,10,,39225,14,,,0,10,,39226,14,,,0,10,,39227,14,,,0,50,,39228,14,,,0,10,,39229,14,,,0,10,,39230,14,,,0,10,,39231,14,,,0,10,,39232,14,,,0,10,,39233,14,,,0,50,,39247,14,,,0,7,,39234,14,,,0,8,,39248,14,,,0,7,,39235,14,,,0,8,,39249,14,,,0,7,,39236,14,,,0,8,,39250,14,,,0,47,,39237,14,,,0,8,,39251,14,,,0,7,,39238,14,,,0,8,,39252,14,,,0,7,,39239,14,,,0,8,,39253,14,,,0,7,,39240,14,,,0,8,,39254,14,,,0,47,,39241,14,,,0,8,,39255,14,,,0,7,,39242,14,,,0,8,,39256,14,,,0,7,,39243,14,,,0,8,,39257,14,,,0,7,,39244,14,,,0,8,,39258,14,,,0,47,,39245,14,,,0,8,,39259,14,,,0,7,,39246,14,,,0,8,,39260,14,,,0,11,,39261,14,,,0,15,,39176,14,,,0,55,,39177,14,,,0,13,,39178,14,,,0,15,,39171,14,,,0,15,,39172,14,,,0,55,,39173,14,,,0,15,,39262,14,,,0,15,,39263,14,,,0,15,,39264,14,,,0,55,,39265,14,,,0,15,,39266,14,,,0,15,,39267,14,,,0,15,,39268,14,,,0,63,,39269,14,,,0,28,,39179,14,,,0,70,,39180,14,,,0,30,,39181,14,,,0,70,,39182,14,,,0,30,,39183,14,,,0,70,,39184,14,,,0,30,,39185,14,,,0,70,,39186,14,,,0,30,,39187,14,,,0
580800,'14602',515,,39308,14,,,0,30,,39309,14,,,0,70,,39310,14,,,0,30,,39311,14,,,0,70,,39312,14,,,0,30,,39313,14,,,0,70,,39314,14,,,0,30,,39315,14,,,0,71,,39316,14,,,0,30,,39317,14,,,0,70,,39318,14,,,0,30,,39319,14,,,0,70,,39320,14,,,0,30,,39291,14,,,0,70,,39292,14,,,0,30,,39293,14,,,0,70,,39294,14,,,0,30,,39295,14,,,0,70,,39296,14,,,0,30,,39297,14,,,0,70,,39298,14,,,0,30,,39299,14,,,0,70,,39300,14,,,0,30,,39301,14,,,0,70,,39302,14,,,0,30,,39303,14,,,0,70,,39304,14,,,0,30,,39305,14,,,0,68,,39306,14,,,0,30,,39307,14,,,0,70,,39290,14,,,0,30,,39289,14,,,0,70,,39288,14,,,0,30,,39287,14,,,0,68,,39286,14,,,0,30,,39285,14,,,0,70,,39284,14,,,0,30,,39283,14,,,0,70,,39282,14,,,0,30,,39281,14,,,0,70,,39280,14,,,0,30,,39279,14,,,0,70,,39278,14,,,0,30,,39277,14,,,0
580800,'14603',615,,39346,14,,,0,30,,39347,14,,,0,70,,39348,14,,,0,30,,39349,14,,,0,70,,39350,14,,,0,30,,39351,14,,,0,71,,39352,14,,,0,30,,39353,14,,,0,70,,39354,14,,,0,30,,39355,14,,,0,70,,39356,14,,,0,30,,39337,14,,,0,70,,39336,14,,,0,30,,39335,14,,,0,70,,39334,14,,,0,30,,39333,14,,,0,70,,39332,14,,,0,30,,39331,14,,,0,70,,39330,14,,,0,30,,39329,14,,,0,70,,39328,14,,,0,30,,39327,14,,,0,70,,39326,14,,,0,30,,39325,14,,,0,70,,39324,14,,,0,30,,39323,14,,,0,68,,39322,14,,,0,30,,39321,14,,,0,70,,39338,14,,,0,30,,39339,14,,,0,70,,39340,14,,,0,30,,39341,14,,,0,68,,39342,14,,,0,30,,39343,14,,,0,70,,39344,14,,,0,30,,39345,14,,,0
580800,'14604',615,,39376,14,,,0,30,,39377,14,,,0,70,,39378,14,,,0,30,,39379,14,,,0,70,,39380,14,,,0,30,,39381,14,,,0,71,,39382,14,,,0,30,,39383,14,,,0,70,,39384,14,,,0,30,,39385,14,,,0,70,,39386,14,,,0,30,,39373,14,,,0,70,,39372,14,,,0,30,,39371,14,,,0,70,,39370,14,,,0,30,,39369,14,,,0,70,,39368,14,,,0,30,,39367,14,,,0,70,,39366,14,,,0,30,,39365,14,,,0,70,,39364,14,,,0,30,,39363,14,,,0,70,,39362,14,,,0,30,,39361,14,,,0,70,,39360,14,,,0,30,,39359,14,,,0,68,,39358,14,,,0,30,,39357,14,,,0,70,,39374,14,,,0,30,,39375,14,,,0
580800,'14606',615,,39412,14,,,0,30,,39413,14,,,0,70,,39414,14,,,0,30,,39415,14,,,0,70,,39416,14,,,0,30,,39417,14,,,0,71,,39418,14,,,0,30,,39419,14,,,0,70,,39420,14,,,0,30,,39421,14,,,0,70,,39422,14,,,0,30,,39403,14,,,0,70,,39402,14,,,0,30,,39401,14,,,0,70,,39400,14,,,0,30,,39399,14,,,0,70,,39398,14,,,0,30,,39397,14,,,0,70,,39396,14,,,0,30,,39395,14,,,0,70,,39394,14,,,0,30,,39393,14,,,0,70,,39392,14,,,0,30,,39391,14,,,0,70,,39390,14,,,0,30,,39389,14,,,0,68,,39388,14,,,0,30,,39387,14,,,0,70,,39404,14,,,0,30,,39405,14,,,0,70,,39406,14,,,0,30,,39407,14,,,0,68,,39408,14,,,0,30,,39409,14,,,0,70,,39410,14,,,0,30,,39411,14,,,0
582801,'1',636,,40617,52,,,0,20,,40619,52,,,0,60,,40621,52,,,0,15,,40623,52,,,0,17,,40625,52,,,0,54,,40627,52,,,0,16,,40629,52,,,0,15,,40631,52,,,0,15,,40633,52,,,0,55,,40635,52,,,0,12,,40637,52,,,0,12,,40639,52,,,0,11,,40641,52,,,0,12,,40643,52,,,0,52,,40645,52,,,0,12,,40647,52,,,0,12,,40649,52,,,0,12,,40651,52,,,0,12,,40653,52,,,0,52,,40655,52,,,0,12,,40657,52,,,0,12,,40659,52,,,0,12,,40661,52,,,0,12,,40663,52,,,0,52,,40665,52,,,0,12,,40667,52,,,0,12,,40669,52,,,0,12,,40671,52,,,0,12,,40673,52,,,0,52,,40675,52,,,0,12,,40677,52,,,0,12,,40679,52,,,0,12,,40681,52,,,0,12,,40683,52,,,0,52,,40685,52,,,0,12,,40687,52,,,0,12,,40689,52,,,0,12,,40691,52,,,0,12,,40693,52,,,0,52,,40695,52,,,0,14,,40697,52,,,0,12,,40699,52,,,0,12,,40701,52,,,0,12,,40703,52,,,0,53,,40705,52,,,0,12,,40707,52,,,0,12,,40709,52,,,0,12,,40711,52,,,0,12,,40713,52,,,0,52,,40715,52,,,0,12,,40717,52,,,0,14,,40719,52,,,0,12,,40721,52,,,0,12,,40723,52,,,0,52,,40725,52,,,0,10,,40727,52,,,0
