579301,'1',517,,33902,9,,,0,15,,33903,9,,,0,15,,33833,9,,,0,55,,33904,9,,,0,15,,33832,9,,,0,15,,33905,9,,,0,15,,33835,9,,,0,55,,33836,9,,,0,15,,33837,9,,,0,10,,33847,9,,,0,10,,33875,9,,,0,10,,33846,9,,,0,10,,33845,9,,,0,50,,33876,9,,,0,10,,33844,9,,,0,10,,33843,9,,,0,10,,33877,9,,,0,10,,33842,9,,,0,10,,33841,9,,,0,50,,33878,9,,,0,10,,33840,9,,,0,10,,33839,9,,,0,10,,33879,9,,,0,10,,33838,9,,,0,10,,33913,9,,,0,50,,33892,9,,,0,20,,33893,9,,,0,20,,33894,9,,,0,60,,33895,9,,,0,20,,33896,9,,,0,20,,33897,9,,,0,60,,33898,9,,,0,20,,33899,9,,,0,20,,33900,9,,,0,60,,33901,9,,,0,20,,33834,9,,,0,20,,33880,9,,,0,60,,33867,9,,,0,20,,33866,9,,,0,20,,33881,9,,,0,60,,33865,9,,,0,10,,33882,9,,,0,10,,33864,9,,,0,10,,33863,9,,,0,10,,33883,9,,,0,10,,33862,9,,,0,50,,33861,9,,,0,10,,33884,9,,,0,10,,33860,9,,,0,10,,33859,9,,,0,10,,33885,9,,,0,10,,33858,9,,,0,50,,33857,9,,,0,10,,33886,9,,,0,10,,33856,9,,,0,10,,33855,9,,,0,10,,33887,9,,,0,10,,33854,9,,,0,50,,33888,9,,,0,10,,33853,9,,,0,10,,33852,9,,,0,10,,33889,9,,,0,15,,33851,9,,,0,60,,33850,9,,,0,20,,33910,9,,,0,20,,33911,9,,,0,60,,33849,9,,,0,20,,33848,9,,,0,20,,33906,9,,,0,60,,33868,9,,,0,20,,33869,9,,,0,20,,33907,9,,,0,60,,33870,9,,,0,20,,33871,9,,,0,20,,33908,9,,,0,60,,33872,9,,,0,20,,33873,9,,,0,20,,33909,9,,,0,60,,33874,9,,,0,20,,33891,9,,,0,20,,33890,9,,,0,60,,33912,9,,,0
579301,'2',516,,33984,9,,,0,20,,33914,9,,,0,20,,33974,9,,,0,60,,33915,9,,,0,20,,33916,9,,,0,20,,33975,9,,,0,60,,33917,9,,,0,20,,33918,9,,,0,20,,33919,9,,,0,60,,33920,9,,,0,15,,33921,9,,,0,15,,33922,9,,,0,55,,33923,9,,,0,15,,33924,9,,,0,15,,33925,9,,,0,15,,33926,9,,,0,55,,33927,9,,,0,15,,33928,9,,,0,15,,33929,9,,,0,15,,33930,9,,,0,55,,33931,9,,,0,13,,33932,9,,,0,16,,33933,9,,,0,15,,33934,9,,,0,55,,33935,9,,,0,15,,33936,9,,,0,15,,33937,9,,,0,15,,33938,9,,,0,55,,33939,9,,,0,15,,33940,9,,,0,15,,33941,9,,,0,15,,33942,9,,,0,55,,33943,9,,,0,15,,33944,9,,,0,15,,33945,9,,,0,15,,33946,9,,,0,55,,33947,9,,,0,15,,33948,9,,,0,15,,33949,9,,,0,15,,33950,9,,,0,55,,33951,9,,,0,15,,33952,9,,,0,15,,33953,9,,,0,15,,33954,9,,,0,55,,33955,9,,,0,15,,33956,9,,,0,15,,33957,9,,,0,15,,33958,9,,,0,55,,33959,9,,,0,15,,33960,9,,,0,20,,33961,9,,,0,20,,33976,9,,,0,61,,33962,9,,,0,20,,33977,9,,,0,20,,33963,9,,,0,60,,33964,9,,,0,20,,33978,9,,,0,20,,33965,9,,,0,60,,33966,9,,,0,20,,33979,9,,,0,20,,33967,9,,,0,60,,33968,9,,,0,20,,33980,9,,,0,20,,33969,9,,,0,60,,33970,9,,,0,20,,33981,9,,,0,20,,33971,9,,,0,60,,33972,9,,,0,20,,33973,9,,,0,20,,33982,9,,,0,60,,33983,9,,,0
579301,'3',516,,34030,9,,,0,30,,33985,9,,,0,70,,33986,9,,,0,30,,33987,9,,,0,70,,33988,9,,,0,30,,33989,9,,,0,70,,33990,9,,,0,30,,33991,9,,,0,70,,33992,9,,,0,20,,33993,9,,,0,20,,33994,9,,,0,61,,33995,9,,,0,20,,33996,9,,,0,20,,33997,9,,,0,60,,33998,9,,,0,25,,33999,9,,,0,60,,34000,9,,,0,20,,34001,9,,,0,20,,34002,9,,,0,60,,34003,9,,,0,20,,34004,9,,,0,20,,34005,9,,,0,60,,34006,9,,,0,20,,34007,9,,,0,20,,34008,9,,,0,60,,34009,9,,,0,20,,34010,9,,,0,20,,34011,9,,,0,60,,34012,9,,,0,20,,34013,9,,,0,20,,34014,9,,,0,60,,34015,9,,,0,20,,34016,9,,,0,20,,34017,9,,,0,60,,34018,9,,,0,30,,34019,9,,,0,70,,34020,9,,,0,30,,34021,9,,,0,70,,34022,9,,,0,30,,34023,9,,,0,70,,34024,9,,,0,30,,34025,9,,,0,70,,34026,9,,,0,29,,34027,9,,,0,70,,34028,9,,,0,30,,34029,9,,,0,70,,34031,9,,,0
579301,'4',611,,34069,9,,,0,30,,34068,9,,,0,70,,34067,9,,,0,30,,34066,9,,,0,70,,34065,9,,,0,30,,34064,9,,,0,70,,34063,9,,,0,30,,34062,9,,,0,60,,34061,9,,,0,20,,34060,9,,,0,20,,34059,9,,,0,60,,34058,9,,,0,20,,34057,9,,,0,20,,34056,9,,,0,60,,34055,9,,,0,20,,34054,9,,,0,20,,34053,9,,,0,60,,34052,9,,,0,20,,34051,9,,,0,20,,34050,9,,,0,60,,34049,9,,,0,20,,34048,9,,,0,20,,34047,9,,,0,60,,34046,9,,,0,20,,34045,9,,,0,20,,34044,9,,,0,60,,34043,9,,,0,20,,34042,9,,,0,20,,34041,9,,,0,60,,34040,9,,,0,20,,34039,9,,,0,20,,34038,9,,,0,60,,34037,9,,,0,20,,34036,9,,,0,30,,34035,9,,,0,70,,34034,9,,,0,30,,34033,9,,,0,70,,34032,9,,,0
579301,'6',516,,34115,9,,,0,30,,34070,9,,,0,70,,34071,9,,,0,30,,34072,9,,,0,70,,34073,9,,,0,30,,34074,9,,,0,70,,34075,9,,,0,30,,34076,9,,,0,70,,34077,9,,,0,20,,34078,9,,,0,20,,34079,9,,,0,61,,34080,9,,,0,20,,34081,9,,,0,20,,34082,9,,,0,60,,34083,9,,,0,25,,34084,9,,,0,60,,34085,9,,,0,20,,34086,9,,,0,20,,34087,9,,,0,60,,34088,9,,,0,20,,34089,9,,,0,20,,34090,9,,,0,60,,34091,9,,,0,20,,34092,9,,,0,20,,34093,9,,,0,60,,34094,9,,,0,20,,34095,9,,,0,20,,34096,9,,,0,60,,34097,9,,,0,20,,34098,9,,,0,20,,34099,9,,,0,60,,34100,9,,,0,20,,34101,9,,,0,20,,34102,9,,,0,60,,34103,9,,,0,30,,34104,9,,,0,70,,34105,9,,,0,30,,34106,9,,,0,70,,34107,9,,,0,30,,34108,9,,,0,70,,34109,9,,,0,30,,34110,9,,,0,70,,34111,9,,,0,29,,34112,9,,,0,70,,34113,9,,,0,30,,34114,9,,,0,70,,34116,9,,,0
580001,'1',429,,36910,6,,,0,16,,36911,6,,,0,6,,36912,6,,,0,49,,36913,6,,,0,20,,36914,6,,,0,10,,36915,6,,,0,2,,36916,6,,,0,8,,36917,6,,,0,1,,36918,6,,,0,13,,36919,6,,,0,50,,36920,6,,,0,15,,36921,6,,,0,15,,36922,6,,,0,15,,36923,6,,,0,55,,36924,6,,,0,15,,36925,6,,,0,15,,36926,6,,,0,15,,36927,6,,,0,55,,36928,6,,,0,15,,36929,6,,,0,13,,36930,6,,,0,16,,36931,6,,,0,55,,36932,6,,,0,25,,36933,6,,,0,30,,36934,6,,,0,70,,36935,6,,,0,30,,36936,6,,,0,70,,36937,6,,,0,30,,36938,6,,,0,70,,36939,6,,,0,30,,36940,6,,,0,70,,36941,6,,,0,30,,36942,6,,,0,67,,36943,6,,,0,29,,36944,6,,,0,55,,36945,6,,,0,15,,36946,6,,,0,15,,36947,6,,,0,15,,36948,6,,,0,55,,36949,6,,,0,15,,36950,6,,,0,15,,36951,6,,,0,15,,36952,6,,,0,58,,36953,6,,,0,15,,36954,6,,,0,15,,36955,6,,,0,70,,36956,6,,,0,28,,36957,6,,,0,70,,36958,6,,,0,32,,36959,6,,,0,70,,36960,6,,,0,30,,36961,6,,,0,70,,36962,6,,,0,30,,36963,6,,,0,70,,36964,6,,,0,30,,36965,6,,,0,78,,36966,6,,,0,30,,36967,6,,,0,70,,36968,6,,,0,36,,36969,6,,,0
580001,'2',447,,37020,6,,,0,4,,37014,6,,,0,70,,37013,6,,,0,30,,37012,6,,,0,70,,37011,6,,,0,30,,37010,6,,,0,70,,37009,6,,,0,30,,37008,6,,,0,70,,37007,6,,,0,30,,37006,6,,,0,57,,37005,6,,,0,20,,37004,6,,,0,20,,37003,6,,,0,60,,37002,6,,,0,20,,36996,6,,,0,20,,36997,6,,,0,56,,36985,6,,,0,20,,36988,6,,,0,20,,36989,6,,,0,60,,36987,6,,,0,20,,36993,6,,,0,20,,36995,6,,,0,60,,36994,6,,,0,20,,36992,6,,,0,20,,36980,6,,,0,60,,36981,6,,,0,20,,36982,6,,,0,20,,36983,6,,,0,60,,36984,6,,,0,20,,36986,6,,,0,20,,37001,6,,,0,60,,36998,6,,,0,20,,36999,6,,,0,20,,37000,6,,,0,60,,36978,6,,,0,20,,36977,6,,,0,20,,36979,6,,,0,60,,36970,6,,,0,20,,36990,6,,,0,30,,36991,6,,,0,70,,36976,6,,,0,30,,36975,6,,,0,70,,36974,6,,,0,30,,36973,6,,,0,70,,36972,6,,,0,30,,36971,6,,,0,70,,37019,6,,,0,79,,37018,6,,,0,30,,37017,6,,,0,70,,37016,6,,,0,30,,37015,6,,,0
580001,'3',446,,37053,6,,,0,58,,37026,6,,,0,23,,37021,6,,,0,7,,37035,6,,,0,16,,37054,6,,,0,53,,37025,6,,,0,29,,37044,6,,,0,70,,37024,6,,,0,30,,37045,6,,,0,70,,37023,6,,,0,30,,37046,6,,,0,70,,37022,6,,,0,24,,37027,6,,,0,30,,37049,6,,,0,70,,37029,6,,,0,30,,37043,6,,,0,70,,37032,6,,,0,30,,37042,6,,,0,70,,37041,6,,,0,30,,37047,6,,,0,70,,37048,6,,,0,30,,37028,6,,,0,70,,37033,6,,,0,30,,37030,6,,,0,70,,37034,6,,,0,30,,37031,6,,,0,70,,37036,6,,,0,30,,37039,6,,,0,70,,37037,6,,,0,30,,37050,6,,,0,70,,37038,6,,,0,75,,37051,6,,,0,30,,37040,6,,,0,70,,37052,6,,,0,30,,37055,6,,,0,70,,37056,6,,,0,30,,37057,6,,,0,73,,37058,6,,,0,30,,37059,6,,,0,70,,37060,6,,,0,30,,37061,6,,,0
580001,'4',530,,37062,6,,,0,85,,37063,6,,,0,85,,37064,6,,,0,45,,37065,6,,,0,85,,37066,6,,,0,85,,37067,6,,,0,85,,37068,6,,,0,45,,37069,6,,,0,85,,37070,6,,,0,85,,37071,6,,,0,85,,37072,6,,,0,45,,37073,6,,,0,85,,37074,6,,,0,85,,37075,6,,,0,85,,37076,6,,,0,45,,37077,6,,,0,85,,37078,6,,,0,85,,37079,6,,,0,85,,37080,6,,,0,45,,37081,6,,,0,85,,37082,6,,,0
580001,'6',446,,37115,6,,,0,58,,37088,6,,,0,23,,37083,6,,,0,7,,37097,6,,,0,16,,37116,6,,,0,53,,37087,6,,,0,29,,37106,6,,,0,70,,37086,6,,,0,30,,37107,6,,,0,70,,37085,6,,,0,30,,37108,6,,,0,70,,37084,6,,,0,24,,37089,6,,,0,30,,37111,6,,,0,70,,37091,6,,,0,30,,37105,6,,,0,70,,37094,6,,,0,30,,37104,6,,,0,70,,37103,6,,,0,30,,37109,6,,,0,70,,37110,6,,,0,30,,37090,6,,,0,70,,37095,6,,,0,30,,37092,6,,,0,70,,37096,6,,,0,30,,37093,6,,,0,70,,37098,6,,,0,30,,37101,6,,,0,70,,37099,6,,,0,30,,37112,6,,,0,70,,37100,6,,,0,75,,37113,6,,,0,30,,37102,6,,,0,70,,37114,6,,,0,30,,37117,6,,,0,70,,37118,6,,,0,30,,37119,6,,,0,73,,37120,6,,,0,30,,37121,6,,,0,70,,37122,6,,,0,30,,37123,6,,,0
580301,'1',541,,38078,9,,,0,77,,38080,9,,,0,40,,38082,9,,,0,72,,38084,9,,,0,70,,38086,9,,,0,30,,38088,9,,,0,72,,38090,9,,,0,30,,38092,9,,,0,72,,38094,9,,,0,40,,38096,9,,,0,80,,38098,9,,,0,80,,38100,9,,,0,40,,38102,9,,,0,80,,38104,9,,,0,76,,38106,9,,,0,25,,38108,9,,,0,30,,38110,9,,,0,70,,38112,9,,,0,30,,38114,9,,,0,70,,38116,9,,,0,30,,38118,9,,,0,77,,38120,9,,,0,70,,38122,9,,,0,30,,38124,9,,,0,70,,38126,9,,,0,35,,38128,9,,,0,80,,38130,9,,,0,40,,38132,9,,,0,76,,38134,9,,,0,101,,38136,9,,,0,100,,38138,9,,,0,96,,38140,9,,,0
580301,'2',522,,38165,9,,,0,100,,38178,9,,,0,100,,38180,9,,,0,100,,38163,9,,,0,96,,38147,9,,,0,94,,38176,9,,,0,40,,38172,9,,,0,80,,38174,9,,,0,80,,38167,9,,,0,40,,38169,9,,,0,80,,38171,9,,,0,80,,38185,9,,,0,40,,38157,9,,,0,80,,38152,9,,,0,80,,38150,9,,,0,40,,38154,9,,,0,83,,38159,9,,,0,80,,38162,9,,,0,40,,38186,9,,,0,100,,38183,9,,,0,100,,38149,9,,,0,100,,38190,9,,,0,102,,38143,9,,,0,100,,38188,9,,,0,100,,38148,9,,,0
580301,'3',603,,38208,9,,,0,100,,38206,9,,,0,100,,38204,9,,,0,100,,38202,9,,,0,102,,38209,9,,,0,100,,38223,9,,,0,40,,38224,9,,,0,80,,38225,9,,,0,80,,38226,9,,,0,40,,38227,9,,,0,80,,38228,9,,,0,80,,38229,9,,,0,40,,38230,9,,,0,80,,38231,9,,,0,80,,38232,9,,,0,40,,38233,9,,,0,80,,38234,9,,,0,78,,38200,9,,,0,100,,38198,9,,,0,100,,38196,9,,,0,100,,38194,9,,,0,100,,38192,9,,,0
580301,'4',603,,38236,9,,,0,100,,38237,9,,,0,100,,38238,9,,,0,100,,38239,9,,,0,100,,38240,9,,,0,100,,38241,9,,,0,100,,38242,9,,,0,100,,38243,9,,,0,100,,38244,9,,,0,100,,38245,9,,,0,100,,38246,9,,,0,100,,38247,9,,,0,100,,38248,9,,,0,100,,38249,9,,,0,100,,38250,9,,,0
580301,'6',603,,38283,9,,,0,100,,38281,9,,,0,100,,38279,9,,,0,100,,38277,9,,,0,102,,38284,9,,,0,100,,38298,9,,,0,40,,38299,9,,,0,80,,38300,9,,,0,80,,38301,9,,,0,40,,38302,9,,,0,80,,38303,9,,,0,80,,38304,9,,,0,40,,38305,9,,,0,80,,38306,9,,,0,80,,38307,9,,,0,40,,38308,9,,,0,80,,38309,9,,,0,78,,38275,9,,,0,100,,38273,9,,,0,100,,38271,9,,,0,100,,38269,9,,,0,100,,38267,9,,,0
