580700,'1',558,,38810,38,,,0,70,,38808,38,,,0,18,,38806,38,,,0,55,,38805,38,,,0,15,,38804,38,,,0,15,,38803,38,,,0,15,,38802,38,,,0,55,,38801,38,,,0,15,,38800,38,,,0,15,,38799,38,,,0,15,,38798,38,,,0,55,,38797,38,,,0,15,,38796,38,,,0,15,,38795,38,,,0,21,,38794,38,,,0,60,,38793,38,,,0,30,,38792,38,,,0,70,,38791,38,,,0,30,,38790,38,,,0,70,,38789,38,,,0,30,,38788,38,,,0,70,,38787,38,,,0,28,,38785,38,,,0,70,,38783,38,,,0,25,,38781,38,,,0,15,,38780,38,,,0,55,,38779,38,,,0,15,,38778,38,,,0,15,,38777,38,,,0,15,,38776,38,,,0,55,,38775,38,,,0,15,,38774,38,,,0,15,,38773,38,,,0,15,,38772,38,,,0,55,,38771,38,,,0,15,,38770,38,,,0,15,,38769,38,,,0,15,,38768,38,,,0,55,,38767,38,,,0,15,,38766,38,,,0,15,,38765,38,,,0,69,,38764,38,,,0,30,,38763,38,,,0,70,,38762,38,,,0,30,,38761,38,,,0,70,,38760,38,,,0,30,,38759,38,,,0,71,,38758,38,,,0,30,,38757,38,,,0,70,,38756,38,,,0,30,,38755,38,,,0,70,,38754,38,,,0,30,,38750,38,,,0,70,,38753,38,,,0,25,,38752,38,0,5 6,0,97,,38751,38,0,7 4 8 9 10,0
580700,'2',540,,38854,38,,,0,70,,38816,38,,,0,30,,38817,38,,,0,75,,38818,38,,,0,30,,38819,38,,,0,70,,38820,38,,,0,30,,38821,38,,,0,70,,38822,38,,,0,30,,38823,38,,,0,70,,38824,38,,,0,30,,38825,38,,,0,70,,38826,38,,,0,30,,38827,38,,,0,70,,38828,38,,,0,30,,38829,38,,,0,70,,38830,38,,,0,30,,38831,38,,,0,70,,38832,38,,,0,30,,38833,38,,,0,70,,38834,38,,,0,30,,38835,38,,,0,70,,38836,38,,,0,30,,38837,38,,,0,70,,38838,38,,,0,30,,38839,38,,,0,70,,38840,38,,,0,30,,38841,38,,,0,71,,38842,38,,,0,30,,38843,38,,,0,70,,38844,38,,,0,30,,38845,38,,,0,70,,38846,38,,,0,30,,38847,38,,,0,70,,38848,38,,,0,30,,38849,38,,,0,70,,38850,38,,,0,30,,38851,38,,,0,70,,38852,38,,,0,43,,38853,38,,,0
580700,'3',633,,38855,38,,,0,70,,38868,38,,,0,40,,38856,38,,,0,70,,38869,38,,,0,30,,38857,38,,,0,70,,38870,38,,,0,30,,38858,38,,,0,70,,38871,38,,,0,32,,38859,38,,,0,70,,38872,38,,,0,30,,38860,38,,,0,70,,38873,38,,,0,30,,38861,38,,,0,70,,38874,38,,,0,30,,38862,38,,,0,70,,38875,38,,,0,30,,38863,38,,,0,70,,38876,38,,,0,30,,38864,38,,,0,70,,38877,38,,,0,30,,38865,38,,,0,70,,38878,38,,,0,30,,38866,38,,,0,70,,38879,38,,,0,32,,38867,38,,,0,70,,38889,38,,,0,30,,38880,38,,,0,70,,38886,38,,,0,30,,38881,38,,,0,70,,38887,38,,,0,30,,38882,38,,,0,70,,38888,38,,,0,30,,38883,38,,,0,70,,38890,38,,,0,30,,38884,38,,,0,70,,38891,38,,,0,30,,38885,38,0,7 4 8 9 10,0
580700,'4',654,,38907,38,,,0,70,,38892,38,,,0,30,,38908,38,,,0,70,,38893,38,,,0,30,,38909,38,,,0,70,,38894,38,,,0,30,,38910,38,,,0,70,,38895,38,,,0,30,,38911,38,,,0,70,,38896,38,,,0,30,,38912,38,,,0,70,,38897,38,,,0,30,,38913,38,,,0,70,,38898,38,,,0,30,,38914,38,,,0,70,,38899,38,,,0,30,,38915,38,,,0,70,,38900,38,,,0,30,,38916,38,,,0,70,,38901,38,,,0,30,,38917,38,,,0,70,,38902,38,,,0,30,,38918,38,,,0,70,,38903,38,,,0,30,,38919,38,,,0,70,,38904,38,,,0,30,,38920,38,,,0,70,,38905,38,,,0,30,,38921,38,,,0,70,,38906,38,0,7 4 8 9 10,0
580700,'6',633,,38924,38,,,0,70,,38937,38,,,0,40,,38925,38,,,0,70,,38938,38,,,0,30,,38926,38,,,0,70,,38939,38,,,0,30,,38927,38,,,0,70,,38940,38,,,0,32,,38928,38,,,0,70,,38941,38,,,0,30,,38929,38,,,0,70,,38942,38,,,0,30,,38930,38,,,0,70,,38943,38,,,0,30,,38931,38,,,0,70,,38944,38,,,0,30,,38932,38,,,0,70,,38945,38,,,0,30,,38933,38,,,0,70,,38946,38,,,0,30,,38934,38,,,0,70,,38947,38,,,0,30,,38935,38,,,0,70,,38948,38,,,0,32,,38936,38,,,0,70,,38958,38,,,0,30,,38949,38,,,0,70,,38955,38,,,0,30,,38950,38,,,0,70,,38956,38,,,0,30,,38951,38,,,0,70,,38957,38,,,0,30,,38952,38,,,0,70,,38959,38,,,0,30,,38953,38,,,0,70,,38960,38,,,0,30,,38954,38,0,7 4 8 9 10,0
580701,'1601',838,,38961,40,0,21 22,0
580701,'1',432,,39023,30,,,0,68,,39022,30,,,0,36,,39021,30,,,0,15,,39020,30,,,0,50,,39018,30,,,0,2,,39019,65,,,0,28,,39016,30,,,0,2,,39017,65,,,0,24,,39015,65,,,0,44,,39014,30,,,0,18,,39013,65,,,0,15,,39012,65,,,0,15,,39011,65,,,0,55,,39010,65,,,0,15,,39009,65,,,0,15,,39008,65,,,0,15,,39007,65,,,0,55,,39006,65,,,0,15,,39005,65,,,0,15,,39004,65,,,0,15,,39003,65,,,0,65,,39002,65,,,0,28,,39001,65,,,0,70,,39000,65,,,0,30,,38999,65,,,0,70,,38998,65,,,0,30,,38997,65,,,0,70,,38996,65,,,0,20,,38995,30,,,0,10,,38994,65,,,0,60,,38993,30,,,0,10,,38992,65,,,0,27,,38991,65,,,0,15,,38990,65,,,0,55,,38989,65,,,0,15,,38988,65,,,0,15,,38987,65,,,0,15,,38986,65,,,0,55,,38985,65,,,0,15,,38984,65,,,0,15,,38983,65,,,0,15,,38982,65,,,0,55,,38981,65,,,0,15,,38980,65,,,0,15,,38979,65,,,0,15,,38978,65,,,0,55,,38977,65,,,0,15,,38976,65,,,0,20,,38975,65,,,0,70,,38974,65,,,0,32,,38973,65,,,0,70,,38972,65,,,0,30,,38971,65,,,0,70,,38970,65,,,0,30,,38969,65,,,0,70,,38968,65,,,0,30,,38967,65,,,0,70,,38966,65,,,0,30,,38963,65,,,0,70,,38965,65,,,0,30,,38962,65,,,0,70,,38964,65,,,0
580701,'2',550,,39063,65,,,0,70,,39024,65,,,0,30,,39025,65,,,0,70,,39026,65,,,0,25,,39038,65,,,0,70,,39027,65,,,0,30,,39039,65,,,0,70,,39028,65,,,0,30,,39040,65,,,0,70,,39029,65,,,0,33,,39041,65,,,0,70,,39030,65,,,0,30,,39042,65,,,0,70,,39043,65,,,0,30,,39044,65,,,0,70,,39045,65,,,0,30,,39046,65,,,0,70,,39047,65,,,0,30,,39048,65,,,0,70,,39031,65,,,0,30,,39049,65,,,0,70,,39032,65,,,0,30,,39050,65,,,0,70,,39033,65,,,0,30,,39051,65,,,0,70,,39052,65,,,0,30,,39053,65,,,0,70,,39034,65,,,0,27,,39054,65,,,0,70,,39055,65,,,0,30,,39056,65,,,0,70,,39057,65,,,0,30,,39058,65,,,0,70,,39059,65,,,0,30,,39060,65,,,0,70,,39035,65,,,0,30,,39036,65,,,0,70,,39061,65,,,0,30,,39037,65,,,0,85,,39062,65,,,0
580701,'3',611,,39065,30,,,0,30,,39066,30,,,0,70,,39101,65,,,0,30,,39067,65,,,0,76,,39084,65,,,0,24,,39068,65,,,0,76,,39085,65,,,0,30,,39069,65,,,0,70,,39086,65,,,0,31,,39070,65,,,0,70,,39087,65,,,0,30,,39071,65,,,0,70,,39088,65,,,0,30,,39072,65,,,0,70,,39089,65,,,0,30,,39073,65,,,0,70,,39090,65,,,0,30,,39074,65,,,0,70,,39091,65,,,0,30,,39075,65,,,0,70,,39092,65,,,0,30,,39076,65,,,0,70,,39093,65,,,0,30,,39077,65,,,0,70,,39094,65,,,0,29,,39078,65,,,0,70,,39095,65,,,0,30,,39079,65,,,0,70,,39096,65,,,0,30,,39080,65,,,0,70,,39097,65,,,0,30,,39081,65,,,0,70,,39098,65,,,0,30,,39082,65,,,0,70,,39099,65,,,0,30,,39083,65,,,0,70,,39100,65,,,0
580701,'4',658,,39131,65,,,0,70,,39132,65,,,0,30,,39115,65,,,0,70,,39117,65,,,0,30,,39114,65,,,0,70,,39118,65,,,0,30,,39113,65,,,0,70,,39119,65,,,0,30,,39112,65,,,0,70,,39120,65,,,0,30,,39111,65,,,0,70,,39121,65,,,0,30,,39110,65,,,0,70,,39122,65,,,0,30,,39109,65,,,0,70,,39123,65,,,0,30,,39108,65,,,0,70,,39124,65,,,0,30,,39107,65,,,0,70,,39125,65,,,0,30,,39106,65,,,0,70,,39126,65,,,0,30,,39105,65,,,0,70,,39127,65,,,0,30,,39104,65,,,0,70,,39128,65,,,0,30,,39103,65,,,0,70,,39129,65,,,0,30,,39102,65,,,0,70,,39130,65,,,0
580701,'6',611,,39134,30,,,0,30,,39135,30,,,0,70,,39170,65,,,0,30,,39136,65,,,0,76,,39153,65,,,0,24,,39137,65,,,0,76,,39154,65,,,0,30,,39138,65,,,0,70,,39155,65,,,0,31,,39139,65,,,0,70,,39156,65,,,0,30,,39140,65,,,0,70,,39157,65,,,0,30,,39141,65,,,0,70,,39158,65,,,0,30,,39142,65,,,0,70,,39159,65,,,0,30,,39143,65,,,0,70,,39160,65,,,0,30,,39144,65,,,0,70,,39161,65,,,0,30,,39145,65,,,0,70,,39162,65,,,0,30,,39146,65,,,0,70,,39163,65,,,0,29,,39147,65,,,0,70,,39164,65,,,0,30,,39148,65,,,0,70,,39165,65,,,0,30,,39149,65,,,0,70,,39166,65,,,0,30,,39150,65,,,0,70,,39167,65,,,0,30,,39151,65,,,0,70,,39168,65,,,0,30,,39152,65,,,0,70,,39169,65,,,0
