578901,'1',503,,32625,8,,,0,30,,32627,8,,,0,70,,32620,8,,,0,30,,32621,8,,,0,71,,32597,8,,,0,30,,32626,8,,,0,70,,32624,8,,,0,30,,32623,8,,,0,69,,32622,8,,,0,36,,32619,8,,,0,70,,32611,8,,,0,30,,32610,8,,,0,70,,32609,8,,,0,30,,32614,8,,,0,70,,32613,8,,,0,30,,32612,8,,,0,70,,32618,8,,,0,30,,32617,8,,,0,70,,32616,8,,,0,30,,32596,8,,,0,70,,32603,8,,,0,30,,32602,8,,,0,70,,32606,8,,,0,30,,32605,8,,,0,70,,32604,8,,,0,30,,32608,8,,,0,70,,32600,8,,,0,30,,32599,8,,,0,70,,32601,8,,,0,30,,32593,8,,,0,70,,32615,8,,,0,30,,32592,8,,,0,70,,32598,8,,,0,30,,32591,8,,,0,74,,32607,8,,,0,100,,32595,8,,,0,100,,32594,8,,,0
578901,'2',503,,32664,8,,,0,30,,32642,8,,,0,70,,32635,8,,,0,30,,32641,8,,,0,70,,32640,8,,,0,30,,32656,8,,,0,70,,32655,8,,,0,30,,32654,8,,,0,70,,32658,8,,,0,30,,32657,8,,,0,70,,32659,8,,,0,30,,32650,8,,,0,70,,32649,8,,,0,30,,32648,8,,,0,70,,32653,8,,,0,30,,32652,8,,,0,70,,32651,8,,,0,30,,32662,8,,,0,70,,32661,8,,,0,30,,32645,8,,,0,70,,32644,8,,,0,30,,32660,8,,,0,70,,32643,8,,,0,30,,32647,8,,,0,70,,32646,8,,,0,30,,32637,8,,,0,70,,32636,8,,,0,30,,32639,8,,,0,69,,32638,8,,,0,30,,32630,8,,,0,70,,32629,8,,,0,30,,32634,8,,,0,70,,32628,8,,,0,100,,32633,8,,,0,100,,32632,8,,,0,100,,32631,8,,,0,100,,32663,8,,,0
578901,'3',503,,32700,8,,,0,30,,32679,8,,,0,70,,32672,8,,,0,30,,32678,8,,,0,70,,32677,8,,,0,30,,32693,8,,,0,70,,32692,8,,,0,30,,32691,8,,,0,70,,32695,8,,,0,30,,32694,8,,,0,70,,32696,8,,,0,30,,32687,8,,,0,70,,32686,8,,,0,30,,32685,8,,,0,70,,32690,8,,,0,30,,32689,8,,,0,70,,32688,8,,,0,30,,32699,8,,,0,70,,32698,8,,,0,30,,32682,8,,,0,70,,32681,8,,,0,30,,32697,8,,,0,70,,32680,8,,,0,30,,32684,8,,,0,70,,32683,8,,,0,30,,32674,8,,,0,70,,32673,8,,,0,30,,32676,8,,,0,69,,32675,8,,,0,30,,32667,8,,,0,70,,32666,8,,,0,30,,32671,8,,,0,70,,32665,8,,,0,100,,32670,8,,,0,100,,32669,8,,,0,100,,32668,8,,,0
578901,'4',523,,32701,8,,,0,100,,32702,8,,,0,100,,32703,8,,,0,100,,32704,8,,,0,100,,32705,8,,,0,100,,32706,8,,,0,100,,32707,8,,,0,100,,32708,8,,,0,100,,32709,8,,,0,100,,32710,8,,,0,100,,32711,8,,,0,100,,32712,8,,,0,100,,32713,8,,,0,99,,32714,8,,,0,100,,32715,8,,,0,100,,32716,8,,,0
578901,'6',503,,32752,8,,,0,30,,32731,8,,,0,70,,32724,8,,,0,30,,32730,8,,,0,70,,32729,8,,,0,30,,32745,8,,,0,70,,32744,8,,,0,30,,32743,8,,,0,70,,32747,8,,,0,30,,32746,8,,,0,70,,32748,8,,,0,30,,32739,8,,,0,70,,32738,8,,,0,30,,32737,8,,,0,70,,32742,8,,,0,30,,32741,8,,,0,70,,32740,8,,,0,30,,32751,8,,,0,70,,32750,8,,,0,30,,32734,8,,,0,70,,32733,8,,,0,30,,32749,8,,,0,70,,32732,8,,,0,30,,32736,8,,,0,70,,32735,8,,,0,30,,32726,8,,,0,70,,32725,8,,,0,30,,32728,8,,,0,69,,32727,8,,,0,30,,32719,8,,,0,70,,32718,8,,,0,30,,32723,8,,,0,70,,32717,8,,,0,100,,32722,8,,,0,100,,32721,8,,,0,100,,32720,8,,,0
580601,'1601',707,,38545,8,0,8 40 10,0,803,,38546,8,0,8 29 30 10,0
580601,'1',513,,38600,8,,,0,29,,38599,8,,,0,70,,38598,8,,,0,29,,38597,8,,,0,70,,38596,8,,,0,30,,38595,8,,,0,60,,38594,8,,,0,20,,38593,8,,,0,20,,38592,8,,,0,15,,38591,8,,,0,55,,38590,8,,,0,15,,38589,8,,,0,14,,38588,8,,,0,70,,38587,8,,,0,30,,38586,8,,,0,70,,38585,8,,,0,30,,38584,8,,,0,70,,38583,8,,,0,30,,38582,8,,,0,70,,38581,8,,,0,29,,38580,8,,,0,70,,38579,8,,,0,30,,38578,8,,,0,15,,38577,8,,,0,55,,38576,8,,,0,15,,38575,8,,,0,15,,38574,8,,,0,15,,38573,8,,,0,55,,38548,8,,,0,15,,38572,8,,,0,15,,38571,8,,,0,15,,38570,8,,,0,55,,38569,8,,,0,15,,38568,8,,,0,15,,38567,8,,,0,15,,38566,8,,,0,55,,38565,8,,,0,15,,38564,8,,,0,18,,38563,8,,,0,15,,38562,8,,,0,60,,38561,8,,,0,25,,38560,8,,,0,70,,38559,8,,,0,30,,38558,8,,,0,70,,38557,8,,,0,30,,38556,8,,,0,70,,38551,8,,,0,33,,38555,8,,,0,70,,38554,8,,,0,30,,38550,8,,,0,70,,38553,8,,,0,30,,38549,8,,,0,77,,38552,8,,,0
580601,'2',503,,38638,8,,,0,30,,38639,8,,,0,70,,38640,8,,,0,26,,38619,8,,,0,30,,38621,8,,,0,70,,38620,8,,,0,30,,38622,8,,,0,70,,38618,8,,,0,30,,38623,8,,,0,70,,38615,8,,,0,30,,38624,8,,,0,70,,38607,8,,,0,30,,38625,8,,,0,70,,38608,8,,,0,30,,38626,8,,,0,70,,38609,8,,,0,30,,38627,8,,,0,70,,38610,8,,,0,30,,38628,8,,,0,70,,38611,8,,,0,30,,38629,8,,,0,70,,38612,8,,,0,30,,38630,8,,,0,70,,38613,8,,,0,30,,38631,8,,,0,70,,38614,8,,,0,30,,38632,8,,,0,70,,38616,8,,,0,30,,38617,8,,,0,70,,38633,8,,,0,30,,38606,8,,,0,70,,38605,8,,,0,30,,38604,8,,,0,70,,38603,8,,,0,30,,38602,8,,,0,70,,38634,8,,,0,30,,38635,8,,,0,70,,38636,8,,,0,30,,38601,8,,,0,70,,38637,8,,,0,30,,38641,8,,,0
580601,'3',629,,38660,8,,,0,30,,38662,8,,,0,70,,38661,8,,,0,30,,38663,8,,,0,70,,38659,8,,,0,30,,38664,8,,,0,70,,38656,8,,,0,30,,38665,8,,,0,70,,38648,8,,,0,30,,38666,8,,,0,70,,38649,8,,,0,30,,38667,8,,,0,70,,38650,8,,,0,30,,38668,8,,,0,70,,38651,8,,,0,30,,38669,8,,,0,70,,38652,8,,,0,30,,38670,8,,,0,70,,38653,8,,,0,30,,38671,8,,,0,70,,38654,8,,,0,30,,38672,8,,,0,70,,38655,8,,,0,30,,38673,8,,,0,70,,38657,8,,,0,30,,38658,8,,,0,70,,38674,8,,,0,30,,38647,8,,,0,70,,38646,8,,,0,30,,38645,8,,,0,70,,38644,8,,,0,30,,38643,8,,,0,70,,38675,8,,,0,30,,38676,8,,,0,70,,38677,8,,,0,79,,38642,8,,,0
580601,'4',631,,38693,8,,,0,70,,38695,8,,,0,30,,38694,8,,,0,70,,38696,8,,,0,30,,38692,8,,,0,70,,38697,8,,,0,30,,38689,8,,,0,70,,38698,8,,,0,30,,38681,8,,,0,70,,38699,8,,,0,30,,38682,8,,,0,70,,38700,8,,,0,30,,38683,8,,,0,70,,38701,8,,,0,30,,38684,8,,,0,70,,38702,8,,,0,30,,38685,8,,,0,70,,38703,8,,,0,30,,38686,8,,,0,70,,38704,8,,,0,30,,38687,8,,,0,70,,38705,8,,,0,30,,38688,8,,,0,70,,38706,8,,,0,30,,38690,8,,,0,70,,38691,8,,,0,30,,38707,8,,,0,70,,38680,8,,,0,30,,38679,8,,,0,70,,38678,8,,,0
580601,'6',503,,38745,8,,,0,30,,38746,8,,,0,70,,38747,8,,,0,26,,38726,8,,,0,30,,38728,8,,,0,70,,38727,8,,,0,30,,38729,8,,,0,70,,38725,8,,,0,30,,38730,8,,,0,70,,38722,8,,,0,30,,38731,8,,,0,70,,38714,8,,,0,30,,38732,8,,,0,70,,38715,8,,,0,30,,38733,8,,,0,70,,38716,8,,,0,30,,38734,8,,,0,70,,38717,8,,,0,30,,38735,8,,,0,70,,38718,8,,,0,30,,38736,8,,,0,70,,38719,8,,,0,30,,38737,8,,,0,70,,38720,8,,,0,30,,38738,8,,,0,70,,38721,8,,,0,30,,38739,8,,,0,70,,38723,8,,,0,30,,38724,8,,,0,70,,38740,8,,,0,30,,38713,8,,,0,70,,38712,8,,,0,30,,38711,8,,,0,70,,38710,8,,,0,30,,38709,8,,,0,70,,38741,8,,,0,30,,38742,8,,,0,70,,38743,8,,,0,30,,38708,8,,,0,70,,38744,8,,,0,30,,38748,8,,,0
