579600,'1601',1602,,34938,40,4,,0
579600,'1',556,,34939,40,4,,0,60,,34940,40,4,,0,17,,34941,40,4,,0,15,,34942,40,4,,0,58,,34943,40,4,,0,15,,34944,40,4,,0,15,,34945,40,4,,0,15,,34946,40,4,,0,55,,34947,40,4,,0,15,,34948,40,4,,0,15,,34949,40,4,,0,15,,34950,40,4,,0,55,,34951,40,4,,0,15,,34952,40,4,,0,18,,34953,40,4,,0,20,,34954,40,4,,0,60,,34955,40,4,,0,22,,34956,40,4,,0,60,,34957,40,4,,0,20,,34958,40,4,,0,20,,34959,40,4,,0,60,,34960,40,4,,0,20,,34961,40,4,,0,20,,34962,40,4,,0,60,,34963,40,4,,0,20,,34964,40,4,,0,20,,34965,40,4,,0,61,,34966,40,4,,0,20,,34967,40,4,,0,15,,34968,40,4,,0,15,,34969,40,4,,0,55,,34970,40,4,,0,15,,34971,40,4,,0,15,,34972,40,4,,0,15,,34973,40,4,,0,55,,34974,40,4,,0,15,,34975,40,4,,0,15,,34976,40,4,,0,15,,34977,40,4,,0,55,,34978,40,4,,0,15,,34979,40,4,,0,15,,34980,40,4,,0,15,,34981,40,4,,0,55,,34982,40,4,,0,20,,34983,40,4,,0,25,,34984,40,4,,0,65,,34985,40,4,,0,25,,34986,40,4,,0,70,,34987,40,4,,0,30,,34988,40,4,,0,70,,34989,40,4,,0,30,,34990,40,4,,0,67,,34991,40,4,,0,30,,34992,40,4,,0,70,,34993,40,4,,0,30,,34994,40,4,,0,70,,34995,40,4,,0,30,,34996,40,4,,0,75,,34997,40,4,,0,30,,34998,40,4,,0
579600,'2',606,,35010,40,4,,0,30,,35011,40,4,,0,70,,35012,40,4,,0,30,,35013,40,4,,0,70,,35014,40,4,,0,30,,35015,40,4,,0,74,,35016,40,4,,0,20,,35017,40,4,,0,20,,35018,40,4,,0,60,,35019,40,4,,0,20,,35020,40,4,,0,20,,35021,40,4,,0,60,,35022,40,4,,0,20,,35023,40,4,,0,20,,35024,40,4,,0,60,,35025,40,4,,0,20,,35026,40,4,,0,20,,35027,40,4,,0,60,,35028,40,4,,0,20,,35029,40,4,,0,20,,35030,40,4,,0,60,,35031,40,4,,0,20,,35032,40,4,,0,20,,35033,40,4,,0,60,,35034,40,4,,0,20,,35035,40,4,,0,20,,35036,40,4,,0,60,,35037,40,4,,0,20,,35038,40,4,,0,20,,35039,40,4,,0,60,,35040,40,4,,0,17,,35041,40,4,,0,20,,35042,40,4,,0,65,,35043,40,4,,0,30,,35044,40,4,,0,70,,35045,40,4,,0,30,,35046,40,4,,0,70,,35047,40,4,,0,30,,34999,40,4,,0,70,,35000,40,4,,0,30,,35001,40,4,,0,68,,35002,40,4,,0,30,,35003,40,4,,0,70,,35004,40,4,,0,30,,35005,40,4,,0,70,,35006,40,4,,0,30,,35007,40,4,,0,70,,35008,40,4,,0,35,,35009,40,4,,0
579600,'3',703,,35071,40,4,,0,30,,35072,40,4,,0,70,,35070,40,4,,0,30,,35073,40,4,,0,70,,35069,40,4,,0,37,,35068,40,4,,0,70,,35067,40,4,,0,30,,35066,40,4,,0,70,,35065,40,4,,0,30,,35064,40,4,,0,70,,35063,40,4,,0,30,,35062,40,4,,0,70,,35061,40,4,,0,30,,35060,40,4,,0,70,,35059,40,4,,0,30,,35058,40,4,,0,70,,35057,40,4,,0,30,,35056,40,4,,0,70,,35055,40,4,,0,30,,35054,40,4,,0,70,,35053,40,4,,0,30,,35052,40,4,,0,68,,35051,40,4,,0,30,,35074,40,4,,0,70,,35050,40,4,,0,30,,35075,40,4,,0,70,,35049,40,4,,0,30,,35076,40,4,,0,70,,35048,40,4,,0,26,,35077,40,4,,0,70,,35078,40,4,,0,30,,35079,40,4,,0,70,,35080,40,4,,0,30,,35081,40,4,,0,70,,35082,40,4,,0,20,,35083,40,4,,0
579600,'4',722,,35106,40,4,,0,30,,35084,40,4,,0,70,,35085,40,4,,0,30,,35086,40,4,,0,74,,35087,40,4,,0,30,,35088,40,4,,0,70,,35089,40,4,,0,30,,35090,40,4,,0,70,,35091,40,4,,0,30,,35092,40,4,,0,70,,35093,40,4,,0,30,,35094,40,4,,0,70,,35095,40,4,,0,30,,35096,40,4,,0,70,,35097,40,4,,0,30,,35098,40,4,,0,70,,35099,40,4,,0,100,,35100,40,4,,0,100,,35101,40,4,,0,98,,35102,40,4,,0,100,,35103,40,4,,0,100,,35104,40,4,,0,98,,35105,40,4,,0
579600,'6',703,,35130,40,4,,0,30,,35131,40,4,,0,70,,35129,40,4,,0,30,,35132,40,4,,0,70,,35128,40,4,,0,37,,35127,40,4,,0,70,,35126,40,4,,0,30,,35125,40,4,,0,70,,35124,40,4,,0,30,,35123,40,4,,0,70,,35122,40,4,,0,30,,35121,40,4,,0,70,,35120,40,4,,0,30,,35119,40,4,,0,70,,35118,40,4,,0,30,,35117,40,4,,0,70,,35116,40,4,,0,30,,35115,40,4,,0,70,,35114,40,4,,0,30,,35113,40,4,,0,70,,35112,40,4,,0,30,,35111,40,4,,0,68,,35110,40,4,,0,30,,35133,40,4,,0,70,,35109,40,4,,0,30,,35134,40,4,,0,70,,35108,40,4,,0,30,,35135,40,4,,0,70,,35107,40,4,,0,26,,35136,40,4,,0,70,,35137,40,4,,0,30,,35138,40,4,,0,70,,35139,40,4,,0,30,,35140,40,4,,0,70,,35141,40,4,,0,20,,35142,40,4,,0
579701,'1601',1453,,35553,1,,,0,70,,35552,1,,,0
579701,'1',505,,35554,1,,,0,22,,35555,1,,,0,20,,35556,1,,,0,60,,35557,1,,,0,20,,35558,1,,,0,15,,35559,1,,,0,15,,35560,1,,,0,55,,35561,1,,,0,15,,35562,1,,,0,15,,35563,1,,,0,15,,35564,1,,,0,55,,35565,1,,,0,15,,35566,1,,,0,20,,35567,1,,,0,60,,35568,1,,,0,20,,35569,1,,,0,20,,35570,1,,,0,60,,35571,1,,,0,20,,35572,1,,,0,20,,35573,1,,,0,60,,35574,1,,,0,20,,35575,1,,,0,20,,35576,1,,,0,60,,35577,1,,,0,20,,35578,1,,,0,20,,35579,1,,,0,60,,35580,1,,,0,18,,35581,1,,,0,16,,35582,1,,,0,15,,35583,1,,,0,55,,35584,1,,,0,15,,35585,1,,,0,15,,35586,1,,,0,15,,35587,1,,,0,55,,35588,1,,,0,15,,35589,1,,,0,15,,35590,1,,,0,15,,35591,1,,,0,55,,35592,1,,,0,15,,35593,1,,,0,15,,35594,1,,,0,15,,35595,1,,,0,55,,35596,1,,,0,15,,35597,1,,,0,29,,35598,1,,,0,70,,35599,1,,,0,30,,35600,1,,,0,68,,35601,1,,,0,30,,35602,1,,,0,70,,35603,1,,,0,30,,35604,1,,,0,70,,35605,1,,,0,30,,35606,1,,,0,65,,35607,1,,,0,30,,35608,1,,,0,70,,35609,1,,,0,30,,35610,1,,,0,72,,35611,1,,,0,30,,35612,1,,,0
579701,'2',537,,35656,1,,,0,72,,35657,1,,,0,30,,35658,1,,,0,70,,35659,1,,,0,30,,35613,1,,,0,70,,35614,1,,,0,26,,35615,1,,,0,20,,35616,1,,,0,60,,35617,1,,,0,20,,35618,1,,,0,20,,35619,1,,,0,60,,35620,1,,,0,20,,35621,1,,,0,20,,35622,1,,,0,60,,35623,1,,,0,20,,35624,1,,,0,20,,35625,1,,,0,60,,35626,1,,,0,20,,35627,1,,,0,20,,35628,1,,,0,60,,35629,1,,,0,20,,35630,1,,,0,20,,35631,1,,,0,60,,35632,1,,,0,20,,35633,1,,,0,20,,35634,1,,,0,60,,35635,1,,,0,20,,35636,1,,,0,20,,35637,1,,,0,60,,35638,1,,,0,20,,35639,1,,,0,20,,35640,1,,,0,60,,35660,1,,,0,20,,35661,1,,,0,20,,35641,1,,,0,68,,35642,1,,,0,30,,35643,1,,,0,70,,35644,1,,,0,30,,35645,1,,,0,70,,35646,1,,,0,30,,35647,1,,,0,70,,35648,1,,,0,27,,35649,1,,,0,70,,35650,1,,,0,30,,35651,1,,,0,70,,35652,1,,,0,30,,35653,1,,,0,70,,35654,1,,,0,33,,35655,1,,,0
579701,'3',612,,35667,1,,,0,29,,35666,1,,,0,70,,35668,1,,,0,30,,35665,1,,,0,70,,35669,1,,,0,30,,35670,1,,,0,75,,35671,1,,,0,30,,35672,1,,,0,70,,35673,1,,,0,30,,35674,1,,,0,70,,35675,1,,,0,30,,35676,1,,,0,70,,35677,1,,,0,30,,35678,1,,,0,70,,35679,1,,,0,30,,35680,1,,,0,70,,35681,1,,,0,30,,35682,1,,,0,70,,35683,1,,,0,30,,35684,1,,,0,70,,35685,1,,,0,30,,35686,1,,,0,70,,35687,1,,,0,30,,35664,1,,,0,70,,35688,1,,,0,30,,35663,1,,,0,70,,35689,1,,,0,30,,35662,1,,,0,70,,35690,1,,,0,30,,35691,1,,,0,70,,35692,1,,,0,28,,35693,1,,,0,70,,35694,1,,,0,30,,35695,1,,,0,70,,35696,1,,,0,24,,35697,1,,,0
579701,'4',634,,35698,1,,,0,100,,35699,1,,,0,70,,35700,1,,,0,30,,35701,1,,,0,70,,35702,1,,,0,30,,35703,1,,,0,70,,35704,1,,,0,30,,35705,1,,,0,70,,35706,1,,,0,30,,35707,1,,,0,70,,35708,1,,,0,30,,35709,1,,,0,70,,35710,1,,,0,30,,35711,1,,,0,70,,35712,1,,,0,30,,35713,1,,,0,25,,35714,1,,,0,70,,35715,1,,,0,100,,35716,1,,,0,100,,35717,1,,,0,100,,35718,1,,,0,100,,35719,1,,,0,100,,35720,1,,,0
579701,'6',612,,35726,1,,,0,29,,35725,1,,,0,70,,35727,1,,,0,30,,35724,1,,,0,70,,35728,1,,,0,30,,35729,1,,,0,75,,35730,1,,,0,30,,35731,1,,,0,70,,35732,1,,,0,30,,35733,1,,,0,70,,35734,1,,,0,30,,35735,1,,,0,70,,35736,1,,,0,30,,35737,1,,,0,70,,35738,1,,,0,30,,35739,1,,,0,70,,35740,1,,,0,30,,35741,1,,,0,70,,35742,1,,,0,30,,35743,1,,,0,70,,35744,1,,,0,30,,35745,1,,,0,70,,35746,1,,,0,30,,35723,1,,,0,70,,35747,1,,,0,30,,35722,1,,,0,70,,35748,1,,,0,30,,35721,1,,,0,70,,35749,1,,,0,30,,35750,1,,,0,70,,35751,1,,,0,28,,35752,1,,,0,70,,35753,1,,,0,30,,35754,1,,,0,70,,35755,1,,,0,24,,35756,1,,,0
