579600,'1601',1530,,34938,1,,,0
579600,'1',530,,34939,1,,,0,20,,34940,1,,,0,57,,34941,1,,,0,15,,34942,1,,,0,15,,34943,1,,,0,15,,34944,1,,,0,55,,34945,1,,,0,15,,34946,1,,,0,15,,34947,1,,,0,15,,34948,1,,,0,55,,34949,1,,,0,15,,34950,1,,,0,15,,34951,1,,,0,15,,34952,1,,,0,58,,34953,1,,,0,20,,34954,1,,,0,20,,34955,1,,,0,60,,34956,1,,,0,20,,34957,1,,,0,20,,34958,1,,,0,60,,34959,1,,,0,20,,34960,1,,,0,20,,34961,1,,,0,60,,34962,1,,,0,20,,34963,1,,,0,20,,34964,1,,,0,60,,34965,1,,,0,20,,34966,1,,,0,20,,34967,1,,,0,55,,34968,1,,,0,15,,34969,1,,,0,15,,34970,1,,,0,15,,34971,1,,,0,55,,34972,1,,,0,15,,34973,1,,,0,15,,34974,1,,,0,15,,34975,1,,,0,55,,34976,1,,,0,15,,34977,1,,,0,15,,34978,1,,,0,15,,34979,1,,,0,55,,34980,1,,,0,15,,34981,1,,,0,15,,34982,1,,,0,20,,34983,1,,,0,65,,34984,1,,,0,25,,34985,1,,,0,70,,34986,1,,,0,30,,34987,1,,,0,70,,34988,1,,,0,30,,34989,1,,,0,70,,34990,1,,,0,30,,34991,1,,,0,70,,34992,1,,,0,30,,34993,1,,,0,70,,34994,1,,,0,30,,34995,1,,,0,70,,34996,1,,,0,35,,34997,1,,,0,70,,34998,1,,,0
579600,'2',540,,35010,1,,,0,70,,35011,1,,,0,30,,35012,1,,,0,70,,35013,1,,,0,30,,35014,1,,,0,70,,35015,1,,,0,30,,35016,1,,,0,60,,35017,1,,,0,20,,35018,1,,,0,20,,35019,1,,,0,60,,35020,1,,,0,20,,35021,1,,,0,20,,35022,1,,,0,60,,35023,1,,,0,20,,35024,1,,,0,20,,35025,1,,,0,60,,35026,1,,,0,20,,35027,1,,,0,20,,35028,1,,,0,60,,35029,1,,,0,20,,35030,1,,,0,20,,35031,1,,,0,60,,35032,1,,,0,20,,35033,1,,,0,20,,35034,1,,,0,60,,35035,1,,,0,20,,35036,1,,,0,20,,35037,1,,,0,60,,35038,1,,,0,20,,35039,1,,,0,20,,35040,1,,,0,60,,35041,1,,,0,20,,35042,1,,,0,25,,35043,1,,,0,70,,35044,1,,,0,30,,35045,1,,,0,70,,35046,1,,,0,30,,35047,1,,,0,70,,34999,1,,,0,30,,35000,1,,,0,70,,35001,1,,,0,30,,35002,1,,,0,70,,35003,1,,,0,30,,35004,1,,,0,70,,35005,1,,,0,30,,35006,1,,,0,70,,35007,1,,,0,30,,35008,1,,,0,75,,35009,1,,,0
579600,'3',640,,35071,1,,,0,70,,35072,1,,,0,30,,35070,1,,,0,70,,35073,1,,,0,30,,35069,1,,,0,70,,35068,1,,,0,30,,35067,1,,,0,70,,35066,1,,,0,30,,35065,1,,,0,70,,35064,1,,,0,30,,35063,1,,,0,70,,35062,1,,,0,30,,35061,1,,,0,70,,35060,1,,,0,30,,35059,1,,,0,70,,35058,1,,,0,30,,35057,1,,,0,70,,35056,1,,,0,30,,35055,1,,,0,70,,35054,1,,,0,30,,35053,1,,,0,70,,35052,1,,,0,30,,35051,1,,,0,70,,35074,1,,,0,30,,35050,1,,,0,70,,35075,1,,,0,30,,35049,1,,,0,70,,35076,1,,,0,30,,35048,1,,,0,70,,35077,1,,,0,30,,35078,1,,,0,70,,35079,1,,,0,30,,35080,1,,,0,70,,35081,1,,,0,30,,35082,1,,,0,60,,35083,1,,,0
579600,'4',700,,35106,1,,,0,30,,35084,1,,,0,70,,35085,1,,,0,30,,35086,1,,,0,70,,35087,1,,,0,30,,35088,1,,,0,70,,35089,1,,,0,30,,35090,1,,,0,70,,35091,1,,,0,30,,35092,1,,,0,70,,35093,1,,,0,30,,35094,1,,,0,70,,35095,1,,,0,30,,35096,1,,,0,70,,35097,1,,,0,30,,35098,1,,,0,70,,35099,1,,,0,100,,35100,1,,,0,100,,35101,1,,,0,100,,35102,1,,,0,100,,35103,1,,,0,100,,35104,1,,,0,100,,35105,1,,,0
579600,'6',640,,35130,1,,,0,70,,35131,1,,,0,30,,35129,1,,,0,70,,35132,1,,,0,30,,35128,1,,,0,70,,35127,1,,,0,30,,35126,1,,,0,70,,35125,1,,,0,30,,35124,1,,,0,70,,35123,1,,,0,30,,35122,1,,,0,70,,35121,1,,,0,30,,35120,1,,,0,70,,35119,1,,,0,30,,35118,1,,,0,70,,35117,1,,,0,30,,35116,1,,,0,70,,35115,1,,,0,30,,35114,1,,,0,70,,35113,1,,,0,30,,35112,1,,,0,70,,35111,1,,,0,30,,35110,1,,,0,70,,35133,1,,,0,30,,35109,1,,,0,70,,35134,1,,,0,30,,35108,1,,,0,70,,35135,1,,,0,30,,35107,1,,,0,70,,35136,1,,,0,30,,35137,1,,,0,70,,35138,1,,,0,30,,35139,1,,,0,70,,35140,1,,,0,30,,35141,1,,,0,60,,35142,1,,,0
579601,'1',506,,35143,42,4,,0,20,,35144,42,4,,0,20,,35145,42,4,,0,58,,35146,42,4,,0,14,,35147,42,4,,0,15,,35148,42,4,,0,15,,35149,42,4,,0,56,,35150,42,4,,0,15,,35151,42,4,,0,15,,35152,42,4,,0,15,,35153,42,4,,0,55,,35154,42,4,,0,15,,35155,42,4,,0,15,,35156,42,4,,0,15,,35157,42,4,,0,55,,35158,42,4,,0,15,,35159,42,4,,0,15,,35160,42,4,,0,16,,35161,42,4,,0,57,,35162,42,4,,0,20,,35163,42,4,,0,20,,35164,42,4,,0,60,,35165,42,4,,0,20,,35166,42,4,,0,20,,35167,42,4,,0,60,,35168,42,4,,0,20,,35169,42,4,,0,20,,35170,42,4,,0,60,,35171,42,4,,0,20,,35172,42,4,,0,20,,35173,42,4,,0,60,,35174,42,4,,0,20,,35175,42,4,,0,20,,35176,42,4,,0,55,,35177,42,4,,0,15,,35178,42,4,,0,15,,35179,42,4,,0,15,,35180,42,4,,0,55,,35181,42,4,,0,15,,35182,42,4,,0,15,,35183,42,4,,0,15,,35184,42,4,,0,55,,35185,42,4,,0,15,,35186,42,4,,0,15,,35187,42,4,,0,20,,35188,42,4,,0,60,,35189,42,4,,0,28,,35190,42,4,,0,70,,35191,42,4,,0,25,,35192,42,4,,0,70,,35193,42,4,,0,30,,35194,42,4,,0,70,,35195,42,4,,0,30,,35196,42,4,,0,67,,35197,42,4,,0,25,,35198,42,4,,0,30,,35199,42,4,,0,70,,35200,42,4,,0,25,,35201,42,4,,0,70,,35202,42,4,,0,28,,35203,42,4,,0,70,,35204,42,4,,0
579601,'2',546,,35217,42,4,,0,70,,35218,42,4,,0,32,,35219,42,4,,0,70,,35220,42,4,,0,30,,35221,42,4,,0,70,,35222,42,4,,0,30,,35223,42,4,,0,67,,35224,42,4,,0,20,,35225,42,4,,0,20,,35226,42,4,,0,60,,35227,42,4,,0,20,,35228,42,4,,0,20,,35229,42,4,,0,60,,35230,42,4,,0,20,,35231,42,4,,0,20,,35232,42,4,,0,60,,35233,42,4,,0,20,,35234,42,4,,0,20,,35235,42,4,,0,60,,35236,42,4,,0,20,,35237,42,4,,0,20,,35238,42,4,,0,60,,35239,42,4,,0,20,,35240,42,4,,0,20,,35241,42,4,,0,60,,35242,42,4,,0,20,,35243,42,4,,0,20,,35244,42,4,,0,60,,35245,42,4,,0,20,,35246,42,4,,0,20,,35247,42,4,,0,60,,35248,42,4,,0,22,,35253,42,4,,0,70,,35249,42,4,,0,27,,35250,42,4,,0,70,,35251,42,4,,0,30,,35252,42,4,,0,70,,35205,42,4,,0,30,,35206,42,4,,0,70,,35207,42,4,,0,30,,35208,42,4,,0,67,,35209,42,4,,0,26,,35210,42,4,,0,30,,35211,42,4,,0,70,,35212,42,4,,0,30,,35213,42,4,,0,70,,35214,42,4,,0,30,,35215,42,4,,0,70,,35216,42,4,,0
579601,'3',613,,35278,42,4,,0,30,,35279,42,4,,0,70,,35277,42,4,,0,30,,35280,42,4,,0,70,,35276,42,4,,0,30,,35281,42,4,,0,65,,35274,42,4,,0,27,,35275,42,4,,0,70,,35273,42,4,,0,30,,35272,42,4,,0,70,,35271,42,4,,0,30,,35270,42,4,,0,70,,35269,42,4,,0,30,,35268,42,4,,0,70,,35267,42,4,,0,30,,35266,42,4,,0,70,,35265,42,4,,0,30,,35264,42,4,,0,70,,35263,42,4,,0,30,,35262,42,4,,0,70,,35261,42,4,,0,30,,35260,42,4,,0,70,,35259,42,4,,0,30,,35258,42,4,,0,66,,35254,42,4,,0,30,,35257,42,4,,0,70,,35282,42,4,,0,30,,35256,42,4,,0,70,,35283,42,4,,0,30,,35255,42,4,,0,70,,35284,42,4,,0,27,,35285,42,4,,0,30,,35286,42,4,,0,59,,35288,42,4,,0,30,,35287,42,4,,0,70,,35289,42,4,,0,30,,35290,42,4,,0
579601,'4',625,,35291,42,4,,0,100,,35292,42,4,,0,85,,35293,42,4,,0,30,,35294,42,4,,0,70,,35295,42,4,,0,34,,35296,42,4,,0,70,,35297,42,4,,0,30,,35298,42,4,,0,70,,35299,42,4,,0,30,,35300,42,4,,0,70,,35301,42,4,,0,30,,35302,42,4,,0,70,,35303,42,4,,0,30,,35304,42,4,,0,70,,35305,42,4,,0,30,,35306,42,4,,0,70,,35307,42,4,,0,30,,35308,42,4,,0,82,,35309,42,4,,0,100,,35310,42,4,,0,98,,35311,42,4,,0,100,,35312,42,4,,0,100,,35313,42,4,,0
579601,'6',613,,35338,42,4,,0,30,,35339,42,4,,0,70,,35337,42,4,,0,30,,35340,42,4,,0,70,,35336,42,4,,0,30,,35341,42,4,,0,65,,35334,42,4,,0,27,,35335,42,4,,0,70,,35333,42,4,,0,30,,35332,42,4,,0,70,,35331,42,4,,0,30,,35330,42,4,,0,70,,35329,42,4,,0,30,,35328,42,4,,0,70,,35327,42,4,,0,30,,35326,42,4,,0,70,,35325,42,4,,0,30,,35324,42,4,,0,70,,35323,42,4,,0,30,,35322,42,4,,0,70,,35321,42,4,,0,30,,35320,42,4,,0,70,,35319,42,4,,0,30,,35318,42,4,,0,66,,35314,42,4,,0,30,,35317,42,4,,0,70,,35342,42,4,,0,30,,35316,42,4,,0,70,,35343,42,4,,0,30,,35315,42,4,,0,70,,35344,42,4,,0,27,,35345,42,4,,0,30,,35346,42,4,,0,59,,35348,42,4,,0,30,,35347,42,4,,0,70,,35349,42,4,,0,30,,35350,42,4,,0
579700,'1601',1558,,35351,1,,,0
579700,'1',520,,35352,1,,,0,20,,35353,1,,,0,60,,35354,1,,,0,20,,35355,1,,,0,20,,35356,1,,,0,60,,35357,1,,,0,15,,35358,1,,,0,15,,35359,1,,,0,15,,35360,1,,,0,55,,35361,1,,,0,15,,35362,1,,,0,15,,35363,1,,,0,15,,35364,1,,,0,55,,35365,1,,,0,20,,35366,1,,,0,20,,35367,1,,,0,60,,35368,1,,,0,20,,35369,1,,,0,20,,35370,1,,,0,60,,35371,1,,,0,20,,35372,1,,,0,20,,35373,1,,,0,60,,35374,1,,,0,20,,35375,1,,,0,20,,35376,1,,,0,60,,35377,1,,,0,20,,35378,1,,,0,20,,35379,1,,,0,60,,35380,1,,,0,15,,35381,1,,,0,15,,35382,1,,,0,15,,35383,1,,,0,55,,35384,1,,,0,15,,35385,1,,,0,15,,35386,1,,,0,15,,35387,1,,,0,55,,35388,1,,,0,15,,35389,1,,,0,15,,35390,1,,,0,15,,35391,1,,,0,55,,35392,1,,,0,15,,35393,1,,,0,15,,35394,1,,,0,15,,35395,1,,,0,55,,35396,1,,,0,30,,35397,1,,,0,70,,35398,1,,,0,30,,35399,1,,,0,70,,35400,1,,,0,30,,35401,1,,,0,70,,35402,1,,,0,30,,35403,1,,,0,70,,35404,1,,,0,30,,35405,1,,,0,70,,35406,1,,,0,30,,35407,1,,,0,70,,35408,1,,,0,30,,35409,1,,,0,70,,35410,1,,,0
579700,'2',555,,35416,1,,,0,70,,35417,1,,,0,30,,35418,1,,,0,70,,35419,1,,,0,30,,35420,1,,,0,70,,35421,1,,,0,25,,35422,1,,,0,60,,35423,1,,,0,20,,35424,1,,,0,20,,35425,1,,,0,60,,35426,1,,,0,20,,35427,1,,,0,20,,35428,1,,,0,60,,35429,1,,,0,20,,35430,1,,,0,20,,35431,1,,,0,60,,35432,1,,,0,20,,35433,1,,,0,20,,35434,1,,,0,60,,35435,1,,,0,20,,35436,1,,,0,20,,35437,1,,,0,60,,35438,1,,,0,20,,35439,1,,,0,20,,35440,1,,,0,60,,35441,1,,,0,20,,35442,1,,,0,20,,35443,1,,,0,60,,35444,1,,,0,20,,35445,1,,,0,20,,35446,1,,,0,60,,35447,1,,,0,20,,35448,1,,,0,70,,35449,1,,,0,30,,35450,1,,,0,70,,35451,1,,,0,30,,35452,1,,,0,70,,35453,1,,,0,30,,35454,1,,,0,70,,35455,1,,,0,30,,35456,1,,,0,70,,35457,1,,,0,30,,35458,1,,,0,70,,35411,1,,,0,30,,35412,1,,,0,70,,35413,1,,,0,30,,35414,1,,,0,70,,35415,1,,,0
579700,'3',620,,35464,1,,,0,30,,35463,1,,,0,70,,35465,1,,,0,30,,35462,1,,,0,70,,35466,1,,,0,30,,35461,1,,,0,70,,35467,1,,,0,30,,35468,1,,,0,70,,35469,1,,,0,30,,35470,1,,,0,70,,35471,1,,,0,30,,35472,1,,,0,70,,35473,1,,,0,30,,35474,1,,,0,70,,35475,1,,,0,30,,35476,1,,,0,70,,35477,1,,,0,30,,35478,1,,,0,70,,35479,1,,,0,30,,35480,1,,,0,70,,35481,1,,,0,30,,35482,1,,,0,70,,35483,1,,,0,30,,35484,1,,,0,70,,35485,1,,,0,30,,35460,1,,,0,70,,35486,1,,,0,30,,35459,1,,,0,70,,35487,1,,,0,30,,35488,1,,,0,70,,35489,1,,,0,30,,35490,1,,,0,70,,35491,1,,,0,30,,35492,1,,,0,80,,35493,1,,,0
579700,'4',630,,35494,1,,,0,85,,35495,1,,,0,30,,35496,1,,,0,70,,35497,1,,,0,30,,35498,1,,,0,70,,35499,1,,,0,30,,35500,1,,,0,70,,35501,1,,,0,30,,35502,1,,,0,70,,35503,1,,,0,30,,35504,1,,,0,70,,35505,1,,,0,30,,35506,1,,,0,70,,35507,1,,,0,30,,35508,1,,,0,70,,35509,1,,,0,30,,35510,1,,,0,85,,35511,1,,,0,100,,35512,1,,,0,100,,35513,1,,,0,100,,35514,1,,,0,100,,35515,1,,,0,100,,35516,1,,,0
579700,'6',620,,35522,1,,,0,30,,35521,1,,,0,70,,35523,1,,,0,30,,35520,1,,,0,70,,35524,1,,,0,30,,35519,1,,,0,70,,35525,1,,,0,30,,35526,1,,,0,70,,35527,1,,,0,30,,35528,1,,,0,70,,35529,1,,,0,30,,35530,1,,,0,70,,35531,1,,,0,30,,35532,1,,,0,70,,35533,1,,,0,30,,35534,1,,,0,70,,35535,1,,,0,30,,35536,1,,,0,70,,35537,1,,,0,30,,35538,1,,,0,70,,35539,1,,,0,30,,35540,1,,,0,70,,35541,1,,,0,30,,35542,1,,,0,70,,35543,1,,,0,30,,35518,1,,,0,70,,35544,1,,,0,30,,35517,1,,,0,70,,35545,1,,,0,30,,35546,1,,,0,70,,35547,1,,,0,30,,35548,1,,,0,70,,35549,1,,,0,30,,35550,1,,,0,80,,35551,1,,,0
579701,'1601',1524,,35553,37,4,,0,30,,35552,37,4,,0
579701,'1',530,,35554,37,4,,0,22,,35555,37,4,,0,60,,35556,37,4,,0,20,,35557,37,4,,0,20,,35558,37,4,,0,60,,35559,37,4,,0,15,,35560,37,4,,0,15,,35561,37,4,,0,15,,35562,37,4,,0,55,,35563,37,4,,0,15,,35564,37,4,,0,15,,35565,37,4,,0,15,,35566,37,4,,0,60,,35567,37,4,,0,20,,35568,37,4,,0,20,,35569,37,4,,0,59,,35570,37,4,,0,20,,35571,37,4,,0,20,,35572,37,4,,0,60,,35573,37,4,,0,20,,35574,37,4,,0,20,,35575,37,4,,0,60,,35576,37,4,,0,20,,35577,37,4,,0,20,,35578,37,4,,0,60,,35579,37,4,,0,20,,35580,37,4,,0,20,,35581,37,4,,0,56,,35582,37,4,,0,15,,35583,37,4,,0,15,,35584,37,4,,0,15,,35585,37,4,,0,55,,35586,37,4,,0,15,,35587,37,4,,0,15,,35588,37,4,,0,15,,35589,37,4,,0,55,,35590,37,4,,0,15,,35591,37,4,,0,15,,35592,37,4,,0,15,,35593,37,4,,0,55,,35594,37,4,,0,15,,35595,37,4,,0,15,,35596,37,4,,0,15,,35597,37,4,,0,69,,35598,37,4,,0,30,,35599,37,4,,0,64,,35600,37,4,,0,28,,35601,37,4,,0,70,,35602,37,4,,0,30,,35603,37,4,,0,70,,35604,37,4,,0,30,,35605,37,4,,0,68,,35606,37,4,,0,25,,35607,37,4,,0,70,,35608,37,4,,0,30,,35609,37,4,,0,70,,35610,37,4,,0,32,,35611,37,4,,0,70,,35612,37,4,,0
579701,'2',601,,35656,37,4,,0,32,,35657,37,4,,0,70,,35658,37,4,,0,30,,35659,37,4,,0,70,,35613,37,4,,0,30,,35614,37,4,,0,72,,35615,37,4,,0,20,,35616,37,4,,0,20,,35617,37,4,,0,60,,35618,37,4,,0,20,,35619,37,4,,0,20,,35620,37,4,,0,60,,35621,37,4,,0,20,,35622,37,4,,0,20,,35623,37,4,,0,60,,35624,37,4,,0,20,,35625,37,4,,0,20,,35626,37,4,,0,60,,35627,37,4,,0,20,,35628,37,4,,0,20,,35629,37,4,,0,60,,35630,37,4,,0,20,,35631,37,4,,0,20,,35632,37,4,,0,60,,35633,37,4,,0,20,,35634,37,4,,0,20,,35635,37,4,,0,60,,35636,37,4,,0,20,,35637,37,4,,0,20,,35638,37,4,,0,60,,35639,37,4,,0,20,,35640,37,4,,0,20,,35660,37,4,,0,60,,35661,37,4,,0,20,,35641,37,4,,0,24,,35642,37,4,,0,70,,35643,37,4,,0,30,,35644,37,4,,0,70,,35645,37,4,,0,30,,35646,37,4,,0,70,,35647,37,4,,0,30,,35648,37,4,,0,63,,35649,37,4,,0,30,,35650,37,4,,0,70,,35651,37,4,,0,30,,35652,37,4,,0,70,,35653,37,4,,0,30,,35654,37,4,,0,73,,35655,37,4,,0
579701,'3',635,,35667,37,4,,0,69,,35666,37,4,,0,30,,35668,37,4,,0,70,,35665,37,4,,0,30,,35669,37,4,,0,70,,35670,37,4,,0,41,,35671,37,4,,0,70,,35672,37,4,,0,30,,35673,37,4,,0,70,,35674,37,4,,0,30,,35675,37,4,,0,70,,35676,37,4,,0,30,,35677,37,4,,0,70,,35678,37,4,,0,30,,35679,37,4,,0,70,,35680,37,4,,0,30,,35681,37,4,,0,70,,35682,37,4,,0,30,,35683,37,4,,0,70,,35684,37,4,,0,30,,35685,37,4,,0,70,,35686,37,4,,0,30,,35687,37,4,,0,66,,35664,37,4,,0,30,,35688,37,4,,0,70,,35663,37,4,,0,30,,35689,37,4,,0,70,,35662,37,4,,0,30,,35690,37,4,,0,67,,35691,37,4,,0,30,,35692,37,4,,0,68,,35693,37,4,,0,30,,35694,37,4,,0,70,,35695,37,4,,0,30,,35696,37,4,,0,64,,35697,37,4,,0
579701,'4',655,,35698,37,4,,0,100,,35699,37,4,,0,70,,35700,37,4,,0,30,,35701,37,4,,0,70,,35702,37,4,,0,75,,35703,37,4,,0,30,,35704,37,4,,0,70,,35705,37,4,,0,30,,35706,37,4,,0,70,,35707,37,4,,0,30,,35708,37,4,,0,70,,35709,37,4,,0,30,,35710,37,4,,0,70,,35711,37,4,,0,30,,35712,37,4,,0,70,,35713,37,4,,0,25,,35714,37,4,,0,30,,35715,37,4,,0,100,,35716,37,4,,0,98,,35717,37,4,,0,100,,35718,37,4,,0,100,,35719,37,4,,0,100,,35720,37,4,,0
579701,'6',635,,35726,37,4,,0,69,,35725,37,4,,0,30,,35727,37,4,,0,70,,35724,37,4,,0,30,,35728,37,4,,0,70,,35729,37,4,,0,41,,35730,37,4,,0,70,,35731,37,4,,0,30,,35732,37,4,,0,70,,35733,37,4,,0,30,,35734,37,4,,0,70,,35735,37,4,,0,30,,35736,37,4,,0,70,,35737,37,4,,0,30,,35738,37,4,,0,70,,35739,37,4,,0,30,,35740,37,4,,0,70,,35741,37,4,,0,30,,35742,37,4,,0,70,,35743,37,4,,0,30,,35744,37,4,,0,70,,35745,37,4,,0,30,,35746,37,4,,0,66,,35723,37,4,,0,30,,35747,37,4,,0,70,,35722,37,4,,0,30,,35748,37,4,,0,70,,35721,37,4,,0,30,,35749,37,4,,0,67,,35750,37,4,,0,30,,35751,37,4,,0,68,,35752,37,4,,0,30,,35753,37,4,,0,70,,35754,37,4,,0,30,,35755,37,4,,0,64,,35756,37,4,,0
