579501,'1',527,,34741,36,,,0,20,,34742,36,,,0,60,,34743,36,,,0,20,,34744,36,,,0,18,,34745,36,,,0,55,,34746,36,,,0,15,,34747,36,,,0,12,,34748,36,,,0,15,,34749,36,,,0,15,,34750,36,,,0,55,,34751,36,,,0,15,,34752,36,,,0,15,,34753,36,,,0,15,,34754,36,,,0,55,,34755,36,,,0,15,,34756,36,,,0,15,,34757,36,,,0,15,,34758,36,,,0,55,,34759,36,,,0,17,,34760,36,,,0,20,,34761,36,,,0,60,,34762,36,,,0,20,,34763,36,,,0,20,,34764,36,,,0,60,,34765,36,,,0,20,,34766,36,,,0,20,,34767,36,,,0,60,,34768,36,,,0,20,,34769,36,,,0,20,,34770,36,,,0,61,,34771,36,,,0,19,,34772,36,,,0,14,,34773,36,,,0,16,,34774,36,,,0,54,,34775,36,,,0,15,,34776,36,,,0,15,,34777,36,,,0,15,,34778,36,,,0,55,,34779,36,,,0,15,,34780,36,,,0,15,,34781,36,,,0,15,,34782,36,,,0,55,,34783,36,,,0,15,,34784,36,,,0,15,,34785,36,,,0,15,,34786,36,,,0,60,,34787,36,,,0,30,,34788,36,,,0,69,,34789,36,,,0,30,,34790,36,,,0,70,,34791,36,,,0,30,,34792,36,,,0,70,,34793,36,,,0,30,,34794,36,,,0,70,,34795,36,,,0,30,,34796,36,,,0,70,,34797,36,,,0,30,,34798,36,,,0,70,,34799,36,,,0,87,,34800,36,,,0,33,,34801,36,,,0
579501,'2',605,,34835,36,,,0,34,,34833,36,,,0,70,,34830,36,,,0,30,,34813,36,,,0,70,,34826,36,,,0,30,,34827,36,,,0,70,,34832,36,,,0,28,,34837,36,,,0,70,,34838,36,,,0,30,,34831,36,,,0,70,,34836,36,,,0,30,,34834,36,,,0,70,,34840,36,,,0,30,,34802,36,,,0,70,,34806,36,,,0,30,,34805,36,,,0,70,,34839,36,,,0,30,,34803,36,,,0,70,,34804,36,,,0,30,,34807,36,,,0,70,,34811,36,,,0,30,,34812,36,,,0,70,,34815,36,,,0,30,,34818,36,,,0,70,,34819,36,,,0,32,,34809,36,,,0,70,,34808,36,,,0,30,,34810,36,,,0,70,,34820,36,,,0,30,,34821,36,,,0,70,,34823,36,,,0,30,,34816,36,,,0,70,,34817,36,,,0,30,,34814,36,,,0,70,,34828,36,,,0,30,,34829,36,,,0,70,,34822,36,,,0,30,,34824,36,,,0,70,,34825,36,,,0
579501,'3',610,,34846,36,,,0,35,,34845,36,,,0,73,,34847,36,,,0,30,,34844,36,,,0,70,,34848,36,,,0,30,,34843,36,,,0,70,,34849,36,,,0,28,,34850,36,,,0,70,,34851,36,,,0,30,,34852,36,,,0,70,,34853,36,,,0,30,,34854,36,,,0,70,,34855,36,,,0,30,,34856,36,,,0,70,,34857,36,,,0,30,,34858,36,,,0,70,,34859,36,,,0,30,,34860,36,,,0,70,,34861,36,,,0,30,,34862,36,,,0,70,,34863,36,,,0,30,,34864,36,,,0,70,,34865,36,,,0,30,,34866,36,,,0,70,,34867,36,,,0,30,,34868,36,,,0,70,,34842,36,,,0,30,,34869,36,,,0,70,,34841,36,,,0,30,,34870,36,,,0,70,,34871,36,,,0,30,,34872,36,,,0,70,,34873,36,,,0,32,,34874,36,,,0,70,,34875,36,,,0,30,,34876,36,,,0
579501,'4',647,,34899,36,,,0,100,,34898,36,,,0,70,,34897,36,,,0,30,,34896,36,,,0,70,,34895,36,,,0,30,,34894,36,,,0,70,,34893,36,,,0,30,,34892,36,,,0,70,,34891,36,,,0,30,,34890,36,,,0,70,,34889,36,,,0,30,,34888,36,,,0,70,,34887,36,,,0,30,,34886,36,,,0,70,,34885,36,,,0,30,,34884,36,,,0,70,,34883,36,,,0,30,,34882,36,,,0,70,,34881,36,,,0,85,,34880,36,,,0,45,,34900,36,,,0,85,,34879,36,,,0,85,,34878,36,,,0,85,,34877,36,,,0,45,,34901,36,,,0
579501,'6',610,,34907,36,,,0,35,,34906,36,,,0,73,,34908,36,,,0,30,,34905,36,,,0,70,,34909,36,,,0,30,,34904,36,,,0,70,,34910,36,,,0,28,,34911,36,,,0,70,,34912,36,,,0,30,,34913,36,,,0,70,,34914,36,,,0,30,,34915,36,,,0,70,,34916,36,,,0,30,,34917,36,,,0,70,,34918,36,,,0,30,,34919,36,,,0,70,,34920,36,,,0,30,,34921,36,,,0,70,,34922,36,,,0,30,,34923,36,,,0,70,,34924,36,,,0,30,,34925,36,,,0,70,,34926,36,,,0,30,,34927,36,,,0,70,,34928,36,,,0,30,,34929,36,,,0,70,,34903,36,,,0,30,,34930,36,,,0,70,,34902,36,,,0,30,,34931,36,,,0,70,,34932,36,,,0,30,,34933,36,,,0,70,,34934,36,,,0,32,,34935,36,,,0,70,,34936,36,,,0,30,,34937,36,,,0
579601,'1',459,,35143,37,,,0,60,,35144,37,,,0,20,,35145,37,,,0,18,,35146,37,,,0,54,,35147,37,,,0,15,,35148,37,,,0,15,,35149,37,,,0,15,,35150,37,,,0,55,,35151,37,,,0,15,,35152,37,,,0,15,,35153,37,,,0,15,,35154,37,,,0,55,,35155,37,,,0,15,,35156,37,,,0,15,,35157,37,,,0,15,,35158,37,,,0,55,,35159,37,,,0,15,,35160,37,,,0,16,,35161,37,,,0,17,,35162,37,,,0,60,,35163,37,,,0,20,,35164,37,,,0,20,,35165,37,,,0,60,,35166,37,,,0,20,,35167,37,,,0,20,,35168,37,,,0,60,,35169,37,,,0,20,,35170,37,,,0,20,,35171,37,,,0,60,,35172,37,,,0,20,,35173,37,,,0,20,,35174,37,,,0,60,,35175,37,,,0,20,,35176,37,,,0,15,,35177,37,,,0,55,,35178,37,,,0,15,,35179,37,,,0,15,,35180,37,,,0,15,,35181,37,,,0,55,,35182,37,,,0,15,,35183,37,,,0,15,,35184,37,,,0,15,,35185,37,,,0,55,,35186,37,,,0,15,,35187,37,,,0,20,,35188,37,,,0,60,,35189,37,,,0,28,,35190,37,,,0,70,,35191,37,,,0,27,,35192,37,,,0,30,,35193,37,,,0,70,,35194,37,,,0,30,,35195,37,,,0,70,,35196,37,,,0,28,,35197,37,,,0,65,,35198,37,,,0,30,,35199,37,,,0,70,,35200,37,,,0,25,,35201,37,,,0,70,,35202,37,,,0,28,,35203,37,,,0,70,,35204,37,,,0
579601,'2',540,,35217,37,,,0,70,,35218,37,,,0,32,,35219,37,,,0,70,,35220,37,,,0,30,,35221,37,,,0,70,,35222,37,,,0,30,,35223,37,,,0,65,,35224,37,,,0,20,,35225,37,,,0,20,,35226,37,,,0,60,,35227,37,,,0,20,,35228,37,,,0,20,,35229,37,,,0,60,,35230,37,,,0,20,,35231,37,,,0,20,,35232,37,,,0,60,,35233,37,,,0,20,,35234,37,,,0,20,,35235,37,,,0,60,,35236,37,,,0,20,,35237,37,,,0,20,,35238,37,,,0,60,,35239,37,,,0,20,,35240,37,,,0,20,,35241,37,,,0,60,,35242,37,,,0,20,,35243,37,,,0,20,,35244,37,,,0,60,,35245,37,,,0,20,,35246,37,,,0,20,,35247,37,,,0,60,,35248,37,,,0,22,,35253,37,,,0,30,,35249,37,,,0,69,,35250,37,,,0,30,,35251,37,,,0,70,,35252,37,,,0,30,,35205,37,,,0,70,,35206,37,,,0,30,,35207,37,,,0,70,,35208,37,,,0,28,,35209,37,,,0,66,,35210,37,,,0,30,,35211,37,,,0,70,,35212,37,,,0,30,,35213,37,,,0,70,,35214,37,,,0,30,,35215,37,,,0,70,,35216,37,,,0
579601,'3',607,,35278,37,,,0,30,,35279,37,,,0,70,,35277,37,,,0,30,,35280,37,,,0,70,,35276,37,,,0,30,,35281,37,,,0,65,,35274,37,,,0,25,,35275,37,,,0,30,,35273,37,,,0,70,,35272,37,,,0,30,,35271,37,,,0,70,,35270,37,,,0,30,,35269,37,,,0,70,,35268,37,,,0,30,,35267,37,,,0,70,,35266,37,,,0,30,,35265,37,,,0,70,,35264,37,,,0,30,,35263,37,,,0,70,,35262,37,,,0,30,,35261,37,,,0,70,,35260,37,,,0,30,,35259,37,,,0,70,,35258,37,,,0,28,,35254,37,,,0,70,,35257,37,,,0,30,,35282,37,,,0,70,,35256,37,,,0,30,,35283,37,,,0,70,,35255,37,,,0,31,,35284,37,,,0,67,,35285,37,,,0,30,,35286,37,,,0,59,,35288,37,,,0,30,,35287,37,,,0,70,,35289,37,,,0,30,,35290,37,,,0
579601,'4',620,,35291,37,,,0,100,,35292,37,,,0,85,,35293,37,,,0,30,,35294,37,,,0,70,,35295,37,,,0,33,,35296,37,,,0,70,,35297,37,,,0,30,,35298,37,,,0,70,,35299,37,,,0,30,,35300,37,,,0,70,,35301,37,,,0,30,,35302,37,,,0,70,,35303,37,,,0,30,,35304,37,,,0,70,,35305,37,,,0,30,,35306,37,,,0,70,,35307,37,,,0,30,,35308,37,,,0,82,,35309,37,,,0,100,,35310,37,,,0,98,,35311,37,,,0,100,,35312,37,,,0,100,,35313,37,,,0
579601,'6',607,,35338,37,,,0,30,,35339,37,,,0,70,,35337,37,,,0,30,,35340,37,,,0,70,,35336,37,,,0,30,,35341,37,,,0,65,,35334,37,,,0,25,,35335,37,,,0,30,,35333,37,,,0,70,,35332,37,,,0,30,,35331,37,,,0,70,,35330,37,,,0,30,,35329,37,,,0,70,,35328,37,,,0,30,,35327,37,,,0,70,,35326,37,,,0,30,,35325,37,,,0,70,,35324,37,,,0,30,,35323,37,,,0,70,,35322,37,,,0,30,,35321,37,,,0,70,,35320,37,,,0,30,,35319,37,,,0,70,,35318,37,,,0,28,,35314,37,,,0,70,,35317,37,,,0,30,,35342,37,,,0,70,,35316,37,,,0,30,,35343,37,,,0,70,,35315,37,,,0,31,,35344,37,,,0,67,,35345,37,,,0,30,,35346,37,,,0,59,,35348,37,,,0,30,,35347,37,,,0,70,,35349,37,,,0,30,,35350,37,,,0
579701,'1601',1516,,35553,32,,,0,30,,35552,32,,,0
579701,'1',523,,35554,32,,,0,22,,35555,32,,,0,60,,35556,32,,,0,20,,35557,32,,,0,20,,35558,32,,,0,59,,35559,32,,,0,15,,35560,32,,,0,15,,35561,32,,,0,15,,35562,32,,,0,55,,35563,32,,,0,15,,35564,32,,,0,15,,35565,32,,,0,15,,35566,32,,,0,60,,35567,32,,,0,20,,35568,32,,,0,20,,35569,32,,,0,59,,35570,32,,,0,20,,35571,32,,,0,20,,35572,32,,,0,60,,35573,32,,,0,20,,35574,32,,,0,20,,35575,32,,,0,60,,35576,32,,,0,20,,35577,32,,,0,20,,35578,32,,,0,60,,35579,32,,,0,20,,35580,32,,,0,20,,35581,32,,,0,56,,35582,32,,,0,15,,35583,32,,,0,15,,35584,32,,,0,15,,35585,32,,,0,55,,35586,32,,,0,15,,35587,32,,,0,15,,35588,32,,,0,15,,35589,32,,,0,55,,35590,32,,,0,15,,35591,32,,,0,15,,35592,32,,,0,15,,35593,32,,,0,55,,35594,32,,,0,15,,35595,32,,,0,15,,35596,32,,,0,15,,35597,32,,,0,69,,35598,32,,,0,30,,35599,32,,,0,66,,35600,32,,,0,28,,35601,32,,,0,70,,35602,32,,,0,30,,35603,32,,,0,70,,35604,32,,,0,30,,35605,32,,,0,69,,35606,32,,,0,25,,35607,32,,,0,70,,35608,32,,,0,30,,35609,32,,,0,70,,35610,32,,,0,32,,35611,32,,,0,70,,35612,32,,,0
579701,'2',555,,35656,32,,,0,72,,35657,32,,,0,30,,35658,32,,,0,70,,35659,32,,,0,30,,35613,32,,,0,70,,35614,32,,,0,30,,35615,32,,,0,60,,35616,32,,,0,20,,35617,32,,,0,20,,35618,32,,,0,60,,35619,32,,,0,20,,35620,32,,,0,20,,35621,32,,,0,60,,35622,32,,,0,20,,35623,32,,,0,20,,35624,32,,,0,60,,35625,32,,,0,20,,35626,32,,,0,20,,35627,32,,,0,60,,35628,32,,,0,20,,35629,32,,,0,20,,35630,32,,,0,60,,35631,32,,,0,20,,35632,32,,,0,20,,35633,32,,,0,60,,35634,32,,,0,20,,35635,32,,,0,20,,35636,32,,,0,60,,35637,32,,,0,20,,35638,32,,,0,20,,35639,32,,,0,60,,35640,32,,,0,20,,35660,32,,,0,20,,35661,32,,,0,60,,35641,32,,,0,26,,35642,32,,,0,70,,35643,32,,,0,30,,35644,32,,,0,70,,35645,32,,,0,30,,35646,32,,,0,70,,35647,32,,,0,30,,35648,32,,,0,64,,35649,32,,,0,30,,35650,32,,,0,70,,35651,32,,,0,30,,35652,32,,,0,70,,35653,32,,,0,30,,35654,32,,,0,73,,35655,32,,,0
579701,'3',629,,35667,32,,,0,29,,35666,32,,,0,70,,35668,32,,,0,30,,35665,32,,,0,70,,35669,32,,,0,30,,35670,32,,,0,79,,35671,32,,,0,70,,35672,32,,,0,30,,35673,32,,,0,70,,35674,32,,,0,30,,35675,32,,,0,70,,35676,32,,,0,30,,35677,32,,,0,70,,35678,32,,,0,30,,35679,32,,,0,70,,35680,32,,,0,30,,35681,32,,,0,70,,35682,32,,,0,30,,35683,32,,,0,70,,35684,32,,,0,30,,35685,32,,,0,70,,35686,32,,,0,30,,35687,32,,,0,68,,35664,32,,,0,30,,35688,32,,,0,70,,35663,32,,,0,30,,35689,32,,,0,70,,35662,32,,,0,30,,35690,32,,,0,68,,35691,32,,,0,30,,35692,32,,,0,68,,35693,32,,,0,30,,35694,32,,,0,70,,35695,32,,,0,30,,35696,32,,,0,24,,35697,32,,,0
579701,'4',650,,35698,32,,,0,100,,35699,32,,,0,70,,35700,32,,,0,30,,35701,32,,,0,70,,35702,32,,,0,34,,35703,32,,,0,70,,35704,32,,,0,30,,35705,32,,,0,70,,35706,32,,,0,30,,35707,32,,,0,70,,35708,32,,,0,30,,35709,32,,,0,70,,35710,32,,,0,30,,35711,32,,,0,70,,35712,32,,,0,30,,35713,32,,,0,65,,35714,32,,,0,30,,35715,32,,,0,100,,35716,32,,,0,98,,35717,32,,,0,100,,35718,32,,,0,100,,35719,32,,,0,100,,35720,32,,,0
579701,'6',629,,35726,32,,,0,29,,35725,32,,,0,70,,35727,32,,,0,30,,35724,32,,,0,70,,35728,32,,,0,30,,35729,32,,,0,79,,35730,32,,,0,70,,35731,32,,,0,30,,35732,32,,,0,70,,35733,32,,,0,30,,35734,32,,,0,70,,35735,32,,,0,30,,35736,32,,,0,70,,35737,32,,,0,30,,35738,32,,,0,70,,35739,32,,,0,30,,35740,32,,,0,70,,35741,32,,,0,30,,35742,32,,,0,70,,35743,32,,,0,30,,35744,32,,,0,70,,35745,32,,,0,30,,35746,32,,,0,68,,35723,32,,,0,30,,35747,32,,,0,70,,35722,32,,,0,30,,35748,32,,,0,70,,35721,32,,,0,30,,35749,32,,,0,68,,35750,32,,,0,30,,35751,32,,,0,68,,35752,32,,,0,30,,35753,32,,,0,70,,35754,32,,,0,30,,35755,32,,,0,24,,35756,32,,,0
579801,'1',528,,35991,17,,,0,20,,35992,17,,,0,60,,35993,17,,,0,20,,35994,17,,,0,20,,35995,17,,,0,57,,35996,17,,,0,16,,35997,17,,,0,14,,35998,17,,,0,12,,35999,17,,,0,12,,36000,17,,,0,52,,36001,17,,,0,12,,36002,17,,,0,12,,36003,17,,,0,14,,36004,17,,,0,52,,36005,17,,,0,12,,36006,17,,,0,12,,36007,17,,,0,13,,36008,17,,,0,15,,36009,17,,,0,55,,36010,17,,,0,15,,36011,17,,,0,15,,36012,17,,,0,15,,36013,17,,,0,55,,36014,17,,,0,15,,36015,17,,,0,15,,36016,17,,,0,15,,36017,17,,,0,55,,36018,17,,,0,15,,36019,17,,,0,15,,36020,17,,,0,15,,36021,17,,,0,55,,36022,17,,,0,15,,36023,17,,,0,15,,36024,17,,,0,15,,36025,17,,,0,56,,36026,17,,,0,15,,36027,17,,,0,15,,36028,17,,,0,15,,36029,17,,,0,55,,36030,17,,,0,12,,36031,17,,,0,12,,36032,17,,,0,12,,36033,17,,,0,12,,36034,17,,,0,52,,36035,17,,,0,12,,36036,17,,,0,12,,36037,17,,,0,12,,36038,17,,,0,12,,36039,17,,,0,52,,36040,17,,,0,12,,36041,17,,,0,12,,36042,17,,,0,12,,36043,17,,,0,12,,36044,17,,,0,52,,36045,17,,,0,11,,36046,17,,,0,12,,36047,17,,,0,12,,36048,17,,,0,12,,36049,17,,,0,54,,36050,17,,,0,14,,36051,17,,,0,15,,36052,17,,,0,15,,36053,17,,,0,54,,36054,17,,,0,18,,36055,17,,,0,12,,36056,17,,,0,14,,36057,17,,,0,60,,36058,17,,,0,20,,36059,17,,,0,20,,36060,17,,,0,61,,36061,17,,,0,20,,36062,17,,,0,20,,36063,17,,,0,70,,36064,17,,,0,30,,36065,17,,,0,97,,36066,17,,,0
579801,'2',529,,36098,17,,,0,29,,36099,17,,,0,71,,36100,17,,,0,30,,36101,17,,,0,70,,36102,17,,,0,30,,36103,17,,,0,70,,36104,17,,,0,30,,36105,17,,,0,70,,36106,17,,,0,20,,36107,17,,,0,65,,36108,17,,,0,20,,36109,17,,,0,20,,36110,17,,,0,60,,36111,17,,,0,20,,36112,17,,,0,20,,36113,17,,,0,62,,36114,17,,,0,20,,36067,17,,,0,20,,36068,17,,,0,55,,36069,17,,,0,20,,36070,17,,,0,20,,36071,17,,,0,60,,36072,17,,,0,20,,36073,17,,,0,20,,36074,17,,,0,60,,36075,17,,,0,20,,36076,17,,,0,20,,36077,17,,,0,60,,36078,17,,,0,20,,36079,17,,,0,20,,36080,17,,,0,60,,36081,17,,,0,20,,36082,17,,,0,20,,36083,17,,,0,60,,36084,17,,,0,21,,36085,17,,,0,70,,36086,17,,,0,30,,36087,17,,,0,70,,36088,17,,,0,30,,36089,17,,,0,70,,36090,17,,,0,28,,36091,17,,,0,70,,36092,17,,,0,30,,36093,17,,,0,70,,36094,17,,,0,30,,36095,17,,,0,22,,36096,17,,,0,100,,36097,17,,,0
579801,'3',622,,36115,17,,,0,36,,36146,17,,,0,70,,36116,17,,,0,30,,36117,17,,,0,70,,36118,17,,,0,30,,36119,17,,,0,71,,36120,17,,,0,30,,36121,17,,,0,73,,36122,17,,,0,70,,36123,17,,,0,30,,36124,17,,,0,70,,36125,17,,,0,30,,36126,17,,,0,70,,36127,17,,,0,30,,36128,17,,,0,70,,36129,17,,,0,30,,36130,17,,,0,70,,36131,17,,,0,30,,36132,17,,,0,70,,36133,17,,,0,30,,36134,17,,,0,70,,36135,17,,,0,30,,36139,17,,,0,70,,36140,17,,,0,30,,36141,17,,,0,70,,36142,17,,,0,30,,36143,17,,,0,70,,36144,17,,,0,30,,36145,17,,,0,70,,36136,17,,,0,33,,36149,17,,,0,70,,36137,17,,,0,30,,36147,17,,,0,70,,36138,17,,,0,30,,36148,17,,,0
579801,'4',523,,36150,17,,,0,100,,36151,17,,,0,30,,36152,17,,,0,70,,36153,17,,,0,30,,36154,17,,,0,70,,36155,17,,,0,30,,36156,17,,,0,73,,36157,17,,,0,74,,36158,17,,,0,34,,36159,17,,,0,70,,36160,17,,,0,30,,36161,17,,,0,70,,36162,17,,,0,30,,36163,17,,,0,70,,36164,17,,,0,30,,36165,17,,,0,90,,36166,17,,,0,95,,36167,17,,,0,100,,36168,17,,,0,100,,36169,17,,,0,100,,36170,17,,,0,100,,36171,17,,,0,100,,36172,17,,,0
579801,'6',529,,36204,17,,,0,29,,36205,17,,,0,71,,36206,17,,,0,30,,36207,17,,,0,70,,36208,17,,,0,30,,36209,17,,,0,70,,36210,17,,,0,30,,36211,17,,,0,70,,36212,17,,,0,20,,36213,17,,,0,65,,36214,17,,,0,20,,36215,17,,,0,20,,36216,17,,,0,60,,36217,17,,,0,20,,36218,17,,,0,20,,36219,17,,,0,62,,36220,17,,,0,20,,36173,17,,,0,20,,36174,17,,,0,55,,36175,17,,,0,20,,36176,17,,,0,20,,36177,17,,,0,60,,36178,17,,,0,20,,36179,17,,,0,20,,36180,17,,,0,60,,36181,17,,,0,20,,36182,17,,,0,20,,36183,17,,,0,60,,36184,17,,,0,20,,36185,17,,,0,20,,36186,17,,,0,60,,36187,17,,,0,20,,36188,17,,,0,20,,36189,17,,,0,60,,36190,17,,,0,21,,36191,17,,,0,70,,36192,17,,,0,30,,36193,17,,,0,70,,36194,17,,,0,30,,36195,17,,,0,70,,36196,17,,,0,28,,36197,17,,,0,70,,36198,17,,,0,30,,36199,17,,,0,70,,36200,17,,,0,30,,36201,17,,,0,22,,36202,17,,,0,100,,36203,17,,,0
579901,'1',543,,36452,31,,,0,60,,36453,31,,,0,20,,36454,31,,,0,22,,36455,31,,,0,64,,36456,31,,,0,14,,36457,31,,,0,12,,36458,31,,,0,11,,36459,31,,,0,12,,36460,31,,,0,52,,36461,31,,,0,12,,36462,31,,,0,12,,36463,31,,,0,12,,36464,31,,,0,11,,36465,31,,,0,52,,36466,31,,,0,12,,36467,31,,,0,12,,36468,31,,,0,15,,36469,31,,,0,55,,36470,31,,,0,15,,36471,31,,,0,15,,36472,31,,,0,15,,36473,31,,,0,55,,36474,31,,,0,15,,36475,31,,,0,15,,36476,31,,,0,15,,36477,31,,,0,55,,36478,31,,,0,15,,36479,31,,,0,15,,36480,31,,,0,15,,36481,31,,,0,55,,36482,31,,,0,15,,36483,31,,,0,15,,36484,31,,,0,15,,36485,31,,,0,55,,36486,31,,,0,15,,36487,31,,,0,15,,36488,31,,,0,15,,36489,31,,,0,54,,36490,31,,,0,13,,36491,31,,,0,12,,36492,31,,,0,12,,36493,31,,,0,12,,36494,31,,,0,52,,36495,31,,,0,12,,36496,31,,,0,12,,36497,31,,,0,12,,36498,31,,,0,12,,36499,31,,,0,52,,36500,31,,,0,12,,36501,31,,,0,12,,36502,31,,,0,12,,36503,31,,,0,12,,36504,31,,,0,52,,36505,31,,,0,14,,36506,31,,,0,12,,36507,31,,,0,15,,36508,31,,,0,56,,36510,31,,,0,16,,36511,31,,,0,17,,36512,31,,,0,16,,36513,31,,,0,59,,36514,31,,,0,14,,36515,31,,,0,20,,36517,31,,,0,60,,36518,31,,,0,20,,36519,31,,,0,20,,36520,31,,,0,73,,36521,31,,,0,30,,36522,31,,,0,63,,36523,31,,,0,41,,36524,31,,,0,70,,36525,31,,,0,91,,36527,31,,,0
579901,'2',555,,36540,31,,,0,68,,36541,31,,,0,26,,36542,31,,,0,70,,36543,31,,,0,30,,36544,31,,,0,70,,36545,31,,,0,30,,36546,31,,,0,71,,36547,31,,,0,20,,36548,31,,,0,60,,36549,31,,,0,20,,36550,31,,,0,20,,36551,31,,,0,60,,36552,31,,,0,20,,36553,31,,,0,20,,36554,31,,,0,62,,36555,31,,,0,22,,36556,31,,,0,18,,36557,31,,,0,60,,36558,31,,,0,20,,36559,31,,,0,20,,36560,31,,,0,60,,36561,31,,,0,20,,36562,31,,,0,20,,36563,31,,,0,60,,36564,31,,,0,20,,36565,31,,,0,20,,36566,31,,,0,60,,36567,31,,,0,20,,36568,31,,,0,20,,36569,31,,,0,60,,36570,31,,,0,20,,36571,31,,,0,20,,36572,31,,,0,60,,36573,31,,,0,15,,36574,31,,,0,30,,36575,31,,,0,70,,36576,31,,,0,30,,36577,31,,,0,70,,36531,31,,,0,30,,36532,31,,,0,70,,36533,31,,,0,28,,36534,31,,,0,70,,36535,31,,,0,28,,36536,31,,,0,70,,36537,31,,,0,30,,36538,31,,,0,75,,36539,31,,,0
579901,'3',614,,36580,31,,,0,30,,36612,31,,,0,70,,36581,31,,,0,30,,36582,31,,,0,70,,36583,31,,,0,30,,36584,31,,,0,70,,36585,31,,,0,30,,36586,31,,,0,70,,36587,31,,,0,30,,36588,31,,,0,73,,36589,31,,,0,30,,36590,31,,,0,70,,36591,31,,,0,30,,36592,31,,,0,70,,36593,31,,,0,30,,36594,31,,,0,70,,36595,31,,,0,30,,36596,31,,,0,70,,36597,31,,,0,30,,36598,31,,,0,70,,36599,31,,,0,30,,36600,31,,,0,70,,36601,31,,,0,30,,36605,31,,,0,70,,36606,31,,,0,30,,36607,31,,,0,70,,36608,31,,,0,30,,36609,31,,,0,70,,36610,31,,,0,30,,36611,31,,,0,70,,36613,31,,,0,33,,36602,31,,,0,70,,36614,31,,,0,30,,36603,31,,,0,70,,36615,31,,,0,30,,36604,31,,,0
579901,'4',608,,36616,31,,,0,30,,36617,31,,,0,70,,36618,31,,,0,30,,36619,31,,,0,70,,36620,31,,,0,30,,36621,31,,,0,74,,36622,31,,,0,34,,36623,31,,,0,70,,36624,31,,,0,30,,36625,31,,,0,70,,36626,31,,,0,30,,36627,31,,,0,70,,36628,31,,,0,30,,36629,31,,,0,70,,36630,31,,,0,30,,36631,31,,,0,100,,36632,31,,,0,100,,36633,31,,,0,100,,36634,31,,,0,100,,36635,31,,,0,100,,36636,31,,,0,100,,36637,31,,,0,100,,36638,31,,,0
579901,'6',555,,36650,31,,,0,68,,36651,31,,,0,26,,36652,31,,,0,70,,36653,31,,,0,30,,36654,31,,,0,70,,36655,31,,,0,30,,36656,31,,,0,71,,36657,31,,,0,20,,36658,31,,,0,60,,36659,31,,,0,20,,36660,31,,,0,20,,36661,31,,,0,60,,36662,31,,,0,20,,36663,31,,,0,20,,36664,31,,,0,62,,36665,31,,,0,22,,36666,31,,,0,18,,36667,31,,,0,60,,36668,31,,,0,20,,36669,31,,,0,20,,36670,31,,,0,60,,36671,31,,,0,20,,36672,31,,,0,20,,36673,31,,,0,60,,36674,31,,,0,20,,36675,31,,,0,20,,36676,31,,,0,60,,36677,31,,,0,20,,36678,31,,,0,20,,36679,31,,,0,60,,36680,31,,,0,20,,36681,31,,,0,20,,36682,31,,,0,60,,36683,31,,,0,15,,36684,31,,,0,30,,36685,31,,,0,70,,36686,31,,,0,30,,36687,31,,,0,70,,36641,31,,,0,30,,36642,31,,,0,70,,36643,31,,,0,28,,36644,31,,,0,70,,36645,31,,,0,28,,36646,31,,,0,70,,36647,31,,,0,30,,36648,31,,,0,75,,36649,31,,,0
580001,'1',445,,36910,32,,,0,56,,36911,32,,,0,6,,36912,32,,,0,9,,36913,32,,,0,20,,36914,32,,,0,10,,36915,32,,,0,2,,36916,32,,,0,8,,36917,32,,,0,1,,36918,32,,,0,53,,36919,32,,,0,12,,36920,32,,,0,15,,36921,32,,,0,15,,36922,32,,,0,55,,36923,32,,,0,15,,36924,32,,,0,15,,36925,32,,,0,15,,36926,32,,,0,55,,36927,32,,,0,15,,36928,32,,,0,15,,36929,32,,,0,15,,36930,32,,,0,56,,36931,32,,,0,15,,36932,32,,,0,25,,36933,32,,,0,70,,36934,32,,,0,30,,36935,32,,,0,70,,36936,32,,,0,30,,36937,32,,,0,70,,36938,32,,,0,30,,36939,32,,,0,70,,36940,32,,,0,30,,36941,32,,,0,70,,36942,32,,,0,30,,36943,32,,,0,69,,36944,32,,,0,15,,36945,32,,,0,15,,36946,32,,,0,55,,36947,32,,,0,15,,36948,32,,,0,15,,36949,32,,,0,15,,36950,32,,,0,55,,36951,32,,,0,15,,36952,32,,,0,15,,36953,32,,,0,15,,36954,32,,,0,55,,36955,32,,,0,30,,36956,32,,,0,68,,36957,32,,,0,30,,36958,32,,,0,72,,36959,32,,,0,30,,36960,32,,,0,70,,36961,32,,,0,30,,36962,32,,,0,70,,36963,32,,,0,30,,36964,32,,,0,70,,36965,32,,,0,34,,36966,32,,,0,70,,36967,32,,,0,30,,36968,32,,,0,76,,36969,32,,,0
580001,'2',503,,37020,32,,,0,4,,37014,32,,,0,30,,37013,32,,,0,70,,37012,32,,,0,30,,37011,32,,,0,70,,37010,32,,,0,30,,37009,32,,,0,70,,37008,32,,,0,30,,37007,32,,,0,70,,37006,32,,,0,20,,37005,32,,,0,20,,37004,32,,,0,60,,37003,32,,,0,20,,37002,32,,,0,20,,36996,32,,,0,60,,36997,32,,,0,20,,36985,32,,,0,20,,36988,32,,,0,60,,36989,32,,,0,20,,36987,32,,,0,20,,36993,32,,,0,60,,36995,32,,,0,20,,36994,32,,,0,20,,36992,32,,,0,60,,36980,32,,,0,20,,36981,32,,,0,20,,36982,32,,,0,60,,36983,32,,,0,20,,36984,32,,,0,20,,36986,32,,,0,60,,37001,32,,,0,20,,36998,32,,,0,20,,36999,32,,,0,60,,37000,32,,,0,20,,36978,32,,,0,20,,36977,32,,,0,60,,36979,32,,,0,20,,36970,32,,,0,20,,36990,32,,,0,70,,36991,32,,,0,30,,36976,32,,,0,70,,36975,32,,,0,30,,36974,32,,,0,70,,36973,32,,,0,30,,36972,32,,,0,70,,36971,32,,,0,30,,37019,32,,,0,75,,37018,32,,,0,30,,37017,32,,,0,70,,37016,32,,,0,30,,37015,32,,,0
580001,'3',502,,37053,32,,,0,18,,37026,32,,,0,23,,37021,32,,,0,7,,37035,32,,,0,56,,37054,32,,,0,13,,37025,32,,,0,30,,37044,32,,,0,70,,37024,32,,,0,30,,37045,32,,,0,70,,37023,32,,,0,30,,37046,32,,,0,70,,37022,32,,,0,29,,37027,32,,,0,70,,37049,32,,,0,30,,37029,32,,,0,70,,37043,32,,,0,30,,37032,32,,,0,70,,37042,32,,,0,30,,37041,32,,,0,70,,37047,32,,,0,30,,37048,32,,,0,70,,37028,32,,,0,30,,37033,32,,,0,70,,37030,32,,,0,30,,37034,32,,,0,70,,37031,32,,,0,30,,37036,32,,,0,70,,37039,32,,,0,30,,37037,32,,,0,70,,37050,32,,,0,30,,37038,32,,,0,71,,37051,32,,,0,30,,37040,32,,,0,70,,37052,32,,,0,30,,37055,32,,,0,70,,37056,32,,,0,30,,37057,32,,,0,71,,37058,32,,,0,30,,37059,32,,,0,70,,37060,32,,,0,30,,37061,32,,,0
580001,'4',546,,37062,32,,,0,86,,37063,32,,,0,85,,37064,32,,,0,85,,37065,32,,,0,45,,37066,32,,,0,85,,37067,32,,,0,85,,37068,32,,,0,85,,37069,32,,,0,45,,37070,32,,,0,85,,37071,32,,,0,85,,37072,32,,,0,85,,37073,32,,,0,45,,37074,32,,,0,85,,37075,32,,,0,85,,37076,32,,,0,85,,37077,32,,,0,45,,37078,32,,,0,85,,37079,32,,,0,85,,37080,32,,,0,85,,37081,32,,,0,45,,37082,32,,,0
580001,'6',502,,37115,32,,,0,18,,37088,32,,,0,23,,37083,32,,,0,7,,37097,32,,,0,56,,37116,32,,,0,13,,37087,32,,,0,30,,37106,32,,,0,70,,37086,32,,,0,30,,37107,32,,,0,70,,37085,32,,,0,30,,37108,32,,,0,70,,37084,32,,,0,29,,37089,32,,,0,70,,37111,32,,,0,30,,37091,32,,,0,70,,37105,32,,,0,30,,37094,32,,,0,70,,37104,32,,,0,30,,37103,32,,,0,70,,37109,32,,,0,30,,37110,32,,,0,70,,37090,32,,,0,30,,37095,32,,,0,70,,37092,32,,,0,30,,37096,32,,,0,70,,37093,32,,,0,30,,37098,32,,,0,70,,37101,32,,,0,30,,37099,32,,,0,70,,37112,32,,,0,30,,37100,32,,,0,71,,37113,32,,,0,30,,37102,32,,,0,70,,37114,32,,,0,30,,37117,32,,,0,70,,37118,32,,,0,30,,37119,32,,,0,71,,37120,32,,,0,30,,37121,32,,,0,70,,37122,32,,,0,30,,37123,32,,,0
