578401,'1',545,,31649,16,,,0,70,,31650,16,,,0,30,,31651,16,,,0,65,,31652,16,,,0,18,,31653,16,,,0,20,,31654,16,,,0,60,,31655,16,,,0,20,,31656,16,,,0,20,,31657,16,,,0,60,,31658,16,,,0,20,,31659,16,,,0,20,,31660,16,,,0,60,,31661,16,,,0,20,,31662,16,,,0,30,,31663,16,,,0,70,,31664,16,,,0,30,,31665,16,,,0,70,,31666,16,,,0,30,,31667,16,,,0,70,,31668,16,,,0,30,,31669,16,,,0,68,,31670,16,,,0,20,,31671,16,,,0,60,,31672,16,,,0,20,,31673,16,,,0,20,,31674,16,,,0,60,,31675,16,,,0,20,,31676,16,,,0,20,,31677,16,,,0,60,,31678,16,,,0,20,,31679,16,,,0,30,,31680,16,,,0,70,,31681,16,,,0,30,,31682,16,,,0,79,,31683,16,,,0,100,,31684,16,,,0,100,,31685,16,,,0,101,,31686,16,,,0,100,,31687,16,,,0,100,,31688,16,,,0,104,,31689,16,,,0
578401,'2',503,,31724,16,,,0,30,,31690,16,,,0,70,,31721,16,,,0,30,,31691,16,,,0,70,,31723,16,,,0,30,,31692,16,,,0,72,,31722,16,,,0,30,,31693,16,,,0,70,,31694,16,,,0,30,,31695,16,,,0,70,,31696,16,,,0,30,,31697,16,,,0,70,,31698,16,,,0,30,,31699,16,,,0,70,,31700,16,,,0,30,,31701,16,,,0,70,,31702,16,,,0,30,,31703,16,,,0,70,,31704,16,,,0,30,,31705,16,,,0,70,,31706,16,,,0,30,,31707,16,,,0,70,,31708,16,,,0,30,,31709,16,,,0,70,,31710,16,,,0,30,,31711,16,,,0,70,,31712,16,,,0,35,,31713,16,,,0,102,,31714,16,,,0,100,,31715,16,,,0,100,,31716,16,,,0,100,,31717,16,,,0,100,,31718,16,,,0,100,,31719,16,,,0,100,,31720,16,,,0
578401,'3',613,,31755,16,,,0,30,,31733,16,,,0,70,,31749,16,,,0,30,,31732,16,,,0,70,,31751,16,,,0,30,,31731,16,,,0,70,,31750,16,,,0,30,,31730,16,,,0,68,,31752,16,,,0,30,,31729,16,,,0,70,,31728,16,,,0,30,,31727,16,,,0,70,,31726,16,,,0,30,,31725,16,,,0,70,,31748,16,,,0,30,,31747,16,,,0,70,,31746,16,,,0,30,,31745,16,,,0,70,,31744,16,,,0,30,,31743,16,,,0,70,,31742,16,,,0,30,,31741,16,,,0,70,,31740,16,,,0,30,,31739,16,,,0,100,,31738,16,,,0,102,,31737,16,,,0,100,,31736,16,,,0,100,,31735,16,,,0,100,,31734,16,,,0,100,,31753,16,,,0,100,,31754,16,,,0
578401,'4',625,,31756,16,,,0,101,,31757,16,,,0,100,,31758,16,,,0,101,,31759,16,,,0,100,,31760,16,,,0,100,,31761,16,,,0,100,,31762,16,,,0,100,,31763,16,,,0,100,,31764,16,,,0,100,,31765,16,,,0,100,,31766,16,,,0,100,,31767,16,,,0,100,,31768,16,,,0,100,,31769,16,,,0,100,,31770,16,,,0
578401,'6',613,,31801,16,,,0,30,,31779,16,,,0,70,,31795,16,,,0,30,,31778,16,,,0,70,,31797,16,,,0,30,,31777,16,,,0,70,,31796,16,,,0,30,,31776,16,,,0,68,,31798,16,,,0,30,,31775,16,,,0,70,,31774,16,,,0,30,,31773,16,,,0,70,,31772,16,,,0,30,,31771,16,,,0,70,,31794,16,,,0,30,,31793,16,,,0,70,,31792,16,,,0,30,,31791,16,,,0,70,,31790,16,,,0,30,,31789,16,,,0,70,,31788,16,,,0,30,,31787,16,,,0,70,,31786,16,,,0,30,,31785,16,,,0,100,,31784,16,,,0,102,,31783,16,,,0,100,,31782,16,,,0,100,,31781,16,,,0,100,,31780,16,,,0,100,,31799,16,,,0,100,,31800,16,,,0
580201,'1',524,,37677,27,,,0,33,,37678,26,,,0,71,,37679,27,,,0,24,,37680,26,,,0,57,,37681,27,,,0,16,,37682,26,,,0,15,,37683,27,,,0,14,,37684,26,,,0,56,,37685,27,,,0,15,,37686,26,,,0,15,,37687,27,,,0,15,,37688,26,,,0,55,,37689,27,,,0,30,,37690,26,,,0,70,,37691,27,,,0,29,,37692,26,,,0,71,,37693,27,,,0,30,,37694,26,,,0,70,,37695,27,,,0,30,,37696,26,,,0,70,,37697,27,,,0,30,,37698,26,,,0,70,,37699,27,,,0,30,,37700,26,,,0,70,,37701,27,,,0,19,,37702,26,,,0,15,,37703,27,,,0,15,,37704,26,,,0,55,,37705,27,,,0,15,,37706,26,,,0,15,,37707,27,,,0,15,,37708,26,,,0,55,,37709,27,,,0,15,,37710,26,,,0,15,,37711,27,,,0,13,,37712,26,,,0,55,,37713,27,,,0,20,,37714,26,,,0,71,,37715,27,,,0,29,,37716,26,,,0,71,,37717,27,,,0,29,,37718,26,,,0,71,,37719,27,,,0,29,,37720,26,,,0,74,,37721,27,,,0,98,,37722,26,,,0,100,,37723,27,,,0
580201,'2',706,,37739,26,,,0,30,,37743,27,,,0,70,,37734,26,,,0,30,,37733,27,,,0,70,,37732,26,,,0,30,,37736,27,,,0,70,,37735,26,,,0,30,,37731,27,,,0,70,,37730,26,,,0,30,,37744,27,,,0,70,,37741,26,,,0,30,,37729,27,,,0,70,,37728,26,,,0,30,,37740,27,,,0,70,,37742,26,,,0,30,,37726,27,,,0,70,,37727,26,,,0,30,,37753,27,,,0,70,,37752,26,,,0,30,,37757,27,,,0,70,,37756,26,,,0,30,,37725,27,,,0,75,,37724,26,,,0,30,,37749,27,,,0,70,,37746,26,,,0,31,,37750,27,,,0,69,,37755,26,,,0,31,,37754,27,,,0,69,,37751,26,,,0,31,,37738,27,,,0,69,,37737,26,,,0,31,,37745,27,,,0,69,,37748,26,,,0,41,,37747,27,,,0
580201,'3',721,,37763,26,,,0,30,,37770,27,,,0,70,,37762,26,,,0,30,,37771,27,,,0,70,,37766,26,,,0,30,,37772,27,,,0,70,,37765,26,,,0,30,,37773,27,,,0,70,,37760,26,,,0,30,,37774,27,,,0,70,,37761,26,,,0,30,,37775,27,,,0,70,,37768,26,,,0,30,,37776,27,,,0,70,,37767,26,,,0,30,,37777,27,,,0,70,,37764,26,,,0,30,,37778,27,,,0,70,,37759,26,,,0,30,,37779,27,,,0,70,,37758,26,,,0,30,,37780,27,,,0,70,,37769,26,,,0,30,,37781,27,,,0,70,,37786,26,,,0,30,,37782,27,,,0,70,,37787,26,,,0,30,,37783,27,,,0,70,,37788,26,,,0,30,,37784,27,,,0,70,,37789,26,,,0,30,,37785,27,,,0,70,,37790,26,,,0,30,,37791,27,,,0
580201,'4',547,,37792,27,,,0,100,,37793,26,,,0,100,,37794,27,,,0,100,,37795,26,,,0,100,,37796,27,,,0,100,,37797,26,,,0,100,,37798,27,,,0,100,,37799,26,,,0,100,,37800,27,,,0,100,,37801,26,,,0,100,,37802,27,,,0,100,,37803,26,,,0,100,,37804,27,,,0,100,,37805,26,,,0,100,,37806,27,,,0,100,,37807,26,,,0
580201,'6',721,,37813,26,,,0,30,,37820,27,,,0,70,,37812,26,,,0,30,,37821,27,,,0,70,,37816,26,,,0,30,,37822,27,,,0,70,,37815,26,,,0,30,,37823,27,,,0,70,,37810,26,,,0,30,,37824,27,,,0,70,,37811,26,,,0,30,,37825,27,,,0,70,,37818,26,,,0,30,,37826,27,,,0,70,,37817,26,,,0,30,,37827,27,,,0,70,,37814,26,,,0,30,,37828,27,,,0,70,,37809,26,,,0,30,,37829,27,,,0,70,,37808,26,,,0,30,,37830,27,,,0,70,,37819,26,,,0,30,,37831,27,,,0,70,,37836,26,,,0,30,,37832,27,,,0,70,,37837,26,,,0,30,,37833,27,,,0,70,,37838,26,,,0,30,,37834,27,,,0,70,,37839,26,,,0,30,,37835,27,,,0,70,,37840,26,,,0,30,,37841,27,,,0
