578001,'1',508,,29290,52,,,0,15,,29291,52,,,0,15,,29292,52,,,0,10,,29293,52,,,0,10,,29294,52,,,0,50,,29295,52,,,0,10,,29296,52,,,0,10,,29297,52,,,0,10,,29298,52,,,0,10,,29299,52,,,0,10,,29300,52,,,0,50,,29301,52,,,0,10,,29302,52,,,0,10,,29303,52,,,0,13,,29304,52,,,0,8,,29305,52,,,0,7,,29306,52,,,0,48,,29307,52,,,0,7,,29308,52,,,0,8,,29309,52,,,0,7,,29310,52,,,0,8,,29311,52,,,0,7,,29312,52,,,0,8,,29313,52,,,0,7,,29314,52,,,0,48,,29315,52,,,0,7,,29316,52,,,0,8,,29317,52,,,0,7,,29318,52,,,0,8,,29319,52,,,0,7,,29320,52,,,0,8,,29321,52,,,0,7,,29322,52,,,0,48,,29323,52,,,0,7,,29324,52,,,0,8,,29325,52,,,0,7,,29326,52,,,0,8,,29327,52,,,0,11,,29328,52,,,0,8,,29329,52,,,0,47,,29330,52,,,0,8,,29331,52,,,0,7,,29332,52,,,0,8,,29333,52,,,0,7,,29334,52,,,0,8,,29335,52,,,0,7,,29336,52,,,0,6,,29337,52,,,0,6,,29338,52,,,0,46,,29339,52,,,0,6,,29340,52,,,0,6,,29341,52,,,0,6,,29342,52,,,0,6,,29343,52,,,0,6,,29344,52,,,0,6,,29345,52,,,0,6,,29346,52,,,0,6,,29347,52,,,0,6,,29348,52,,,0,46,,29349,52,,,0,6,,29350,52,,,0,6,,29351,52,,,0,6,,29352,52,,,0,6,,29353,52,,,0,6,,29354,52,,,0,6,,29355,52,,,0,6,,29356,52,,,0,6,,29357,52,,,0,6,,29358,52,,,0,46,,29359,52,,,0,6,,29360,52,,,0,6,,29361,52,,,0,6,,29362,52,,,0,6,,29363,52,,,0,6,,29364,52,,,0,6,,29365,52,,,0,8,,29366,52,,,0,6,,29367,52,,,0,6,,29368,52,,,0,46,,29369,52,,,0,6,,29370,52,,,0,6,,29371,52,,,0,6,,29372,52,,,0,6,,29373,52,,,0,6,,29374,52,,,0,6,,29375,52,,,0,6,,29376,52,,,0,6,,29377,52,,,0,6,,29378,52,,,0,46,,29379,52,,,0,6,,29380,52,,,0,6,,29381,52,,,0,6,,29382,52,,,0,6,,29383,52,,,0,6,,29384,52,,,0,6,,29385,52,,,0,6,,29386,52,,,0,6,,29387,52,,,0,6,,29388,52,,,0,46,,29389,52,,,0,6,,29390,52,,,0,6,,29391,52,,,0,6,,29392,52,,,0,6,,29393,52,,,0,6,,29394,52,,,0,6,,29395,52,,,0,6,,29396,52,,,0,6,,29397,52,,,0,6,,29398,52,,,0,46,,29399,52,,,0,6,,29400,52,,,0,6,,29401,52,,,0,6,,29402,52,,,0,6,,29403,52,,,0,6,,29404,52,,,0,6,,29405,52,,,0,6,,29406,52,,,0,7,,29407,52,,,0,48,,29408,52,,,0,7,,29409,52,,,0,8,,29410,52,,,0,7,,29411,52,,,0,8,,29412,52,,,0,10,,29413,52,,,0,9,,29414,52,,,0,55,,29415,52,,,0,15,,29416,52,,,0,15,,29417,52,,,0,15,,29418,52,,,0,55,,29419,52,,,0,15,,29420,52,,,0,15,,29421,52,,,0,15,,29422,52,,,0,55,,29423,52,,,0,15,,29424,52,,,0,15,,29425,52,,,0,12,,29426,52,,,0,60,,29427,52,,,0,20,,29428,52,,,0,20,,29429,52,,,0,62,,29430,52,,,0,18,,29431,52,,,0,20,,29432,52,,,0,62,,29433,52,,,0,18,,29434,52,,,0,22,,29435,52,,,0,58,,29436,52,,,0
578001,'2',534,,29437,52,,,0,15,,29438,52,,,0,55,,29439,52,,,0,15,,29440,52,,,0,15,,29441,52,,,0,15,,29442,52,,,0,55,,29443,52,,,0,15,,29444,52,,,0,15,,29445,52,,,0,10,,29446,52,,,0,10,,29447,52,,,0,50,,29448,52,,,0,10,,29449,52,,,0,10,,29450,52,,,0,10,,29451,52,,,0,8,,29452,52,,,0,8,,29453,52,,,0,8,,29454,52,,,0,53,,29455,52,,,0,8,,29456,52,,,0,8,,29457,52,,,0,8,,29458,52,,,0,8,,29459,52,,,0,8,,29460,52,,,0,8,,29461,52,,,0,48,,29462,52,,,0,8,,29463,52,,,0,8,,29464,52,,,0,8,,29465,52,,,0,8,,29466,52,,,0,8,,29467,52,,,0,8,,29468,52,,,0,48,,29469,52,,,0,8,,29470,52,,,0,8,,29471,52,,,0,8,,29472,52,,,0,8,,29473,52,,,0,8,,29474,52,,,0,8,,29475,52,,,0,8,,29476,52,,,0,48,,29477,52,,,0,8,,29478,52,,,0,8,,29479,52,,,0,8,,29480,52,,,0,10,,29481,52,,,0,8,,29482,52,,,0,8,,29483,52,,,0,48,,29484,52,,,0,8,,29485,52,,,0,8,,29486,52,,,0,8,,29487,52,,,0,8,,29488,52,,,0,8,,29489,52,,,0,8,,29490,52,,,0,48,,29491,52,,,0,8,,29492,52,,,0,8,,29493,52,,,0,8,,29494,52,,,0,8,,29495,52,,,0,8,,29496,52,,,0,8,,29497,52,,,0,8,,29498,52,,,0,48,,29499,52,,,0,8,,29500,52,,,0,8,,29501,52,,,0,8,,29502,52,,,0,8,,29503,52,,,0,8,,29504,52,,,0,8,,29505,52,,,0,48,,29506,52,,,0,8,,29507,52,,,0,8,,29508,52,,,0,8,,29509,52,,,0,8,,29510,52,,,0,8,,29511,52,,,0,8,,29512,52,,,0,8,,29513,52,,,0,48,,29514,52,,,0,8,,29515,52,,,0,8,,29516,52,,,0,8,,29517,52,,,0,8,,29518,52,,,0,8,,29519,52,,,0,8,,29520,52,,,0,48,,29521,52,,,0,8,,29522,52,,,0,8,,29523,52,,,0,8,,29524,52,,,0,8,,29525,52,,,0,4,,29526,52,,,0,10,,29527,52,,,0,10,,29528,52,,,0,50,,29529,52,,,0,10,,29530,52,,,0,10,,29531,52,,,0,10,,29532,52,,,0,15,,29533,52,,,0,55,,29534,52,,,0,15,,29535,52,,,0,15,,29536,52,,,0,15,,29537,52,,,0,55,,29538,52,,,0,15,,29539,52,,,0,15,,29540,52,,,0,20,,29541,52,,,0,58,,29542,52,,,0,20,,29543,52,,,0,20,,29544,52,,,0,60,,29545,52,,,0,20,,29546,52,,,0,20,,29547,52,,,0,60,,29548,52,,,0,20,,29549,52,,,0,20,,29550,52,,,0,60,,29551,52,,,0,20,,29552,52,,,0,20,,29553,52,,,0
578001,'3',547,,29554,52,,,0,70,,29555,52,,,0,30,,29556,52,,,0,70,,29557,52,,,0,30,,29558,52,,,0,70,,29559,52,,,0,30,,29560,52,,,0,70,,29561,52,,,0,39,,29562,52,,,0,70,,29563,52,,,0,25,,29564,52,,,0,60,,29565,52,,,0,15,,29566,52,,,0,15,,29567,52,,,0,10,,29568,52,,,0,50,,29569,52,,,0,10,,29570,52,,,0,10,,29571,52,,,0,10,,29572,52,,,0,10,,29573,52,,,0,10,,29574,52,,,0,50,,29575,52,,,0,10,,29576,52,,,0,10,,29577,52,,,0,10,,29578,52,,,0,10,,29579,52,,,0,10,,29580,52,,,0,50,,29581,52,,,0,10,,29582,52,,,0,10,,29583,52,,,0,10,,29584,52,,,0,10,,29585,52,,,0,10,,29586,52,,,0,50,,29587,52,,,0,10,,29588,52,,,0,10,,29589,52,,,0,10,,29590,52,,,0,10,,29591,52,,,0,10,,29592,52,,,0,50,,29593,52,,,0,10,,29594,52,,,0,10,,29595,52,,,0,10,,29596,52,,,0,10,,29597,52,,,0,10,,29598,52,,,0,50,,29599,52,,,0,10,,29600,52,,,0,10,,29601,52,,,0,10,,29602,52,,,0,10,,29603,52,,,0,10,,29604,52,,,0,50,,29605,52,,,0,10,,29606,52,,,0,10,,29607,52,,,0,10,,29608,52,,,0,10,,29609,52,,,0,10,,29610,52,,,0,50,,29611,52,,,0,10,,29612,52,,,0,10,,29613,52,,,0,10,,29614,52,,,0,4,,29615,52,,,0,15,,29616,52,,,0,60,,29617,52,,,0,20,,29618,52,,,0,20,,29619,52,,,0,60,,29620,52,,,0,20,,29621,52,,,0,20,,29622,52,,,0,60,,29623,52,,,0,20,,29624,52,,,0,18,,29625,52,,,0,60,,29626,52,,,0,20,,29627,52,,,0,20,,29628,52,,,0,60,,29629,52,,,0,20,,29630,52,,,0,20,,29631,52,,,0
578001,'4',622,,29632,52,,,0,30,,29633,52,,,0,70,,29634,52,,,0,30,,29635,52,,,0,70,,29636,52,,,0,30,,29637,52,,,0,70,,29638,52,,,0,30,,29639,52,,,0,70,,29640,52,,,0,30,,29641,52,,,0,70,,29642,52,,,0,30,,29643,52,,,0,70,,29644,52,,,0,30,,29645,52,,,0,70,,29646,52,,,0,30,,29647,52,,,0,70,,29648,52,,,0,30,,29649,52,,,0,70,,29650,52,,,0,30,,29651,52,,,0,70,,29652,52,,,0,30,,29653,52,,,0,70,,29654,52,,,0,30,,29655,52,,,0,70,,29656,52,,,0,30,,29657,52,,,0,70,,29658,52,,,0,30,,29659,52,,,0,70,,29660,52,,,0,30,,29661,52,,,0,70,,29662,52,,,0,30,,29663,52,,,0,70,,29664,52,,,0
578001,'6',534,,29665,52,,,0,15,,29666,52,,,0,55,,29667,52,,,0,15,,29668,52,,,0,15,,29669,52,,,0,15,,29670,52,,,0,55,,29671,52,,,0,15,,29672,52,,,0,15,,29673,52,,,0,10,,29674,52,,,0,10,,29675,52,,,0,50,,29676,52,,,0,10,,29677,52,,,0,10,,29678,52,,,0,10,,29679,52,,,0,8,,29680,52,,,0,8,,29681,52,,,0,8,,29682,52,,,0,53,,29683,52,,,0,8,,29684,52,,,0,8,,29685,52,,,0,8,,29686,52,,,0,8,,29687,52,,,0,8,,29688,52,,,0,8,,29689,52,,,0,48,,29690,52,,,0,8,,29691,52,,,0,8,,29692,52,,,0,8,,29693,52,,,0,8,,29694,52,,,0,8,,29695,52,,,0,8,,29696,52,,,0,48,,29697,52,,,0,8,,29698,52,,,0,8,,29699,52,,,0,8,,29700,52,,,0,8,,29701,52,,,0,8,,29702,52,,,0,8,,29703,52,,,0,8,,29704,52,,,0,48,,29705,52,,,0,8,,29706,52,,,0,8,,29707,52,,,0,8,,29708,52,,,0,10,,29709,52,,,0,8,,29710,52,,,0,8,,29711,52,,,0,48,,29712,52,,,0,8,,29713,52,,,0,8,,29714,52,,,0,8,,29715,52,,,0,8,,29716,52,,,0,8,,29717,52,,,0,8,,29718,52,,,0,48,,29719,52,,,0,8,,29720,52,,,0,8,,29721,52,,,0,8,,29722,52,,,0,8,,29723,52,,,0,8,,29724,52,,,0,8,,29725,52,,,0,8,,29726,52,,,0,48,,29727,52,,,0,8,,29728,52,,,0,8,,29729,52,,,0,8,,29730,52,,,0,8,,29731,52,,,0,8,,29732,52,,,0,8,,29733,52,,,0,48,,29734,52,,,0,8,,29735,52,,,0,8,,29736,52,,,0,8,,29737,52,,,0,8,,29738,52,,,0,8,,29739,52,,,0,8,,29740,52,,,0,8,,29741,52,,,0,48,,29742,52,,,0,8,,29743,52,,,0,8,,29744,52,,,0,8,,29745,52,,,0,8,,29746,52,,,0,8,,29747,52,,,0,8,,29748,52,,,0,48,,29749,52,,,0,8,,29750,52,,,0,8,,29751,52,,,0,8,,29752,52,,,0,8,,29753,52,,,0,4,,29754,52,,,0,10,,29755,52,,,0,10,,29756,52,,,0,50,,29757,52,,,0,10,,29758,52,,,0,10,,29759,52,,,0,10,,29760,52,,,0,15,,29761,52,,,0,55,,29762,52,,,0,15,,29763,52,,,0,15,,29764,52,,,0,15,,29765,52,,,0,55,,29766,52,,,0,15,,29767,52,,,0,15,,29768,52,,,0,20,,29769,52,,,0,58,,29770,52,,,0,20,,29771,52,,,0,20,,29772,52,,,0,60,,29773,52,,,0,20,,29774,52,,,0,20,,29775,52,,,0,60,,29776,52,,,0,20,,29777,52,,,0,20,,29778,52,,,0,60,,29779,52,,,0,20,,29780,52,,,0,20,,29781,52,,,0
578101,'1',608,,29961,37,,,0,30,,29962,37,,,0,70,,29963,37,,,0,28,,29964,37,,,0,15,,29965,37,,,0,55,,29966,37,,,0,15,,29967,37,,,0,15,,29968,37,,,0,15,,29969,37,,,0,55,,29970,37,,,0,12,,29971,37,,,0,15,,29972,37,,,0,15,,29973,37,,,0,55,,29974,37,,,0,15,,29975,37,,,0,30,,29976,37,,,0,70,,29977,37,,,0,30,,29978,37,,,0,70,,29979,37,,,0,30,,29980,37,,,0,70,,29981,37,,,0,30,,29982,37,,,0,70,,29983,37,,,0,20,,29984,37,,,0,15,,29985,37,,,0,58,,29986,37,,,0,15,,29987,37,,,0,15,,29988,37,,,0,15,,29989,37,,,0,55,,29990,37,,,0,15,,29991,37,,,0,15,,29992,37,,,0,15,,29993,37,,,0,55,,29994,37,,,0,15,,29995,37,,,0,15,,29996,37,,,0,10,,29997,37,,,0,55,,29998,37,,,0,18,,29999,37,,,0,30,,30000,37,,,0,70,,30001,37,,,0,30,,30002,37,,,0,70,,30003,37,,,0,30,,30004,37,,,0,70,,30005,37,,,0,30,,30006,37,,,0,69,,30007,37,,,0,30,,30008,37,,,0,70,,30009,37,,,0,30,,30010,37,,,0,70,,30011,37,,,0,30,,30012,37,,,0,60,,30013,37,,,0
578101,'2',622,,30017,37,,,0,30,,30043,37,,,0,70,,30015,37,,,0,30,,30016,37,,,0,70,,30041,37,,,0,30,,30042,37,,,0,70,,30018,37,,,0,30,,30021,37,,,0,77,,30019,37,,,0,30,,30020,37,,,0,70,,30022,37,,,0,30,,30024,37,,,0,70,,30026,37,,,0,30,,30023,37,,,0,70,,30034,37,,,0,30,,30025,37,,,0,70,,30040,37,,,0,30,,30029,37,,,0,70,,30027,37,,,0,30,,30028,37,,,0,70,,30032,37,,,0,30,,30030,37,,,0,70,,30031,37,,,0,30,,30039,37,,,0,65,,30045,37,,,0,30,,30044,37,,,0,70,,30038,37,,,0,30,,30037,37,,,0,70,,30014,37,,,0,30,,30036,37,,,0,70,,30033,37,,,0,29,,30035,37,,,0,70,,30046,37,,,0,30,,30047,37,,,0,70,,30048,37,,,0,30,,30049,37,,,0,70,,30050,37,,,0,30,,30051,37,,,0,70,,30052,37,,,0
578101,'3',922,,30072,37,,,0,30,,30071,37,,,0,70,,30070,37,,,0,30,,30069,37,,,0,70,,30068,37,,,0,30,,30067,37,,,0,70,,30066,37,,,0,31,,30065,37,,,0,65,,30064,37,,,0,30,,30063,37,,,0,70,,30062,37,,,0,30,,30061,37,,,0,70,,30060,37,,,0,30,,30059,37,,,0,70,,30058,37,,,0,30,,30057,37,,,0,70,,30056,37,,,0,30,,30055,37,,,0,70,,30054,37,,,0,30,,30053,37,,,0,70,,30073,37,,,0,30,,30074,37,,,0,70,,30075,37,,,0,34,,30076,37,,,0,70,,30077,37,,,0,30,,30078,37,,,0,70,,30079,37,,,0,30,,30080,37,,,0,70,,30081,37,,,0,30,,30082,37,,,0
578101,'4',917,,30083,37,,,0,30,,30084,37,,,0,70,,30085,37,,,0,30,,30086,37,,,0,70,,30087,37,,,0,30,,30088,37,,,0,70,,30089,37,,,0,30,,30090,37,,,0,70,,30091,37,,,0,30,,30092,37,,,0,70,,30093,37,,,0,30,,30094,37,,,0,70,,30095,37,,,0,30,,30096,37,,,0,70,,30097,37,,,0,30,,30098,37,,,0,70,,30099,37,,,0,30,,30100,37,,,0,70,,30101,37,,,0,30,,30102,37,,,0,70,,30103,37,,,0,30,,30104,37,,,0,100,,30105,37,,,0
578101,'6',922,,30125,37,,,0,30,,30124,37,,,0,70,,30123,37,,,0,30,,30122,37,,,0,70,,30121,37,,,0,30,,30120,37,,,0,70,,30119,37,,,0,31,,30118,37,,,0,65,,30117,37,,,0,30,,30116,37,,,0,70,,30115,37,,,0,30,,30114,37,,,0,70,,30113,37,,,0,30,,30112,37,,,0,70,,30111,37,,,0,30,,30110,37,,,0,70,,30109,37,,,0,30,,30108,37,,,0,70,,30107,37,,,0,30,,30106,37,,,0,70,,30126,37,,,0,30,,30127,37,,,0,70,,30128,37,,,0,34,,30129,37,,,0,70,,30130,37,,,0,30,,30131,37,,,0,70,,30132,37,,,0,30,,30133,37,,,0,70,,30134,37,,,0,30,,30135,37,,,0
578201,'1',545,,30350,71,,,0,60,,30336,71,,,0,20,,30349,71,,,0,20,,30348,71,,,0,60,,30351,71,,,0,20,,30352,71,,,0,21,,30353,71,,,0,60,,30354,71,,,0,20,,30355,71,,,0,25,,30356,75,,,0,60,,30357,75,,,0,20,,30358,75,,,0,20,,30359,75,,,0,60,,30360,75,,,0,20,,30361,75,,,0,20,,30362,75,,,0,60,,30363,75,,,0,20,,30364,75,,,0,20,,30365,75,,,0,60,,30366,75,,,0,20,,30367,75,,,0,20,,30368,75,,,0,60,,30369,75,,,0,20,,30370,75,,,0,20,,30371,75,,,0,60,,30372,75,,,0,20,,30373,75,,,0,20,,30374,75,,,0,60,,30375,75,,,0,20,,30376,75,,,0,20,,30377,75,,,0,60,,30378,75,,,0,20,,30379,75,,,0,20,,30380,75,,,0,60,,30381,75,,,0,20,,30382,75,,,0,20,,30383,75,,,0,60,,30384,75,,,0,20,,30385,75,,,0,25,,30386,75,,,0,70,,30337,75,,,0,30,,30338,75,,,0,70,,30339,75,,,0,30,,30340,75,,,0,70,,30341,75,,,0,30,,30342,75,,,0,70,,30343,75,,,0,23,,30344,71,,,0,70,,30345,71,,,0,30,,30335,71,,,0,70,,30346,71,,,0,40,,30334,71,,,0,65,,30347,71,,,0
578201,'2',557,,30387,14,,,0,67,,30388,71,,,0,30,,30389,71,,,0,70,,30390,71,,,0,30,,30391,71,,,0,70,,30392,71,,,0,30,,30393,75,,,0,69,,30394,75,,,0,29,,30395,75,,,0,60,,30396,75,,,0,20,,30397,75,,,0,20,,30398,75,,,0,60,,30399,75,,,0,20,,30400,75,,,0,20,,30401,75,,,0,60,,30402,75,,,0,20,,30403,75,,,0,19,,30404,71,,,0,60,,30405,71,,,0,20,,30406,71,,,0,20,,30407,71,,,0,60,,30408,71,,,0,20,,30409,71,,,0,20,,30410,71,,,0,60,,30411,71,,,0,20,,30412,71,,,0,20,,30413,71,,,0,60,,30414,71,,,0,20,,30415,71,,,0,20,,30416,71,,,0,60,,30417,71,,,0,20,,30418,71,,,0,23,,30419,71,,,0,70,,30420,71,,,0,30,,30421,71,,,0,70,,30422,71,,,0,30,,30423,71,,,0,70,,30424,71,,,0,30,,30425,71,,,0,70,,30426,71,,,0,30,,30427,71,,,0,70,,30428,71,,,0,30,,30429,71,,,0,70,,30430,71,,,0,30,,30431,71,,,0,70,,30432,71,,,0,90,,30433,71,,,0
578201,'3',557,,30470,14,,,0,90,,30469,71,,,0,75,,30468,71,,,0,30,,30467,71,,,0,70,,30466,71,,,0,30,,30465,71,,,0,70,,30464,71,,,0,32,,30463,71,,,0,70,,30462,71,,,0,30,,30461,71,,,0,70,,30460,71,,,0,30,,30459,71,,,0,70,,30458,71,,,0,30,,30457,71,,,0,70,,30456,71,,,0,30,,30455,71,,,0,70,,30454,71,,,0,30,,30453,71,,,0,70,,30452,71,,,0,30,,30451,71,,,0,70,,30450,71,,,0,30,,30449,71,,,0,70,,30448,71,,,0,30,,30447,71,,,0,70,,30446,71,,,0,30,,30445,71,,,0,70,,30444,71,,,0,30,,30443,71,,,0,70,,30442,71,,,0,28,,30441,71,,,0,70,,30440,71,,,0,30,,30439,71,,,0,70,,30438,71,,,0,30,,30437,71,,,0,70,,30436,71,,,0,30,,30435,71,,,0,70,,30434,71,,,0
578201,'4',724,,30471,71,,,0,80,,30472,71,,,0,40,,30473,71,,,0,80,,30474,71,,,0,80,,30475,71,,,0,40,,30476,71,,,0,80,,30477,71,,,0,80,,30478,71,,,0,40,,30479,71,,,0,80,,30480,71,,,0,80,,30481,71,,,0,40,,30482,71,,,0,105,,30483,71,,,0,100,,30484,71,,,0,100,,30485,71,,,0,100,,30486,71,,,0,100,,30487,71,,,0,100,,30488,71,,,0,90,,30489,71,,,0
578201,'6',557,,30526,14,,,0,90,,30525,71,,,0,75,,30524,71,,,0,30,,30523,71,,,0,70,,30522,71,,,0,30,,30521,71,,,0,70,,30520,71,,,0,32,,30519,71,,,0,70,,30518,71,,,0,30,,30517,71,,,0,70,,30516,71,,,0,30,,30515,71,,,0,70,,30514,71,,,0,30,,30513,71,,,0,70,,30512,71,,,0,30,,30511,71,,,0,70,,30510,71,,,0,30,,30509,71,,,0,70,,30508,71,,,0,30,,30507,71,,,0,70,,30506,71,,,0,30,,30505,71,,,0,70,,30504,71,,,0,30,,30503,71,,,0,70,,30502,71,,,0,30,,30501,71,,,0,70,,30500,71,,,0,30,,30499,71,,,0,70,,30498,71,,,0,28,,30497,71,,,0,70,,30496,71,,,0,30,,30495,71,,,0,70,,30494,71,,,0,30,,30493,71,,,0,70,,30492,71,,,0,30,,30491,71,,,0,70,,30490,71,,,0
578701,'703',1054,,32417,19,,,0,100,,32422,19,,,0,100,,32423,19,,,0,100,,32418,19,,,0,100,,32419,19,,,0,100,,32420,19,,,0,100,,32421,19,,,0
579300,'1',519,,33626,10,,,0,20,,33603,10,,,0,15,,33616,10,,,0,55,,33617,10,,,0,15,,33604,10,,,0,15,,33554,10,,,0,15,,33618,10,,,0,56,,33555,10,,,0,15,,33619,10,,,0,15,,33556,10,,,0,15,,33557,10,,,0,55,,33559,10,,,0,15,,33558,10,,,0,10,,33581,10,,,0,10,,33553,10,,,0,10,,33552,10,,,0,50,,33582,10,,,0,10,,33551,10,,,0,10,,33550,10,,,0,10,,33583,10,,,0,10,,33549,10,,,0,10,,33548,10,,,0,50,,33584,10,,,0,10,,33580,10,,,0,10,,33547,10,,,0,10,,33585,10,,,0,20,,33605,10,,,0,60,,33606,10,,,0,20,,33607,10,,,0,20,,33608,10,,,0,60,,33609,10,,,0,20,,33610,10,,,0,20,,33611,10,,,0,60,,33612,10,,,0,20,,33613,10,,,0,20,,33614,10,,,0,60,,33615,10,,,0,20,,33544,10,,,0,20,,33586,10,,,0,60,,33579,10,,,0,10,,33578,10,,,0,10,,33587,10,,,0,10,,33577,10,,,0,10,,33576,10,,,0,50,,33588,10,,,0,10,,33575,10,,,0,10,,33574,10,,,0,10,,33589,10,,,0,10,,33573,10,,,0,10,,33572,10,,,0,50,,33590,10,,,0,10,,33571,10,,,0,10,,33570,10,,,0,10,,33591,10,,,0,10,,33569,10,,,0,10,,33568,10,,,0,50,,33592,10,,,0,10,,33567,10,,,0,10,,33566,10,,,0,9,,33593,10,,,0,10,,33565,10,,,0,10,,33564,10,,,0,50,,33594,10,,,0,10,,33563,10,,,0,15,,33602,10,,,0,15,,33562,10,,,0,60,,33561,10,,,0,20,,33560,10,,,0,20,,33620,10,,,0,60,,33546,10,,,0,20,,33621,10,,,0,20,,33545,10,,,0,60,,33595,10,,,0,20,,33622,10,,,0,20,,33596,10,,,0,60,,33597,10,,,0,20,,33623,10,,,0,20,,33598,10,,,0,60,,33599,10,,,0,20,,33624,10,,,0,20,,33600,10,,,0,60,,33625,10,,,0,13,,33601,10,,,0
579300,'2',528,,33687,10,,,0,20,,33627,10,,,0,60,,33688,10,,,0,20,,33628,10,,,0,20,,33689,10,,,0,60,,33629,10,,,0,20,,33630,10,,,0,20,,33690,10,,,0,61,,33631,10,,,0,20,,33632,10,,,0,20,,33633,10,,,0,55,,33634,10,,,0,15,,33635,10,,,0,15,,33636,10,,,0,15,,33637,10,,,0,55,,33638,10,,,0,15,,33639,10,,,0,15,,33640,10,,,0,15,,33641,10,,,0,55,,33642,10,,,0,15,,33643,10,,,0,15,,33644,10,,,0,15,,33645,10,,,0,55,,33646,10,,,0,15,,33647,10,,,0,15,,33648,10,,,0,15,,33649,10,,,0,55,,33650,10,,,0,15,,33651,10,,,0,15,,33652,10,,,0,15,,33653,10,,,0,55,,33654,10,,,0,15,,33655,10,,,0,15,,33656,10,,,0,15,,33657,10,,,0,55,,33658,10,,,0,15,,33659,10,,,0,15,,33660,10,,,0,15,,33661,10,,,0,55,,33662,10,,,0,15,,33663,10,,,0,15,,33664,10,,,0,15,,33665,10,,,0,55,,33666,10,,,0,15,,33667,10,,,0,15,,33668,10,,,0,15,,33669,10,,,0,55,,33670,10,,,0,15,,33671,10,,,0,15,,33672,10,,,0,15,,33673,10,,,0,55,,33674,10,,,0,19,,33691,10,,,0,20,,33675,10,,,0,60,,33676,10,,,0,20,,33692,10,,,0,20,,33677,10,,,0,60,,33678,10,,,0,20,,33693,10,,,0,20,,33679,10,,,0,60,,33680,10,,,0,20,,33694,10,,,0,20,,33681,10,,,0,60,,33682,10,,,0,20,,33695,10,,,0,20,,33683,10,,,0,60,,33684,10,,,0,20,,33696,10,,,0,20,,33685,10,,,0,60,,33686,10,,,0,20,,33697,10,,,0
579300,'3',539,,33744,10,,,0,70,,33728,10,,,0,30,,33729,10,,,0,70,,33730,10,,,0,30,,33731,10,,,0,70,,33732,10,,,0,30,,33733,10,,,0,71,,33734,10,,,0,30,,33735,10,,,0,70,,33736,10,,,0,30,,33737,10,,,0,60,,33738,10,,,0,20,,33739,10,,,0,20,,33740,10,,,0,60,,33741,10,,,0,20,,33742,10,,,0,20,,33743,10,,,0,60,,33698,10,,,0,20,,33699,10,,,0,20,,33700,10,,,0,60,,33701,10,,,0,20,,33702,10,,,0,20,,33703,10,,,0,60,,33704,10,,,0,20,,33705,10,,,0,20,,33706,10,,,0,60,,33707,10,,,0,20,,33708,10,,,0,20,,33709,10,,,0,60,,33710,10,,,0,20,,33711,10,,,0,20,,33712,10,,,0,60,,33713,10,,,0,19,,33714,10,,,0,20,,33715,10,,,0,20,,33716,10,,,0,60,,33717,10,,,0,30,,33718,10,,,0,70,,33719,10,,,0,30,,33720,10,,,0,70,,33721,10,,,0,30,,33722,10,,,0,70,,33723,10,,,0,30,,33724,10,,,0,70,,33725,10,,,0,30,,33726,10,,,0,70,,33727,10,,,0
579300,'4',546,,33784,10,,,0,90,,33783,10,,,0,70,,33782,10,,,0,30,,33781,10,,,0,70,,33780,10,,,0,30,,33779,10,,,0,70,,33778,10,,,0,30,,33777,10,,,0,70,,33776,10,,,0,30,,33775,10,,,0,70,,33774,10,,,0,20,,33773,10,,,0,20,,33772,10,,,0,60,,33771,10,,,0,20,,33770,10,,,0,20,,33769,10,,,0,60,,33768,10,,,0,20,,33767,10,,,0,20,,33766,10,,,0,60,,33765,10,,,0,20,,33764,10,,,0,20,,33763,10,,,0,60,,33762,10,,,0,20,,33761,10,,,0,20,,33760,10,,,0,60,,33759,10,,,0,20,,33758,10,,,0,20,,33757,10,,,0,60,,33756,10,,,0,20,,33755,10,,,0,20,,33754,10,,,0,60,,33753,10,,,0,20,,33752,10,,,0,20,,33751,10,,,0,60,,33750,10,,,0,20,,33749,10,,,0,20,,33748,10,,,0,65,,33747,10,,,0,30,,33746,10,,,0,70,,33745,10,,,0
579300,'6',539,,33831,10,,,0,70,,33815,10,,,0,30,,33816,10,,,0,70,,33817,10,,,0,30,,33818,10,,,0,70,,33819,10,,,0,30,,33820,10,,,0,71,,33821,10,,,0,30,,33822,10,,,0,70,,33823,10,,,0,30,,33824,10,,,0,60,,33825,10,,,0,20,,33826,10,,,0,20,,33827,10,,,0,60,,33828,10,,,0,20,,33829,10,,,0,20,,33830,10,,,0,60,,33785,10,,,0,20,,33786,10,,,0,20,,33787,10,,,0,60,,33788,10,,,0,20,,33789,10,,,0,20,,33790,10,,,0,60,,33791,10,,,0,20,,33792,10,,,0,20,,33793,10,,,0,60,,33794,10,,,0,20,,33795,10,,,0,20,,33796,10,,,0,60,,33797,10,,,0,20,,33798,10,,,0,20,,33799,10,,,0,60,,33800,10,,,0,19,,33801,10,,,0,20,,33802,10,,,0,20,,33803,10,,,0,60,,33804,10,,,0,30,,33805,10,,,0,70,,33806,10,,,0,30,,33807,10,,,0,70,,33808,10,,,0,30,,33809,10,,,0,70,,33810,10,,,0,30,,33811,10,,,0,70,,33812,10,,,0,30,,33813,10,,,0,70,,33814,10,,,0
