578001,'1',510,,29290,54,,,0,15,,29291,54,,,0,15,,29292,54,,,0,10,,29293,54,,,0,50,,29294,54,,,0,10,,29295,54,,,0,10,,29296,54,,,0,10,,29297,54,,,0,10,,29298,54,,,0,10,,29299,54,,,0,50,,29300,54,,,0,10,,29301,54,,,0,10,,29302,54,,,0,10,,29303,54,,,0,13,,29304,54,,,0,8,,29305,54,,,0,7,,29306,54,,,0,48,,29307,54,,,0,7,,29308,54,,,0,8,,29309,54,,,0,7,,29310,54,,,0,8,,29311,54,,,0,7,,29312,54,,,0,8,,29313,54,,,0,7,,29314,54,,,0,48,,29315,54,,,0,7,,29316,54,,,0,8,,29317,54,,,0,7,,29318,54,,,0,8,,29319,54,,,0,7,,29320,54,,,0,8,,29321,54,,,0,7,,29322,54,,,0,48,,29323,54,,,0,7,,29324,54,,,0,8,,29325,54,,,0,7,,29326,54,,,0,8,,29327,54,,,0,11,,29328,54,,,0,8,,29329,54,,,0,47,,29330,54,,,0,8,,29331,54,,,0,7,,29332,54,,,0,8,,29333,54,,,0,7,,29334,54,,,0,8,,29335,54,,,0,7,,29336,54,,,0,6,,29337,54,,,0,6,,29338,54,,,0,46,,29339,54,,,0,6,,29340,54,,,0,6,,29341,54,,,0,6,,29342,54,,,0,6,,29343,54,,,0,6,,29344,54,,,0,6,,29345,54,,,0,6,,29346,54,,,0,6,,29347,54,,,0,6,,29348,54,,,0,46,,29349,54,,,0,6,,29350,54,,,0,6,,29351,54,,,0,6,,29352,54,,,0,6,,29353,54,,,0,6,,29354,54,,,0,6,,29355,54,,,0,6,,29356,54,,,0,6,,29357,54,,,0,6,,29358,54,,,0,46,,29359,54,,,0,6,,29360,54,,,0,6,,29361,54,,,0,6,,29362,54,,,0,6,,29363,54,,,0,6,,29364,54,,,0,6,,29365,54,,,0,8,,29366,54,,,0,6,,29367,54,,,0,46,,29368,54,,,0,6,,29369,54,,,0,6,,29370,54,,,0,6,,29371,54,,,0,6,,29372,54,,,0,6,,29373,54,,,0,6,,29374,54,,,0,6,,29375,54,,,0,6,,29376,54,,,0,6,,29377,54,,,0,46,,29378,54,,,0,6,,29379,54,,,0,6,,29380,54,,,0,6,,29381,54,,,0,6,,29382,54,,,0,6,,29383,54,,,0,6,,29384,54,,,0,6,,29385,54,,,0,6,,29386,54,,,0,6,,29387,54,,,0,46,,29388,54,,,0,6,,29389,54,,,0,6,,29390,54,,,0,6,,29391,54,,,0,6,,29392,54,,,0,6,,29393,54,,,0,6,,29394,54,,,0,6,,29395,54,,,0,6,,29396,54,,,0,6,,29397,54,,,0,46,,29398,54,,,0,6,,29399,54,,,0,6,,29400,54,,,0,6,,29401,54,,,0,6,,29402,54,,,0,6,,29403,54,,,0,6,,29404,54,,,0,6,,29405,54,,,0,6,,29406,54,,,0,7,,29407,54,,,0,48,,29408,54,,,0,7,,29409,54,,,0,8,,29410,54,,,0,7,,29411,54,,,0,8,,29412,54,,,0,10,,29413,54,,,0,9,,29414,54,,,0,55,,29415,54,,,0,15,,29416,54,,,0,15,,29417,54,,,0,15,,29418,54,,,0,55,,29419,54,,,0,15,,29420,54,,,0,15,,29421,54,,,0,15,,29422,54,,,0,55,,29423,54,,,0,15,,29424,54,,,0,15,,29425,54,,,0,12,,29426,54,,,0,60,,29427,54,,,0,20,,29428,54,,,0,20,,29429,54,,,0,62,,29430,54,,,0,18,,29431,54,,,0,20,,29432,54,,,0,62,,29433,54,,,0,18,,29434,54,,,0,22,,29435,54,,,0,58,,29436,54,,,0
578001,'2',536,,29437,54,,,0,15,,29438,54,,,0,55,,29439,54,,,0,15,,29440,54,,,0,15,,29441,54,,,0,15,,29442,54,,,0,55,,29443,54,,,0,15,,29444,54,,,0,15,,29445,54,,,0,10,,29446,54,,,0,10,,29447,54,,,0,50,,29448,54,,,0,10,,29449,54,,,0,10,,29450,54,,,0,10,,29451,54,,,0,8,,29452,54,,,0,8,,29453,54,,,0,48,,29454,54,,,0,13,,29455,54,,,0,8,,29456,54,,,0,8,,29457,54,,,0,8,,29458,54,,,0,8,,29459,54,,,0,8,,29460,54,,,0,48,,29461,54,,,0,8,,29462,54,,,0,8,,29463,54,,,0,8,,29464,54,,,0,8,,29465,54,,,0,8,,29466,54,,,0,8,,29467,54,,,0,8,,29468,54,,,0,48,,29469,54,,,0,8,,29470,54,,,0,8,,29471,54,,,0,8,,29472,54,,,0,8,,29473,54,,,0,8,,29474,54,,,0,8,,29475,54,,,0,48,,29476,54,,,0,8,,29477,54,,,0,8,,29478,54,,,0,8,,29479,54,,,0,8,,29480,54,,,0,10,,29481,54,,,0,8,,29482,54,,,0,8,,29483,54,,,0,48,,29484,54,,,0,8,,29485,54,,,0,8,,29486,54,,,0,8,,29487,54,,,0,8,,29488,54,,,0,8,,29489,54,,,0,8,,29490,54,,,0,48,,29491,54,,,0,8,,29492,54,,,0,8,,29493,54,,,0,8,,29494,54,,,0,8,,29495,54,,,0,8,,29496,54,,,0,8,,29497,54,,,0,8,,29498,54,,,0,48,,29499,54,,,0,8,,29500,54,,,0,8,,29501,54,,,0,8,,29502,54,,,0,8,,29503,54,,,0,8,,29504,54,,,0,8,,29505,54,,,0,48,,29506,54,,,0,8,,29507,54,,,0,8,,29508,54,,,0,8,,29509,54,,,0,8,,29510,54,,,0,8,,29511,54,,,0,8,,29512,54,,,0,8,,29513,54,,,0,48,,29514,54,,,0,8,,29515,54,,,0,8,,29516,54,,,0,8,,29517,54,,,0,8,,29518,54,,,0,8,,29519,54,,,0,8,,29520,54,,,0,48,,29521,54,,,0,8,,29522,54,,,0,8,,29523,54,,,0,8,,29524,54,,,0,8,,29525,54,,,0,4,,29526,54,,,0,10,,29527,54,,,0,10,,29528,54,,,0,50,,29529,54,,,0,10,,29530,54,,,0,10,,29531,54,,,0,10,,29532,54,,,0,15,,29533,54,,,0,55,,29534,54,,,0,15,,29535,54,,,0,15,,29536,54,,,0,15,,29537,54,,,0,55,,29538,54,,,0,15,,29539,54,,,0,15,,29540,54,,,0,20,,29541,54,,,0,58,,29542,54,,,0,20,,29543,54,,,0,20,,29544,54,,,0,60,,29545,54,,,0,20,,29546,54,,,0,20,,29547,54,,,0,60,,29548,54,,,0,20,,29549,54,,,0,20,,29550,54,,,0,60,,29551,54,,,0,20,,29552,54,,,0,20,,29553,54,,,0
578001,'3',549,,29554,54,,,0,70,,29555,54,,,0,30,,29556,54,,,0,70,,29557,54,,,0,30,,29558,54,,,0,70,,29559,54,,,0,30,,29560,54,,,0,70,,29561,54,,,0,39,,29562,54,,,0,70,,29563,54,,,0,25,,29564,54,,,0,60,,29565,54,,,0,15,,29566,54,,,0,15,,29567,54,,,0,10,,29568,54,,,0,50,,29569,54,,,0,10,,29570,54,,,0,10,,29571,54,,,0,10,,29572,54,,,0,10,,29573,54,,,0,10,,29574,54,,,0,50,,29575,54,,,0,10,,29576,54,,,0,10,,29577,54,,,0,10,,29578,54,,,0,10,,29579,54,,,0,10,,29580,54,,,0,50,,29581,54,,,0,10,,29582,54,,,0,10,,29583,54,,,0,10,,29584,54,,,0,10,,29585,54,,,0,10,,29586,54,,,0,50,,29587,54,,,0,10,,29588,54,,,0,10,,29589,54,,,0,10,,29590,54,,,0,10,,29591,54,,,0,10,,29592,54,,,0,50,,29593,54,,,0,10,,29594,54,,,0,10,,29595,54,,,0,10,,29596,54,,,0,10,,29597,54,,,0,10,,29598,54,,,0,50,,29599,54,,,0,10,,29600,54,,,0,10,,29601,54,,,0,10,,29602,54,,,0,10,,29603,54,,,0,10,,29604,54,,,0,50,,29605,54,,,0,10,,29606,54,,,0,10,,29607,54,,,0,10,,29608,54,,,0,10,,29609,54,,,0,10,,29610,54,,,0,50,,29611,54,,,0,10,,29612,54,,,0,10,,29613,54,,,0,10,,29614,54,,,0,4,,29615,54,,,0,15,,29616,54,,,0,60,,29617,54,,,0,20,,29618,54,,,0,20,,29619,54,,,0,60,,29620,54,,,0,20,,29621,54,,,0,20,,29622,54,,,0,60,,29623,54,,,0,20,,29624,54,,,0,18,,29625,54,,,0,60,,29626,54,,,0,20,,29627,54,,,0,20,,29628,54,,,0,60,,29629,54,,,0,20,,29630,54,,,0,20,,29631,54,,,0
578001,'4',624,,29632,54,,,0,30,,29633,54,,,0,70,,29634,54,,,0,30,,29635,54,,,0,70,,29636,54,,,0,30,,29637,54,,,0,70,,29638,54,,,0,30,,29639,54,,,0,70,,29640,54,,,0,30,,29641,54,,,0,70,,29642,54,,,0,30,,29643,54,,,0,70,,29644,54,,,0,30,,29645,54,,,0,70,,29646,54,,,0,30,,29647,54,,,0,70,,29648,54,,,0,30,,29649,54,,,0,70,,29650,54,,,0,30,,29651,54,,,0,70,,29652,54,,,0,30,,29653,54,,,0,70,,29654,54,,,0,30,,29655,54,,,0,70,,29656,54,,,0,30,,29657,54,,,0,70,,29658,54,,,0,30,,29659,54,,,0,70,,29660,54,,,0,30,,29661,54,,,0,70,,29662,54,,,0,30,,29663,54,,,0,70,,29664,54,,,0
578001,'6',536,,29665,54,,,0,15,,29666,54,,,0,55,,29667,54,,,0,15,,29668,54,,,0,15,,29669,54,,,0,15,,29670,54,,,0,55,,29671,54,,,0,15,,29672,54,,,0,15,,29673,54,,,0,10,,29674,54,,,0,10,,29675,54,,,0,50,,29676,54,,,0,10,,29677,54,,,0,10,,29678,54,,,0,10,,29679,54,,,0,8,,29680,54,,,0,8,,29681,54,,,0,48,,29682,54,,,0,13,,29683,54,,,0,8,,29684,54,,,0,8,,29685,54,,,0,8,,29686,54,,,0,8,,29687,54,,,0,8,,29688,54,,,0,48,,29689,54,,,0,8,,29690,54,,,0,8,,29691,54,,,0,8,,29692,54,,,0,8,,29693,54,,,0,8,,29694,54,,,0,8,,29695,54,,,0,8,,29696,54,,,0,48,,29697,54,,,0,8,,29698,54,,,0,8,,29699,54,,,0,8,,29700,54,,,0,8,,29701,54,,,0,8,,29702,54,,,0,8,,29703,54,,,0,48,,29704,54,,,0,8,,29705,54,,,0,8,,29706,54,,,0,8,,29707,54,,,0,8,,29708,54,,,0,10,,29709,54,,,0,8,,29710,54,,,0,8,,29711,54,,,0,48,,29712,54,,,0,8,,29713,54,,,0,8,,29714,54,,,0,8,,29715,54,,,0,8,,29716,54,,,0,8,,29717,54,,,0,8,,29718,54,,,0,48,,29719,54,,,0,8,,29720,54,,,0,8,,29721,54,,,0,8,,29722,54,,,0,8,,29723,54,,,0,8,,29724,54,,,0,8,,29725,54,,,0,8,,29726,54,,,0,48,,29727,54,,,0,8,,29728,54,,,0,8,,29729,54,,,0,8,,29730,54,,,0,8,,29731,54,,,0,8,,29732,54,,,0,8,,29733,54,,,0,48,,29734,54,,,0,8,,29735,54,,,0,8,,29736,54,,,0,8,,29737,54,,,0,8,,29738,54,,,0,8,,29739,54,,,0,8,,29740,54,,,0,8,,29741,54,,,0,48,,29742,54,,,0,8,,29743,54,,,0,8,,29744,54,,,0,8,,29745,54,,,0,8,,29746,54,,,0,8,,29747,54,,,0,8,,29748,54,,,0,48,,29749,54,,,0,8,,29750,54,,,0,8,,29751,54,,,0,8,,29752,54,,,0,8,,29753,54,,,0,4,,29754,54,,,0,10,,29755,54,,,0,10,,29756,54,,,0,50,,29757,54,,,0,10,,29758,54,,,0,10,,29759,54,,,0,10,,29760,54,,,0,15,,29761,54,,,0,55,,29762,54,,,0,15,,29763,54,,,0,15,,29764,54,,,0,15,,29765,54,,,0,55,,29766,54,,,0,15,,29767,54,,,0,15,,29768,54,,,0,20,,29769,54,,,0,58,,29770,54,,,0,20,,29771,54,,,0,20,,29772,54,,,0,60,,29773,54,,,0,20,,29774,54,,,0,20,,29775,54,,,0,60,,29776,54,,,0,20,,29777,54,,,0,20,,29778,54,,,0,60,,29779,54,,,0,20,,29780,54,,,0,20,,29781,54,,,0
578101,'1',610,,29961,39,,,0,30,,29962,39,,,0,70,,29963,39,,,0,28,,29964,39,,,0,15,,29965,39,,,0,55,,29966,39,,,0,15,,29967,39,,,0,15,,29968,39,,,0,15,,29969,39,,,0,55,,29970,39,,,0,12,,29971,39,,,0,15,,29972,39,,,0,15,,29973,39,,,0,55,,29974,39,,,0,15,,29975,39,,,0,30,,29976,39,,,0,70,,29977,39,,,0,30,,29978,39,,,0,70,,29979,39,,,0,30,,29980,39,,,0,70,,29981,39,,,0,30,,29982,39,,,0,70,,29983,39,,,0,20,,29984,39,,,0,15,,29985,39,,,0,58,,29986,39,,,0,15,,29987,39,,,0,15,,29988,39,,,0,15,,29989,39,,,0,55,,29990,39,,,0,15,,29991,39,,,0,15,,29992,39,,,0,15,,29993,39,,,0,55,,29994,39,,,0,15,,29995,39,,,0,15,,29996,39,,,0,9,,29997,39,,,0,55,,29998,39,,,0,18,,29999,39,,,0,30,,30000,39,,,0,70,,30001,39,,,0,30,,30002,39,,,0,70,,30003,39,,,0,30,,30004,39,,,0,70,,30005,39,,,0,30,,30006,39,,,0,69,,30007,39,,,0,30,,30008,39,,,0,70,,30009,39,,,0,30,,30010,39,,,0,70,,30011,39,,,0,30,,30012,39,,,0,60,,30013,39,,,0
578101,'2',623,,30017,39,,,0,30,,30043,39,,,0,70,,30015,39,,,0,30,,30016,39,,,0,70,,30041,39,,,0,30,,30042,39,,,0,70,,30018,39,,,0,30,,30021,39,,,0,78,,30019,39,,,0,70,,30020,39,,,0,30,,30022,39,,,0,70,,30024,39,,,0,30,,30026,39,,,0,70,,30023,39,,,0,30,,30034,39,,,0,70,,30025,39,,,0,30,,30040,39,,,0,70,,30029,39,,,0,30,,30027,39,,,0,70,,30028,39,,,0,30,,30032,39,,,0,70,,30030,39,,,0,30,,30031,39,,,0,70,,30039,39,,,0,24,,30045,39,,,0,30,,30044,39,,,0,70,,30038,39,,,0,30,,30037,39,,,0,70,,30014,39,,,0,30,,30036,39,,,0,70,,30033,39,,,0,29,,30035,39,,,0,70,,30046,39,,,0,30,,30047,39,,,0,70,,30048,39,,,0,30,,30049,39,,,0,70,,30050,39,,,0,30,,30051,39,,,0,70,,30052,39,,,0
578101,'3',923,,30072,39,,,0,30,,30071,39,,,0,70,,30070,39,,,0,30,,30069,39,,,0,70,,30068,39,,,0,30,,30067,39,,,0,70,,30066,39,,,0,31,,30065,39,,,0,65,,30064,39,,,0,30,,30063,39,,,0,70,,30062,39,,,0,30,,30061,39,,,0,70,,30060,39,,,0,30,,30059,39,,,0,70,,30058,39,,,0,30,,30057,39,,,0,70,,30056,39,,,0,30,,30055,39,,,0,70,,30054,39,,,0,30,,30053,39,,,0,70,,30073,39,,,0,30,,30074,39,,,0,70,,30075,39,,,0,34,,30076,39,,,0,70,,30077,39,,,0,30,,30078,39,,,0,70,,30079,39,,,0,30,,30080,39,,,0,70,,30081,39,,,0,30,,30082,39,,,0
578101,'4',918,,30083,39,,,0,30,,30084,39,,,0,70,,30085,39,,,0,30,,30086,39,,,0,70,,30087,39,,,0,30,,30088,39,,,0,70,,30089,39,,,0,30,,30090,39,,,0,70,,30091,39,,,0,30,,30092,39,,,0,70,,30093,39,,,0,30,,30094,39,,,0,70,,30095,39,,,0,30,,30096,39,,,0,70,,30097,39,,,0,30,,30098,39,,,0,70,,30099,39,,,0,30,,30100,39,,,0,70,,30101,39,,,0,30,,30102,39,,,0,70,,30103,39,,,0,30,,30104,39,,,0,100,,30105,39,,,0
578101,'6',923,,30125,39,,,0,30,,30124,39,,,0,70,,30123,39,,,0,30,,30122,39,,,0,70,,30121,39,,,0,30,,30120,39,,,0,70,,30119,39,,,0,31,,30118,39,,,0,65,,30117,39,,,0,30,,30116,39,,,0,70,,30115,39,,,0,30,,30114,39,,,0,70,,30113,39,,,0,30,,30112,39,,,0,70,,30111,39,,,0,30,,30110,39,,,0,70,,30109,39,,,0,30,,30108,39,,,0,70,,30107,39,,,0,30,,30106,39,,,0,70,,30126,39,,,0,30,,30127,39,,,0,70,,30128,39,,,0,34,,30129,39,,,0,70,,30130,39,,,0,30,,30131,39,,,0,70,,30132,39,,,0,30,,30133,39,,,0,70,,30134,39,,,0,30,,30135,39,,,0
578400,'1',522,,31499,2,,,0,30,,31500,2,,,0,70,,31501,2,,,0,30,,31502,2,,,0,70,,31503,2,,,0,15,,31504,2,,,0,20,,31505,2,,,0,60,,31506,2,,,0,20,,31507,2,,,0,20,,31508,2,,,0,59,,31509,2,,,0,20,,31510,2,,,0,20,,31511,2,,,0,60,,31512,2,,,0,25,,31513,2,,,0,70,,31514,2,,,0,30,,31515,2,,,0,70,,31516,2,,,0,30,,31517,2,,,0,70,,31518,2,,,0,30,,31519,2,,,0,65,,31520,2,,,0,30,,31521,2,,,0,71,,31522,2,,,0,20,,31523,2,,,0,20,,31524,2,,,0,60,,31525,2,,,0,20,,31526,2,,,0,20,,31527,2,,,0,60,,31528,2,,,0,20,,31529,2,,,0,20,,31530,2,,,0,60,,31531,2,,,0,94,,31532,2,,,0,100,,31533,2,,,0,100,,31534,2,,,0,100,,31535,2,,,0,100,,31536,2,,,0,100,,31537,2,,,0,100,,31538,2,,,0
578400,'2',501,,31539,2,,,0,30,,31570,2,,,0,70,,31540,2,,,0,30,,31571,2,,,0,70,,31541,2,,,0,30,,31572,2,,,0,70,,31542,2,,,0,30,,31543,2,,,0,70,,31544,2,,,0,30,,31545,2,,,0,70,,31546,2,,,0,30,,31547,2,,,0,70,,31548,2,,,0,30,,31549,2,,,0,70,,31550,2,,,0,30,,31551,2,,,0,70,,31552,2,,,0,30,,31553,2,,,0,70,,31554,2,,,0,30,,31555,2,,,0,70,,31556,2,,,0,30,,31557,2,,,0,70,,31558,2,,,0,30,,31559,2,,,0,70,,31560,2,,,0,30,,31561,2,,,0,70,,31562,2,,,0,100,,31563,2,,,0,100,,31564,2,,,0,100,,31565,2,,,0,100,,31566,2,,,0,100,,31567,2,,,0,100,,31568,2,,,0,100,,31569,2,,,0
578400,'3',601,,31573,2,,,0,30,,31597,2,,,0,70,,31596,2,,,0,30,,31598,2,,,0,70,,31595,2,,,0,30,,31599,2,,,0,70,,31594,2,,,0,30,,31600,2,,,0,70,,31593,2,,,0,30,,31580,2,,,0,70,,31592,2,,,0,30,,31579,2,,,0,70,,31591,2,,,0,30,,31578,2,,,0,70,,31590,2,,,0,30,,31577,2,,,0,70,,31589,2,,,0,30,,31576,2,,,0,70,,31588,2,,,0,30,,31575,2,,,0,70,,31587,2,,,0,30,,31574,2,,,0,70,,31586,2,,,0,100,,31585,2,,,0,100,,31584,2,,,0,100,,31583,2,,,0,100,,31582,2,,,0,100,,31581,2,,,0,100,,31601,2,,,0,100,,31602,2,,,0
578400,'4',601,,31603,2,,,0,100,,31604,2,,,0,100,,31605,2,,,0,100,,31606,2,,,0,100,,31607,2,,,0,100,,31608,2,,,0,100,,31609,2,,,0,100,,31610,2,,,0,100,,31611,2,,,0,100,,31612,2,,,0,100,,31613,2,,,0,100,,31614,2,,,0,100,,31615,2,,,0,100,,31616,2,,,0,100,,31617,2,,,0,100,,31618,2,,,0
578400,'6',601,,31619,2,,,0,30,,31643,2,,,0,70,,31642,2,,,0,30,,31644,2,,,0,70,,31641,2,,,0,30,,31645,2,,,0,70,,31640,2,,,0,30,,31646,2,,,0,70,,31639,2,,,0,30,,31626,2,,,0,70,,31638,2,,,0,30,,31625,2,,,0,70,,31637,2,,,0,30,,31624,2,,,0,70,,31636,2,,,0,30,,31623,2,,,0,70,,31635,2,,,0,30,,31622,2,,,0,70,,31634,2,,,0,30,,31621,2,,,0,70,,31633,2,,,0,30,,31620,2,,,0,70,,31632,2,,,0,100,,31631,2,,,0,100,,31630,2,,,0,100,,31629,2,,,0,100,,31628,2,,,0,100,,31627,2,,,0,100,,31647,2,,,0,100,,31648,2,,,0
579300,'1',522,,33626,12,,,0,20,,33603,12,,,0,15,,33616,12,,,0,55,,33617,12,,,0,15,,33604,12,,,0,15,,33554,12,,,0,15,,33618,12,,,0,56,,33555,12,,,0,15,,33619,12,,,0,15,,33556,12,,,0,15,,33557,12,,,0,55,,33559,12,,,0,15,,33558,12,,,0,10,,33581,12,,,0,10,,33553,12,,,0,10,,33552,12,,,0,50,,33582,12,,,0,10,,33551,12,,,0,10,,33550,12,,,0,10,,33583,12,,,0,10,,33549,12,,,0,10,,33548,12,,,0,50,,33584,12,,,0,10,,33580,12,,,0,10,,33547,12,,,0,10,,33585,12,,,0,20,,33605,12,,,0,60,,33606,12,,,0,20,,33607,12,,,0,20,,33608,12,,,0,60,,33609,12,,,0,20,,33610,12,,,0,20,,33611,12,,,0,60,,33612,12,,,0,20,,33613,12,,,0,20,,33614,12,,,0,60,,33615,12,,,0,20,,33544,12,,,0,20,,33586,12,,,0,60,,33579,12,,,0,10,,33578,12,,,0,10,,33587,12,,,0,10,,33577,12,,,0,10,,33576,12,,,0,50,,33588,12,,,0,10,,33575,12,,,0,10,,33574,12,,,0,10,,33589,12,,,0,10,,33573,12,,,0,10,,33572,12,,,0,50,,33590,12,,,0,10,,33571,12,,,0,10,,33570,12,,,0,10,,33591,12,,,0,10,,33569,12,,,0,10,,33568,12,,,0,50,,33592,12,,,0,10,,33567,12,,,0,10,,33566,12,,,0,9,,33593,12,,,0,10,,33565,12,,,0,10,,33564,12,,,0,50,,33594,12,,,0,10,,33563,12,,,0,15,,33602,12,,,0,15,,33562,12,,,0,60,,33561,12,,,0,20,,33560,12,,,0,20,,33620,12,,,0,60,,33546,12,,,0,20,,33621,12,,,0,20,,33545,12,,,0,60,,33595,12,,,0,20,,33622,12,,,0,20,,33596,12,,,0,60,,33597,12,,,0,20,,33623,12,,,0,20,,33598,12,,,0,60,,33599,12,,,0,20,,33624,12,,,0,20,,33600,12,,,0,60,,33625,12,,,0,13,,33601,12,,,0
579300,'2',531,,33687,12,,,0,20,,33627,12,,,0,60,,33688,12,,,0,20,,33628,12,,,0,20,,33689,12,,,0,60,,33629,12,,,0,20,,33630,12,,,0,20,,33690,12,,,0,61,,33631,12,,,0,20,,33632,12,,,0,20,,33633,12,,,0,55,,33634,12,,,0,15,,33635,12,,,0,15,,33636,12,,,0,15,,33637,12,,,0,55,,33638,12,,,0,15,,33639,12,,,0,15,,33640,12,,,0,15,,33641,12,,,0,55,,33642,12,,,0,15,,33643,12,,,0,15,,33644,12,,,0,15,,33645,12,,,0,55,,33646,12,,,0,15,,33647,12,,,0,15,,33648,12,,,0,15,,33649,12,,,0,55,,33650,12,,,0,15,,33651,12,,,0,15,,33652,12,,,0,15,,33653,12,,,0,55,,33654,12,,,0,15,,33655,12,,,0,15,,33656,12,,,0,15,,33657,12,,,0,55,,33658,12,,,0,15,,33659,12,,,0,15,,33660,12,,,0,15,,33661,12,,,0,55,,33662,12,,,0,15,,33663,12,,,0,15,,33664,12,,,0,15,,33665,12,,,0,55,,33666,12,,,0,15,,33667,12,,,0,15,,33668,12,,,0,15,,33669,12,,,0,55,,33670,12,,,0,15,,33671,12,,,0,15,,33672,12,,,0,15,,33673,12,,,0,55,,33674,12,,,0,19,,33691,12,,,0,20,,33675,12,,,0,60,,33676,12,,,0,20,,33692,12,,,0,20,,33677,12,,,0,60,,33678,12,,,0,20,,33693,12,,,0,20,,33679,12,,,0,60,,33680,12,,,0,20,,33694,12,,,0,20,,33681,12,,,0,60,,33682,12,,,0,20,,33695,12,,,0,20,,33683,12,,,0,60,,33684,12,,,0,20,,33696,12,,,0,20,,33685,12,,,0,60,,33686,12,,,0,20,,33697,12,,,0
579300,'3',542,,33744,12,,,0,70,,33728,12,,,0,30,,33729,12,,,0,70,,33730,12,,,0,30,,33731,12,,,0,70,,33732,12,,,0,30,,33733,12,,,0,71,,33734,12,,,0,30,,33735,12,,,0,70,,33736,12,,,0,30,,33737,12,,,0,60,,33738,12,,,0,20,,33739,12,,,0,20,,33740,12,,,0,60,,33741,12,,,0,20,,33742,12,,,0,20,,33743,12,,,0,60,,33698,12,,,0,20,,33699,12,,,0,20,,33700,12,,,0,60,,33701,12,,,0,20,,33702,12,,,0,20,,33703,12,,,0,60,,33704,12,,,0,20,,33705,12,,,0,20,,33706,12,,,0,60,,33707,12,,,0,20,,33708,12,,,0,20,,33709,12,,,0,60,,33710,12,,,0,20,,33711,12,,,0,20,,33712,12,,,0,60,,33713,12,,,0,19,,33714,12,,,0,20,,33715,12,,,0,60,,33716,12,,,0,20,,33717,12,,,0,30,,33718,12,,,0,70,,33719,12,,,0,30,,33720,12,,,0,70,,33721,12,,,0,30,,33722,12,,,0,70,,33723,12,,,0,30,,33724,12,,,0,70,,33725,12,,,0,30,,33726,12,,,0,70,,33727,12,,,0
579300,'4',549,,33784,12,,,0,90,,33783,12,,,0,70,,33782,12,,,0,30,,33781,12,,,0,70,,33780,12,,,0,30,,33779,12,,,0,70,,33778,12,,,0,30,,33777,12,,,0,70,,33776,12,,,0,30,,33775,12,,,0,70,,33774,12,,,0,20,,33773,12,,,0,20,,33772,12,,,0,60,,33771,12,,,0,20,,33770,12,,,0,20,,33769,12,,,0,60,,33768,12,,,0,20,,33767,12,,,0,20,,33766,12,,,0,60,,33765,12,,,0,20,,33764,12,,,0,20,,33763,12,,,0,60,,33762,12,,,0,20,,33761,12,,,0,20,,33760,12,,,0,60,,33759,12,,,0,20,,33758,12,,,0,20,,33757,12,,,0,60,,33756,12,,,0,20,,33755,12,,,0,20,,33754,12,,,0,60,,33753,12,,,0,20,,33752,12,,,0,20,,33751,12,,,0,60,,33750,12,,,0,20,,33749,12,,,0,20,,33748,12,,,0,65,,33747,12,,,0,30,,33746,12,,,0,70,,33745,12,,,0
579300,'6',542,,33831,12,,,0,70,,33815,12,,,0,30,,33816,12,,,0,70,,33817,12,,,0,30,,33818,12,,,0,70,,33819,12,,,0,30,,33820,12,,,0,71,,33821,12,,,0,30,,33822,12,,,0,70,,33823,12,,,0,30,,33824,12,,,0,60,,33825,12,,,0,20,,33826,12,,,0,20,,33827,12,,,0,60,,33828,12,,,0,20,,33829,12,,,0,20,,33830,12,,,0,60,,33785,12,,,0,20,,33786,12,,,0,20,,33787,12,,,0,60,,33788,12,,,0,20,,33789,12,,,0,20,,33790,12,,,0,60,,33791,12,,,0,20,,33792,12,,,0,20,,33793,12,,,0,60,,33794,12,,,0,20,,33795,12,,,0,20,,33796,12,,,0,60,,33797,12,,,0,20,,33798,12,,,0,20,,33799,12,,,0,60,,33800,12,,,0,19,,33801,12,,,0,20,,33802,12,,,0,60,,33803,12,,,0,20,,33804,12,,,0,30,,33805,12,,,0,70,,33806,12,,,0,30,,33807,12,,,0,70,,33808,12,,,0,30,,33809,12,,,0,70,,33810,12,,,0,30,,33811,12,,,0,70,,33812,12,,,0,30,,33813,12,,,0,70,,33814,12,,,0
579400,'1',506,,34117,2,,,0,25,,34118,2,,,0,20,,34119,2,,,0,60,,34120,2,,,0,20,,34121,2,,,0,15,,34122,2,,,0,55,,34123,2,,,0,15,,34124,2,,,0,15,,34125,2,,,0,15,,34126,2,,,0,55,,34127,2,,,0,15,,34128,2,,,0,15,,34129,2,,,0,15,,34130,2,,,0,55,,34131,2,,,0,15,,34132,2,,,0,15,,34133,2,,,0,15,,34134,2,,,0,55,,34135,2,,,0,15,,34136,2,,,0,15,,34137,2,,,0,15,,34138,2,,,0,55,,34139,2,,,0,15,,34140,2,,,0,15,,34141,2,,,0,15,,34142,2,,,0,55,,34143,2,,,0,15,,34144,2,,,0,15,,34145,2,,,0,15,,34146,2,,,0,55,,34147,2,,,0,15,,34148,2,,,0,15,,34149,2,,,0,15,,34150,2,,,0,56,,34151,2,,,0,15,,34152,2,,,0,15,,34153,2,,,0,15,,34154,2,,,0,55,,34155,2,,,0,15,,34156,2,,,0,15,,34157,2,,,0,15,,34158,2,,,0,55,,34159,2,,,0,15,,34160,2,,,0,15,,34161,2,,,0,15,,34162,2,,,0,55,,34163,2,,,0,15,,34164,2,,,0,15,,34165,2,,,0,15,,34166,2,,,0,55,,34167,2,,,0,30,,34168,2,,,0,69,,34169,2,,,0,30,,34170,2,,,0,70,,34171,2,,,0,30,,34172,2,,,0,70,,34173,2,,,0,30,,34174,2,,,0,70,,34175,2,,,0,30,,34176,2,,,0,70,,34177,2,,,0,30,,34178,2,,,0,70,,34179,2,,,0,30,,34180,2,,,0,70,,34181,2,,,0,20,,34182,2,,,0
579400,'2',601,,34216,2,,,0,30,,34215,2,,,0,70,,34214,2,,,0,30,,34210,2,,,0,70,,34209,2,,,0,30,,34213,2,,,0,70,,34212,2,,,0,30,,34211,2,,,0,70,,34218,2,,,0,30,,34217,2,,,0,70,,34198,2,,,0,30,,34197,2,,,0,70,,34195,2,,,0,30,,34208,2,,,0,70,,34207,2,,,0,30,,34206,2,,,0,70,,34205,2,,,0,30,,34204,2,,,0,70,,34200,2,,,0,30,,34199,2,,,0,70,,34196,2,,,0,30,,34194,2,,,0,70,,34188,2,,,0,30,,34187,2,,,0,70,,34186,2,,,0,30,,34193,2,,,0,70,,34192,2,,,0,30,,34191,2,,,0,70,,34184,2,,,0,30,,34183,2,,,0,70,,34220,2,,,0,30,,34185,2,,,0,70,,34203,2,,,0,30,,34202,2,,,0,70,,34201,2,,,0,30,,34219,2,,,0,70,,34190,2,,,0,100,,34189,2,,,0
579400,'3',546,,34228,2,,,0,70,,34248,2,,,0,30,,34251,2,,,0,70,,34250,2,,,0,30,,34249,2,,,0,70,,34246,2,,,0,30,,34247,2,,,0,70,,34254,2,,,0,30,,34253,2,,,0,70,,34256,2,,,0,30,,34255,2,,,0,70,,34258,2,,,0,30,,34257,2,,,0,70,,34241,2,,,0,30,,34245,2,,,0,70,,34244,2,,,0,30,,34243,2,,,0,70,,34242,2,,,0,30,,34236,2,,,0,70,,34240,2,,,0,30,,34239,2,,,0,70,,34238,2,,,0,30,,34237,2,,,0,70,,34234,2,,,0,30,,34226,2,,,0,70,,34233,2,,,0,30,,34232,2,,,0,70,,34235,2,,,0,30,,34225,2,,,0,70,,34252,2,,,0,30,,34224,2,,,0,70,,34231,2,,,0,30,,34223,2,,,0,70,,34230,2,,,0,30,,34222,2,,,0,70,,34229,2,,,0,25,,34221,2,,,0,60,,34227,2,,,0
579400,'4',601,,34259,2,,,0,30,,34260,2,,,0,70,,34261,2,,,0,30,,34262,2,,,0,70,,34263,2,,,0,30,,34264,2,,,0,70,,34265,2,,,0,30,,34266,2,,,0,70,,34267,2,,,0,30,,34268,2,,,0,70,,34269,2,,,0,30,,34270,2,,,0,70,,34271,2,,,0,30,,34272,2,,,0,70,,34273,2,,,0,30,,34274,2,,,0,70,,34275,2,,,0,30,,34276,2,,,0,70,,34277,2,,,0,30,,34278,2,,,0,70,,34279,2,,,0,30,,34280,2,,,0,70,,34281,2,,,0,30,,34282,2,,,0,70,,34283,2,,,0,30,,34284,2,,,0,70,,34285,2,,,0,30,,34286,2,,,0,70,,34287,2,,,0,30,,34288,2,,,0,70,,34289,2,,,0
579400,'6',601,,34323,2,,,0,30,,34322,2,,,0,70,,34321,2,,,0,30,,34317,2,,,0,70,,34316,2,,,0,30,,34320,2,,,0,70,,34319,2,,,0,30,,34318,2,,,0,70,,34325,2,,,0,30,,34324,2,,,0,70,,34305,2,,,0,30,,34304,2,,,0,70,,34302,2,,,0,30,,34315,2,,,0,70,,34314,2,,,0,30,,34313,2,,,0,70,,34312,2,,,0,30,,34311,2,,,0,70,,34307,2,,,0,30,,34306,2,,,0,70,,34303,2,,,0,30,,34301,2,,,0,70,,34295,2,,,0,30,,34294,2,,,0,70,,34293,2,,,0,30,,34300,2,,,0,70,,34299,2,,,0,30,,34298,2,,,0,70,,34291,2,,,0,30,,34290,2,,,0,70,,34327,2,,,0,30,,34292,2,,,0,70,,34310,2,,,0,30,,34309,2,,,0,70,,34308,2,,,0,30,,34326,2,,,0,70,,34297,2,,,0,100,,34296,2,,,0
579500,'1',501,,34542,2,,,0,20,,34543,2,,,0,20,,34544,2,,,0,60,,34545,2,,,0,20,,34546,2,,,0,20,,34547,2,,,0,15,,34548,2,,,0,55,,34549,2,,,0,15,,34550,2,,,0,15,,34551,2,,,0,15,,34552,2,,,0,55,,34553,2,,,0,15,,34554,2,,,0,15,,34555,2,,,0,15,,34556,2,,,0,55,,34557,2,,,0,15,,34558,2,,,0,20,,34559,2,,,0,63,,34560,2,,,0,17,,34561,2,,,0,20,,34562,2,,,0,60,,34563,2,,,0,20,,34564,2,,,0,20,,34565,2,,,0,60,,34566,2,,,0,20,,34567,2,,,0,20,,34568,2,,,0,60,,34569,2,,,0,20,,34570,2,,,0,20,,34571,2,,,0,60,,34572,2,,,0,20,,34573,2,,,0,20,,34574,2,,,0,55,,34575,2,,,0,15,,34576,2,,,0,15,,34577,2,,,0,15,,34578,2,,,0,55,,34579,2,,,0,15,,34580,2,,,0,15,,34581,2,,,0,15,,34582,2,,,0,55,,34583,2,,,0,15,,34584,2,,,0,15,,34585,2,,,0,15,,34586,2,,,0,55,,34587,2,,,0,30,,34588,2,,,0,70,,34589,2,,,0,30,,34590,2,,,0,70,,34591,2,,,0,30,,34592,2,,,0,70,,34593,2,,,0,30,,34594,2,,,0,70,,34595,2,,,0,30,,34596,2,,,0,70,,34597,2,,,0,30,,34598,2,,,0,70,,34599,2,,,0,30,,34600,2,,,0,90,,34601,2,,,0
579500,'2',551,,34622,2,,,0,70,,34631,2,,,0,30,,34633,2,,,0,70,,34637,2,,,0,30,,34614,2,,,0,70,,34638,2,,,0,30,,34613,2,,,0,70,,34628,2,,,0,30,,34626,2,,,0,70,,34629,2,,,0,30,,34603,2,,,0,70,,34640,2,,,0,30,,34609,2,,,0,70,,34623,2,,,0,30,,34632,2,,,0,70,,34607,2,,,0,30,,34604,2,,,0,70,,34606,2,,,0,30,,34602,2,,,0,70,,34608,2,,,0,30,,34615,2,,,0,70,,34605,2,,,0,30,,34612,2,,,0,70,,34610,2,,,0,30,,34611,2,,,0,70,,34616,2,,,0,30,,34636,2,,,0,69,,34627,2,,,0,30,,34617,2,,,0,70,,34619,2,,,0,30,,34634,2,,,0,70,,34630,2,,,0,30,,34618,2,,,0,70,,34620,2,,,0,30,,34621,2,,,0,70,,34635,2,,,0,30,,34639,2,,,0,80,,34625,2,,,0,90,,34624,2,,,0
579500,'3',600,,34653,2,,,0,30,,34645,2,,,0,70,,34652,2,,,0,30,,34644,2,,,0,70,,34654,2,,,0,30,,34643,2,,,0,71,,34646,2,,,0,30,,34647,2,,,0,70,,34648,2,,,0,30,,34649,2,,,0,70,,34650,2,,,0,30,,34655,2,,,0,70,,34657,2,,,0,30,,34669,2,,,0,70,,34656,2,,,0,30,,34658,2,,,0,70,,34661,2,,,0,30,,34660,2,,,0,70,,34659,2,,,0,30,,34662,2,,,0,70,,34663,2,,,0,30,,34664,2,,,0,70,,34666,2,,,0,30,,34668,2,,,0,70,,34667,2,,,0,30,,34665,2,,,0,69,,34642,2,,,0,30,,34651,2,,,0,70,,34641,2,,,0,30,,34670,2,,,0,70,,34671,2,,,0,30,,34672,2,,,0,70,,34673,2,,,0,30,,34674,2,,,0,70,,34675,2,,,0,30,,34676,2,,,0,70,,34677,2,,,0
579500,'4',630,,34703,2,,,0,70,,34700,2,,,0,30,,34699,2,,,0,70,,34698,2,,,0,30,,34697,2,,,0,70,,34696,2,,,0,30,,34695,2,,,0,70,,34694,2,,,0,30,,34693,2,,,0,70,,34692,2,,,0,30,,34691,2,,,0,70,,34690,2,,,0,30,,34689,2,,,0,70,,34688,2,,,0,30,,34687,2,,,0,70,,34686,2,,,0,30,,34685,2,,,0,70,,34684,2,,,0,45,,34680,2,,,0,85,,34679,2,,,0,85,,34701,2,,,0,85,,34678,2,,,0,45,,34683,2,,,0,85,,34682,2,,,0,85,,34702,2,,,0,85,,34681,2,,,0
579500,'6',600,,34716,2,,,0,30,,34708,2,,,0,70,,34715,2,,,0,30,,34707,2,,,0,70,,34717,2,,,0,30,,34706,2,,,0,71,,34709,2,,,0,30,,34710,2,,,0,70,,34711,2,,,0,30,,34712,2,,,0,70,,34713,2,,,0,30,,34718,2,,,0,70,,34720,2,,,0,30,,34732,2,,,0,70,,34719,2,,,0,30,,34721,2,,,0,70,,34724,2,,,0,30,,34723,2,,,0,70,,34722,2,,,0,30,,34725,2,,,0,70,,34726,2,,,0,30,,34727,2,,,0,70,,34729,2,,,0,30,,34731,2,,,0,70,,34730,2,,,0,30,,34728,2,,,0,69,,34705,2,,,0,30,,34714,2,,,0,70,,34704,2,,,0,30,,34733,2,,,0,70,,34734,2,,,0,30,,34735,2,,,0,70,,34736,2,,,0,30,,34737,2,,,0,70,,34738,2,,,0,30,,34739,2,,,0,70,,34740,2,,,0
579600,'1601',1531,,34938,2,,,0
579600,'1',531,,34939,2,,,0,20,,34940,2,,,0,57,,34941,2,,,0,15,,34942,2,,,0,15,,34943,2,,,0,15,,34944,2,,,0,55,,34945,2,,,0,15,,34946,2,,,0,15,,34947,2,,,0,15,,34948,2,,,0,55,,34949,2,,,0,15,,34950,2,,,0,15,,34951,2,,,0,15,,34952,2,,,0,58,,34953,2,,,0,20,,34954,2,,,0,20,,34955,2,,,0,60,,34956,2,,,0,20,,34957,2,,,0,20,,34958,2,,,0,60,,34959,2,,,0,20,,34960,2,,,0,20,,34961,2,,,0,60,,34962,2,,,0,20,,34963,2,,,0,20,,34964,2,,,0,60,,34965,2,,,0,20,,34966,2,,,0,20,,34967,2,,,0,55,,34968,2,,,0,15,,34969,2,,,0,15,,34970,2,,,0,15,,34971,2,,,0,55,,34972,2,,,0,15,,34973,2,,,0,15,,34974,2,,,0,15,,34975,2,,,0,55,,34976,2,,,0,15,,34977,2,,,0,15,,34978,2,,,0,15,,34979,2,,,0,55,,34980,2,,,0,15,,34981,2,,,0,15,,34982,2,,,0,20,,34983,2,,,0,65,,34984,2,,,0,25,,34985,2,,,0,70,,34986,2,,,0,30,,34987,2,,,0,70,,34988,2,,,0,30,,34989,2,,,0,70,,34990,2,,,0,30,,34991,2,,,0,70,,34992,2,,,0,30,,34993,2,,,0,70,,34994,2,,,0,30,,34995,2,,,0,70,,34996,2,,,0,35,,34997,2,,,0,70,,34998,2,,,0
579600,'2',540,,35010,2,,,0,70,,35011,2,,,0,30,,35012,2,,,0,70,,35013,2,,,0,30,,35014,2,,,0,70,,35015,2,,,0,31,,35016,2,,,0,60,,35017,2,,,0,20,,35018,2,,,0,20,,35019,2,,,0,60,,35020,2,,,0,20,,35021,2,,,0,20,,35022,2,,,0,60,,35023,2,,,0,20,,35024,2,,,0,20,,35025,2,,,0,60,,35026,2,,,0,20,,35027,2,,,0,20,,35028,2,,,0,60,,35029,2,,,0,20,,35030,2,,,0,20,,35031,2,,,0,60,,35032,2,,,0,20,,35033,2,,,0,20,,35034,2,,,0,60,,35035,2,,,0,20,,35036,2,,,0,20,,35037,2,,,0,60,,35038,2,,,0,20,,35039,2,,,0,20,,35040,2,,,0,60,,35041,2,,,0,20,,35042,2,,,0,25,,35043,2,,,0,70,,35044,2,,,0,30,,35045,2,,,0,70,,35046,2,,,0,30,,35047,2,,,0,70,,34999,2,,,0,30,,35000,2,,,0,70,,35001,2,,,0,30,,35002,2,,,0,70,,35003,2,,,0,30,,35004,2,,,0,70,,35005,2,,,0,30,,35006,2,,,0,70,,35007,2,,,0,30,,35008,2,,,0,75,,35009,2,,,0
579600,'3',640,,35071,2,,,0,70,,35072,2,,,0,30,,35070,2,,,0,70,,35073,2,,,0,30,,35069,2,,,0,71,,35068,2,,,0,30,,35067,2,,,0,70,,35066,2,,,0,30,,35065,2,,,0,70,,35064,2,,,0,30,,35063,2,,,0,70,,35062,2,,,0,30,,35061,2,,,0,70,,35060,2,,,0,30,,35059,2,,,0,70,,35058,2,,,0,30,,35057,2,,,0,70,,35056,2,,,0,30,,35055,2,,,0,70,,35054,2,,,0,30,,35053,2,,,0,70,,35052,2,,,0,30,,35051,2,,,0,70,,35074,2,,,0,30,,35050,2,,,0,70,,35075,2,,,0,30,,35049,2,,,0,70,,35076,2,,,0,30,,35048,2,,,0,70,,35077,2,,,0,30,,35078,2,,,0,70,,35079,2,,,0,30,,35080,2,,,0,70,,35081,2,,,0,30,,35082,2,,,0,60,,35083,2,,,0
579600,'4',700,,35106,2,,,0,30,,35084,2,,,0,70,,35085,2,,,0,30,,35086,2,,,0,71,,35087,2,,,0,30,,35088,2,,,0,70,,35089,2,,,0,30,,35090,2,,,0,70,,35091,2,,,0,30,,35092,2,,,0,70,,35093,2,,,0,30,,35094,2,,,0,70,,35095,2,,,0,30,,35096,2,,,0,70,,35097,2,,,0,30,,35098,2,,,0,70,,35099,2,,,0,100,,35100,2,,,0,100,,35101,2,,,0,99,,35102,2,,,0,100,,35103,2,,,0,100,,35104,2,,,0,100,,35105,2,,,0
579600,'6',640,,35130,2,,,0,70,,35131,2,,,0,30,,35129,2,,,0,70,,35132,2,,,0,30,,35128,2,,,0,71,,35127,2,,,0,30,,35126,2,,,0,70,,35125,2,,,0,30,,35124,2,,,0,70,,35123,2,,,0,30,,35122,2,,,0,70,,35121,2,,,0,30,,35120,2,,,0,70,,35119,2,,,0,30,,35118,2,,,0,70,,35117,2,,,0,30,,35116,2,,,0,70,,35115,2,,,0,30,,35114,2,,,0,70,,35113,2,,,0,30,,35112,2,,,0,70,,35111,2,,,0,30,,35110,2,,,0,70,,35133,2,,,0,30,,35109,2,,,0,70,,35134,2,,,0,30,,35108,2,,,0,70,,35135,2,,,0,30,,35107,2,,,0,70,,35136,2,,,0,30,,35137,2,,,0,70,,35138,2,,,0,30,,35139,2,,,0,70,,35140,2,,,0,30,,35141,2,,,0,60,,35142,2,,,0
579700,'1601',1559,,35351,2,,,0
579700,'1',521,,35352,2,,,0,20,,35353,2,,,0,60,,35354,2,,,0,20,,35355,2,,,0,20,,35356,2,,,0,60,,35357,2,,,0,15,,35358,2,,,0,15,,35359,2,,,0,15,,35360,2,,,0,55,,35361,2,,,0,15,,35362,2,,,0,15,,35363,2,,,0,15,,35364,2,,,0,55,,35365,2,,,0,20,,35366,2,,,0,20,,35367,2,,,0,60,,35368,2,,,0,20,,35369,2,,,0,20,,35370,2,,,0,60,,35371,2,,,0,20,,35372,2,,,0,20,,35373,2,,,0,60,,35374,2,,,0,20,,35375,2,,,0,20,,35376,2,,,0,60,,35377,2,,,0,20,,35378,2,,,0,20,,35379,2,,,0,60,,35380,2,,,0,15,,35381,2,,,0,15,,35382,2,,,0,15,,35383,2,,,0,55,,35384,2,,,0,15,,35385,2,,,0,15,,35386,2,,,0,15,,35387,2,,,0,55,,35388,2,,,0,15,,35389,2,,,0,15,,35390,2,,,0,15,,35391,2,,,0,55,,35392,2,,,0,15,,35393,2,,,0,15,,35394,2,,,0,15,,35395,2,,,0,55,,35396,2,,,0,30,,35397,2,,,0,70,,35398,2,,,0,30,,35399,2,,,0,70,,35400,2,,,0,30,,35401,2,,,0,70,,35402,2,,,0,30,,35403,2,,,0,70,,35404,2,,,0,30,,35405,2,,,0,70,,35406,2,,,0,30,,35407,2,,,0,70,,35408,2,,,0,30,,35409,2,,,0,70,,35410,2,,,0
579700,'2',555,,35416,2,,,0,70,,35417,2,,,0,30,,35418,2,,,0,70,,35419,2,,,0,30,,35420,2,,,0,70,,35421,2,,,0,26,,35422,2,,,0,60,,35423,2,,,0,20,,35424,2,,,0,20,,35425,2,,,0,60,,35426,2,,,0,20,,35427,2,,,0,20,,35428,2,,,0,60,,35429,2,,,0,20,,35430,2,,,0,20,,35431,2,,,0,60,,35432,2,,,0,20,,35433,2,,,0,20,,35434,2,,,0,60,,35435,2,,,0,20,,35436,2,,,0,20,,35437,2,,,0,60,,35438,2,,,0,20,,35439,2,,,0,20,,35440,2,,,0,60,,35441,2,,,0,20,,35442,2,,,0,20,,35443,2,,,0,60,,35444,2,,,0,20,,35445,2,,,0,20,,35446,2,,,0,60,,35447,2,,,0,20,,35448,2,,,0,70,,35449,2,,,0,30,,35450,2,,,0,70,,35451,2,,,0,30,,35452,2,,,0,70,,35453,2,,,0,30,,35454,2,,,0,70,,35455,2,,,0,30,,35456,2,,,0,70,,35457,2,,,0,30,,35458,2,,,0,70,,35411,2,,,0,30,,35412,2,,,0,70,,35413,2,,,0,30,,35414,2,,,0,70,,35415,2,,,0
579700,'3',620,,35464,2,,,0,30,,35463,2,,,0,70,,35465,2,,,0,30,,35462,2,,,0,70,,35466,2,,,0,30,,35461,2,,,0,71,,35467,2,,,0,30,,35468,2,,,0,70,,35469,2,,,0,30,,35470,2,,,0,70,,35471,2,,,0,30,,35472,2,,,0,70,,35473,2,,,0,30,,35474,2,,,0,70,,35475,2,,,0,30,,35476,2,,,0,70,,35477,2,,,0,30,,35478,2,,,0,70,,35479,2,,,0,30,,35480,2,,,0,70,,35481,2,,,0,30,,35482,2,,,0,70,,35483,2,,,0,30,,35484,2,,,0,70,,35485,2,,,0,30,,35460,2,,,0,70,,35486,2,,,0,30,,35459,2,,,0,70,,35487,2,,,0,30,,35488,2,,,0,70,,35489,2,,,0,30,,35490,2,,,0,70,,35491,2,,,0,30,,35492,2,,,0,80,,35493,2,,,0
579700,'4',630,,35494,2,,,0,85,,35495,2,,,0,30,,35496,2,,,0,70,,35497,2,,,0,30,,35498,2,,,0,71,,35499,2,,,0,30,,35500,2,,,0,70,,35501,2,,,0,30,,35502,2,,,0,70,,35503,2,,,0,30,,35504,2,,,0,70,,35505,2,,,0,30,,35506,2,,,0,70,,35507,2,,,0,30,,35508,2,,,0,70,,35509,2,,,0,30,,35510,2,,,0,85,,35511,2,,,0,100,,35512,2,,,0,99,,35513,2,,,0,100,,35514,2,,,0,100,,35515,2,,,0,100,,35516,2,,,0
579700,'6',620,,35522,2,,,0,30,,35521,2,,,0,70,,35523,2,,,0,30,,35520,2,,,0,70,,35524,2,,,0,30,,35519,2,,,0,71,,35525,2,,,0,30,,35526,2,,,0,70,,35527,2,,,0,30,,35528,2,,,0,70,,35529,2,,,0,30,,35530,2,,,0,70,,35531,2,,,0,30,,35532,2,,,0,70,,35533,2,,,0,30,,35534,2,,,0,70,,35535,2,,,0,30,,35536,2,,,0,70,,35537,2,,,0,30,,35538,2,,,0,70,,35539,2,,,0,30,,35540,2,,,0,70,,35541,2,,,0,30,,35542,2,,,0,70,,35543,2,,,0,30,,35518,2,,,0,70,,35544,2,,,0,30,,35517,2,,,0,70,,35545,2,,,0,30,,35546,2,,,0,70,,35547,2,,,0,30,,35548,2,,,0,70,,35549,2,,,0,30,,35550,2,,,0,80,,35551,2,,,0
579800,'1',521,,35757,2,,,0,20,,35758,2,,,0,60,,35759,2,,,0,21,,35760,2,,,0,12,,35761,2,,,0,12,,35762,2,,,0,12,,35763,2,,,0,52,,35764,2,,,0,12,,35765,2,,,0,12,,35766,2,,,0,12,,35767,2,,,0,12,,35768,2,,,0,52,,35769,2,,,0,12,,35770,2,,,0,12,,35771,2,,,0,12,,35772,2,,,0,55,,35773,2,,,0,15,,35774,2,,,0,15,,35775,2,,,0,15,,35776,2,,,0,55,,35777,2,,,0,15,,35778,2,,,0,15,,35779,2,,,0,15,,35780,2,,,0,55,,35781,2,,,0,15,,35782,2,,,0,15,,35783,2,,,0,15,,35784,2,,,0,55,,35785,2,,,0,15,,35786,2,,,0,15,,35787,2,,,0,15,,35788,2,,,0,55,,35789,2,,,0,15,,35790,2,,,0,15,,35791,2,,,0,15,,35792,2,,,0,55,,35793,2,,,0,15,,35794,2,,,0,12,,35795,2,,,0,12,,35796,2,,,0,12,,35797,2,,,0,52,,35798,2,,,0,12,,35799,2,,,0,12,,35800,2,,,0,12,,35801,2,,,0,12,,35802,2,,,0,52,,35803,2,,,0,12,,35804,2,,,0,12,,35805,2,,,0,12,,35806,2,,,0,12,,35807,2,,,0,52,,35808,2,,,0,12,,35809,2,,,0,12,,35810,2,,,0,12,,35811,2,,,0,12,,35812,2,,,0,52,,35813,2,,,0,12,,35814,2,,,0,15,,35815,2,,,0,15,,35816,2,,,0,55,,35817,2,,,0,15,,35818,2,,,0,15,,35819,2,,,0,15,,35820,2,,,0,55,,35821,2,,,0,20,,35822,2,,,0,20,,35823,2,,,0,60,,35824,2,,,0,30,,35825,2,,,0,70,,35826,2,,,0,30,,35827,2,,,0,70,,35828,2,,,0,30,,35829,2,,,0,70,,35830,2,,,0,30,,35831,2,,,0,90,,35832,2,,,0
579800,'2',536,,35842,2,,,0,70,,35843,2,,,0,30,,35844,2,,,0,70,,35845,2,,,0,30,,35846,2,,,0,70,,35847,2,,,0,25,,35848,2,,,0,20,,35849,2,,,0,60,,35850,2,,,0,20,,35851,2,,,0,20,,35852,2,,,0,60,,35853,2,,,0,20,,35854,2,,,0,20,,35855,2,,,0,60,,35856,2,,,0,20,,35857,2,,,0,20,,35858,2,,,0,60,,35859,2,,,0,20,,35860,2,,,0,20,,35861,2,,,0,60,,35862,2,,,0,20,,35863,2,,,0,20,,35864,2,,,0,60,,35865,2,,,0,20,,35866,2,,,0,20,,35867,2,,,0,60,,35868,2,,,0,20,,35869,2,,,0,20,,35870,2,,,0,60,,35871,2,,,0,20,,35872,2,,,0,20,,35873,2,,,0,60,,35874,2,,,0,20,,35875,2,,,0,70,,35876,2,,,0,30,,35877,2,,,0,70,,35878,2,,,0,30,,35879,2,,,0,70,,35833,2,,,0,30,,35834,2,,,0,70,,35835,2,,,0,30,,35836,2,,,0,70,,35837,2,,,0,30,,35838,2,,,0,70,,35839,2,,,0,30,,35840,2,,,0,70,,35880,2,,,0,30,,35841,2,,,0
579800,'3',601,,35914,2,,,0,30,,35881,2,,,0,70,,35882,2,,,0,30,,35883,2,,,0,70,,35884,2,,,0,30,,35885,2,,,0,70,,35886,2,,,0,30,,35887,2,,,0,70,,35888,2,,,0,30,,35889,2,,,0,70,,35890,2,,,0,30,,35891,2,,,0,70,,35892,2,,,0,30,,35893,2,,,0,70,,35894,2,,,0,30,,35895,2,,,0,70,,35896,2,,,0,30,,35897,2,,,0,70,,35898,2,,,0,30,,35899,2,,,0,70,,35900,2,,,0,30,,35901,2,,,0,70,,35902,2,,,0,30,,35903,2,,,0,70,,35904,2,,,0,30,,35911,2,,,0,70,,35905,2,,,0,30,,35912,2,,,0,70,,35906,2,,,0,30,,35913,2,,,0,70,,35907,2,,,0,30,,35915,2,,,0,70,,35908,2,,,0,30,,35916,2,,,0,70,,35909,2,,,0,30,,35917,2,,,0,70,,35910,2,,,0
579800,'4',531,,35918,2,,,0,70,,35919,2,,,0,30,,35920,2,,,0,70,,35921,2,,,0,30,,35922,2,,,0,70,,35923,2,,,0,30,,35924,2,,,0,70,,35925,2,,,0,30,,35926,2,,,0,70,,35927,2,,,0,30,,35928,2,,,0,70,,35929,2,,,0,30,,35930,2,,,0,70,,35931,2,,,0,30,,35932,2,,,0,70,,35933,2,,,0,30,,35934,2,,,0,70,,35935,2,,,0,100,,35936,2,,,0,100,,35937,2,,,0,100,,35938,2,,,0,100,,35939,2,,,0,100,,35940,2,,,0,100,,35941,2,,,0,100,,35942,2,,,0
579800,'6',536,,35952,2,,,0,70,,35953,2,,,0,30,,35954,2,,,0,70,,35955,2,,,0,30,,35956,2,,,0,70,,35957,2,,,0,25,,35958,2,,,0,20,,35959,2,,,0,60,,35960,2,,,0,20,,35961,2,,,0,20,,35962,2,,,0,60,,35963,2,,,0,20,,35964,2,,,0,20,,35965,2,,,0,60,,35966,2,,,0,20,,35967,2,,,0,20,,35968,2,,,0,60,,35969,2,,,0,20,,35970,2,,,0,20,,35971,2,,,0,60,,35972,2,,,0,20,,35973,2,,,0,20,,35974,2,,,0,60,,35975,2,,,0,20,,35976,2,,,0,20,,35977,2,,,0,60,,35978,2,,,0,20,,35979,2,,,0,20,,35980,2,,,0,60,,35981,2,,,0,20,,35982,2,,,0,20,,35983,2,,,0,60,,35984,2,,,0,20,,35985,2,,,0,70,,35986,2,,,0,30,,35987,2,,,0,70,,35988,2,,,0,30,,35989,2,,,0,70,,35943,2,,,0,30,,35944,2,,,0,70,,35945,2,,,0,30,,35946,2,,,0,70,,35947,2,,,0,30,,35948,2,,,0,70,,35949,2,,,0,30,,35950,2,,,0,70,,35990,2,,,0,30,,35951,2,,,0
579900,'1',531,,36223,2,,,0,25,,36224,2,,,0,60,,36225,2,,,0,12,,36226,2,,,0,12,,36227,2,,,0,12,,36228,2,,,0,52,,36229,2,,,0,12,,36230,2,,,0,12,,36231,2,,,0,12,,36232,2,,,0,12,,36233,2,,,0,52,,36234,2,,,0,12,,36235,2,,,0,12,,36236,2,,,0,12,,36237,2,,,0,12,,36238,2,,,0,54,,36239,2,,,0,15,,36240,2,,,0,15,,36241,2,,,0,15,,36242,2,,,0,55,,36243,2,,,0,15,,36244,2,,,0,15,,36245,2,,,0,15,,36246,2,,,0,55,,36247,2,,,0,15,,36248,2,,,0,15,,36249,2,,,0,15,,36250,2,,,0,55,,36251,2,,,0,15,,36252,2,,,0,15,,36253,2,,,0,15,,36254,2,,,0,55,,36255,2,,,0,15,,36256,2,,,0,15,,36257,2,,,0,15,,36258,2,,,0,55,,36259,2,,,0,15,,36260,2,,,0,13,,36261,2,,,0,12,,36262,2,,,0,12,,36263,2,,,0,52,,36264,2,,,0,12,,36265,2,,,0,12,,36266,2,,,0,12,,36267,2,,,0,12,,36268,2,,,0,52,,36269,2,,,0,12,,36270,2,,,0,12,,36271,2,,,0,12,,36272,2,,,0,12,,36273,2,,,0,52,,36274,2,,,0,12,,36275,2,,,0,12,,36276,2,,,0,12,,36277,2,,,0,12,,36278,2,,,0,52,,36279,2,,,0,14,,36280,2,,,0,14,,36281,2,,,0,15,,36282,2,,,0,55,,36283,2,,,0,15,,36284,2,,,0,15,,36285,2,,,0,15,,36286,2,,,0,58,,36287,2,,,0,20,,36288,2,,,0,20,,36289,2,,,0,60,,36290,2,,,0,20,,36291,2,,,0,20,,36292,2,,,0,60,,36293,2,,,0,30,,36294,2,,,0,70,,36295,2,,,0,30,,36298,2,,,0,70,,36296,2,,,0,90,,36297,2,,,0
579900,'2',551,,36313,2,,,0,70,,36314,2,,,0,30,,36315,2,,,0,70,,36316,2,,,0,30,,36317,2,,,0,65,,36318,2,,,0,30,,36319,2,,,0,65,,36320,2,,,0,25,,36321,2,,,0,20,,36322,2,,,0,60,,36323,2,,,0,20,,36324,2,,,0,20,,36325,2,,,0,60,,36326,2,,,0,20,,36327,2,,,0,20,,36328,2,,,0,60,,36329,2,,,0,20,,36330,2,,,0,20,,36331,2,,,0,60,,36332,2,,,0,20,,36333,2,,,0,20,,36334,2,,,0,60,,36335,2,,,0,20,,36336,2,,,0,20,,36337,2,,,0,60,,36338,2,,,0,20,,36339,2,,,0,20,,36340,2,,,0,60,,36341,2,,,0,20,,36342,2,,,0,20,,36343,2,,,0,60,,36344,2,,,0,20,,36345,2,,,0,20,,36299,2,,,0,60,,36300,2,,,0,30,,36301,2,,,0,70,,36302,2,,,0,30,,36303,2,,,0,70,,36304,2,,,0,30,,36305,2,,,0,70,,36306,2,,,0,30,,36307,2,,,0,70,,36308,2,,,0,30,,36309,2,,,0,65,,36310,2,,,0,90,,36311,2,,,0,100,,36312,2,,,0
579900,'3',616,,36378,2,,,0,30,,36346,2,,,0,70,,36347,2,,,0,30,,36348,2,,,0,70,,36349,2,,,0,30,,36350,2,,,0,70,,36351,2,,,0,30,,36352,2,,,0,70,,36353,2,,,0,30,,36354,2,,,0,70,,36355,2,,,0,30,,36356,2,,,0,70,,36357,2,,,0,30,,36358,2,,,0,70,,36359,2,,,0,30,,36360,2,,,0,70,,36361,2,,,0,30,,36362,2,,,0,70,,36363,2,,,0,30,,36364,2,,,0,70,,36365,2,,,0,30,,36366,2,,,0,70,,36367,2,,,0,30,,36368,2,,,0,70,,36372,2,,,0,30,,36373,2,,,0,70,,36374,2,,,0,30,,36375,2,,,0,70,,36376,2,,,0,30,,36377,2,,,0,70,,36369,2,,,0,30,,36379,2,,,0,70,,36370,2,,,0,30,,36380,2,,,0,70,,36371,2,,,0,30,,36381,2,,,0
579900,'4',616,,36382,2,,,0,30,,36383,2,,,0,70,,36384,2,,,0,30,,36385,2,,,0,70,,36386,2,,,0,30,,36387,2,,,0,70,,36388,2,,,0,30,,36389,2,,,0,70,,36390,2,,,0,30,,36391,2,,,0,70,,36392,2,,,0,30,,36393,2,,,0,70,,36394,2,,,0,30,,36395,2,,,0,70,,36396,2,,,0,30,,36397,2,,,0,85,,36398,2,,,0,100,,36399,2,,,0,100,,36400,2,,,0,100,,36401,2,,,0,100,,36402,2,,,0,100,,36403,2,,,0,100,,36404,2,,,0
579900,'6',551,,36419,2,,,0,70,,36420,2,,,0,30,,36421,2,,,0,70,,36422,2,,,0,30,,36423,2,,,0,65,,36424,2,,,0,30,,36425,2,,,0,65,,36426,2,,,0,25,,36427,2,,,0,20,,36428,2,,,0,60,,36429,2,,,0,20,,36430,2,,,0,20,,36431,2,,,0,60,,36432,2,,,0,20,,36433,2,,,0,20,,36434,2,,,0,60,,36435,2,,,0,20,,36436,2,,,0,20,,36437,2,,,0,60,,36438,2,,,0,20,,36439,2,,,0,20,,36440,2,,,0,60,,36441,2,,,0,20,,36442,2,,,0,20,,36443,2,,,0,60,,36444,2,,,0,20,,36445,2,,,0,20,,36446,2,,,0,60,,36447,2,,,0,20,,36448,2,,,0,20,,36449,2,,,0,60,,36450,2,,,0,20,,36451,2,,,0,20,,36405,2,,,0,60,,36406,2,,,0,30,,36407,2,,,0,70,,36408,2,,,0,30,,36409,2,,,0,70,,36410,2,,,0,30,,36411,2,,,0,70,,36412,2,,,0,30,,36413,2,,,0,70,,36414,2,,,0,30,,36415,2,,,0,65,,36416,2,,,0,90,,36417,2,,,0,100,,36418,2,,,0
580000,'1',456,,36693,2,,,0,75,,36695,2,,,0,20,,36696,2,,,0,60,,36697,2,,,0,20,,36698,2,,,0,16,,36699,2,,,0,55,,36700,2,,,0,15,,36701,2,,,0,15,,36702,2,,,0,15,,36703,2,,,0,55,,36704,2,,,0,15,,36705,2,,,0,15,,36706,2,,,0,70,,36707,2,,,0,30,,36708,2,,,0,70,,36709,2,,,0,30,,36710,2,,,0,70,,36711,2,,,0,30,,36712,2,,,0,70,,36713,2,,,0,30,,36714,2,,,0,70,,36715,2,,,0,30,,36716,2,,,0,70,,36717,2,,,0,30,,36718,2,,,0,15,,36719,2,,,0,55,,36720,2,,,0,15,,36721,2,,,0,15,,36722,2,,,0,15,,36723,2,,,0,55,,36724,2,,,0,15,,36725,2,,,0,15,,36726,2,,,0,15,,36727,2,,,0,55,,36728,2,,,0,15,,36729,2,,,0,15,,36730,2,,,0,15,,36731,2,,,0,55,,36732,2,,,0,15,,36733,2,,,0,30,,36734,2,,,0,70,,36735,2,,,0,30,,36736,2,,,0,70,,36737,2,,,0,30,,36738,2,,,0,70,,36739,2,,,0,30,,36740,2,,,0,70,,36741,2,,,0,30,,36742,2,,,0,69,,36743,2,,,0,30,,36744,2,,,0,70,,36745,2,,,0,30,,36746,2,,,0,75,,36747,2,,,0
580000,'2',531,,36750,2,,,0,70,,36796,2,,,0,15,,36748,2,,,0,15,,36795,2,,,0,70,,36794,2,,,0,30,,36793,2,,,0,70,,36792,2,,,0,30,,36791,2,,,0,70,,36779,2,,,0,20,,36782,2,,,0,20,,36780,2,,,0,60,,36781,2,,,0,20,,36785,2,,,0,20,,36789,2,,,0,60,,36790,2,,,0,20,,36778,2,,,0,20,,36775,2,,,0,60,,36776,2,,,0,20,,36777,2,,,0,20,,36767,2,,,0,60,,36765,2,,,0,20,,36770,2,,,0,20,,36768,2,,,0,60,,36769,2,,,0,20,,36774,2,,,0,20,,36761,2,,,0,60,,36763,2,,,0,20,,36766,2,,,0,20,,36764,2,,,0,60,,36798,2,,,0,20,,36797,2,,,0,20,,36760,2,,,0,60,,36762,2,,,0,20,,36773,2,,,0,20,,36759,2,,,0,60,,36758,2,,,0,20,,36757,2,,,0,20,,36749,2,,,0,60,,36772,2,,,0,30,,36771,2,,,0,70,,36756,2,,,0,30,,36755,2,,,0,70,,36788,2,,,0,30,,36787,2,,,0,70,,36786,2,,,0,30,,36784,2,,,0,70,,36783,2,,,0,30,,36754,2,,,0,70,,36753,2,,,0,30,,36752,2,,,0,70,,36751,2,,,0
580000,'3',531,,36808,2,,,0,70,,36825,2,,,0,30,,36807,2,,,0,70,,36826,2,,,0,30,,36806,2,,,0,70,,36827,2,,,0,30,,36805,2,,,0,70,,36828,2,,,0,30,,36804,2,,,0,70,,36830,2,,,0,30,,36813,2,,,0,70,,36820,2,,,0,30,,36824,2,,,0,70,,36821,2,,,0,30,,36810,2,,,0,70,,36809,2,,,0,30,,36831,2,,,0,70,,36822,2,,,0,30,,36814,2,,,0,70,,36823,2,,,0,30,,36816,2,,,0,70,,36815,2,,,0,30,,36829,2,,,0,70,,36817,2,,,0,30,,36818,2,,,0,70,,36819,2,,,0,30,,36832,2,,,0,70,,36811,2,,,0,30,,36833,2,,,0,70,,36812,2,,,0,30,,36838,2,,,0,70,,36839,2,,,0,30,,36840,2,,,0,70,,36841,2,,,0,30,,36842,2,,,0,70,,36843,2,,,0,30,,36844,2,,,0,70,,36845,2,,,0
580000,'4',601,,36846,2,,,0,45,,36847,2,,,0,85,,36848,2,,,0,85,,36849,2,,,0,85,,36850,2,,,0,45,,36851,2,,,0,85,,36852,2,,,0,85,,36853,2,,,0,85,,36854,2,,,0,45,,36855,2,,,0,85,,36856,2,,,0,85,,36857,2,,,0,85,,36858,2,,,0,45,,36859,2,,,0,85,,36860,2,,,0,85,,36861,2,,,0,85,,36862,2,,,0,45,,36863,2,,,0,85,,36864,2,,,0,85,,36865,2,,,0,85,,36866,2,,,0
580000,'6',531,,36872,2,,,0,70,,36889,2,,,0,30,,36871,2,,,0,70,,36890,2,,,0,30,,36870,2,,,0,70,,36891,2,,,0,30,,36869,2,,,0,70,,36892,2,,,0,30,,36868,2,,,0,70,,36894,2,,,0,30,,36877,2,,,0,70,,36884,2,,,0,30,,36888,2,,,0,70,,36885,2,,,0,30,,36874,2,,,0,70,,36873,2,,,0,30,,36895,2,,,0,70,,36886,2,,,0,30,,36878,2,,,0,70,,36887,2,,,0,30,,36880,2,,,0,70,,36879,2,,,0,30,,36893,2,,,0,70,,36881,2,,,0,30,,36882,2,,,0,70,,36883,2,,,0,30,,36896,2,,,0,70,,36875,2,,,0,30,,36897,2,,,0,70,,36876,2,,,0,30,,36902,2,,,0,70,,36903,2,,,0,30,,36904,2,,,0,70,,36905,2,,,0,30,,36906,2,,,0,70,,36907,2,,,0,30,,36908,2,,,0,70,,36909,2,,,0
580100,'1',501,,37181,2,,,0,20,,37180,2,,,0,20,,37124,2,,,0,60,,37125,2,,,0,20,,37126,2,,,0,20,,37127,2,,,0,15,,37128,2,,,0,56,,37129,2,,,0,15,,37130,2,,,0,15,,37131,2,,,0,15,,37132,2,,,0,55,,37133,2,,,0,15,,37134,2,,,0,15,,37135,2,,,0,60,,37136,2,,,0,20,,37137,2,,,0,20,,37138,2,,,0,60,,37139,2,,,0,20,,37140,2,,,0,20,,37141,2,,,0,60,,37142,2,,,0,20,,37143,2,,,0,20,,37144,2,,,0,60,,37145,2,,,0,20,,37146,2,,,0,20,,37147,2,,,0,60,,37148,2,,,0,20,,37149,2,,,0,20,,37150,2,,,0,60,,37151,2,,,0,25,,37152,2,,,0,15,,37153,2,,,0,15,,37154,2,,,0,55,,37155,2,,,0,15,,37156,2,,,0,15,,37157,2,,,0,15,,37158,2,,,0,55,,37159,2,,,0,15,,37160,2,,,0,15,,37161,2,,,0,15,,37162,2,,,0,55,,37163,2,,,0,15,,37164,2,,,0,15,,37165,2,,,0,59,,37166,2,,,0,20,,37167,2,,,0,30,,37168,2,,,0,70,,37169,2,,,0,30,,37170,2,,,0,70,,37171,2,,,0,30,,37172,2,,,0,70,,37173,2,,,0,80,,37174,2,,,0,40,,37175,2,,,0,80,,37176,2,,,0,80,,37177,2,,,0,40,,37178,2,,,0,80,,37179,2,,,0
580100,'2',516,,37219,2,,,0,30,,37182,2,,,0,70,,37183,2,,,0,30,,37184,2,,,0,70,,37185,2,,,0,30,,37186,2,,,0,70,,37187,2,,,0,30,,37188,2,,,0,70,,37189,2,,,0,30,,37190,2,,,0,70,,37191,2,,,0,30,,37192,2,,,0,70,,37193,2,,,0,30,,37194,2,,,0,70,,37195,2,,,0,30,,37196,2,,,0,70,,37197,2,,,0,30,,37198,2,,,0,70,,37199,2,,,0,30,,37200,2,,,0,70,,37201,2,,,0,30,,37202,2,,,0,70,,37203,2,,,0,30,,37204,2,,,0,70,,37205,2,,,0,30,,37206,2,,,0,70,,37207,2,,,0,30,,37208,2,,,0,70,,37209,2,,,0,30,,37210,2,,,0,70,,37211,2,,,0,30,,37212,2,,,0,75,,37213,2,,,0,80,,37214,2,,,0,40,,37215,2,,,0,80,,37216,2,,,0,80,,37217,2,,,0,40,,37220,2,,,0,80,,37218,2,,,0
580100,'3',601,,37221,2,,,0,30,,37222,2,,,0,70,,37223,2,,,0,30,,37224,2,,,0,70,,37225,2,,,0,30,,37226,2,,,0,70,,37227,2,,,0,30,,37228,2,,,0,70,,37229,2,,,0,30,,37230,2,,,0,70,,37231,2,,,0,30,,37232,2,,,0,70,,37233,2,,,0,30,,37234,2,,,0,70,,37235,2,,,0,30,,37236,2,,,0,70,,37237,2,,,0,30,,37238,2,,,0,70,,37239,2,,,0,30,,37240,2,,,0,70,,37241,2,,,0,30,,37242,2,,,0,70,,37243,2,,,0,30,,37244,2,,,0,70,,37245,2,,,0,30,,37246,2,,,0,70,,37247,2,,,0,30,,37248,2,,,0,70,,37249,2,,,0,30,,37250,2,,,0,70,,37251,2,,,0,30,,37255,2,,,0,70,,37252,2,,,0,40,,37253,2,,,0,80,,37254,2,,,0,80,,37256,2,,,0
580100,'4',701,,37257,2,,,0,40,,37258,2,,,0,80,,37259,2,,,0,80,,37260,2,,,0,40,,37261,2,,,0,80,,37262,2,,,0,80,,37263,2,,,0,40,,37264,2,,,0,80,,37265,2,,,0,80,,37266,2,,,0,40,,37267,2,,,0,80,,37268,2,,,0,80,,37269,2,,,0,40,,37270,2,,,0,80,,37271,2,,,0,80,,37272,2,,,0,40,,37273,2,,,0,80,,37274,2,,,0,80,,37275,2,,,0,40,,37276,2,,,0,80,,37277,2,,,0,80,,37278,2,,,0
580100,'6',601,,37279,2,,,0,30,,37280,2,,,0,70,,37281,2,,,0,30,,37282,2,,,0,70,,37283,2,,,0,30,,37284,2,,,0,70,,37285,2,,,0,30,,37286,2,,,0,70,,37287,2,,,0,30,,37288,2,,,0,70,,37289,2,,,0,30,,37290,2,,,0,70,,37291,2,,,0,30,,37292,2,,,0,70,,37293,2,,,0,30,,37294,2,,,0,70,,37295,2,,,0,30,,37296,2,,,0,70,,37297,2,,,0,30,,37298,2,,,0,70,,37299,2,,,0,30,,37300,2,,,0,70,,37301,2,,,0,30,,37302,2,,,0,70,,37303,2,,,0,30,,37304,2,,,0,70,,37305,2,,,0,30,,37306,2,,,0,70,,37307,2,,,0,30,,37308,2,,,0,70,,37309,2,,,0,30,,37313,2,,,0,70,,37310,2,,,0,40,,37311,2,,,0,80,,37312,2,,,0,80,,37314,2,,,0
580300,'1',532,,37842,2,,,0,15,,37843,2,,,0,60,,37844,2,,,0,15,,37845,2,,,0,15,,37846,2,,,0,15,,37847,2,,,0,55,,37848,2,,,0,15,,37849,2,,,0,15,,37850,2,,,0,15,,37851,2,,,0,55,,37852,2,,,0,15,,37853,2,,,0,15,,37854,2,,,0,15,,37855,2,,,0,55,,37856,2,,,0,15,,37857,2,,,0,20,,37858,2,,,0,60,,37859,2,,,0,20,,37860,2,,,0,20,,37861,2,,,0,60,,37862,2,,,0,20,,37863,2,,,0,20,,37864,2,,,0,60,,37865,2,,,0,20,,37866,2,,,0,20,,37867,2,,,0,60,,37868,2,,,0,20,,37869,2,,,0,20,,37870,2,,,0,60,,37871,2,,,0,18,,37872,2,,,0,23,,37873,2,,,0,60,,37874,2,,,0,15,,37875,2,,,0,15,,37876,2,,,0,15,,37877,2,,,0,55,,37878,2,,,0,15,,37879,2,,,0,15,,37880,2,,,0,15,,37881,2,,,0,55,,37882,2,,,0,15,,37883,2,,,0,15,,37884,2,,,0,15,,37885,2,,,0,55,,37886,2,,,0,20,,37887,2,,,0,20,,37888,2,,,0,59,,37889,2,,,0,20,,37890,2,,,0,20,,37891,2,,,0,60,,37892,2,,,0,20,,37893,2,,,0,20,,37894,2,,,0,60,,37895,2,,,0,30,,37896,2,,,0,70,,37897,2,,,0,30,,37898,2,,,0,70,,37899,2,,,0,30,,37900,2,,,0,70,,37901,2,,,0,30,,37902,2,,,0,90,,37903,2,,,0
580300,'2',546,,37926,2,,,0,71,,37906,2,,,0,30,,37951,2,,,0,70,,37952,2,,,0,30,,37904,2,,,0,70,,37946,2,,,0,30,,37947,2,,,0,61,,37927,2,,,0,20,,37907,2,,,0,20,,37908,2,,,0,60,,37905,2,,,0,20,,37915,2,,,0,20,,37916,2,,,0,60,,37917,2,,,0,20,,37912,2,,,0,20,,37913,2,,,0,60,,37914,2,,,0,20,,37929,2,,,0,20,,37919,2,,,0,60,,37920,2,,,0,20,,37918,2,,,0,20,,37939,2,,,0,60,,37940,2,,,0,20,,37928,2,,,0,20,,37930,2,,,0,60,,37909,2,,,0,20,,37922,2,,,0,20,,37923,2,,,0,60,,37924,2,,,0,20,,37911,2,,,0,20,,37910,2,,,0,60,,37921,2,,,0,20,,37925,2,,,0,26,,37950,2,,,0,68,,37948,2,,,0,30,,37949,2,,,0,70,,37935,2,,,0,30,,37931,2,,,0,70,,37932,2,,,0,30,,37933,2,,,0,70,,37934,2,,,0,30,,37943,2,,,0,70,,37936,2,,,0,30,,37937,2,,,0,70,,37938,2,,,0,30,,37941,2,,,0,70,,37942,2,,,0,30,,37944,2,,,0,70,,37945,2,,,0
580300,'3',602,,37956,2,,,0,30,,37959,2,,,0,70,,37958,2,,,0,30,,37957,2,,,0,70,,37955,2,,,0,30,,37954,2,,,0,70,,37953,2,,,0,30,,37972,2,,,0,70,,37971,2,,,0,20,,37973,2,,,0,20,,37986,2,,,0,60,,37974,2,,,0,20,,37987,2,,,0,20,,37975,2,,,0,60,,37988,2,,,0,20,,37976,2,,,0,20,,37989,2,,,0,60,,37977,2,,,0,20,,37990,2,,,0,20,,37978,2,,,0,60,,37991,2,,,0,20,,37979,2,,,0,20,,37992,2,,,0,60,,37980,2,,,0,20,,37993,2,,,0,20,,37981,2,,,0,60,,37994,2,,,0,20,,37982,2,,,0,20,,37995,2,,,0,60,,37983,2,,,0,20,,37996,2,,,0,20,,37984,2,,,0,60,,37997,2,,,0,20,,37985,2,,,0,20,,37998,2,,,0,59,,37964,2,,,0,30,,37967,2,,,0,70,,37966,2,,,0,30,,37965,2,,,0,70,,37962,2,,,0,30,,37961,2,,,0,70,,37960,2,,,0,30,,37963,2,,,0,70,,37970,2,,,0,30,,37969,2,,,0,70,,37968,2,,,0
580300,'4',601,,37999,2,,,0,30,,38015,2,,,0,70,,38000,2,,,0,30,,38016,2,,,0,70,,38001,2,,,0,30,,38017,2,,,0,70,,38002,2,,,0,30,,38018,2,,,0,70,,38003,2,,,0,30,,38019,2,,,0,70,,38004,2,,,0,30,,38020,2,,,0,70,,38005,2,,,0,30,,38021,2,,,0,70,,38006,2,,,0,30,,38022,2,,,0,70,,38007,2,,,0,30,,38023,2,,,0,70,,38008,2,,,0,30,,38024,2,,,0,70,,38009,2,,,0,30,,38025,2,,,0,70,,38010,2,,,0,30,,38026,2,,,0,70,,38011,2,,,0,30,,38027,2,,,0,70,,38012,2,,,0,30,,38028,2,,,0,70,,38013,2,,,0,30,,38029,2,,,0,70,,38014,2,,,0
580300,'6',602,,38033,2,,,0,30,,38036,2,,,0,70,,38035,2,,,0,30,,38034,2,,,0,70,,38032,2,,,0,30,,38031,2,,,0,70,,38030,2,,,0,30,,38049,2,,,0,70,,38048,2,,,0,20,,38050,2,,,0,20,,38063,2,,,0,60,,38051,2,,,0,20,,38064,2,,,0,20,,38052,2,,,0,60,,38065,2,,,0,20,,38053,2,,,0,20,,38066,2,,,0,60,,38054,2,,,0,20,,38067,2,,,0,20,,38055,2,,,0,60,,38068,2,,,0,20,,38056,2,,,0,20,,38069,2,,,0,60,,38057,2,,,0,20,,38070,2,,,0,20,,38058,2,,,0,60,,38071,2,,,0,20,,38059,2,,,0,20,,38072,2,,,0,60,,38060,2,,,0,20,,38073,2,,,0,20,,38061,2,,,0,60,,38074,2,,,0,20,,38062,2,,,0,20,,38075,2,,,0,59,,38041,2,,,0,30,,38044,2,,,0,70,,38043,2,,,0,30,,38042,2,,,0,70,,38039,2,,,0,30,,38038,2,,,0,70,,38037,2,,,0,30,,38040,2,,,0,70,,38047,2,,,0,30,,38046,2,,,0,70,,38045,2,,,0
580801,'14601',534,,39528,39,,,0,20,,39522,39,,,0,60,,39523,39,,,0,20,,39524,39,,,0,20,,39525,39,,,0,60,,39526,39,,,0,20,,39527,39,,,0,20,,39520,39,,,0,59,,39521,39,,,0,10,,39423,39,,,0,10,,39454,39,,,0,10,,39424,39,,,0,8,,39455,39,,,0,7,,39425,39,,,0,48,,39456,39,,,0,9,,39426,39,,,0,8,,39457,39,,,0,9,,39427,39,,,0,8,,39458,39,,,0,5,,39428,39,,,0,8,,39459,39,,,0,47,,39460,39,,,0,8,,39461,39,,,0,13,,39462,39,,,0,12,,39429,39,,,0,10,,39430,39,,,0,10,,39431,39,,,0,50,,39432,39,,,0,10,,39433,39,,,0,10,,39434,39,,,0,10,,39435,39,,,0,10,,39436,39,,,0,10,,39437,39,,,0,50,,39438,39,,,0,10,,39439,39,,,0,10,,39440,39,,,0,10,,39441,39,,,0,10,,39442,39,,,0,10,,39443,39,,,0,50,,39444,39,,,0,10,,39445,39,,,0,10,,39446,39,,,0,10,,39447,39,,,0,10,,39448,39,,,0,10,,39449,39,,,0,50,,39450,39,,,0,10,,39451,39,,,0,10,,39452,39,,,0,10,,39453,39,,,0,10,,39488,39,,,0,9,,39489,39,,,0,48,,39492,39,,,0,7,,39490,39,,,0,8,,39493,39,,,0,7,,39491,39,,,0,8,,39463,39,,,0,7,,39476,39,,,0,8,,39464,39,,,0,7,,39477,39,,,0,48,,39465,39,,,0,7,,39478,39,,,0,8,,39466,39,,,0,7,,39479,39,,,0,8,,39467,39,,,0,7,,39480,39,,,0,8,,39468,39,,,0,7,,39481,39,,,0,48,,39469,39,,,0,7,,39482,39,,,0,8,,39470,39,,,0,7,,39483,39,,,0,8,,39471,39,,,0,7,,39484,39,,,0,8,,39472,39,,,0,7,,39485,39,,,0,48,,39473,39,,,0,8,,39486,39,,,0,8,,39474,39,,,0,7,,39487,39,,,0,8,,39475,39,,,0,8,,39503,39,,,0,10,,39504,39,,,0,10,,39505,39,,,0,50,,39506,39,,,0,10,,39507,39,,,0,10,,39494,39,,,0,13,,39495,39,,,0,15,,39496,39,,,0,55,,39498,39,,,0,15,,39499,39,,,0,15,,39500,39,,,0,15,,39501,39,,,0,55,,39502,39,,,0,15,,39497,39,,,0,15,,39515,39,,,0,15,,39516,39,,,0,55,,39519,39,,,0,16,,39517,39,,,0,22,,39518,39,,,0,70,,39508,39,,,0,30,,39509,39,,,0,70,,39510,39,,,0,30,,39511,39,,,0,70,,39512,39,,,0,30,,39513,39,,,0,70,,39514,39,,,0
580801,'14602',550,,39559,39,,,0,70,,39560,39,,,0,30,,39561,39,,,0,70,,39562,39,,,0,30,,39563,39,,,0,70,,39564,39,,,0,30,,39565,39,,,0,70,,39566,39,,,0,30,,39567,39,,,0,70,,39568,39,,,0,30,,39569,39,,,0,70,,39570,39,,,0,30,,39558,39,,,0,70,,39541,39,,,0,30,,39542,39,,,0,70,,39543,39,,,0,30,,39544,39,,,0,70,,39545,39,,,0,30,,39546,39,,,0,70,,39547,39,,,0,30,,39548,39,,,0,70,,39549,39,,,0,30,,39550,39,,,0,70,,39551,39,,,0,30,,39552,39,,,0,70,,39553,39,,,0,30,,39554,39,,,0,70,,39555,39,,,0,30,,39556,39,,,0,70,,39557,39,,,0,30,,39540,39,,,0,70,,39539,39,,,0,30,,39538,39,,,0,70,,39537,39,,,0,30,,39536,39,,,0,70,,39535,39,,,0,30,,39534,39,,,0,70,,39533,39,,,0,30,,39532,39,,,0,70,,39531,39,,,0,30,,39530,39,,,0,70,,39529,39,,,0
580801,'14603',650,,39596,39,,,0,70,,39597,39,,,0,30,,39598,39,,,0,70,,39599,39,,,0,30,,39600,39,,,0,70,,39601,39,,,0,30,,39602,39,,,0,70,,39603,39,,,0,30,,39604,39,,,0,70,,39605,39,,,0,30,,39571,39,,,0,70,,39588,39,,,0,30,,39587,39,,,0,70,,39586,39,,,0,30,,39585,39,,,0,70,,39584,39,,,0,30,,39583,39,,,0,70,,39582,39,,,0,30,,39581,39,,,0,70,,39580,39,,,0,30,,39579,39,,,0,70,,39578,39,,,0,30,,39577,39,,,0,70,,39576,39,,,0,30,,39575,39,,,0,70,,39574,39,,,0,30,,39573,39,,,0,70,,39572,39,,,0,30,,39589,39,,,0,70,,39590,39,,,0,30,,39591,39,,,0,70,,39592,39,,,0,30,,39593,39,,,0,70,,39594,39,,,0,30,,39595,39,,,0,70,,39606,39,,,0
580801,'14604',650,,39627,39,,,0,70,,39628,39,,,0,30,,39629,39,,,0,70,,39630,39,,,0,30,,39631,39,,,0,70,,39632,39,,,0,30,,39633,39,,,0,70,,39634,39,,,0,30,,39635,39,,,0,70,,39636,39,,,0,30,,39607,39,,,0,70,,39624,39,,,0,30,,39623,39,,,0,70,,39622,39,,,0,30,,39621,39,,,0,70,,39620,39,,,0,30,,39619,39,,,0,70,,39618,39,,,0,30,,39617,39,,,0,70,,39616,39,,,0,30,,39615,39,,,0,70,,39614,39,,,0,30,,39613,39,,,0,70,,39612,39,,,0,30,,39611,39,,,0,70,,39610,39,,,0,30,,39609,39,,,0,70,,39608,39,,,0,30,,39625,39,,,0,70,,39626,39,,,0
580801,'14606',650,,39662,39,,,0,70,,39663,39,,,0,30,,39664,39,,,0,70,,39665,39,,,0,30,,39666,39,,,0,70,,39667,39,,,0,30,,39668,39,,,0,70,,39669,39,,,0,30,,39670,39,,,0,70,,39671,39,,,0,30,,39637,39,,,0,70,,39654,39,,,0,30,,39653,39,,,0,70,,39652,39,,,0,30,,39651,39,,,0,70,,39650,39,,,0,30,,39649,39,,,0,70,,39648,39,,,0,30,,39647,39,,,0,70,,39646,39,,,0,30,,39645,39,,,0,70,,39644,39,,,0,30,,39643,39,,,0,70,,39642,39,,,0,30,,39641,39,,,0,70,,39640,39,,,0,30,,39639,39,,,0,70,,39638,39,,,0,30,,39655,39,,,0,70,,39656,39,,,0,30,,39657,39,,,0,70,,39658,39,,,0,30,,39659,39,,,0,70,,39660,39,,,0,30,,39661,39,,,0,70,,39672,39,,,0
582801,'1',455,,40612,42,0,37 38 39,0,63,,40613,42,0,37 38 39,0,20,,40614,42,0,37 38 39,0,20,,40615,42,0,37 38 39,0,55,,40616,42,0,37 38 39,0,25,,40618,42,0,37 38 39,0,20,,40620,42,0,37 38 39,0,57,,40622,42,0,37 38 39,0,15,,40624,42,0,37 38 39,0,15,,40626,42,0,37 38 39,0,55,,40628,42,0,37 38 39,0,15,,40630,42,0,37 38 39,0,15,,40632,42,0,37 38 39,0,15,,40634,42,0,37 38 39,0,14,,40636,42,0,37 38 39,0,52,,40638,42,0,37 38 39,0,12,,40640,42,0,37 38 39,0,12,,40611,42,0,37 38 39,0,12,,40642,42,0,37 38 39,0,12,,40644,42,0,37 38 39,0,52,,40646,42,0,37 38 39,0,12,,40648,42,0,37 38 39,0,12,,40650,42,0,37 38 39,0,12,,40652,42,0,37 38 39,0,12,,40654,42,0,37 38 39,0,52,,40656,42,0,37 38 39,0,12,,40658,42,0,37 38 39,0,12,,40660,42,0,37 38 39,0,12,,40662,42,0,37 38 39,0,12,,40664,42,0,37 38 39,0,52,,40666,42,0,37 38 39,0,12,,40668,42,0,37 38 39,0,12,,40670,42,0,37 38 39,0,12,,40672,42,0,37 38 39,0,12,,40674,42,0,37 38 39,0,52,,40676,42,0,37 38 39,0,12,,40678,42,0,37 38 39,0,12,,40680,42,0,37 38 39,0,12,,40682,42,0,37 38 39,0,12,,40684,42,0,37 38 39,0,52,,40686,42,0,37 38 39,0,12,,40688,42,0,37 38 39,0,12,,40690,42,0,37 38 39,0,12,,40692,42,0,37 38 39,0,12,,40694,42,0,37 38 39,0,52,,40696,42,0,37 38 39,0,12,,40698,42,0,37 38 39,0,12,,40700,42,0,37 38 39,0,13,,40702,42,0,37 38 39,0,52,,40704,42,0,37 38 39,0,12,,40706,42,0,37 38 39,0,12,,40708,42,0,37 38 39,0,12,,40710,42,0,37 38 39,0,12,,40712,42,0,37 38 39,0,52,,40714,42,0,37 38 39,0,12,,40716,42,0,37 38 39,0,14,,40718,42,0,37 38 39,0,12,,40720,42,0,37 38 39,0,12,,40722,42,0,37 38 39,0,52,,40724,42,0,37 38 39,0,12,,40726,42,0,37 38 39,0,6,,40728,42,0,37 38 39,0,6,,40729,42,0,37 38 39,0,6,,40730,42,0,37 38 39,0,6,,40731,42,0,37 38 39,0,6,,40732,42,0,37 38 39,0,6,,40733,42,0,37 38 39,0,6,,40734,42,0,37 38 39,0,47,,40735,42,0,37 38 39,0,5,,40736,42,0,37 38 39,0,8,,40737,42,0,37 38 39,0,7,,40738,42,0,37 38 39,0,8,,40739,42,0,37 38 39,0,11,,40740,42,0,37 38 39,0,15,,40741,42,0,37 38 39,0,55,,40742,42,0,37 38 39,0,15,,40743,42,0,37 38 39,0,15,,40744,42,0,37 38 39,0,15,,40745,42,0,37 38 39,0,55,,40746,42,0,37 38 39,0,15,,40747,42,0,37 38 39,0,15,,40748,42,0,37 38 39,0,15,,40749,42,0,37 38 39,0,54,,40750,42,0,37 38 39,0,20,,40751,42,0,37 38 39,0,20,,40752,42,0,37 38 39,0,60,,40753,42,0,37 38 39,0,20,,40754,42,0,37 38 39,0,20,,40755,42,0,37 38 39,0,60,,40756,42,0,37 38 39,0,20,,40757,42,0,37 38 39,0,20,,40758,42,0,37 38 39,0,60,,40759,42,0,37 38 39,0,23,,40760,42,0,37 38 39,0,76,,40761,42,0,37 38 39,0
582801,'2',532,,40770,42,0,37 38 39,0,20,,40771,42,0,37 38 39,0,60,,40772,42,0,37 38 39,0,20,,40773,42,0,37 38 39,0,20,,40774,42,0,37 38 39,0,60,,40775,42,0,37 38 39,0,20,,40776,42,0,37 38 39,0,20,,40777,42,0,37 38 39,0,60,,40778,42,0,37 38 39,0,24,,40779,42,0,37 38 39,0,15,,40780,42,0,37 38 39,0,55,,40781,42,0,37 38 39,0,15,,40793,42,0,37 38 39,0,15,,40794,42,0,37 38 39,0,15,,40795,42,0,37 38 39,0,55,,40796,42,0,37 38 39,0,15,,40797,42,0,37 38 39,0,15,,40798,42,0,37 38 39,0,15,,40799,42,0,37 38 39,0,55,,40800,42,0,37 38 39,0,15,,40801,42,0,37 38 39,0,15,,40802,42,0,37 38 39,0,15,,40803,42,0,37 38 39,0,55,,40804,42,0,37 38 39,0,15,,40805,42,0,37 38 39,0,15,,40806,42,0,37 38 39,0,15,,40807,42,0,37 38 39,0,55,,40808,42,0,37 38 39,0,15,,40809,42,0,37 38 39,0,15,,40810,42,0,37 38 39,0,15,,40811,42,0,37 38 39,0,55,,40812,42,0,37 38 39,0,15,,40813,42,0,37 38 39,0,15,,40814,42,0,37 38 39,0,15,,40815,42,0,37 38 39,0,55,,40816,42,0,37 38 39,0,15,,40817,42,0,37 38 39,0,15,,40818,42,0,37 38 39,0,15,,40819,42,0,37 38 39,0,55,,40820,42,0,37 38 39,0,15,,40821,42,0,37 38 39,0,15,,40822,42,0,37 38 39,0,15,,40823,42,0,37 38 39,0,55,,40824,42,0,37 38 39,0,15,,40825,42,0,37 38 39,0,15,,40826,42,0,37 38 39,0,15,,40827,42,0,37 38 39,0,55,,40828,42,0,37 38 39,0,15,,40829,42,0,37 38 39,0,15,,40830,42,0,37 38 39,0,15,,40831,42,0,37 38 39,0,55,,40832,42,0,37 38 39,0,15,,40833,42,0,37 38 39,0,14,,40834,42,0,37 38 39,0,16,,40769,42,0,37 38 39,0,60,,40768,42,0,37 38 39,0,20,,40767,42,0,37 38 39,0,20,,40766,42,0,37 38 39,0,60,,40765,42,0,37 38 39,0,20,,40764,42,0,37 38 39,0,20,,40763,42,0,37 38 39,0,60,,40762,42,0,37 38 39,0,17,,40782,42,0,37 38 39,0,20,,40783,42,0,37 38 39,0,60,,40784,42,0,37 38 39,0,20,,40789,42,0,37 38 39,0,20,,40785,42,0,37 38 39,0,60,,40786,42,0,37 38 39,0,20,,40790,42,0,37 38 39,0,20,,40791,42,0,37 38 39,0,60,,40787,42,0,37 38 39,0,35,,40788,42,0,37 38 39,0,80,,40792,42,0,37 38 39,0
582801,'3',544,,40835,42,0,37 38 39,0,70,,40861,42,0,37 38 39,0,30,,40836,42,0,37 38 39,0,70,,40837,42,0,37 38 39,0,21,,40838,42,0,37 38 39,0,20,,40854,42,0,37 38 39,0,60,,40839,42,0,37 38 39,0,20,,40840,42,0,37 38 39,0,20,,40841,42,0,37 38 39,0,60,,40862,42,0,37 38 39,0,20,,40863,42,0,37 38 39,0,20,,40864,42,0,37 38 39,0,60,,40865,42,0,37 38 39,0,23,,40866,42,0,37 38 39,0,20,,40867,42,0,37 38 39,0,60,,40868,42,0,37 38 39,0,18,,40869,42,0,37 38 39,0,15,,40870,42,0,37 38 39,0,55,,40871,42,0,37 38 39,0,15,,40872,42,0,37 38 39,0,15,,40873,42,0,37 38 39,0,15,,40874,42,0,37 38 39,0,55,,40875,42,0,37 38 39,0,15,,40876,42,0,37 38 39,0,15,,40877,42,0,37 38 39,0,15,,40878,42,0,37 38 39,0,55,,40879,42,0,37 38 39,0,15,,40880,42,0,37 38 39,0,15,,40881,42,0,37 38 39,0,15,,40882,42,0,37 38 39,0,55,,40883,42,0,37 38 39,0,15,,40884,42,0,37 38 39,0,15,,40885,42,0,37 38 39,0,15,,40886,42,0,37 38 39,0,55,,40887,42,0,37 38 39,0,15,,40888,42,0,37 38 39,0,15,,40889,42,0,37 38 39,0,15,,40890,42,0,37 38 39,0,55,,40891,42,0,37 38 39,0,15,,40892,42,0,37 38 39,0,15,,40893,42,0,37 38 39,0,15,,40894,42,0,37 38 39,0,55,,40895,42,0,37 38 39,0,15,,40896,42,0,37 38 39,0,15,,40897,42,0,37 38 39,0,15,,40898,42,0,37 38 39,0,60,,40855,42,0,37 38 39,0,18,,40842,42,0,37 38 39,0,20,,40843,42,0,37 38 39,0,60,,40856,42,0,37 38 39,0,20,,40844,42,0,37 38 39,0,20,,40845,42,0,37 38 39,0,60,,40857,42,0,37 38 39,0,20,,40846,42,0,37 38 39,0,20,,40847,42,0,37 38 39,0,60,,40858,42,0,37 38 39,0,20,,40848,42,0,37 38 39,0,20,,40849,42,0,37 38 39,0,60,,40859,42,0,37 38 39,0,20,,40850,42,0,37 38 39,0,20,,40851,42,0,37 38 39,0,60,,40860,42,0,37 38 39,0,20,,40852,42,0,37 38 39,0,79,,40853,42,0,37 38 39,0
582801,'4',620,,40899,42,0,37 38 39,0,30,,40900,42,0,37 38 39,0,70,,40901,42,0,37 38 39,0,30,,40902,42,0,37 38 39,0,70,,40903,42,0,37 38 39,0,30,,40904,42,0,37 38 39,0,70,,40905,42,0,37 38 39,0,30,,40906,42,0,37 38 39,0,70,,40907,42,0,37 38 39,0,30,,40908,42,0,37 38 39,0,70,,40909,42,0,37 38 39,0,30,,40910,42,0,37 38 39,0,70,,40911,42,0,37 38 39,0,30,,40912,42,0,37 38 39,0,70,,40913,42,0,37 38 39,0,30,,40914,42,0,37 38 39,0,70,,40915,42,0,37 38 39,0,30,,40916,42,0,37 38 39,0,70,,40917,42,0,37 38 39,0,30,,40918,42,0,37 38 39,0,70,,40919,42,0,37 38 39,0,30,,40920,42,0,37 38 39,0,70,,40921,42,0,37 38 39,0,30,,40922,42,0,37 38 39,0,70,,40923,42,0,37 38 39,0,30,,40924,42,0,37 38 39,0,70,,40925,42,0,37 38 39,0,30,,40926,42,0,37 38 39,0,70,,40927,42,0,37 38 39,0,30,,40928,42,0,37 38 39,0,70,,40929,42,0,37 38 39,0
582801,'6',532,,40938,42,0,37 38 39,0,20,,40939,42,0,37 38 39,0,60,,40940,42,0,37 38 39,0,20,,40941,42,0,37 38 39,0,20,,40942,42,0,37 38 39,0,60,,40943,42,0,37 38 39,0,20,,40944,42,0,37 38 39,0,20,,40945,42,0,37 38 39,0,60,,40946,42,0,37 38 39,0,24,,40947,42,0,37 38 39,0,15,,40948,42,0,37 38 39,0,55,,40949,42,0,37 38 39,0,15,,40961,42,0,37 38 39,0,15,,40962,42,0,37 38 39,0,15,,40963,42,0,37 38 39,0,55,,40964,42,0,37 38 39,0,15,,40965,42,0,37 38 39,0,15,,40966,42,0,37 38 39,0,15,,40967,42,0,37 38 39,0,55,,40968,42,0,37 38 39,0,15,,40969,42,0,37 38 39,0,15,,40970,42,0,37 38 39,0,15,,40971,42,0,37 38 39,0,55,,40972,42,0,37 38 39,0,15,,40973,42,0,37 38 39,0,15,,40974,42,0,37 38 39,0,15,,40975,42,0,37 38 39,0,55,,40976,42,0,37 38 39,0,15,,40977,42,0,37 38 39,0,15,,40978,42,0,37 38 39,0,15,,40979,42,0,37 38 39,0,55,,40980,42,0,37 38 39,0,15,,40981,42,0,37 38 39,0,15,,40982,42,0,37 38 39,0,15,,40983,42,0,37 38 39,0,55,,40984,42,0,37 38 39,0,15,,40985,42,0,37 38 39,0,15,,40986,42,0,37 38 39,0,15,,40987,42,0,37 38 39,0,55,,40988,42,0,37 38 39,0,15,,40989,42,0,37 38 39,0,15,,40990,42,0,37 38 39,0,15,,40991,42,0,37 38 39,0,55,,40992,42,0,37 38 39,0,15,,40993,42,0,37 38 39,0,15,,40994,42,0,37 38 39,0,15,,40995,42,0,37 38 39,0,55,,40996,42,0,37 38 39,0,15,,40997,42,0,37 38 39,0,15,,40998,42,0,37 38 39,0,15,,40999,42,0,37 38 39,0,55,,41000,42,0,37 38 39,0,15,,41001,42,0,37 38 39,0,14,,41002,42,0,37 38 39,0,16,,40937,42,0,37 38 39,0,60,,40936,42,0,37 38 39,0,20,,40935,42,0,37 38 39,0,20,,40934,42,0,37 38 39,0,60,,40933,42,0,37 38 39,0,20,,40932,42,0,37 38 39,0,20,,40931,42,0,37 38 39,0,60,,40930,42,0,37 38 39,0,17,,40950,42,0,37 38 39,0,20,,40951,42,0,37 38 39,0,60,,40952,42,0,37 38 39,0,20,,40957,42,0,37 38 39,0,20,,40953,42,0,37 38 39,0,60,,40954,42,0,37 38 39,0,20,,40958,42,0,37 38 39,0,20,,40959,42,0,37 38 39,0,60,,40955,42,0,37 38 39,0,35,,40956,42,0,37 38 39,0,80,,40960,42,0,37 38 39,0
