579501,'1',511,,34741,15,,,0,20,,34742,15,,,0,20,,34743,15,,,0,60,,34744,15,,,0,18,,34745,15,,,0,15,,34746,15,,,0,15,,34747,15,,,0,51,,34748,15,,,0,15,,34749,15,,,0,15,,34750,15,,,0,15,,34751,15,,,0,55,,34752,15,,,0,15,,34753,15,,,0,15,,34754,15,,,0,15,,34755,15,,,0,56,,34756,15,,,0,15,,34757,15,,,0,15,,34758,15,,,0,15,,34759,15,,,0,57,,34760,15,,,0,20,,34761,15,,,0,20,,34762,15,,,0,60,,34763,15,,,0,20,,34764,15,,,0,20,,34765,15,,,0,60,,34766,15,,,0,20,,34767,15,,,0,20,,34768,15,,,0,60,,34769,15,,,0,20,,34770,15,,,0,21,,34771,15,,,0,59,,34772,15,,,0,14,,34773,15,,,0,16,,34774,15,,,0,14,,34775,15,,,0,55,,34776,15,,,0,15,,34777,15,,,0,15,,34778,15,,,0,15,,34779,15,,,0,55,,34780,15,,,0,15,,34781,15,,,0,15,,34782,15,,,0,15,,34783,15,,,0,55,,34784,15,,,0,15,,34785,15,,,0,15,,34786,15,,,0,60,,34787,15,,,0,30,,34788,15,,,0,69,,34789,15,,,0,30,,34790,15,,,0,70,,34791,15,,,0,30,,34792,15,,,0,70,,34793,15,,,0,30,,34794,15,,,0,70,,34795,15,,,0,30,,34796,15,,,0,70,,34797,15,,,0,30,,34798,15,,,0,70,,34799,15,,,0,47,,34800,15,,,0,73,,34801,15,,,0
579501,'2',553,,34835,15,,,0,74,,34833,15,,,0,30,,34830,15,,,0,70,,34813,15,,,0,30,,34826,15,,,0,70,,34827,15,,,0,30,,34832,15,,,0,64,,34837,15,,,0,30,,34838,15,,,0,70,,34831,15,,,0,30,,34836,15,,,0,70,,34834,15,,,0,30,,34840,15,,,0,70,,34802,15,,,0,30,,34806,15,,,0,70,,34805,15,,,0,30,,34839,15,,,0,70,,34803,15,,,0,30,,34804,15,,,0,70,,34807,15,,,0,30,,34811,15,,,0,70,,34812,15,,,0,30,,34815,15,,,0,70,,34818,15,,,0,30,,34819,15,,,0,75,,34809,15,,,0,30,,34808,15,,,0,70,,34810,15,,,0,30,,34820,15,,,0,70,,34821,15,,,0,30,,34823,15,,,0,70,,34816,15,,,0,30,,34817,15,,,0,70,,34814,15,,,0,30,,34828,15,,,0,70,,34829,15,,,0,30,,34822,15,,,0,70,,34824,15,,,0,30,,34825,15,,,0
579501,'3',556,,34846,15,,,0,75,,34845,15,,,0,73,,34847,15,,,0,30,,34844,15,,,0,70,,34848,15,,,0,30,,34843,15,,,0,70,,34849,15,,,0,28,,34850,15,,,0,70,,34851,15,,,0,30,,34852,15,,,0,70,,34853,15,,,0,30,,34854,15,,,0,70,,34855,15,,,0,30,,34856,15,,,0,70,,34857,15,,,0,30,,34858,15,,,0,70,,34859,15,,,0,30,,34860,15,,,0,70,,34861,15,,,0,30,,34862,15,,,0,70,,34863,15,,,0,30,,34864,15,,,0,70,,34865,15,,,0,30,,34866,15,,,0,70,,34867,15,,,0,30,,34868,15,,,0,70,,34842,15,,,0,30,,34869,15,,,0,70,,34841,15,,,0,30,,34870,15,,,0,70,,34871,15,,,0,30,,34872,15,,,0,70,,34873,15,,,0,32,,34874,15,,,0,70,,34875,15,,,0,30,,34876,15,,,0
579501,'4',636,,34899,15,,,0,100,,34898,15,,,0,70,,34897,15,,,0,30,,34896,15,,,0,70,,34895,15,,,0,30,,34894,15,,,0,70,,34893,15,,,0,30,,34892,15,,,0,70,,34891,15,,,0,30,,34890,15,,,0,70,,34889,15,,,0,30,,34888,15,,,0,70,,34887,15,,,0,30,,34886,15,,,0,70,,34885,15,,,0,30,,34884,15,,,0,70,,34883,15,,,0,30,,34882,15,,,0,70,,34881,15,,,0,45,,34880,15,,,0,85,,34900,15,,,0,85,,34879,15,,,0,85,,34878,15,,,0,45,,34877,15,,,0,85,,34901,15,,,0
579501,'6',556,,34907,15,,,0,75,,34906,15,,,0,73,,34908,15,,,0,30,,34905,15,,,0,70,,34909,15,,,0,30,,34904,15,,,0,70,,34910,15,,,0,28,,34911,15,,,0,70,,34912,15,,,0,30,,34913,15,,,0,70,,34914,15,,,0,30,,34915,15,,,0,70,,34916,15,,,0,30,,34917,15,,,0,70,,34918,15,,,0,30,,34919,15,,,0,70,,34920,15,,,0,30,,34921,15,,,0,70,,34922,15,,,0,30,,34923,15,,,0,70,,34924,15,,,0,30,,34925,15,,,0,70,,34926,15,,,0,30,,34927,15,,,0,70,,34928,15,,,0,30,,34929,15,,,0,70,,34903,15,,,0,30,,34930,15,,,0,70,,34902,15,,,0,30,,34931,15,,,0,70,,34932,15,,,0,30,,34933,15,,,0,70,,34934,15,,,0,32,,34935,15,,,0,70,,34936,15,,,0,30,,34937,15,,,0
583001,'1601',835,,41956,44,,,0,720,,41951,32,,,0
583001,'1',506,,41985,44,,,0,15,,41992,44,,,0,15,,41984,44,,,0,20,,42011,44,,,0,60,,41991,44,,,0,20,,41990,44,,,0,10,,41988,44,,,0,55,,41958,24,,,0,16,,41989,44,,,0,15,,41983,44,,,0,15,,41978,44,,,0,55,,41982,44,,,0,15,,41977,44,,,0,15,,41981,44,,,0,15,,41976,44,,,0,55,,41980,44,,,0,15,,41975,44,,,0,15,,41979,44,,,0,20,,41993,44,,,0,60,,41994,44,,,0,22,,42012,44,,,0,20,,41995,44,,,0,60,,41996,44,,,0,20,,41997,44,,,0,20,,41998,44,,,0,60,,41999,44,,,0,20,,42000,44,,,0,20,,42001,44,,,0,60,,42002,44,,,0,20,,42003,44,,,0,20,,41987,44,,,0,55,,41986,44,,,0,16,,41974,44,,,0,15,,41966,44,,,0,15,,41973,44,,,0,55,,41965,44,,,0,15,,41972,44,,,0,15,,41964,44,,,0,15,,41971,44,,,0,55,,41963,44,,,0,15,,41970,44,,,0,15,,41962,44,,,0,15,,41969,44,,,0,55,,41961,44,,,0,15,,41968,44,,,0,15,,41960,44,,,0,15,,41967,44,,,0,55,,41959,44,,,0,15,,41957,44,,,0,15,,42004,44,,,0,15,,42005,44,,,0,60,,42006,44,,,0,16,,42007,44,,,0,20,,42008,44,,,0,60,,42009,44,,,0,20,,42010,44,,,0,20,,42026,44,,,0,60,,42025,44,,,0,20,,42024,44,,,0,20,,42023,44,,,0,60,,42022,44,,,0,17,,42021,44,,,0,20,,42020,44,,,0,60,,42019,44,,,0,20,,42018,44,,,0,20,,42017,44,,,0,60,,42016,44,,,0,20,,42015,44,,,0,20,,42014,44,,,0
583001,'2',528,,42082,44,,,0,76,,42081,44,,,0,35,,42080,44,,,0,69,,42079,44,,,0,31,,42078,44,,,0,70,,42077,44,,,0,28,,42075,24,,,0,20,,42076,44,,,0,60,,42074,44,,,0,20,,42073,44,,,0,20,,42072,44,,,0,60,,42071,44,,,0,20,,42070,44,,,0,20,,42069,44,,,0,60,,42068,44,,,0,20,,42067,44,,,0,20,,42066,44,,,0,60,,42065,44,,,0,20,,42064,44,,,0,20,,42063,44,,,0,60,,42062,44,,,0,20,,42061,44,,,0,20,,42060,44,,,0,60,,42059,44,,,0,20,,42058,44,,,0,20,,42057,44,,,0,60,,42056,44,,,0,20,,42055,44,,,0,20,,42054,44,,,0,60,,42053,44,,,0,20,,42052,44,,,0,20,,42051,44,,,0,60,,42050,44,,,0,20,,42049,44,,,0,20,,42048,44,,,0,60,,42047,44,,,0,20,,42046,44,,,0,20,,42045,44,,,0,60,,42044,44,,,0,16,,42043,44,,,0,20,,42042,44,,,0,60,,42041,44,,,0,20,,42040,44,,,0,20,,42039,44,,,0,60,,42038,44,,,0,20,,42037,44,,,0,20,,42036,44,,,0,60,,42035,44,,,0,19,,42034,44,,,0,20,,42033,44,,,0,60,,42032,44,,,0,21,,42031,44,,,0,20,,42030,44,,,0,60,,42029,44,,,0,20,,42028,44,,,0,18,,42027,44,,,0
583001,'3',545,,42097,44,,,0,80,,42111,44,,,0,80,,42096,44,,,0,40,,42112,44,,,0,80,,42088,44,,,0,80,,42103,44,,,0,20,,42113,44,,,0,20,,42099,44,,,0,60,,42114,44,,,0,23,,42100,44,,,0,20,,42115,44,,,0,60,,42098,44,,,0,20,,42116,44,,,0,20,,42095,44,,,0,60,,42117,44,,,0,20,,42106,44,,,0,20,,42118,44,,,0,60,,42090,44,,,0,20,,42119,44,,,0,20,,42108,44,,,0,60,,42120,44,,,0,20,,42107,44,,,0,20,,42121,44,,,0,60,,42092,44,,,0,20,,42122,44,,,0,20,,42109,44,,,0,60,,42123,44,,,0,20,,42091,44,,,0,20,,42124,44,,,0,60,,42104,44,,,0,20,,42125,44,,,0,20,,42102,44,,,0,60,,42126,44,,,0,20,,42101,44,,,0,20,,42127,44,,,0,60,,42105,44,,,0,17,,42128,44,,,0,25,,42110,44,,,0,60,,42129,44,,,0,20,,42094,44,,,0,20,,42089,44,,,0,60,,42093,44,,,0,30,,42087,44,,,0,70,,42085,44,,,0,29,,42086,44,,,0,70,,42084,44,,,0,30,,42083,44,,,0
583001,'4',618,,42160,24,,,0,24,,42130,44,,,0,70,,42131,44,,,0,30,,42132,44,,,0,70,,42133,44,,,0,30,,42134,44,,,0,70,,42135,44,,,0,30,,42136,44,,,0,70,,42137,44,,,0,30,,42138,44,,,0,70,,42139,44,,,0,30,,42140,44,,,0,70,,42141,44,,,0,30,,42142,44,,,0,70,,42143,44,,,0,30,,42144,44,,,0,70,,42145,44,,,0,30,,42146,44,,,0,70,,42147,44,,,0,30,,42148,44,,,0,70,,42149,44,,,0,30,,42150,44,,,0,70,,42151,44,,,0,30,,42152,44,,,0,70,,42153,44,,,0,30,,42154,44,,,0,70,,42155,44,,,0,30,,42156,44,,,0,70,,42157,44,,,0,30,,42158,44,,,0,70,,42159,44,,,0
583001,'6',528,,42217,44,,,0,76,,42216,44,,,0,35,,42215,44,,,0,69,,42214,44,,,0,31,,42213,44,,,0,70,,42212,44,,,0,28,,42210,24,,,0,20,,42211,44,,,0,60,,42209,44,,,0,20,,42208,44,,,0,20,,42207,44,,,0,60,,42206,44,,,0,20,,42205,44,,,0,20,,42204,44,,,0,60,,42203,44,,,0,20,,42202,44,,,0,20,,42201,44,,,0,60,,42200,44,,,0,20,,42199,44,,,0,20,,42198,44,,,0,60,,42197,44,,,0,20,,42196,44,,,0,20,,42195,44,,,0,60,,42194,44,,,0,20,,42193,44,,,0,20,,42192,44,,,0,60,,42191,44,,,0,20,,42190,44,,,0,20,,42189,44,,,0,60,,42188,44,,,0,20,,42187,44,,,0,20,,42186,44,,,0,60,,42185,44,,,0,20,,42184,44,,,0,20,,42183,44,,,0,60,,42182,44,,,0,20,,42181,44,,,0,20,,42180,44,,,0,60,,42179,44,,,0,16,,42178,44,,,0,20,,42177,44,,,0,60,,42176,44,,,0,20,,42175,44,,,0,20,,42174,44,,,0,60,,42173,44,,,0,20,,42172,44,,,0,20,,42171,44,,,0,60,,42170,44,,,0,19,,42169,44,,,0,20,,42168,44,,,0,60,,42167,44,,,0,21,,42166,44,,,0,20,,42165,44,,,0,60,,42164,44,,,0,20,,42163,44,,,0,18,,42162,44,,,0
