579500,'1601',1449,,34541,7,0,47 48 2 8 49 4 7,0
579500,'1',521,,34542,29,,,0,20,,34543,29,,,0,61,,34544,29,,,0,20,,34545,29,,,0,20,,34546,29,,,0,60,,34547,29,,,0,15,,34548,29,,,0,15,,34549,29,,,0,15,,34550,29,,,0,55,,34551,29,,,0,15,,34552,29,,,0,15,,34553,29,,,0,15,,34554,29,,,0,55,,34555,29,,,0,15,,34556,29,,,0,15,,34557,29,,,0,15,,34558,29,,,0,60,,34559,29,,,0,23,,34560,29,,,0,17,,34561,29,,,0,60,,34562,29,,,0,20,,34563,29,,,0,20,,34564,29,,,0,60,,34565,29,,,0,20,,34566,29,,,0,20,,34567,29,,,0,60,,34568,29,,,0,20,,34569,29,,,0,20,,34570,29,,,0,64,,34571,29,,,0,20,,34572,29,,,0,20,,34573,29,,,0,60,,34574,29,,,0,15,,34575,29,,,0,15,,34576,29,,,0,15,,34577,29,,,0,55,,34578,29,,,0,15,,34579,29,,,0,15,,34580,29,,,0,15,,34581,29,,,0,55,,34582,29,,,0,15,,34583,29,,,0,15,,34584,29,,,0,15,,34585,29,,,0,55,,34586,29,,,0,15,,34587,29,,,0,26,,34588,29,,,0,70,,34589,29,,,0,30,,34590,29,,,0,70,,34591,29,,,0,30,,34592,29,,,0,70,,34593,29,,,0,30,,34594,29,,,0,69,,34595,29,,,0,30,,34596,29,,,0,70,,34597,29,,,0,30,,34598,29,,,0,70,,34599,29,,,0,30,,34600,29,,,0,90,,34601,29,,,0
579500,'2',612,,34622,29,,,0,30,,34631,29,,,0,70,,34633,29,,,0,30,,34637,29,,,0,70,,34614,29,,,0,30,,34638,29,,,0,70,,34613,29,,,0,31,,34628,29,,,0,70,,34626,29,,,0,30,,34629,29,,,0,70,,34603,29,,,0,30,,34640,29,,,0,70,,34609,29,,,0,30,,34623,29,,,0,70,,34632,29,,,0,30,,34607,29,,,0,70,,34604,29,,,0,30,,34606,29,,,0,70,,34602,29,,,0,30,,34608,29,,,0,70,,34615,29,,,0,30,,34605,29,,,0,70,,34612,29,,,0,30,,34610,29,,,0,70,,34611,29,,,0,30,,34616,29,,,0,70,,34636,29,,,0,28,,34627,29,,,0,70,,34617,29,,,0,30,,34619,29,,,0,70,,34634,29,,,0,30,,34630,29,,,0,70,,34618,29,,,0,30,,34620,29,,,0,70,,34621,29,,,0,30,,34635,29,,,0,70,,34639,29,,,0,40,,34625,29,,,0,90,,34624,29,,,0
579500,'3',620,,34653,29,,,0,30,,34645,29,,,0,70,,34652,29,,,0,30,,34644,29,,,0,70,,34654,29,,,0,30,,34643,29,,,0,73,,34646,29,,,0,30,,34647,29,,,0,70,,34648,29,,,0,30,,34649,29,,,0,70,,34650,29,,,0,30,,34655,29,,,0,70,,34657,29,,,0,30,,34669,29,,,0,70,,34656,29,,,0,30,,34658,29,,,0,70,,34661,29,,,0,30,,34660,29,,,0,70,,34659,29,,,0,30,,34662,29,,,0,70,,34663,29,,,0,30,,34664,29,,,0,70,,34666,29,,,0,30,,34668,29,,,0,70,,34667,29,,,0,30,,34665,29,,,0,68,,34642,29,,,0,30,,34651,29,,,0,70,,34641,29,,,0,30,,34670,29,,,0,70,,34671,29,,,0,30,,34672,29,,,0,70,,34673,29,,,0,30,,34674,29,,,0,70,,34675,29,,,0,30,,34676,29,,,0,70,,34677,29,,,0
579500,'4',649,,34703,29,,,0,70,,34700,29,,,0,30,,34699,29,,,0,70,,34698,29,,,0,30,,34697,29,,,0,72,,34696,29,,,0,30,,34695,29,,,0,70,,34694,29,,,0,30,,34693,29,,,0,70,,34692,29,,,0,30,,34691,29,,,0,70,,34690,29,,,0,30,,34689,29,,,0,70,,34688,29,,,0,30,,34687,29,,,0,70,,34686,29,,,0,30,,34685,29,,,0,70,,34684,29,,,0,85,,34680,29,,,0,45,,34679,29,,,0,85,,34701,29,,,0,84,,34678,29,,,0,85,,34683,29,,,0,45,,34682,29,,,0,85,,34702,29,,,0,85,,34681,29,,,0
579500,'6',620,,34716,29,,,0,30,,34708,29,,,0,70,,34715,29,,,0,30,,34707,29,,,0,70,,34717,29,,,0,30,,34706,29,,,0,73,,34709,29,,,0,30,,34710,29,,,0,70,,34711,29,,,0,30,,34712,29,,,0,70,,34713,29,,,0,30,,34718,29,,,0,70,,34720,29,,,0,30,,34732,29,,,0,70,,34719,29,,,0,30,,34721,29,,,0,70,,34724,29,,,0,30,,34723,29,,,0,70,,34722,29,,,0,30,,34725,29,,,0,70,,34726,29,,,0,30,,34727,29,,,0,70,,34729,29,,,0,30,,34731,29,,,0,70,,34730,29,,,0,30,,34728,29,,,0,68,,34705,29,,,0,30,,34714,29,,,0,70,,34704,29,,,0,30,,34733,29,,,0,70,,34734,29,,,0,30,,34735,29,,,0,70,,34736,29,,,0,30,,34737,29,,,0,70,,34738,29,,,0,30,,34739,29,,,0,70,,34740,29,,,0
583000,'1601',1448,,41675,5,,,0
583000,'1',520,,41750,5,,,0,87,,41714,35,,,0,20,,41713,35,,,0,15,,41710,35,,,0,60,,41709,35,,,0,20,,41707,35,,,0,15,,41702,35,,,0,15,,41706,35,,,0,55,,41701,35,,,0,15,,41705,35,,,0,15,,41700,35,,,0,15,,41704,35,,,0,55,,41699,35,,,0,15,,41703,35,,,0,15,,41682,35,,,0,15,,41708,35,,,0,55,,41749,35,,,0,15,,41748,35,,,0,20,,41747,35,,,0,60,,41746,35,,,0,20,,41716,35,,,0,20,,41717,35,,,0,60,,41718,35,,,0,20,,41719,35,,,0,20,,41720,35,,,0,60,,41721,35,,,0,20,,41722,35,,,0,20,,41723,35,,,0,60,,41724,35,,,0,20,,41698,35,,,0,15,,41690,35,,,0,15,,41697,35,,,0,55,,41689,35,,,0,15,,41696,35,,,0,15,,41688,35,,,0,15,,41695,35,,,0,55,,41687,35,,,0,15,,41694,35,,,0,15,,41686,35,,,0,15,,41693,35,,,0,55,,41685,35,,,0,15,,41692,35,,,0,15,,41684,35,,,0,15,,41691,35,,,0,55,,41683,35,,,0,15,,41712,35,,,0,15,,41681,35,,,0,20,,41725,35,,,0,60,,41726,35,,,0,20,,41727,35,,,0,20,,41745,35,,,0,60,,41744,35,,,0,20,,41743,35,,,0,20,,41742,35,,,0,60,,41741,35,,,0,20,,41740,35,,,0,20,,41739,35,,,0,60,,41738,35,,,0,23,,41737,35,,,0,60,,41736,35,,,0,20,,41735,35,,,0,20,,41734,35,,,0,60,,41733,35,,,0,20,,41732,35,,,0,20,,41731,35,,,0,60,,41730,35,,,0,20,,41729,35,,,0,20,,41728,35,,,0
583000,'2',629,,41807,35,,,0,75,,41806,35,,,0,35,,41805,35,,,0,74,,41804,35,,,0,35,,41754,35,,,0,70,,41803,35,,,0,30,,41802,35,,,0,60,,41801,35,,,0,20,,41800,35,,,0,20,,41799,35,,,0,60,,41798,35,,,0,20,,41797,35,,,0,20,,41796,35,,,0,60,,41795,35,,,0,20,,41794,35,,,0,20,,41793,35,,,0,60,,41792,35,,,0,20,,41791,35,,,0,20,,41790,35,,,0,60,,41789,35,,,0,20,,41788,35,,,0,20,,41787,35,,,0,60,,41786,35,,,0,20,,41785,35,,,0,20,,41784,35,,,0,60,,41783,35,,,0,20,,41782,35,,,0,20,,41781,35,,,0,60,,41780,35,,,0,20,,41779,35,,,0,20,,41778,35,,,0,60,,41777,35,,,0,20,,41776,35,,,0,20,,41775,35,,,0,55,,41774,35,,,0,21,,41773,35,,,0,20,,41772,35,,,0,60,,41771,35,,,0,20,,41770,35,,,0,20,,41769,35,,,0,60,,41768,35,,,0,20,,41767,35,,,0,20,,41766,35,,,0,60,,41765,35,,,0,27,,41764,35,,,0,20,,41763,35,,,0,60,,41762,35,,,0,20,,41761,35,,,0,20,,41760,35,,,0,60,,41759,35,,,0,20,,41758,35,,,0,20,,41757,35,,,0,68,,41756,35,,,0
583000,'3',644,,41851,35,,,0,80,,41841,35,,,0,80,,41848,35,,,0,40,,41849,35,,,0,80,,41822,35,,,0,81,,41824,35,,,0,25,,41823,35,,,0,20,,41846,35,,,0,60,,41821,35,,,0,20,,41847,35,,,0,20,,41836,35,,,0,60,,41834,35,,,0,20,,41835,35,,,0,20,,41817,35,,,0,60,,41832,35,,,0,20,,41837,35,,,0,20,,41838,35,,,0,60,,41839,35,,,0,20,,41840,35,,,0,20,,41820,35,,,0,60,,41844,35,,,0,20,,41842,35,,,0,20,,41816,35,,,0,60,,41854,35,,,0,20,,41859,35,,,0,20,,41852,35,,,0,60,,41853,35,,,0,20,,41843,35,,,0,20,,41818,35,,,0,60,,41856,35,,,0,15,,41826,35,,,0,20,,41830,35,,,0,60,,41825,35,,,0,20,,41819,35,,,0,20,,41855,35,,,0,60,,41857,35,,,0,20,,41828,35,,,0,20,,41831,35,,,0,60,,41833,35,,,0,20,,41829,35,,,0,21,,41827,35,,,0,63,,41858,35,,,0,25,,41815,35,,,0,70,,41813,35,,,0,30,,41814,35,,,0,80,,41812,35,,,0
583000,'4',705,,41875,35,,,0,28,,41888,35,,,0,70,,41874,35,,,0,30,,41887,35,,,0,70,,41873,35,,,0,30,,41886,35,,,0,70,,41872,35,,,0,30,,41885,35,,,0,70,,41871,35,,,0,30,,41884,35,,,0,70,,41870,35,,,0,30,,41883,35,,,0,70,,41869,35,,,0,30,,41868,35,,,0,70,,41867,35,,,0,30,,41866,35,,,0,70,,41882,35,,,0,30,,41865,35,,,0,70,,41881,35,,,0,30,,41864,35,,,0,70,,41880,35,,,0,30,,41863,35,,,0,70,,41879,35,,,0,30,,41862,35,,,0,70,,41878,35,,,0,30,,41861,35,,,0,70,,41877,35,,,0,30,,41860,35,,,0,70,,41876,35,,,0
583000,'6',629,,41943,35,,,0,75,,41942,35,,,0,35,,41941,35,,,0,74,,41940,35,,,0,35,,41890,35,,,0,70,,41939,35,,,0,30,,41938,35,,,0,60,,41937,35,,,0,20,,41936,35,,,0,20,,41935,35,,,0,60,,41934,35,,,0,20,,41933,35,,,0,20,,41932,35,,,0,60,,41931,35,,,0,20,,41930,35,,,0,20,,41929,35,,,0,60,,41928,35,,,0,20,,41927,35,,,0,20,,41926,35,,,0,60,,41925,35,,,0,20,,41924,35,,,0,20,,41923,35,,,0,60,,41922,35,,,0,20,,41921,35,,,0,20,,41920,35,,,0,60,,41919,35,,,0,20,,41918,35,,,0,20,,41917,35,,,0,60,,41916,35,,,0,20,,41915,35,,,0,20,,41914,35,,,0,60,,41913,35,,,0,20,,41912,35,,,0,20,,41911,35,,,0,55,,41910,35,,,0,21,,41909,35,,,0,20,,41908,35,,,0,60,,41907,35,,,0,20,,41906,35,,,0,20,,41905,35,,,0,60,,41904,35,,,0,20,,41903,35,,,0,20,,41902,35,,,0,60,,41901,35,,,0,27,,41900,35,,,0,20,,41899,35,,,0,60,,41898,35,,,0,20,,41897,35,,,0,20,,41896,35,,,0,60,,41895,35,,,0,20,,41894,35,,,0,20,,41893,35,,,0,68,,41892,35,,,0
