582300,'8701',631,,40212,15,0,14 15 16,0,897,,40211,15,0,14 15 16,0
582301,'8701',716,,40214,29,0,14 15 16,0,897,,40213,29,0,14 15 16,0
583100,'1601',708,,42218,16,0,11 4 12 13,0,738,,42220,16,0,11 4 12 13,0
583100,'1',526,,42222,16,0,11 4 12 13,0,30,,42224,16,0,11 4 12 13,0,70,,42226,16,0,11 4 12 13,0,30,,42228,16,0,11 4 12 13,0,70,,42230,16,0,11 4 12 13,0,30,,42232,16,0,11 4 12 13,0,70,,42234,16,0,11 4 12 13,0,30,,42236,16,0,11 4 12 13,0,70,,42238,16,0,11 4 12 13,0,30,,42240,16,0,11 4 12 13,0,70,,42242,16,0,11 4 12 13,0,30,,42244,16,0,11 4 12 13,0,70,,42246,16,0,11 4 12 13,0,30,,42248,16,0,11 4 12 13,0,70,,42250,16,0,11 4 12 13,0,30,,42252,16,0,11 4 12 13,0,70,,42254,16,0,11 4 12 13,0,30,,42256,16,0,11 4 12 13,0,70,,42258,16,0,11 4 12 13,0,30,,42260,16,0,11 4 12 13,0,70,,42262,16,0,11 4 12 13,0,30,,42264,16,0,11 4 12 13,0,70,,42266,16,0,11 4 12 13,0,30,,42268,16,0,11 4 12 13,0,70,,42270,16,0,11 4 12 13,0,30,,42272,16,0,11 4 12 13,0,70,,42274,16,0,11 4 12 13,0,30,,42276,16,0,11 4 12 13,0,70,,42278,16,0,11 4 12 13,0,30,,42280,16,0,11 4 12 13,0,72,,42282,16,0,11 4 12 13,0,30,,42284,16,0,11 4 12 13,0,70,,42286,16,0,11 4 12 13,0,97,,42288,16,0,11 4 12 13,0,100,,42290,16,0,11 4 12 13,0,100,,42292,16,0,11 4 12 13,0
583100,'2',524,,42295,16,0,11 4 12 13,0,30,,42297,16,0,11 4 12 13,0,70,,42299,16,0,11 4 12 13,0,30,,42301,16,0,11 4 12 13,0,70,,42303,16,0,11 4 12 13,0,30,,42305,16,0,11 4 12 13,0,70,,42307,16,0,11 4 12 13,0,30,,42309,16,0,11 4 12 13,0,70,,42311,16,0,11 4 12 13,0,30,,42313,16,0,11 4 12 13,0,70,,42315,16,0,11 4 12 13,0,30,,42317,16,0,11 4 12 13,0,70,,42319,16,0,11 4 12 13,0,30,,42321,16,0,11 4 12 13,0,70,,42323,16,0,11 4 12 13,0,30,,42325,16,0,11 4 12 13,0,70,,42327,16,0,11 4 12 13,0,30,,42329,16,0,11 4 12 13,0,70,,42331,16,0,11 4 12 13,0,30,,42333,16,0,11 4 12 13,0,70,,42335,16,0,11 4 12 13,0,30,,42337,16,0,11 4 12 13,0,70,,42339,16,0,11 4 12 13,0,30,,42341,16,0,11 4 12 13,0,70,,42343,16,0,11 4 12 13,0,30,,42345,16,0,11 4 12 13,0,70,,42347,16,0,11 4 12 13,0,30,,42349,16,0,11 4 12 13,0,70,,42351,16,0,11 4 12 13,0,30,,42353,16,0,11 4 12 13,0,70,,42355,16,0,11 4 12 13,0,30,,42357,16,0,11 4 12 13,0,70,,42359,16,0,11 4 12 13,0,100,,42361,16,0,11 4 12 13,0,100,,42363,16,0,11 4 12 13,0,115,,42365,16,0,11 4 12 13,0
583100,'3',554,,42366,16,0,11 4 12 13,0,70,,42368,16,0,11 4 12 13,0,30,,42370,16,0,11 4 12 13,0,70,,42372,16,0,11 4 12 13,0,30,,42374,16,0,11 4 12 13,0,70,,42376,16,0,11 4 12 13,0,30,,42378,16,0,11 4 12 13,0,70,,42380,16,0,11 4 12 13,0,30,,42382,16,0,11 4 12 13,0,70,,42384,16,0,11 4 12 13,0,30,,42386,16,0,11 4 12 13,0,70,,42388,16,0,11 4 12 13,0,30,,42390,16,0,11 4 12 13,0,70,,42392,16,0,11 4 12 13,0,30,,42394,16,0,11 4 12 13,0,70,,42396,16,0,11 4 12 13,0,30,,42398,16,0,11 4 12 13,0,70,,42400,16,0,11 4 12 13,0,30,,42402,16,0,11 4 12 13,0,70,,42404,16,0,11 4 12 13,0,30,,42406,16,0,11 4 12 13,0,70,,42408,16,0,11 4 12 13,0,30,,42410,16,0,11 4 12 13,0,70,,42412,16,0,11 4 12 13,0,30,,42414,16,0,11 4 12 13,0,70,,42416,16,0,11 4 12 13,0,30,,42418,16,0,11 4 12 13,0,69,,42420,16,0,11 4 12 13,0,30,,42422,16,0,11 4 12 13,0,70,,42424,16,0,11 4 12 13,0,30,,42426,16,0,11 4 12 13,0,70,,42428,16,0,11 4 12 13,0,100,,42430,16,0,11 4 12 13,0,100,,42432,16,0,11 4 12 13,0
583100,'4',624,,42433,16,0,11 4 12 13,0,100,,42435,16,0,11 4 12 13,0,100,,42437,16,0,11 4 12 13,0,100,,42439,16,0,11 4 12 13,0,100,,42441,16,0,11 4 12 13,0,100,,42443,16,0,11 4 12 13,0,100,,42445,16,0,11 4 12 13,0,100,,42447,16,0,11 4 12 13,0,100,,42449,16,0,11 4 12 13,0,100,,42451,16,0,11 4 12 13,0,100,,42453,16,0,11 4 12 13,0,100,,42455,16,0,11 4 12 13,0,100,,42457,16,0,11 4 12 13,0,100,,42459,16,0,11 4 12 13,0,100,,42461,16,0,11 4 12 13,0
583100,'6',554,,42463,16,0,11 4 12 13,0,70,,42465,16,0,11 4 12 13,0,30,,42467,16,0,11 4 12 13,0,70,,42469,16,0,11 4 12 13,0,30,,42471,16,0,11 4 12 13,0,70,,42473,16,0,11 4 12 13,0,30,,42475,16,0,11 4 12 13,0,70,,42477,16,0,11 4 12 13,0,30,,42479,16,0,11 4 12 13,0,70,,42481,16,0,11 4 12 13,0,30,,42483,16,0,11 4 12 13,0,70,,42485,16,0,11 4 12 13,0,30,,42487,16,0,11 4 12 13,0,70,,42489,16,0,11 4 12 13,0,30,,42491,16,0,11 4 12 13,0,70,,42493,16,0,11 4 12 13,0,30,,42495,16,0,11 4 12 13,0,70,,42497,16,0,11 4 12 13,0,30,,42499,16,0,11 4 12 13,0,70,,42501,16,0,11 4 12 13,0,30,,42503,16,0,11 4 12 13,0,70,,42505,16,0,11 4 12 13,0,30,,42507,16,0,11 4 12 13,0,70,,42509,16,0,11 4 12 13,0,30,,42511,16,0,11 4 12 13,0,70,,42513,16,0,11 4 12 13,0,30,,42515,16,0,11 4 12 13,0,69,,42517,16,0,11 4 12 13,0,30,,42519,16,0,11 4 12 13,0,70,,42521,16,0,11 4 12 13,0,30,,42523,16,0,11 4 12 13,0,70,,42525,16,0,11 4 12 13,0,100,,42527,16,0,11 4 12 13,0,100,,42529,16,0,11 4 12 13,0
583101,'1601',756,,42530,20,,,0,777,,42532,20,,,0
583101,'1',619,,42535,20,,,0,30,,42537,20,,,0,70,,42539,20,,,0,30,,42541,20,,,0,70,,42543,20,,,0,30,,42545,20,,,0,70,,42547,20,,,0,30,,42549,20,,,0,70,,42551,20,,,0,30,,42553,20,,,0,70,,42555,20,,,0,30,,42557,20,,,0,70,,42559,20,,,0,30,,42561,20,,,0,70,,42563,20,,,0,30,,42565,20,,,0,70,,42567,20,,,0,30,,42569,20,,,0,70,,42571,20,,,0,30,,42573,20,,,0,70,,42575,20,,,0,30,,42577,20,,,0,70,,42579,20,,,0,30,,42581,20,,,0,70,,42583,20,,,0,30,,42585,20,,,0,71,,42587,20,,,0,30,,42589,20,,,0,70,,42591,20,,,0,30,,42593,20,,,0,70,,42595,20,,,0,30,,42597,20,,,0,80,,42599,20,,,0,100,,42601,20,,,0,100,,42603,20,,,0,80,,42605,20,,,0
583101,'2',610,,42609,20,,,0,30,,42611,20,,,0,70,,42613,20,,,0,30,,42615,20,,,0,70,,42617,20,,,0,30,,42619,20,,,0,70,,42621,20,,,0,30,,42623,20,,,0,70,,42625,20,,,0,30,,42627,20,,,0,70,,42629,20,,,0,30,,42631,20,,,0,70,,42633,20,,,0,30,,42635,20,,,0,70,,42637,20,,,0,30,,42639,20,,,0,70,,42641,20,,,0,30,,42643,20,,,0,70,,42645,20,,,0,30,,42647,20,,,0,70,,42649,20,,,0,30,,42651,20,,,0,70,,42653,20,,,0,30,,42655,20,,,0,70,,42657,20,,,0,30,,42659,20,,,0,70,,42661,20,,,0,30,,42663,20,,,0,70,,42665,20,,,0,30,,42667,20,,,0,70,,42669,20,,,0,30,,42671,20,,,0,75,,42673,20,,,0,100,,42675,20,,,0,100,,42677,20,,,0,100,,42679,20,,,0
583101,'3',641,,42680,20,,,0,70,,42682,20,,,0,30,,42684,20,,,0,70,,42686,20,,,0,30,,42688,20,,,0,70,,42690,20,,,0,30,,42692,20,,,0,70,,42694,20,,,0,30,,42696,20,,,0,70,,42698,20,,,0,30,,42700,20,,,0,70,,42702,20,,,0,30,,42704,20,,,0,70,,42706,20,,,0,30,,42708,20,,,0,70,,42710,20,,,0,30,,42712,20,,,0,70,,42714,20,,,0,30,,42716,20,,,0,70,,42718,20,,,0,30,,42720,20,,,0,70,,42722,20,,,0,30,,42724,20,,,0,70,,42726,20,,,0,30,,42728,20,,,0,71,,42730,20,,,0,30,,42732,20,,,0,70,,42734,20,,,0,30,,42736,20,,,0,70,,42738,20,,,0,30,,42740,20,,,0,75,,42742,20,,,0,106,,42744,20,,,0,93,,42746,20,,,0
583101,'4',718,,42747,20,,,0,100,,42749,20,,,0,100,,42751,20,,,0,100,,42753,20,,,0,100,,42755,20,,,0,100,,42757,20,,,0,100,,42759,20,,,0,100,,42761,20,,,0,100,,42763,20,,,0,100,,42765,20,,,0,100,,42767,20,,,0,100,,42769,20,,,0,100,,42771,20,,,0,100,,42773,20,,,0,100,,42775,20,,,0
583101,'6',641,,42777,20,,,0,70,,42779,20,,,0,30,,42781,20,,,0,70,,42783,20,,,0,30,,42785,20,,,0,70,,42787,20,,,0,30,,42789,20,,,0,70,,42791,20,,,0,30,,42793,20,,,0,70,,42795,20,,,0,30,,42797,20,,,0,70,,42799,20,,,0,30,,42801,20,,,0,70,,42803,20,,,0,30,,42805,20,,,0,70,,42807,20,,,0,30,,42809,20,,,0,70,,42811,20,,,0,30,,42813,20,,,0,70,,42815,20,,,0,30,,42817,20,,,0,70,,42819,20,,,0,30,,42821,20,,,0,70,,42823,20,,,0,30,,42825,20,,,0,71,,42827,20,,,0,30,,42829,20,,,0,70,,42831,20,,,0,30,,42833,20,,,0,70,,42835,20,,,0,30,,42837,20,,,0,75,,42839,20,,,0,106,,42841,20,,,0,93,,42843,20,,,0
