578400,'1',530,,31499,10,,,0,70,,31500,10,,,0,30,,31501,10,,,0,70,,31502,10,,,0,30,,31503,10,,,0,15,,31504,10,,,0,60,,31505,10,,,0,20,,31506,10,,,0,20,,31507,10,,,0,60,,31508,10,,,0,19,,31509,10,,,0,20,,31510,10,,,0,60,,31511,10,,,0,20,,31512,10,,,0,25,,31513,10,,,0,70,,31514,10,,,0,30,,31515,10,,,0,70,,31516,10,,,0,30,,31517,10,,,0,70,,31518,10,,,0,30,,31519,10,,,0,65,,31520,10,,,0,30,,31521,10,,,0,71,,31522,10,,,0,20,,31523,10,,,0,20,,31524,10,,,0,60,,31525,10,,,0,20,,31526,10,,,0,20,,31527,10,,,0,60,,31528,10,,,0,20,,31529,10,,,0,20,,31530,10,,,0,60,,31531,10,,,0,93,,31532,10,,,0,100,,31533,10,,,0,100,,31534,10,,,0,100,,31535,10,,,0,100,,31536,10,,,0,100,,31537,10,,,0,100,,31538,10,,,0
578400,'2',508,,31539,10,,,0,30,,31570,10,,,0,70,,31540,10,,,0,30,,31571,10,,,0,70,,31541,10,,,0,30,,31572,10,,,0,71,,31542,10,,,0,30,,31543,10,,,0,70,,31544,10,,,0,30,,31545,10,,,0,70,,31546,10,,,0,30,,31547,10,,,0,70,,31548,10,,,0,30,,31549,10,,,0,70,,31550,10,,,0,30,,31551,10,,,0,70,,31552,10,,,0,30,,31553,10,,,0,70,,31554,10,,,0,30,,31555,10,,,0,70,,31556,10,,,0,30,,31557,10,,,0,70,,31558,10,,,0,30,,31559,10,,,0,70,,31560,10,,,0,30,,31561,10,,,0,70,,31562,10,,,0,99,,31563,10,,,0,100,,31564,10,,,0,100,,31565,10,,,0,99,,31566,10,,,0,100,,31567,10,,,0,100,,31568,10,,,0,100,,31569,10,,,0
578400,'3',607,,31573,10,,,0,30,,31597,10,,,0,70,,31596,10,,,0,30,,31598,10,,,0,70,,31595,10,,,0,30,,31599,10,,,0,70,,31594,10,,,0,30,,31600,10,,,0,72,,31593,10,,,0,30,,31580,10,,,0,70,,31592,10,,,0,30,,31579,10,,,0,70,,31591,10,,,0,30,,31578,10,,,0,70,,31590,10,,,0,30,,31577,10,,,0,70,,31589,10,,,0,30,,31576,10,,,0,70,,31588,10,,,0,30,,31575,10,,,0,70,,31587,10,,,0,30,,31574,10,,,0,70,,31586,10,,,0,100,,31585,10,,,0,98,,31584,10,,,0,100,,31583,10,,,0,100,,31582,10,,,0,100,,31581,10,,,0,100,,31601,10,,,0,100,,31602,10,,,0
578400,'4',606,,31603,10,,,0,101,,31604,10,,,0,100,,31605,10,,,0,100,,31606,10,,,0,100,,31607,10,,,0,100,,31608,10,,,0,100,,31609,10,,,0,100,,31610,10,,,0,100,,31611,10,,,0,100,,31612,10,,,0,100,,31613,10,,,0,100,,31614,10,,,0,100,,31615,10,,,0,100,,31616,10,,,0,100,,31617,10,,,0,100,,31618,10,,,0
578400,'6',607,,31619,10,,,0,30,,31643,10,,,0,70,,31642,10,,,0,30,,31644,10,,,0,70,,31641,10,,,0,30,,31645,10,,,0,70,,31640,10,,,0,30,,31646,10,,,0,72,,31639,10,,,0,30,,31626,10,,,0,70,,31638,10,,,0,30,,31625,10,,,0,70,,31637,10,,,0,30,,31624,10,,,0,70,,31636,10,,,0,30,,31623,10,,,0,70,,31635,10,,,0,30,,31622,10,,,0,70,,31634,10,,,0,30,,31621,10,,,0,70,,31633,10,,,0,30,,31620,10,,,0,70,,31632,10,,,0,100,,31631,10,,,0,98,,31630,10,,,0,100,,31629,10,,,0,100,,31628,10,,,0,100,,31627,10,,,0,100,,31647,10,,,0,100,,31648,10,,,0
580200,'1601',731,,37504,10,0,5 6,0,8,,37505,10,0,5 6,0
580200,'1',517,,37506,10,0,8 35 6,0,30,,37507,10,0,5 6,0,70,,37508,10,0,8 35 6,0,30,,37509,10,0,5 6,0,66,,37510,10,0,5 6,0,15,,37511,10,0,8 35 6,0,15,,37512,10,0,5 6,0,15,,37513,10,0,8 35 6,0,55,,37514,10,0,5 6,0,15,,37515,10,0,8 35 6,0,15,,37516,10,0,5 6,0,15,,37517,10,0,8 35 6,0,55,,37518,10,0,5 6,0,15,,37519,10,0,8 35 6,0,30,,37520,10,0,5 6,0,70,,37521,10,0,8 35 6,0,30,,37522,10,0,5 6,0,70,,37523,10,0,8 35 6,0,30,,37524,10,0,5 6,0,70,,37525,10,0,8 35 6,0,30,,37526,10,0,5 6,0,70,,37527,10,0,8 35 6,0,30,,37528,10,0,5 6,0,70,,37529,10,0,8 35 6,0,20,,37530,10,0,5 6,0,55,,37531,10,0,8 35 6,0,15,,37532,10,0,5 6,0,15,,37533,10,0,8 35 6,0,15,,37534,10,0,5 6,0,55,,37535,10,0,8 35 6,0,15,,37536,10,0,5 6,0,15,,37537,10,0,8 35 6,0,15,,37538,10,0,5 6,0,55,,37539,10,0,8 35 6,0,15,,37540,10,0,5 6,0,15,,37541,10,0,8 35 6,0,15,,37542,10,0,5 6,0,55,,37543,10,0,8 35 6,0,18,,37544,10,0,5 6,0,30,,37545,10,0,8 35 6,0,70,,37546,10,0,5 6,0,30,,37547,10,0,8 35 6,0,70,,37548,10,0,5 6,0,30,,37549,10,0,8 35 6,0,70,,37550,10,0,5 6,0,100,,37551,10,0,8 35 6,0,100,,37552,10,0,5 3 8 35 36,0,115,,37553,10,0,5 3 8 35 36,0
580200,'2',654,,37577,10,0,5 6,0,66,,37576,10,0,8 35 6,0,30,,37559,10,0,5 6,0,70,,37558,10,0,8 35 6,0,30,,37585,10,0,5 6,0,71,,37570,10,0,8 35 6,0,30,,37574,10,0,5 6,0,70,,37573,10,0,8 35 6,0,30,,37572,10,0,5 6,0,70,,37571,10,0,8 35 6,0,30,,37557,10,0,5 6,0,70,,37569,10,0,8 35 6,0,30,,37561,10,0,5 6,0,71,,37560,10,0,8 35 6,0,30,,37568,10,0,5 6,0,70,,37567,10,0,8 35 6,0,30,,37566,10,0,5 6,0,70,,37565,10,0,8 35 6,0,30,,37575,10,0,5 6,0,70,,37586,10,0,8 35 6,0,30,,37584,10,0,5 6,0,70,,37556,10,0,8 35 6,0,30,,37555,10,0,5 6,0,75,,37554,10,0,8 35 6,0,30,,37588,10,0,5 6,0,70,,37587,10,0,8 35 6,0,30,,37582,10,0,5 6,0,69,,37581,10,0,8 35 6,0,30,,37580,10,0,5 6,0,70,,37583,10,0,8 35 6,0,30,,37564,10,0,5 6,0,70,,37563,10,0,8 35 6,0,30,,37562,10,0,5 6,0,70,,37579,10,0,8 35 6,0,79,,37578,10,0,5 3 8 35 36,0
580200,'3',706,,37600,10,0,5 6,0,30,,37596,10,0,8 35 6,0,70,,37601,10,0,5 6,0,30,,37595,10,0,8 35 6,0,70,,37602,10,0,5 6,0,30,,37599,10,0,8 35 6,0,70,,37603,10,0,5 6,0,30,,37593,10,0,8 35 6,0,70,,37604,10,0,5 6,0,30,,37592,10,0,8 35 6,0,70,,37605,10,0,5 6,0,30,,37591,10,0,8 35 6,0,70,,37606,10,0,5 6,0,30,,37594,10,0,8 35 6,0,70,,37607,10,0,5 6,0,30,,37598,10,0,8 35 6,0,70,,37608,10,0,5 6,0,30,,37597,10,0,8 35 6,0,70,,37609,10,0,5 6,0,30,,37590,10,0,8 35 6,0,70,,37610,10,0,5 6,0,30,,37589,10,0,8 35 6,0,70,,37611,10,0,5 6,0,30,,37612,10,0,8 35 6,0,70,,37617,10,0,5 6,0,30,,37613,10,0,8 35 6,0,70,,37618,10,0,5 6,0,30,,37614,10,0,8 35 6,0,70,,37619,10,0,5 6,0,30,,37615,10,0,8 35 6,0,70,,37620,10,0,5 6,0,30,,37616,10,0,8 35 6,0,70,,37621,10,0,5 6,0,30,,37622,10,0,8 35 6,0,70,,37623,10,0,5 6,0
580200,'4',606,,37624,10,0,8 35 6,0,100,,37625,10,0,5 6,0,100,,37626,10,0,8 35 6,0,100,,37627,10,0,5 6,0,100,,37628,10,0,8 35 6,0,100,,37629,10,0,5 6,0,100,,37630,10,0,8 35 6,0,100,,37631,10,0,5 6,0,100,,37632,10,0,8 35 6,0,100,,37633,10,0,5 6,0,100,,37634,10,0,8 35 6,0,100,,37635,10,0,5 6,0,100,,37636,10,0,8 35 6,0,100,,37637,10,0,5 6,0,100,,37638,10,0,8 35 6,0,100,,37639,10,0,5 6,0
580200,'6',706,,37651,10,0,5 6,0,30,,37647,10,0,8 35 6,0,70,,37652,10,0,5 6,0,30,,37646,10,0,8 35 6,0,70,,37653,10,0,5 6,0,30,,37650,10,0,8 35 6,0,70,,37654,10,0,5 6,0,30,,37644,10,0,8 35 6,0,70,,37655,10,0,5 6,0,30,,37643,10,0,8 35 6,0,70,,37656,10,0,5 6,0,30,,37642,10,0,8 35 6,0,70,,37657,10,0,5 6,0,30,,37645,10,0,8 35 6,0,70,,37658,10,0,5 6,0,30,,37649,10,0,8 35 6,0,70,,37659,10,0,5 6,0,30,,37648,10,0,8 35 6,0,70,,37660,10,0,5 6,0,30,,37641,10,0,8 35 6,0,70,,37661,10,0,5 6,0,30,,37640,10,0,8 35 6,0,70,,37662,10,0,5 6,0,30,,37663,10,0,8 35 6,0,70,,37668,10,0,5 6,0,30,,37664,10,0,8 35 6,0,70,,37669,10,0,5 6,0,30,,37665,10,0,8 35 6,0,70,,37670,10,0,5 6,0,30,,37666,10,0,8 35 6,0,70,,37671,10,0,5 6,0,30,,37667,10,0,8 35 6,0,70,,37672,10,0,5 6,0,30,,37673,10,0,8 35 6,0,70,,37674,10,0,5 6,0
