578300,'1',527,,30529,30,0,23 24,0,25,,30532,73,0,23 24,0,70,,30535,73,0,23 24,0,30,,30538,73,0,23 24,0,55,,30540,73,0,23 24,0,15,,30542,73,0,23 24,0,15,,30544,73,0,23 24,0,15,,30546,73,0,23 24,0,55,,30548,73,0,23 24,0,15,,30550,73,0,23 24,0,15,,30552,73,0,23 24,0,15,,30554,73,0,23 24,0,55,,30556,73,0,23 24,0,20,,30558,73,0,23 24,0,15,,30560,73,0,23 24,0,15,,30562,73,0,23 24,0,70,,30566,73,0,23 24,0,30,,30569,73,0,23 24,0,70,,30572,73,0,23 24,0,30,,30575,73,0,23 24,0,70,,30578,73,0,23 24,0,30,,30581,73,0,23 24,0,70,,30584,73,0,23 24,0,30,,30587,73,0,23 24,0,72,,30590,73,0,23 24,0,15,,30592,73,0,23 24,0,15,,30594,73,0,23 24,0,55,,30596,73,0,23 24,0,15,,30598,73,0,23 24,0,15,,30600,73,0,23 24,0,15,,30602,73,0,23 24,0,55,,30604,73,0,23 24,0,15,,30606,73,0,23 24,0,15,,30608,73,0,23 24,0,15,,30610,73,0,23 24,0,55,,30612,73,0,23 24,0,15,,30614,73,0,23 24,0,15,,30616,73,0,23 24,0,15,,30618,73,0,23 24,0,55,,30620,73,0,23 24,0,15,,30622,73,0,23 24,0,15,,30624,73,0,23 24,0,8,,30626,73,0,23 24,0,70,,30629,73,0,23 24,0,30,,30632,73,0,23 24,0,70,,30635,73,0,23 24,0,30,,30638,73,0,23 24,0,70,,30641,73,0,23 24,0,30,,30644,73,0,23 24,0,66,,30647,73,0,23 24,0,85,,30650,73,0,23 24,0,45,,30653,73,0,23 24,0,85,,30656,73,0,23 24,0,85,,30659,73,0,23 24,0,21,,30662,73,0,23 24,0
578300,'2',449,,30665,30,0,23 24,0,70,,30667,30,0,23 24,0,85,,30670,73,0,23 24,0,27,,30672,73,0,23 24,0,76,,30675,73,0,23 24,0,36,,30678,73,0,23 24,0,70,,30681,30,0,23 24,0,14,,30682,73,0,23 24,0,76,,30685,73,0,23 24,0,36,,30688,73,0,23 24,0,76,,30691,73,0,23 24,0,36,,30694,73,0,23 24,0,76,,30697,73,0,23 24,0,76,,30700,73,0,23 24,0,36,,30703,73,0,23 24,0,76,,30706,73,0,23 24,0,36,,30709,73,0,23 24,0,76,,30712,73,0,23 24,0,76,,30715,73,0,23 24,0,36,,30718,73,0,23 24,0,76,,30721,73,0,23 24,0,36,,30724,73,0,23 24,0,76,,30727,73,0,23 24,0,76,,30730,73,0,23 24,0,32,,30733,73,0,23 24,0,76,,30736,73,0,23 24,0,32,,30739,73,0,23 24,0,76,,30742,73,0,23 24,0,36,,30745,73,0,23 24,0,76,,30748,73,0,23 24,0,77,,30751,73,0,23 24,0,43,,30754,73,0,23 24,0,70,,30756,73,0,23 24,0,85,,30759,73,0,23 24,0,45,,30762,73,0,23 24,0,90,,30766,73,0,23 24,0
578300,'3',535,,30769,30,0,23 24,0,85,,30772,73,0,23 24,0,23,,30774,30,0,23 24,0,62,,30776,73,0,23 24,0,45,,30779,73,0,23 24,0,85,,30782,73,0,23 24,0,85,,30785,73,0,23 24,0,36,,30788,73,0,23 24,0,83,,30791,73,0,23 24,0,76,,30794,73,0,23 24,0,36,,30797,73,0,23 24,0,76,,30800,73,0,23 24,0,76,,30803,73,0,23 24,0,36,,30806,73,0,23 24,0,76,,30809,73,0,23 24,0,36,,30812,73,0,23 24,0,76,,30815,73,0,23 24,0,76,,30818,73,0,23 24,0,36,,30821,73,0,23 24,0,76,,30824,73,0,23 24,0,36,,30827,73,0,23 24,0,73,,30830,73,0,23 24,0,85,,30833,73,0,23 24,0,45,,30836,73,0,23 24,0,85,,30839,73,0,23 24,0,85,,30842,73,0,23 24,0,85,,30845,73,0,23 24,0,42,,30848,73,0,23 24,0,85,,30851,73,0,23 24,0,85,,30855,73,0,23 24,0
578300,'4',550,,30921,30,0,23 24,0,80,,30857,30,0,23 24,0,75,,30860,73,0,23 24,0,45,,30863,73,0,23 24,0,85,,30866,73,0,23 24,0,85,,30869,73,0,23 24,0,85,,30872,73,0,23 24,0,50,,30875,73,0,23 24,0,85,,30878,73,0,23 24,0,85,,30881,73,0,23 24,0,85,,30884,73,0,23 24,0,45,,30887,73,0,23 24,0,85,,30890,73,0,23 24,0,85,,30893,73,0,23 24,0,85,,30896,73,0,23 24,0,45,,30899,73,0,23 24,0,85,,30902,73,0,23 24,0,80,,30905,73,0,23 24,0,85,,30908,73,0,23 24,0,45,,30911,73,0,23 24,0,85,,30914,73,0,23 24,0,85,,30918,73,0,23 24,0
578300,'6',535,,30923,30,0,23 24,0,85,,30926,73,0,23 24,0,23,,30928,30,0,23 24,0,62,,30930,73,0,23 24,0,45,,30933,73,0,23 24,0,85,,30936,73,0,23 24,0,85,,30939,73,0,23 24,0,36,,30942,73,0,23 24,0,83,,30945,73,0,23 24,0,76,,30948,73,0,23 24,0,36,,30951,73,0,23 24,0,76,,30954,73,0,23 24,0,76,,30957,73,0,23 24,0,36,,30960,73,0,23 24,0,76,,30963,73,0,23 24,0,36,,30966,73,0,23 24,0,76,,30969,73,0,23 24,0,76,,30972,73,0,23 24,0,36,,30975,73,0,23 24,0,76,,30978,73,0,23 24,0,36,,30981,73,0,23 24,0,73,,30984,73,0,23 24,0,85,,30987,73,0,23 24,0,45,,30990,73,0,23 24,0,85,,30993,73,0,23 24,0,85,,30996,73,0,23 24,0,85,,30999,73,0,23 24,0,42,,31002,73,0,23 24,0,85,,31005,73,0,23 24,0,85,,31009,73,0,23 24,0
580800,'14601',529,,39276,33,,,0,20,,39270,33,,,0,60,,39271,33,,,0,20,,39272,33,,,0,20,,39273,33,,,0,60,,39274,33,,,0,20,,39275,33,,,0,20,,39174,33,,,0,58,,39175,33,,,0,7,,39188,33,,,0,7,,39189,33,,,0,8,,39196,33,,,0,7,,39190,33,,,0,8,,39197,33,,,0,7,,39191,33,,,0,8,,39198,33,,,0,47,,39192,33,,,0,8,,39199,33,,,0,7,,39193,33,,,0,10,,39200,33,,,0,7,,39194,33,,,0,8,,39201,33,,,0,7,,39195,33,,,0,50,,39202,33,,,0,10,,39203,33,,,0,10,,39204,33,,,0,10,,39205,33,,,0,10,,39206,33,,,0,10,,39207,33,,,0,50,,39208,33,,,0,10,,39209,33,,,0,10,,39210,33,,,0,10,,39211,33,,,0,10,,39212,33,,,0,10,,39213,33,,,0,50,,39214,33,,,0,10,,39215,33,,,0,10,,39216,33,,,0,10,,39217,33,,,0,10,,39218,33,,,0,10,,39219,33,,,0,50,,39220,33,,,0,10,,39221,33,,,0,10,,39222,33,,,0,10,,39223,33,,,0,10,,39224,33,,,0,10,,39225,33,,,0,50,,39226,33,,,0,10,,39227,33,,,0,10,,39228,33,,,0,10,,39229,33,,,0,10,,39230,33,,,0,10,,39231,33,,,0,50,,39232,33,,,0,10,,39233,33,,,0,10,,39247,33,,,0,7,,39234,33,,,0,8,,39248,33,,,0,7,,39235,33,,,0,8,,39249,33,,,0,47,,39236,33,,,0,8,,39250,33,,,0,7,,39237,33,,,0,8,,39251,33,,,0,7,,39238,33,,,0,8,,39252,33,,,0,7,,39239,33,,,0,8,,39253,33,,,0,47,,39240,33,,,0,8,,39254,33,,,0,7,,39241,33,,,0,8,,39255,33,,,0,7,,39242,33,,,0,8,,39256,33,,,0,7,,39243,33,,,0,8,,39257,33,,,0,47,,39244,33,,,0,8,,39258,33,,,0,7,,39245,33,,,0,8,,39259,33,,,0,7,,39246,33,,,0,8,,39260,33,,,0,11,,39261,33,,,0,55,,39176,33,,,0,15,,39177,33,,,0,11,,39178,33,,,0,15,,39171,33,,,0,55,,39172,33,,,0,15,,39173,33,,,0,15,,39262,33,,,0,15,,39263,33,,,0,55,,39264,33,,,0,15,,39265,33,,,0,15,,39266,33,,,0,15,,39267,33,,,0,55,,39268,33,,,0,23,,39269,33,,,0,27,,39179,33,,,0,70,,39180,33,,,0,30,,39181,33,,,0,70,,39182,33,,,0,30,,39183,33,,,0,70,,39184,33,,,0,30,,39185,33,,,0,70,,39186,33,,,0,30,,39187,33,,,0
580800,'14602',529,,39308,33,,,0,30,,39309,33,,,0,70,,39310,33,,,0,30,,39311,33,,,0,70,,39312,33,,,0,30,,39313,33,,,0,70,,39314,33,,,0,30,,39315,33,,,0,72,,39316,33,,,0,70,,39317,33,,,0,30,,39318,33,,,0,70,,39319,33,,,0,30,,39320,33,,,0,70,,39291,33,,,0,30,,39292,33,,,0,70,,39293,33,,,0,30,,39294,33,,,0,70,,39295,33,,,0,30,,39296,33,,,0,70,,39297,33,,,0,30,,39298,33,,,0,70,,39299,33,,,0,30,,39300,33,,,0,70,,39301,33,,,0,30,,39302,33,,,0,70,,39303,33,,,0,30,,39304,33,,,0,70,,39305,33,,,0,26,,39306,33,,,0,30,,39307,33,,,0,70,,39290,33,,,0,30,,39289,33,,,0,70,,39288,33,,,0,30,,39287,33,,,0,67,,39286,33,,,0,30,,39285,33,,,0,70,,39284,33,,,0,30,,39283,33,,,0,70,,39282,33,,,0,30,,39281,33,,,0,70,,39280,33,,,0,30,,39279,33,,,0,70,,39278,33,,,0,30,,39277,33,,,0
580800,'14603',629,,39346,33,,,0,30,,39347,33,,,0,70,,39348,33,,,0,30,,39349,33,,,0,70,,39350,33,,,0,30,,39351,33,,,0,72,,39352,33,,,0,70,,39353,33,,,0,30,,39354,33,,,0,70,,39355,33,,,0,30,,39356,33,,,0,70,,39337,33,,,0,30,,39336,33,,,0,70,,39335,33,,,0,30,,39334,33,,,0,70,,39333,33,,,0,30,,39332,33,,,0,70,,39331,33,,,0,30,,39330,33,,,0,70,,39329,33,,,0,30,,39328,33,,,0,70,,39327,33,,,0,30,,39326,33,,,0,70,,39325,33,,,0,30,,39324,33,,,0,70,,39323,33,,,0,26,,39322,33,,,0,30,,39321,33,,,0,70,,39338,33,,,0,30,,39339,33,,,0,70,,39340,33,,,0,30,,39341,33,,,0,67,,39342,33,,,0,30,,39343,33,,,0,70,,39344,33,,,0,30,,39345,33,,,0
580800,'14604',629,,39376,33,,,0,30,,39377,33,,,0,70,,39378,33,,,0,30,,39379,33,,,0,70,,39380,33,,,0,30,,39381,33,,,0,72,,39382,33,,,0,70,,39383,33,,,0,30,,39384,33,,,0,70,,39385,33,,,0,30,,39386,33,,,0,70,,39373,33,,,0,30,,39372,33,,,0,70,,39371,33,,,0,30,,39370,33,,,0,70,,39369,33,,,0,30,,39368,33,,,0,70,,39367,33,,,0,30,,39366,33,,,0,70,,39365,33,,,0,30,,39364,33,,,0,70,,39363,33,,,0,30,,39362,33,,,0,70,,39361,33,,,0,30,,39360,33,,,0,70,,39359,33,,,0,26,,39358,33,,,0,30,,39357,33,,,0,70,,39374,33,,,0,30,,39375,33,,,0
580800,'14606',629,,39412,33,,,0,30,,39413,33,,,0,70,,39414,33,,,0,30,,39415,33,,,0,70,,39416,33,,,0,30,,39417,33,,,0,72,,39418,33,,,0,70,,39419,33,,,0,30,,39420,33,,,0,70,,39421,33,,,0,30,,39422,33,,,0,70,,39403,33,,,0,30,,39402,33,,,0,70,,39401,33,,,0,30,,39400,33,,,0,70,,39399,33,,,0,30,,39398,33,,,0,70,,39397,33,,,0,30,,39396,33,,,0,70,,39395,33,,,0,30,,39394,33,,,0,70,,39393,33,,,0,30,,39392,33,,,0,70,,39391,33,,,0,30,,39390,33,,,0,70,,39389,33,,,0,26,,39388,33,,,0,30,,39387,33,,,0,70,,39404,33,,,0,30,,39405,33,,,0,70,,39406,33,,,0,30,,39407,33,,,0,67,,39408,33,,,0,30,,39409,33,,,0,70,,39410,33,,,0,30,,39411,33,,,0
582801,'1',647,,40617,69,,,0,60,,40619,69,,,0,20,,40621,69,,,0,15,,40623,69,,,0,17,,40625,69,,,0,54,,40627,69,,,0,16,,40629,69,,,0,15,,40631,69,,,0,15,,40633,69,,,0,55,,40635,69,,,0,12,,40637,69,,,0,12,,40639,69,,,0,12,,40641,69,,,0,52,,40643,69,,,0,12,,40645,69,,,0,12,,40647,69,,,0,12,,40649,69,,,0,12,,40651,69,,,0,52,,40653,69,,,0,12,,40655,69,,,0,13,,40657,69,,,0,12,,40659,69,,,0,12,,40661,69,,,0,52,,40663,69,,,0,12,,40665,69,,,0,12,,40667,69,,,0,12,,40669,69,,,0,12,,40671,69,,,0,52,,40673,69,,,0,12,,40675,69,,,0,12,,40677,69,,,0,12,,40679,69,,,0,12,,40681,69,,,0,52,,40683,69,,,0,12,,40685,69,,,0,12,,40687,69,,,0,12,,40689,69,,,0,12,,40691,69,,,0,52,,40693,69,,,0,12,,40695,69,,,0,15,,40697,69,,,0,12,,40699,69,,,0,12,,40701,69,,,0,52,,40703,69,,,0,13,,40705,69,,,0,12,,40707,69,,,0,12,,40709,69,,,0,12,,40711,69,,,0,52,,40713,69,,,0,12,,40715,69,,,0,12,,40717,69,,,0,14,,40719,69,,,0,12,,40721,69,,,0,52,,40723,69,,,0,12,,40725,69,,,0,8,,40727,69,,,0
