578300,'1',525,,30529,26,0,23 24,0,25,,30532,69,0,23 24,0,70,,30535,69,0,23 24,0,30,,30538,69,0,23 24,0,55,,30540,69,0,23 24,0,15,,30542,69,0,23 24,0,15,,30544,69,0,23 24,0,15,,30546,69,0,23 24,0,55,,30548,69,0,23 24,0,15,,30550,69,0,23 24,0,15,,30552,69,0,23 24,0,15,,30554,69,0,23 24,0,55,,30556,69,0,23 24,0,20,,30558,69,0,23 24,0,15,,30560,69,0,23 24,0,15,,30562,69,0,23 24,0,70,,30566,69,0,23 24,0,30,,30569,69,0,23 24,0,70,,30572,69,0,23 24,0,30,,30575,69,0,23 24,0,70,,30578,69,0,23 24,0,30,,30581,69,0,23 24,0,70,,30584,69,0,23 24,0,30,,30587,69,0,23 24,0,71,,30590,69,0,23 24,0,15,,30592,69,0,23 24,0,15,,30594,69,0,23 24,0,55,,30596,69,0,23 24,0,15,,30598,69,0,23 24,0,15,,30600,69,0,23 24,0,15,,30602,69,0,23 24,0,55,,30604,69,0,23 24,0,15,,30606,69,0,23 24,0,15,,30608,69,0,23 24,0,15,,30610,69,0,23 24,0,55,,30612,69,0,23 24,0,15,,30614,69,0,23 24,0,15,,30616,69,0,23 24,0,15,,30618,69,0,23 24,0,55,,30620,69,0,23 24,0,15,,30622,69,0,23 24,0,15,,30624,69,0,23 24,0,9,,30626,69,0,23 24,0,70,,30629,69,0,23 24,0,30,,30632,69,0,23 24,0,70,,30635,69,0,23 24,0,30,,30638,69,0,23 24,0,70,,30641,69,0,23 24,0,30,,30644,69,0,23 24,0,66,,30647,69,0,23 24,0,85,,30650,69,0,23 24,0,45,,30653,69,0,23 24,0,85,,30656,69,0,23 24,0,85,,30659,69,0,23 24,0,21,,30662,69,0,23 24,0
578300,'2',447,,30665,26,0,23 24,0,70,,30667,26,0,23 24,0,85,,30670,69,0,23 24,0,27,,30672,69,0,23 24,0,76,,30675,69,0,23 24,0,36,,30678,69,0,23 24,0,70,,30681,26,0,23 24,0,14,,30682,69,0,23 24,0,76,,30685,69,0,23 24,0,36,,30688,69,0,23 24,0,76,,30691,69,0,23 24,0,36,,30694,69,0,23 24,0,76,,30697,69,0,23 24,0,76,,30700,69,0,23 24,0,36,,30703,69,0,23 24,0,76,,30706,69,0,23 24,0,36,,30709,69,0,23 24,0,76,,30712,69,0,23 24,0,76,,30715,69,0,23 24,0,36,,30718,69,0,23 24,0,76,,30721,69,0,23 24,0,36,,30724,69,0,23 24,0,76,,30727,69,0,23 24,0,76,,30730,69,0,23 24,0,32,,30733,69,0,23 24,0,76,,30736,69,0,23 24,0,32,,30739,69,0,23 24,0,76,,30742,69,0,23 24,0,36,,30745,69,0,23 24,0,76,,30748,69,0,23 24,0,77,,30751,69,0,23 24,0,43,,30754,69,0,23 24,0,70,,30756,69,0,23 24,0,85,,30759,69,0,23 24,0,45,,30762,69,0,23 24,0,90,,30766,69,0,23 24,0
578300,'3',533,,30769,26,0,23 24,0,85,,30772,69,0,23 24,0,23,,30774,26,0,23 24,0,62,,30776,69,0,23 24,0,45,,30779,69,0,23 24,0,85,,30782,69,0,23 24,0,85,,30785,69,0,23 24,0,36,,30788,69,0,23 24,0,83,,30791,69,0,23 24,0,76,,30794,69,0,23 24,0,36,,30797,69,0,23 24,0,76,,30800,69,0,23 24,0,76,,30803,69,0,23 24,0,36,,30806,69,0,23 24,0,76,,30809,69,0,23 24,0,36,,30812,69,0,23 24,0,76,,30815,69,0,23 24,0,76,,30818,69,0,23 24,0,36,,30821,69,0,23 24,0,76,,30824,69,0,23 24,0,36,,30827,69,0,23 24,0,73,,30830,69,0,23 24,0,85,,30833,69,0,23 24,0,45,,30836,69,0,23 24,0,85,,30839,69,0,23 24,0,85,,30842,69,0,23 24,0,85,,30845,69,0,23 24,0,42,,30848,69,0,23 24,0,85,,30851,69,0,23 24,0,85,,30855,69,0,23 24,0
578300,'4',548,,30921,26,0,23 24,0,80,,30857,26,0,23 24,0,75,,30860,69,0,23 24,0,45,,30863,69,0,23 24,0,85,,30866,69,0,23 24,0,85,,30869,69,0,23 24,0,85,,30872,69,0,23 24,0,50,,30875,69,0,23 24,0,85,,30878,69,0,23 24,0,85,,30881,69,0,23 24,0,85,,30884,69,0,23 24,0,45,,30887,69,0,23 24,0,85,,30890,69,0,23 24,0,85,,30893,69,0,23 24,0,85,,30896,69,0,23 24,0,45,,30899,69,0,23 24,0,85,,30902,69,0,23 24,0,80,,30905,69,0,23 24,0,85,,30908,69,0,23 24,0,45,,30911,69,0,23 24,0,85,,30914,69,0,23 24,0,85,,30918,69,0,23 24,0
578300,'6',533,,30923,26,0,23 24,0,85,,30926,69,0,23 24,0,23,,30928,26,0,23 24,0,62,,30930,69,0,23 24,0,45,,30933,69,0,23 24,0,85,,30936,69,0,23 24,0,85,,30939,69,0,23 24,0,36,,30942,69,0,23 24,0,83,,30945,69,0,23 24,0,76,,30948,69,0,23 24,0,36,,30951,69,0,23 24,0,76,,30954,69,0,23 24,0,76,,30957,69,0,23 24,0,36,,30960,69,0,23 24,0,76,,30963,69,0,23 24,0,36,,30966,69,0,23 24,0,76,,30969,69,0,23 24,0,76,,30972,69,0,23 24,0,36,,30975,69,0,23 24,0,76,,30978,69,0,23 24,0,36,,30981,69,0,23 24,0,73,,30984,69,0,23 24,0,85,,30987,69,0,23 24,0,45,,30990,69,0,23 24,0,85,,30993,69,0,23 24,0,85,,30996,69,0,23 24,0,85,,30999,69,0,23 24,0,42,,31002,69,0,23 24,0,85,,31005,69,0,23 24,0,85,,31009,69,0,23 24,0
580800,'14601',527,,39276,29,,,0,20,,39270,29,,,0,60,,39271,29,,,0,20,,39272,29,,,0,20,,39273,29,,,0,60,,39274,29,,,0,20,,39275,29,,,0,20,,39174,29,,,0,58,,39175,29,,,0,7,,39188,29,,,0,7,,39189,29,,,0,8,,39196,29,,,0,7,,39190,29,,,0,8,,39197,29,,,0,7,,39191,29,,,0,8,,39198,29,,,0,47,,39192,29,,,0,8,,39199,29,,,0,7,,39193,29,,,0,10,,39200,29,,,0,7,,39194,29,,,0,8,,39201,29,,,0,7,,39195,29,,,0,50,,39202,29,,,0,10,,39203,29,,,0,10,,39204,29,,,0,10,,39205,29,,,0,10,,39206,29,,,0,10,,39207,29,,,0,50,,39208,29,,,0,10,,39209,29,,,0,10,,39210,29,,,0,10,,39211,29,,,0,10,,39212,29,,,0,10,,39213,29,,,0,50,,39214,29,,,0,10,,39215,29,,,0,10,,39216,29,,,0,10,,39217,29,,,0,10,,39218,29,,,0,10,,39219,29,,,0,50,,39220,29,,,0,10,,39221,29,,,0,10,,39222,29,,,0,10,,39223,29,,,0,10,,39224,29,,,0,10,,39225,29,,,0,50,,39226,29,,,0,10,,39227,29,,,0,10,,39228,29,,,0,10,,39229,29,,,0,10,,39230,29,,,0,10,,39231,29,,,0,50,,39232,29,,,0,10,,39233,29,,,0,10,,39247,29,,,0,7,,39234,29,,,0,8,,39248,29,,,0,7,,39235,29,,,0,8,,39249,29,,,0,7,,39236,29,,,0,48,,39250,29,,,0,7,,39237,29,,,0,8,,39251,29,,,0,7,,39238,29,,,0,8,,39252,29,,,0,7,,39239,29,,,0,8,,39253,29,,,0,7,,39240,29,,,0,48,,39254,29,,,0,7,,39241,29,,,0,8,,39255,29,,,0,7,,39242,29,,,0,8,,39256,29,,,0,7,,39243,29,,,0,8,,39257,29,,,0,7,,39244,29,,,0,48,,39258,29,,,0,7,,39245,29,,,0,8,,39259,29,,,0,7,,39246,29,,,0,8,,39260,29,,,0,11,,39261,29,,,0,55,,39176,29,,,0,15,,39177,29,,,0,11,,39178,29,,,0,15,,39171,29,,,0,15,,39172,29,,,0,55,,39173,29,,,0,15,,39262,29,,,0,15,,39263,29,,,0,15,,39264,29,,,0,55,,39265,29,,,0,15,,39266,29,,,0,15,,39267,29,,,0,15,,39268,29,,,0,63,,39269,29,,,0,27,,39179,29,,,0,70,,39180,29,,,0,30,,39181,29,,,0,70,,39182,29,,,0,30,,39183,29,,,0,70,,39184,29,,,0,30,,39185,29,,,0,70,,39186,29,,,0,30,,39187,29,,,0
580800,'14602',527,,39308,29,,,0,30,,39309,29,,,0,70,,39310,29,,,0,30,,39311,29,,,0,70,,39312,29,,,0,30,,39313,29,,,0,70,,39314,29,,,0,30,,39315,29,,,0,72,,39316,29,,,0,30,,39317,29,,,0,70,,39318,29,,,0,30,,39319,29,,,0,70,,39320,29,,,0,30,,39291,29,,,0,70,,39292,29,,,0,30,,39293,29,,,0,70,,39294,29,,,0,30,,39295,29,,,0,70,,39296,29,,,0,30,,39297,29,,,0,70,,39298,29,,,0,30,,39299,29,,,0,70,,39300,29,,,0,30,,39301,29,,,0,70,,39302,29,,,0,30,,39303,29,,,0,70,,39304,29,,,0,30,,39305,29,,,0,66,,39306,29,,,0,30,,39307,29,,,0,70,,39290,29,,,0,30,,39289,29,,,0,70,,39288,29,,,0,30,,39287,29,,,0,67,,39286,29,,,0,30,,39285,29,,,0,70,,39284,29,,,0,30,,39283,29,,,0,70,,39282,29,,,0,30,,39281,29,,,0,70,,39280,29,,,0,30,,39279,29,,,0,70,,39278,29,,,0,30,,39277,29,,,0
580800,'14603',627,,39346,29,,,0,30,,39347,29,,,0,70,,39348,29,,,0,30,,39349,29,,,0,70,,39350,29,,,0,30,,39351,29,,,0,72,,39352,29,,,0,30,,39353,29,,,0,70,,39354,29,,,0,30,,39355,29,,,0,70,,39356,29,,,0,30,,39337,29,,,0,70,,39336,29,,,0,30,,39335,29,,,0,70,,39334,29,,,0,30,,39333,29,,,0,70,,39332,29,,,0,30,,39331,29,,,0,70,,39330,29,,,0,30,,39329,29,,,0,70,,39328,29,,,0,30,,39327,29,,,0,70,,39326,29,,,0,30,,39325,29,,,0,70,,39324,29,,,0,30,,39323,29,,,0,66,,39322,29,,,0,30,,39321,29,,,0,70,,39338,29,,,0,30,,39339,29,,,0,70,,39340,29,,,0,30,,39341,29,,,0,67,,39342,29,,,0,30,,39343,29,,,0,70,,39344,29,,,0,30,,39345,29,,,0
580800,'14604',627,,39376,29,,,0,30,,39377,29,,,0,70,,39378,29,,,0,30,,39379,29,,,0,70,,39380,29,,,0,30,,39381,29,,,0,72,,39382,29,,,0,30,,39383,29,,,0,70,,39384,29,,,0,30,,39385,29,,,0,70,,39386,29,,,0,30,,39373,29,,,0,70,,39372,29,,,0,30,,39371,29,,,0,70,,39370,29,,,0,30,,39369,29,,,0,70,,39368,29,,,0,30,,39367,29,,,0,70,,39366,29,,,0,30,,39365,29,,,0,70,,39364,29,,,0,30,,39363,29,,,0,70,,39362,29,,,0,30,,39361,29,,,0,70,,39360,29,,,0,30,,39359,29,,,0,66,,39358,29,,,0,30,,39357,29,,,0,70,,39374,29,,,0,30,,39375,29,,,0
580800,'14606',627,,39412,29,,,0,30,,39413,29,,,0,70,,39414,29,,,0,30,,39415,29,,,0,70,,39416,29,,,0,30,,39417,29,,,0,72,,39418,29,,,0,30,,39419,29,,,0,70,,39420,29,,,0,30,,39421,29,,,0,70,,39422,29,,,0,30,,39403,29,,,0,70,,39402,29,,,0,30,,39401,29,,,0,70,,39400,29,,,0,30,,39399,29,,,0,70,,39398,29,,,0,30,,39397,29,,,0,70,,39396,29,,,0,30,,39395,29,,,0,70,,39394,29,,,0,30,,39393,29,,,0,70,,39392,29,,,0,30,,39391,29,,,0,70,,39390,29,,,0,30,,39389,29,,,0,66,,39388,29,,,0,30,,39387,29,,,0,70,,39404,29,,,0,30,,39405,29,,,0,70,,39406,29,,,0,30,,39407,29,,,0,67,,39408,29,,,0,30,,39409,29,,,0,70,,39410,29,,,0,30,,39411,29,,,0
