578201,'1',542,,30350,68,,,0,60,,30336,68,,,0,20,,30349,68,,,0,20,,30348,68,,,0,60,,30351,68,,,0,20,,30352,68,,,0,21,,30353,68,,,0,60,,30354,68,,,0,20,,30355,68,,,0,25,,30356,72,,,0,60,,30357,72,,,0,20,,30358,72,,,0,20,,30359,72,,,0,60,,30360,72,,,0,20,,30361,72,,,0,20,,30362,72,,,0,60,,30363,72,,,0,20,,30364,72,,,0,20,,30365,72,,,0,60,,30366,72,,,0,20,,30367,72,,,0,20,,30368,72,,,0,60,,30369,72,,,0,20,,30370,72,,,0,20,,30371,72,,,0,60,,30372,72,,,0,20,,30373,72,,,0,20,,30374,72,,,0,60,,30375,72,,,0,20,,30376,72,,,0,20,,30377,72,,,0,60,,30378,72,,,0,20,,30379,72,,,0,20,,30380,72,,,0,60,,30381,72,,,0,20,,30382,72,,,0,20,,30383,72,,,0,60,,30384,72,,,0,20,,30385,72,,,0,25,,30386,72,,,0,70,,30337,72,,,0,30,,30338,72,,,0,70,,30339,72,,,0,30,,30340,72,,,0,70,,30341,72,,,0,30,,30342,72,,,0,70,,30343,72,,,0,23,,30344,68,,,0,70,,30345,68,,,0,30,,30335,68,,,0,70,,30346,68,,,0,40,,30334,68,,,0,65,,30347,68,,,0
578201,'2',554,,30387,11,,,0,67,,30388,68,,,0,30,,30389,68,,,0,70,,30390,68,,,0,30,,30391,68,,,0,70,,30392,68,,,0,30,,30393,72,,,0,69,,30394,72,,,0,29,,30395,72,,,0,60,,30396,72,,,0,20,,30397,72,,,0,20,,30398,72,,,0,60,,30399,72,,,0,20,,30400,72,,,0,20,,30401,72,,,0,60,,30402,72,,,0,20,,30403,72,,,0,19,,30404,68,,,0,60,,30405,68,,,0,20,,30406,68,,,0,20,,30407,68,,,0,60,,30408,68,,,0,20,,30409,68,,,0,20,,30410,68,,,0,60,,30411,68,,,0,20,,30412,68,,,0,20,,30413,68,,,0,60,,30414,68,,,0,20,,30415,68,,,0,20,,30416,68,,,0,60,,30417,68,,,0,20,,30418,68,,,0,23,,30419,68,,,0,70,,30420,68,,,0,30,,30421,68,,,0,70,,30422,68,,,0,30,,30423,68,,,0,70,,30424,68,,,0,30,,30425,68,,,0,70,,30426,68,,,0,30,,30427,68,,,0,70,,30428,68,,,0,30,,30429,68,,,0,70,,30430,68,,,0,30,,30431,68,,,0,70,,30432,68,,,0,90,,30433,68,,,0
578201,'3',555,,30470,11,,,0,89,,30469,68,,,0,75,,30468,68,,,0,30,,30467,68,,,0,70,,30466,68,,,0,30,,30465,68,,,0,70,,30464,68,,,0,32,,30463,68,,,0,70,,30462,68,,,0,30,,30461,68,,,0,70,,30460,68,,,0,30,,30459,68,,,0,70,,30458,68,,,0,30,,30457,68,,,0,70,,30456,68,,,0,30,,30455,68,,,0,70,,30454,68,,,0,30,,30453,68,,,0,70,,30452,68,,,0,30,,30451,68,,,0,70,,30450,68,,,0,30,,30449,68,,,0,70,,30448,68,,,0,30,,30447,68,,,0,70,,30446,68,,,0,30,,30445,68,,,0,70,,30444,68,,,0,30,,30443,68,,,0,70,,30442,68,,,0,28,,30441,68,,,0,70,,30440,68,,,0,30,,30439,68,,,0,70,,30438,68,,,0,30,,30437,68,,,0,70,,30436,68,,,0,30,,30435,68,,,0,70,,30434,68,,,0
578201,'4',721,,30471,68,,,0,80,,30472,68,,,0,40,,30473,68,,,0,80,,30474,68,,,0,80,,30475,68,,,0,40,,30476,68,,,0,80,,30477,68,,,0,80,,30478,68,,,0,40,,30479,68,,,0,80,,30480,68,,,0,80,,30481,68,,,0,40,,30482,68,,,0,105,,30483,68,,,0,100,,30484,68,,,0,100,,30485,68,,,0,100,,30486,68,,,0,100,,30487,68,,,0,100,,30488,68,,,0,90,,30489,68,,,0
578201,'6',555,,30526,11,,,0,89,,30525,68,,,0,75,,30524,68,,,0,30,,30523,68,,,0,70,,30522,68,,,0,30,,30521,68,,,0,70,,30520,68,,,0,32,,30519,68,,,0,70,,30518,68,,,0,30,,30517,68,,,0,70,,30516,68,,,0,30,,30515,68,,,0,70,,30514,68,,,0,30,,30513,68,,,0,70,,30512,68,,,0,30,,30511,68,,,0,70,,30510,68,,,0,30,,30509,68,,,0,70,,30508,68,,,0,30,,30507,68,,,0,70,,30506,68,,,0,30,,30505,68,,,0,70,,30504,68,,,0,30,,30503,68,,,0,70,,30502,68,,,0,30,,30501,68,,,0,70,,30500,68,,,0,30,,30499,68,,,0,70,,30498,68,,,0,28,,30497,68,,,0,70,,30496,68,,,0,30,,30495,68,,,0,70,,30494,68,,,0,30,,30493,68,,,0,70,,30492,68,,,0,30,,30491,68,,,0,70,,30490,68,,,0
579300,'1',514,,33626,7,,,0,20,,33603,7,,,0,15,,33616,7,,,0,55,,33617,7,,,0,15,,33604,7,,,0,15,,33554,7,,,0,15,,33618,7,,,0,55,,33555,7,,,0,15,,33619,7,,,0,15,,33556,7,,,0,15,,33557,7,,,0,55,,33559,7,,,0,15,,33558,7,,,0,10,,33581,7,,,0,10,,33553,7,,,0,10,,33552,7,,,0,10,,33582,7,,,0,50,,33551,7,,,0,10,,33550,7,,,0,10,,33583,7,,,0,10,,33549,7,,,0,10,,33548,7,,,0,10,,33584,7,,,0,50,,33580,7,,,0,10,,33547,7,,,0,10,,33585,7,,,0,20,,33605,7,,,0,60,,33606,7,,,0,20,,33607,7,,,0,20,,33608,7,,,0,60,,33609,7,,,0,20,,33610,7,,,0,20,,33611,7,,,0,60,,33612,7,,,0,20,,33613,7,,,0,20,,33614,7,,,0,60,,33615,7,,,0,20,,33544,7,,,0,20,,33586,7,,,0,60,,33579,7,,,0,10,,33578,7,,,0,10,,33587,7,,,0,10,,33577,7,,,0,10,,33576,7,,,0,10,,33588,7,,,0,50,,33575,7,,,0,10,,33574,7,,,0,10,,33589,7,,,0,10,,33573,7,,,0,10,,33572,7,,,0,10,,33590,7,,,0,50,,33571,7,,,0,10,,33570,7,,,0,10,,33591,7,,,0,10,,33569,7,,,0,10,,33568,7,,,0,10,,33592,7,,,0,50,,33567,7,,,0,10,,33566,7,,,0,10,,33593,7,,,0,10,,33565,7,,,0,10,,33564,7,,,0,10,,33594,7,,,0,50,,33563,7,,,0,15,,33602,7,,,0,15,,33562,7,,,0,20,,33561,7,,,0,60,,33560,7,,,0,20,,33620,7,,,0,20,,33546,7,,,0,60,,33621,7,,,0,20,,33545,7,,,0,20,,33595,7,,,0,60,,33622,7,,,0,20,,33596,7,,,0,20,,33597,7,,,0,60,,33623,7,,,0,20,,33598,7,,,0,20,,33599,7,,,0,60,,33624,7,,,0,20,,33600,7,,,0,20,,33625,7,,,0,53,,33601,7,,,0
579300,'2',524,,33687,7,,,0,20,,33627,7,,,0,60,,33688,7,,,0,20,,33628,7,,,0,20,,33689,7,,,0,60,,33629,7,,,0,20,,33630,7,,,0,20,,33690,7,,,0,60,,33631,7,,,0,20,,33632,7,,,0,20,,33633,7,,,0,15,,33634,7,,,0,55,,33635,7,,,0,15,,33636,7,,,0,15,,33637,7,,,0,15,,33638,7,,,0,55,,33639,7,,,0,15,,33640,7,,,0,15,,33641,7,,,0,15,,33642,7,,,0,55,,33643,7,,,0,15,,33644,7,,,0,15,,33645,7,,,0,15,,33646,7,,,0,55,,33647,7,,,0,15,,33648,7,,,0,15,,33649,7,,,0,15,,33650,7,,,0,55,,33651,7,,,0,15,,33652,7,,,0,15,,33653,7,,,0,15,,33654,7,,,0,55,,33655,7,,,0,15,,33656,7,,,0,15,,33657,7,,,0,15,,33658,7,,,0,55,,33659,7,,,0,15,,33660,7,,,0,15,,33661,7,,,0,15,,33662,7,,,0,55,,33663,7,,,0,15,,33664,7,,,0,15,,33665,7,,,0,15,,33666,7,,,0,55,,33667,7,,,0,15,,33668,7,,,0,15,,33669,7,,,0,15,,33670,7,,,0,55,,33671,7,,,0,15,,33672,7,,,0,15,,33673,7,,,0,15,,33674,7,,,0,60,,33691,7,,,0,20,,33675,7,,,0,20,,33676,7,,,0,60,,33692,7,,,0,20,,33677,7,,,0,20,,33678,7,,,0,60,,33693,7,,,0,20,,33679,7,,,0,20,,33680,7,,,0,60,,33694,7,,,0,20,,33681,7,,,0,20,,33682,7,,,0,60,,33695,7,,,0,20,,33683,7,,,0,20,,33684,7,,,0,60,,33696,7,,,0,20,,33685,7,,,0,20,,33686,7,,,0,60,,33697,7,,,0
579300,'3',534,,33744,7,,,0,70,,33728,7,,,0,30,,33729,7,,,0,70,,33730,7,,,0,30,,33731,7,,,0,70,,33732,7,,,0,30,,33733,7,,,0,70,,33734,7,,,0,30,,33735,7,,,0,70,,33736,7,,,0,30,,33737,7,,,0,20,,33738,7,,,0,60,,33739,7,,,0,20,,33740,7,,,0,20,,33741,7,,,0,60,,33742,7,,,0,20,,33743,7,,,0,20,,33698,7,,,0,60,,33699,7,,,0,20,,33700,7,,,0,20,,33701,7,,,0,60,,33702,7,,,0,20,,33703,7,,,0,20,,33704,7,,,0,60,,33705,7,,,0,20,,33706,7,,,0,20,,33707,7,,,0,60,,33708,7,,,0,20,,33709,7,,,0,20,,33710,7,,,0,60,,33711,7,,,0,20,,33712,7,,,0,20,,33713,7,,,0,60,,33714,7,,,0,20,,33715,7,,,0,20,,33716,7,,,0,60,,33717,7,,,0,30,,33718,7,,,0,70,,33719,7,,,0,30,,33720,7,,,0,70,,33721,7,,,0,30,,33722,7,,,0,70,,33723,7,,,0,30,,33724,7,,,0,70,,33725,7,,,0,30,,33726,7,,,0,70,,33727,7,,,0
579300,'4',541,,33784,7,,,0,90,,33783,7,,,0,70,,33782,7,,,0,30,,33781,7,,,0,70,,33780,7,,,0,30,,33779,7,,,0,70,,33778,7,,,0,30,,33777,7,,,0,70,,33776,7,,,0,30,,33775,7,,,0,70,,33774,7,,,0,20,,33773,7,,,0,20,,33772,7,,,0,60,,33771,7,,,0,20,,33770,7,,,0,20,,33769,7,,,0,60,,33768,7,,,0,20,,33767,7,,,0,20,,33766,7,,,0,60,,33765,7,,,0,20,,33764,7,,,0,20,,33763,7,,,0,60,,33762,7,,,0,20,,33761,7,,,0,20,,33760,7,,,0,60,,33759,7,,,0,20,,33758,7,,,0,20,,33757,7,,,0,60,,33756,7,,,0,20,,33755,7,,,0,20,,33754,7,,,0,60,,33753,7,,,0,20,,33752,7,,,0,20,,33751,7,,,0,60,,33750,7,,,0,20,,33749,7,,,0,20,,33748,7,,,0,65,,33747,7,,,0,30,,33746,7,,,0,70,,33745,7,,,0
579300,'6',534,,33831,7,,,0,70,,33815,7,,,0,30,,33816,7,,,0,70,,33817,7,,,0,30,,33818,7,,,0,70,,33819,7,,,0,30,,33820,7,,,0,70,,33821,7,,,0,30,,33822,7,,,0,70,,33823,7,,,0,30,,33824,7,,,0,20,,33825,7,,,0,60,,33826,7,,,0,20,,33827,7,,,0,20,,33828,7,,,0,60,,33829,7,,,0,20,,33830,7,,,0,20,,33785,7,,,0,60,,33786,7,,,0,20,,33787,7,,,0,20,,33788,7,,,0,60,,33789,7,,,0,20,,33790,7,,,0,20,,33791,7,,,0,60,,33792,7,,,0,20,,33793,7,,,0,20,,33794,7,,,0,60,,33795,7,,,0,20,,33796,7,,,0,20,,33797,7,,,0,60,,33798,7,,,0,20,,33799,7,,,0,20,,33800,7,,,0,60,,33801,7,,,0,20,,33802,7,,,0,20,,33803,7,,,0,60,,33804,7,,,0,30,,33805,7,,,0,70,,33806,7,,,0,30,,33807,7,,,0,70,,33808,7,,,0,30,,33809,7,,,0,70,,33810,7,,,0,30,,33811,7,,,0,70,,33812,7,,,0,30,,33813,7,,,0,70,,33814,7,,,0
581201,'3401',1020,,40121,2,,,0,30,,40122,2,,,0,70,,40123,2,,,0,30,,40124,2,,,0,70,,40125,2,,,0,30,,40126,2,,,0,70,,40127,2,,,0,30,,40128,2,,,0,70,,40129,2,,,0,30,,40130,2,,,0,70,,40131,2,,,0,30,,40132,2,,,0,70,,40133,2,,,0,30,,40134,2,,,0,70,,40135,2,,,0,30,,40136,2,,,0,70,,40137,2,,,0,30,,40138,2,,,0,70,,40139,2,,,0,30,,40140,2,,,0,70,,40141,2,,,0,30,,40142,2,,,0
581201,'3402',1020,,40143,2,,,0,30,,40144,2,,,0,70,,40145,2,,,0,30,,40146,2,,,0,70,,40147,2,,,0,30,,40148,2,,,0,70,,40149,2,,,0,30,,40150,2,,,0,70,,40151,2,,,0,30,,40152,2,,,0,70,,40153,2,,,0,30,,40154,2,,,0,70,,40155,2,,,0,30,,40156,2,,,0,70,,40157,2,,,0,30,,40158,2,,,0,70,,40159,2,,,0,30,,40160,2,,,0,70,,40161,2,,,0,30,,40162,2,,,0,70,,40163,2,,,0,30,,40164,2,,,0
581201,'3403',1020,,40165,2,,,0,30,,40166,2,,,0,70,,40167,2,,,0,30,,40168,2,,,0,70,,40169,2,,,0,30,,40170,2,,,0,70,,40171,2,,,0,30,,40172,2,,,0,70,,40173,2,,,0,30,,40174,2,,,0,70,,40175,2,,,0,30,,40176,2,,,0,70,,40177,2,,,0,30,,40178,2,,,0,70,,40179,2,,,0,30,,40180,2,,,0,70,,40181,2,,,0,30,,40182,2,,,0,70,,40183,2,,,0,30,,40184,2,,,0,70,,40185,2,,,0,30,,40186,2,,,0
