579800,'1',534,,35757,20,,,0,20,,35758,20,,,0,60,,35759,20,,,0,21,,35760,20,,,0,12,,35761,20,,,0,55,,35762,20,,,0,12,,35763,20,,,0,12,,35764,20,,,0,12,,35765,20,,,0,12,,35766,20,,,0,52,,35767,20,,,0,12,,35768,20,,,0,12,,35769,20,,,0,12,,35770,20,,,0,11,,35771,20,,,0,52,,35772,20,,,0,15,,35773,20,,,0,15,,35774,20,,,0,15,,35775,20,,,0,55,,35776,20,,,0,15,,35777,20,,,0,15,,35778,20,,,0,15,,35779,20,,,0,55,,35780,20,,,0,15,,35781,20,,,0,15,,35782,20,,,0,15,,35783,20,,,0,55,,35784,20,,,0,15,,35785,20,,,0,15,,35786,20,,,0,15,,35787,20,,,0,55,,35788,20,,,0,15,,35789,20,,,0,15,,35790,20,,,0,15,,35791,20,,,0,57,,35792,20,,,0,15,,35793,20,,,0,15,,35794,20,,,0,12,,35795,20,,,0,12,,35796,20,,,0,52,,35797,20,,,0,12,,35798,20,,,0,12,,35799,20,,,0,12,,35800,20,,,0,12,,35801,20,,,0,52,,35802,20,,,0,12,,35803,20,,,0,12,,35804,20,,,0,12,,35805,20,,,0,12,,35806,20,,,0,52,,35807,20,,,0,12,,35808,20,,,0,12,,35809,20,,,0,12,,35810,20,,,0,12,,35811,20,,,0,52,,35812,20,,,0,11,,35813,20,,,0,12,,35814,20,,,0,15,,35815,20,,,0,55,,35816,20,,,0,15,,35817,20,,,0,15,,35818,20,,,0,15,,35819,20,,,0,54,,35820,20,,,0,15,,35821,20,,,0,20,,35822,20,,,0,20,,35823,20,,,0,60,,35824,20,,,0,30,,35825,20,,,0,69,,35826,20,,,0,30,,35827,20,,,0,70,,35828,20,,,0,30,,35829,20,,,0,70,,35830,20,,,0,30,,35831,20,,,0,90,,35832,20,,,0
579800,'2',549,,35842,20,,,0,71,,35843,20,,,0,30,,35844,20,,,0,70,,35845,20,,,0,30,,35846,20,,,0,70,,35847,20,,,0,25,,35848,20,,,0,60,,35849,20,,,0,20,,35850,20,,,0,20,,35851,20,,,0,60,,35852,20,,,0,20,,35853,20,,,0,20,,35854,20,,,0,60,,35855,20,,,0,20,,35856,20,,,0,20,,35857,20,,,0,60,,35858,20,,,0,23,,35859,20,,,0,20,,35860,20,,,0,60,,35861,20,,,0,20,,35862,20,,,0,20,,35863,20,,,0,60,,35864,20,,,0,20,,35865,20,,,0,20,,35866,20,,,0,60,,35867,20,,,0,20,,35868,20,,,0,20,,35869,20,,,0,60,,35870,20,,,0,20,,35871,20,,,0,20,,35872,20,,,0,60,,35873,20,,,0,20,,35874,20,,,0,20,,35875,20,,,0,70,,35876,20,,,0,30,,35877,20,,,0,70,,35878,20,,,0,30,,35879,20,,,0,70,,35833,20,,,0,30,,35834,20,,,0,67,,35835,20,,,0,30,,35836,20,,,0,70,,35837,20,,,0,30,,35838,20,,,0,70,,35839,20,,,0,30,,35840,20,,,0,70,,35880,20,,,0,30,,35841,20,,,0
579800,'3',614,,35914,20,,,0,30,,35881,20,,,0,70,,35882,20,,,0,30,,35883,20,,,0,70,,35884,20,,,0,30,,35885,20,,,0,72,,35886,20,,,0,30,,35887,20,,,0,70,,35888,20,,,0,31,,35889,20,,,0,70,,35890,20,,,0,30,,35891,20,,,0,70,,35892,20,,,0,30,,35893,20,,,0,70,,35894,20,,,0,30,,35895,20,,,0,70,,35896,20,,,0,30,,35897,20,,,0,70,,35898,20,,,0,30,,35899,20,,,0,70,,35900,20,,,0,30,,35901,20,,,0,70,,35902,20,,,0,30,,35903,20,,,0,70,,35904,20,,,0,30,,35911,20,,,0,70,,35905,20,,,0,30,,35912,20,,,0,70,,35906,20,,,0,30,,35913,20,,,0,68,,35907,20,,,0,30,,35915,20,,,0,70,,35908,20,,,0,30,,35916,20,,,0,70,,35909,20,,,0,30,,35917,20,,,0,70,,35910,20,,,0
579800,'4',544,,35918,20,,,0,70,,35919,20,,,0,30,,35920,20,,,0,70,,35921,20,,,0,30,,35922,20,,,0,70,,35923,20,,,0,30,,35924,20,,,0,72,,35925,20,,,0,30,,35926,20,,,0,70,,35927,20,,,0,30,,35928,20,,,0,70,,35929,20,,,0,30,,35930,20,,,0,70,,35931,20,,,0,30,,35932,20,,,0,70,,35933,20,,,0,30,,35934,20,,,0,70,,35935,20,,,0,100,,35936,20,,,0,100,,35937,20,,,0,100,,35938,20,,,0,100,,35939,20,,,0,100,,35940,20,,,0,100,,35941,20,,,0,100,,35942,20,,,0
579800,'6',549,,35952,20,,,0,71,,35953,20,,,0,30,,35954,20,,,0,70,,35955,20,,,0,30,,35956,20,,,0,70,,35957,20,,,0,25,,35958,20,,,0,60,,35959,20,,,0,20,,35960,20,,,0,20,,35961,20,,,0,60,,35962,20,,,0,20,,35963,20,,,0,20,,35964,20,,,0,60,,35965,20,,,0,20,,35966,20,,,0,20,,35967,20,,,0,60,,35968,20,,,0,23,,35969,20,,,0,20,,35970,20,,,0,60,,35971,20,,,0,20,,35972,20,,,0,20,,35973,20,,,0,60,,35974,20,,,0,20,,35975,20,,,0,20,,35976,20,,,0,60,,35977,20,,,0,20,,35978,20,,,0,20,,35979,20,,,0,60,,35980,20,,,0,20,,35981,20,,,0,20,,35982,20,,,0,60,,35983,20,,,0,20,,35984,20,,,0,20,,35985,20,,,0,70,,35986,20,,,0,30,,35987,20,,,0,70,,35988,20,,,0,30,,35989,20,,,0,70,,35943,20,,,0,30,,35944,20,,,0,67,,35945,20,,,0,30,,35946,20,,,0,70,,35947,20,,,0,30,,35948,20,,,0,70,,35949,20,,,0,30,,35950,20,,,0,70,,35990,20,,,0,30,,35951,20,,,0
580501,'2',700,,38325,24,,,0,45,,38326,24,,,0,85,,38327,24,,,0,85,,38328,24,,,0,85,,38329,24,,,0,45,,38330,24,,,0,85,,38331,24,,,0,85,,38332,24,,,0,85,,38333,24,,,0,45,,38334,24,,,0,85,,38335,24,,,0,85,,38336,24,,,0,85,,38337,24,,,0,45,,38338,24,,,0
583000,'1601',727,,41680,9,,,0,730,,41675,17,,,0
583000,'1',528,,41750,17,,,0,87,,41714,47,,,0,20,,41713,47,,,0,16,,41710,47,,,0,60,,41709,47,,,0,20,,41707,47,,,0,15,,41702,47,,,0,55,,41706,47,,,0,15,,41701,47,,,0,15,,41705,47,,,0,15,,41700,47,,,0,55,,41704,47,,,0,15,,41699,47,,,0,15,,41703,47,,,0,15,,41682,47,,,0,55,,41708,47,,,0,15,,41749,47,,,0,15,,41748,47,,,0,20,,41747,47,,,0,60,,41746,47,,,0,20,,41716,47,,,0,20,,41717,47,,,0,60,,41718,47,,,0,20,,41719,47,,,0,20,,41720,47,,,0,60,,41721,47,,,0,20,,41722,47,,,0,20,,41723,47,,,0,60,,41724,47,,,0,20,,41698,47,,,0,15,,41690,47,,,0,55,,41697,47,,,0,15,,41689,47,,,0,15,,41696,47,,,0,15,,41688,47,,,0,55,,41695,47,,,0,15,,41687,47,,,0,15,,41694,47,,,0,15,,41686,47,,,0,55,,41693,47,,,0,15,,41685,47,,,0,15,,41692,47,,,0,15,,41684,47,,,0,55,,41691,47,,,0,15,,41683,47,,,0,15,,41712,47,,,0,15,,41681,47,,,0,58,,41725,47,,,0,20,,41726,47,,,0,20,,41727,47,,,0,60,,41745,47,,,0,20,,41744,47,,,0,20,,41743,47,,,0,60,,41742,47,,,0,20,,41741,47,,,0,20,,41740,47,,,0,60,,41739,47,,,0,20,,41738,47,,,0,22,,41737,47,,,0,60,,41736,47,,,0,20,,41735,47,,,0,20,,41734,47,,,0,60,,41733,47,,,0,20,,41732,47,,,0,20,,41731,47,,,0,60,,41730,47,,,0,20,,41729,47,,,0,20,,41728,47,,,0
583000,'2',636,,41807,47,,,0,75,,41806,47,,,0,35,,41805,47,,,0,76,,41804,47,,,0,35,,41754,47,,,0,70,,41803,47,,,0,30,,41802,47,,,0,60,,41801,47,,,0,20,,41800,47,,,0,20,,41799,47,,,0,60,,41798,47,,,0,20,,41797,47,,,0,20,,41796,47,,,0,60,,41795,47,,,0,20,,41794,47,,,0,20,,41793,47,,,0,60,,41792,47,,,0,20,,41791,47,,,0,20,,41790,47,,,0,60,,41789,47,,,0,20,,41788,47,,,0,20,,41787,47,,,0,60,,41786,47,,,0,20,,41785,47,,,0,20,,41784,47,,,0,60,,41783,47,,,0,20,,41782,47,,,0,20,,41781,47,,,0,60,,41780,47,,,0,20,,41779,47,,,0,20,,41778,47,,,0,60,,41777,47,,,0,20,,41776,47,,,0,20,,41775,47,,,0,55,,41774,47,,,0,19,,41773,47,,,0,20,,41772,47,,,0,60,,41771,47,,,0,20,,41770,47,,,0,20,,41769,47,,,0,60,,41768,47,,,0,20,,41767,47,,,0,20,,41766,47,,,0,60,,41765,47,,,0,26,,41764,47,,,0,20,,41763,47,,,0,60,,41762,47,,,0,20,,41761,47,,,0,20,,41760,47,,,0,60,,41759,47,,,0,20,,41758,47,,,0,20,,41757,47,,,0,68,,41756,47,,,0
583000,'3',650,,41851,47,,,0,80,,41841,47,,,0,80,,41848,47,,,0,40,,41849,47,,,0,80,,41822,47,,,0,83,,41824,47,,,0,25,,41823,47,,,0,20,,41846,47,,,0,60,,41821,47,,,0,20,,41847,47,,,0,20,,41836,47,,,0,60,,41834,47,,,0,20,,41835,47,,,0,20,,41817,47,,,0,60,,41832,47,,,0,20,,41837,47,,,0,20,,41838,47,,,0,60,,41839,47,,,0,20,,41840,47,,,0,20,,41820,47,,,0,60,,41844,47,,,0,20,,41842,47,,,0,20,,41816,47,,,0,60,,41854,47,,,0,20,,41859,47,,,0,20,,41852,47,,,0,60,,41853,47,,,0,20,,41843,47,,,0,20,,41818,47,,,0,60,,41856,47,,,0,15,,41826,47,,,0,18,,41830,47,,,0,60,,41825,47,,,0,20,,41819,47,,,0,20,,41855,47,,,0,60,,41857,47,,,0,20,,41828,47,,,0,20,,41831,47,,,0,60,,41833,47,,,0,20,,41829,47,,,0,21,,41827,47,,,0,63,,41858,47,,,0,25,,41815,47,,,0,70,,41813,47,,,0,30,,41814,47,,,0,80,,41812,47,,,0
583000,'4',711,,41875,47,,,0,28,,41888,47,,,0,70,,41874,47,,,0,30,,41887,47,,,0,70,,41873,47,,,0,30,,41886,47,,,0,70,,41872,47,,,0,30,,41885,47,,,0,70,,41871,47,,,0,30,,41884,47,,,0,70,,41870,47,,,0,30,,41883,47,,,0,70,,41869,47,,,0,30,,41868,47,,,0,70,,41867,47,,,0,30,,41866,47,,,0,70,,41882,47,,,0,30,,41865,47,,,0,70,,41881,47,,,0,30,,41864,47,,,0,70,,41880,47,,,0,30,,41863,47,,,0,70,,41879,47,,,0,30,,41862,47,,,0,70,,41878,47,,,0,30,,41861,47,,,0,70,,41877,47,,,0,30,,41860,47,,,0,70,,41876,47,,,0
583000,'6',636,,41943,47,,,0,75,,41942,47,,,0,35,,41941,47,,,0,76,,41940,47,,,0,35,,41890,47,,,0,70,,41939,47,,,0,30,,41938,47,,,0,60,,41937,47,,,0,20,,41936,47,,,0,20,,41935,47,,,0,60,,41934,47,,,0,20,,41933,47,,,0,20,,41932,47,,,0,60,,41931,47,,,0,20,,41930,47,,,0,20,,41929,47,,,0,60,,41928,47,,,0,20,,41927,47,,,0,20,,41926,47,,,0,60,,41925,47,,,0,20,,41924,47,,,0,20,,41923,47,,,0,60,,41922,47,,,0,20,,41921,47,,,0,20,,41920,47,,,0,60,,41919,47,,,0,20,,41918,47,,,0,20,,41917,47,,,0,60,,41916,47,,,0,20,,41915,47,,,0,20,,41914,47,,,0,60,,41913,47,,,0,20,,41912,47,,,0,20,,41911,47,,,0,55,,41910,47,,,0,19,,41909,47,,,0,20,,41908,47,,,0,60,,41907,47,,,0,20,,41906,47,,,0,20,,41905,47,,,0,60,,41904,47,,,0,20,,41903,47,,,0,20,,41902,47,,,0,60,,41901,47,,,0,26,,41900,47,,,0,20,,41899,47,,,0,60,,41898,47,,,0,20,,41897,47,,,0,20,,41896,47,,,0,60,,41895,47,,,0,20,,41894,47,,,0,20,,41893,47,,,0,68,,41892,47,,,0
583001,'1601',824,,41956,29,,,0,604,,41955,29,0,42 43 44 10,0,81,,41950,17,0,42 43 44 10,0,4,,41948,17,0,42 43 44 10,0,26,,41954,17,0,42 43 44 10,0,3,,41951,17,,,0,10,,41949,29,0,42 43 44 10,0,7,,41952,29,0,42 43 44 10,0
583001,'1',456,,41985,29,,,0,55,,41992,29,,,0,15,,41984,29,,,0,20,,42011,29,,,0,60,,41991,29,,,0,20,,41990,29,,,0,10,,41988,29,,,0,15,,41958,9,,,0,55,,41989,29,,,0,15,,41983,29,,,0,15,,41978,29,,,0,15,,41982,29,,,0,55,,41977,29,,,0,15,,41981,29,,,0,15,,41976,29,,,0,15,,41980,29,,,0,55,,41975,29,,,0,15,,41979,29,,,0,20,,41993,29,,,0,60,,41994,29,,,0,21,,42012,29,,,0,20,,41995,29,,,0,60,,41996,29,,,0,20,,41997,29,,,0,20,,41998,29,,,0,60,,41999,29,,,0,20,,42000,29,,,0,20,,42001,29,,,0,60,,42002,29,,,0,20,,42003,29,,,0,20,,41987,29,,,0,15,,41986,29,,,0,55,,41974,29,,,0,15,,41966,29,,,0,15,,41973,29,,,0,15,,41965,29,,,0,55,,41972,29,,,0,15,,41964,29,,,0,15,,41971,29,,,0,15,,41963,29,,,0,55,,41970,29,,,0,15,,41962,29,,,0,15,,41969,29,,,0,15,,41961,29,,,0,55,,41968,29,,,0,15,,41960,29,,,0,15,,41967,29,,,0,15,,41959,29,,,0,55,,41957,29,,,0,15,,42004,29,,,0,15,,42005,29,,,0,60,,42006,29,,,0,18,,42007,29,,,0,20,,42008,29,,,0,60,,42009,29,,,0,20,,42010,29,,,0,20,,42026,29,,,0,60,,42025,29,,,0,20,,42024,29,,,0,20,,42023,29,,,0,60,,42022,29,,,0,19,,42021,29,,,0,20,,42020,29,,,0,20,,42019,29,,,0,60,,42018,29,,,0,20,,42017,29,,,0,20,,42016,29,,,0,60,,42015,29,,,0,20,,42014,29,,,0
583001,'2',518,,42082,29,,,0,36,,42081,29,,,0,75,,42080,29,,,0,29,,42079,29,,,0,71,,42078,29,,,0,30,,42077,29,,,0,65,,42075,9,,,0,20,,42076,29,,,0,60,,42074,29,,,0,20,,42073,29,,,0,20,,42072,29,,,0,60,,42071,29,,,0,20,,42070,29,,,0,20,,42069,29,,,0,60,,42068,29,,,0,20,,42067,29,,,0,20,,42066,29,,,0,60,,42065,29,,,0,20,,42064,29,,,0,20,,42063,29,,,0,60,,42062,29,,,0,20,,42061,29,,,0,20,,42060,29,,,0,60,,42059,29,,,0,20,,42058,29,,,0,20,,42057,29,,,0,60,,42056,29,,,0,20,,42055,29,,,0,20,,42054,29,,,0,60,,42053,29,,,0,20,,42052,29,,,0,20,,42051,29,,,0,60,,42050,29,,,0,20,,42049,29,,,0,20,,42048,29,,,0,60,,42047,29,,,0,20,,42046,29,,,0,20,,42045,29,,,0,60,,42044,29,,,0,19,,42043,29,,,0,20,,42042,29,,,0,60,,42041,29,,,0,20,,42040,29,,,0,20,,42039,29,,,0,60,,42038,29,,,0,20,,42037,29,,,0,20,,42036,29,,,0,60,,42035,29,,,0,20,,42034,29,,,0,20,,42033,29,,,0,60,,42032,29,,,0,21,,42031,29,,,0,20,,42030,29,,,0,60,,42029,29,,,0,20,,42028,29,,,0,18,,42027,29,,,0
583001,'3',536,,42097,29,,,0,80,,42111,29,,,0,40,,42096,29,,,0,80,,42112,29,,,0,80,,42088,29,,,0,40,,42103,29,,,0,60,,42113,29,,,0,20,,42099,29,,,0,20,,42114,29,,,0,60,,42100,29,,,0,20,,42115,29,,,0,20,,42098,29,,,0,60,,42116,29,,,0,20,,42095,29,,,0,20,,42117,29,,,0,60,,42106,29,,,0,20,,42118,29,,,0,20,,42090,29,,,0,60,,42119,29,,,0,20,,42108,29,,,0,20,,42120,29,,,0,60,,42107,29,,,0,20,,42121,29,,,0,20,,42092,29,,,0,60,,42122,29,,,0,20,,42109,29,,,0,20,,42123,29,,,0,60,,42091,29,,,0,20,,42124,29,,,0,20,,42104,29,,,0,60,,42125,29,,,0,20,,42102,29,,,0,20,,42126,29,,,0,60,,42101,29,,,0,20,,42127,29,,,0,20,,42105,29,,,0,59,,42128,29,,,0,25,,42110,29,,,0,60,,42129,29,,,0,20,,42094,29,,,0,20,,42089,29,,,0,60,,42093,29,,,0,30,,42087,29,,,0,70,,42085,29,,,0,30,,42086,29,,,0,70,,42084,29,,,0,30,,42083,29,,,0
583001,'4',610,,42160,9,,,0,24,,42130,29,,,0,70,,42131,29,,,0,30,,42132,29,,,0,70,,42133,29,,,0,30,,42134,29,,,0,70,,42135,29,,,0,30,,42136,29,,,0,70,,42137,29,,,0,30,,42138,29,,,0,70,,42139,29,,,0,30,,42140,29,,,0,70,,42141,29,,,0,30,,42142,29,,,0,70,,42143,29,,,0,30,,42144,29,,,0,70,,42145,29,,,0,30,,42146,29,,,0,70,,42147,29,,,0,30,,42148,29,,,0,70,,42149,29,,,0,30,,42150,29,,,0,70,,42151,29,,,0,30,,42152,29,,,0,70,,42153,29,,,0,30,,42154,29,,,0,70,,42155,29,,,0,30,,42156,29,,,0,70,,42157,29,,,0,30,,42158,29,,,0,70,,42159,29,,,0
583001,'6',518,,42217,29,,,0,36,,42216,29,,,0,75,,42215,29,,,0,29,,42214,29,,,0,71,,42213,29,,,0,30,,42212,29,,,0,65,,42210,9,,,0,20,,42211,29,,,0,60,,42209,29,,,0,20,,42208,29,,,0,20,,42207,29,,,0,60,,42206,29,,,0,20,,42205,29,,,0,20,,42204,29,,,0,60,,42203,29,,,0,20,,42202,29,,,0,20,,42201,29,,,0,60,,42200,29,,,0,20,,42199,29,,,0,20,,42198,29,,,0,60,,42197,29,,,0,20,,42196,29,,,0,20,,42195,29,,,0,60,,42194,29,,,0,20,,42193,29,,,0,20,,42192,29,,,0,60,,42191,29,,,0,20,,42190,29,,,0,20,,42189,29,,,0,60,,42188,29,,,0,20,,42187,29,,,0,20,,42186,29,,,0,60,,42185,29,,,0,20,,42184,29,,,0,20,,42183,29,,,0,60,,42182,29,,,0,20,,42181,29,,,0,20,,42180,29,,,0,60,,42179,29,,,0,19,,42178,29,,,0,20,,42177,29,,,0,60,,42176,29,,,0,20,,42175,29,,,0,20,,42174,29,,,0,60,,42173,29,,,0,20,,42172,29,,,0,20,,42171,29,,,0,60,,42170,29,,,0,20,,42169,29,,,0,20,,42168,29,,,0,60,,42167,29,,,0,21,,42166,29,,,0,20,,42165,29,,,0,60,,42164,29,,,0,20,,42163,29,,,0,18,,42162,29,,,0
