578301,'1',513,,31011,31,0,29 30 6,0,20,,31012,31,0,33 4 34,0,10,,31013,73,0,20 4 12 13,0,10,,31014,79,0,33 4 34,0,50,,31015,67,0,29 30 6,0,15,,31016,73,0,20 4 12 13,0,10,,31017,79,0,33 4 34,0,4,,31018,67,0,29 30 6,0,12,,31019,73,0,20 4 12 13,0,7,,31020,79,0,33 4 34,0,8,,31021,67,0,29 30 6,0,47,,31022,79,0,33 4 34,0,8,,31023,73,0,20 4 12 13,0,7,,31024,79,0,33 4 34,0,8,,31025,67,0,29 30 6,0,7,,31026,79,0,33 4 34,0,8,,31027,73,0,20 4 12 13,0,7,,31028,79,0,33 4 34,0,8,,31029,67,0,29 30 6,0,47,,31030,79,0,33 4 34,0,8,,31031,73,0,20 4 12 13,0,7,,31032,79,0,33 4 34,0,8,,31033,67,0,29 30 6,0,7,,31034,79,0,33 4 34,0,8,,31035,73,0,20 4 12 13,0,7,,31036,79,0,33 4 34,0,8,,31037,67,0,29 30 6,0,47,,31038,79,0,33 4 34,0,8,,31039,73,0,20 4 12 13,0,7,,31040,79,0,33 4 34,0,8,,31041,67,0,29 30 6,0,7,,31042,79,0,33 4 34,0,8,,31043,73,0,20 4 12 13,0,7,,31044,79,0,33 4 34,0,8,,31045,67,0,29 30 6,0,47,,31046,79,0,33 4 34,0,8,,31047,73,0,20 4 12 13,0,16,,31049,67,0,29 30 6,0,8,,31050,79,0,33 4 34,0,10,,31051,73,0,20 4 12 13,0,10,,31052,67,0,29 30 6,0,50,,31053,79,0,33 4 34,0,10,,31054,73,0,20 4 12 13,0,10,,31055,67,0,29 30 6,0,10,,31056,79,0,33 4 34,0,10,,31057,73,0,20 4 12 13,0,10,,31058,67,0,29 30 6,0,50,,31059,79,0,33 4 34,0,10,,31060,73,0,20 4 12 13,0,10,,31061,67,0,29 30 6,0,10,,31062,79,0,33 4 34,0,10,,31063,73,0,20 4 12 13,0,10,,31064,67,0,29 30 6,0,50,,31065,79,0,33 4 34,0,10,,31066,73,0,20 4 12 13,0,10,,31067,67,0,29 30 6,0,10,,31068,79,0,33 4 34,0,10,,31069,73,0,20 4 12 13,0,10,,31070,67,0,29 30 6,0,50,,31071,79,0,33 4 34,0,10,,31072,73,0,20 4 12 13,0,12,,31073,67,0,29 30 6,0,10,,31074,79,0,33 4 34,0,10,,31075,73,0,20 4 12 13,0,8,,31076,79,0,33 4 34,0,48,,31077,67,0,29 30 6,0,7,,31078,79,0,33 4 34,0,8,,31079,73,0,20 4 12 13,0,7,,31080,79,0,33 4 34,0,8,,31081,67,0,29 30 6,0,7,,31082,79,0,33 4 34,0,8,,31083,73,0,20 4 12 13,0,7,,31084,79,0,33 4 34,0,48,,31085,67,0,29 30 6,0,7,,31086,79,0,33 4 34,0,8,,31087,73,0,20 4 12 13,0,7,,31088,79,0,33 4 34,0,8,,31089,67,0,29 30 6,0,7,,31090,79,0,33 4 34,0,8,,31091,73,0,20 4 12 13,0,7,,31092,79,0,33 4 34,0,48,,31093,67,0,29 30 6,0,7,,31094,79,0,33 4 34,0,8,,31095,73,0,20 4 12 13,0,7,,31096,79,0,33 4 34,0,8,,31097,67,0,29 30 6,0,7,,31098,79,0,33 4 34,0,8,,31099,73,0,20 4 12 13,0,7,,31100,79,0,33 4 34,0,47,,31101,67,0,29 30 6,0,7,,31102,79,0,33 4 34,0,7,,31103,73,0,20 4 12 13,0,4,,31104,79,0,33 4 34,0,9,,31105,67,0,29 30 6,0,6,,31106,79,0,33 4 34,0,7,,31107,73,0,20 4 12 13,0,56,,31109,67,0,29 30 6,0,8,,31110,79,0,33 4 34,0,9,,31111,73,0,20 4 12 13,0,17,,31113,67,0,29 30 6,0,8,,31114,79,0,33 4 34,0,8,,31115,73,0,20 4 12 13,0,8,,31116,67,0,29 30 6,0,48,,31117,79,0,33 4 34,0,8,,31118,73,0,20 4 12 13,0,18,,31120,67,0,29 30 6,0,10,,31121,79,0,33 4 34,0,10,,31122,73,0,20 4 12 13,0,50,,31123,67,0,29 30 6,0,10,,31124,79,0,33 4 34,0,10,,31125,67,0,29 30 6,0,10,,31126,73,0,20 4 12 13,0,10,,31127,79,0,33 4 34,0,10,,31128,73,0,20 4 12 13,0,50,,31129,67,0,29 30 6,0,10,,31130,79,0,33 4 34,0,8,,31131,73,0,20 4 12 13,0,10,,31132,79,0,33 4 34,0,15,,31133,67,0,29 30 6,0,55,,31134,73,0,20 4 12 13,0,15,,31135,79,0,33 4 34,0,15,,31137,67,0,29 30 6,0,15,,31138,73,0,20 4 12 13,0,55,,31139,79,0,33 4 34,0,15,,31140,67,0,29 30 6,0,15,,31141,73,0,20 4 12 13,0,10,,31142,79,0,33 4 34,0,70,,31143,73,0,20 4 12 13,0,15,,31144,79,0,33 4 34,0,10,,31145,67,0,29 30 6,0
578301,'2',506,,31149,31,0,29 30 6,0,6,,31150,73,0,20 4 12 13,0,10,,31151,79,0,33 4 34,0,12,,31152,73,0,20 4 12 13,0,12,,31153,67,0,29 30 6,0,12,,31154,79,0,33 4 34,0,52,,31155,73,0,20 4 12 13,0,12,,31156,67,0,29 30 6,0,12,,31157,79,0,33 4 34,0,12,,31158,73,0,20 4 12 13,0,12,,31159,67,0,29 30 6,0,52,,31160,79,0,33 4 34,0,12,,31161,73,0,20 4 12 13,0,12,,31162,67,0,29 30 6,0,12,,31163,79,0,33 4 34,0,12,,31164,73,0,20 4 12 13,0,52,,31165,67,0,29 30 6,0,16,,31166,79,0,33 4 34,0,12,,31167,73,0,20 4 12 13,0,12,,31168,67,0,29 30 6,0,52,,31169,79,0,33 4 34,0,12,,31170,73,0,20 4 12 13,0,12,,31171,67,0,29 30 6,0,12,,31172,79,0,33 4 34,0,12,,31173,73,0,20 4 12 13,0,52,,31174,67,0,29 30 6,0,12,,31175,79,0,33 4 34,0,12,,31176,73,0,20 4 12 13,0,12,,31177,67,0,29 30 6,0,12,,31178,79,0,33 4 34,0,52,,31179,73,0,20 4 12 13,0,12,,31180,67,0,29 30 6,0,12,,31181,79,0,33 4 34,0,12,,31182,73,0,20 4 12 13,0,12,,31183,67,0,29 30 6,0,52,,31184,79,0,33 4 34,0,12,,31185,73,0,20 4 12 13,0,12,,31186,67,0,29 30 6,0,12,,31187,79,0,33 4 34,0,12,,31188,73,0,20 4 12 13,0,52,,31189,67,0,29 30 6,0,12,,31190,79,0,33 4 34,0,12,,31191,73,0,20 4 12 13,0,12,,31192,67,0,29 30 6,0,12,,31193,79,0,33 4 34,0,52,,31194,73,0,20 4 12 13,0,12,,31195,67,0,29 30 6,0,12,,31196,79,0,33 4 34,0,12,,31197,73,0,20 4 12 13,0,12,,31198,67,0,29 30 6,0,52,,31199,79,0,33 4 34,0,12,,31200,73,0,20 4 12 13,0,12,,31201,67,0,29 30 6,0,12,,31202,79,0,33 4 34,0,12,,31203,73,0,20 4 12 13,0,52,,31204,67,0,29 30 6,0,12,,31205,79,0,33 4 34,0,12,,31206,73,0,20 4 12 13,0,12,,31207,67,0,29 30 6,0,12,,31208,79,0,33 4 34,0,52,,31209,73,0,20 4 12 13,0,12,,31210,67,0,29 30 6,0,12,,31211,79,0,33 4 34,0,12,,31212,73,0,20 4 12 13,0,12,,31213,67,0,29 30 6,0,52,,31214,79,0,33 4 34,0,12,,31215,73,0,20 4 12 13,0,12,,31216,67,0,29 30 6,0,12,,31217,79,0,33 4 34,0,12,,31218,73,0,20 4 12 13,0,52,,31219,67,0,29 30 6,0,12,,31220,79,0,33 4 34,0,12,,31221,73,0,20 4 12 13,0,12,,31222,67,0,29 30 6,0,11,,31223,79,0,33 4 34,0,52,,31224,73,0,20 4 12 13,0,12,,31225,67,0,29 30 6,0,12,,31226,79,0,33 4 34,0,12,,31227,73,0,20 4 12 13,0,12,,31228,67,0,29 30 6,0,52,,31229,79,0,33 4 34,0,16,,31230,73,0,20 4 12 13,0,15,,31231,67,0,29 30 6,0,15,,31232,79,0,33 4 34,0,55,,31233,73,0,20 4 12 13,0,13,,31234,79,0,33 4 34,0,15,,31235,67,0,29 30 6,0,15,,31236,73,0,20 4 12 13,0,55,,31237,79,0,33 4 34,0,15,,31238,67,0,29 30 6,0,15,,31239,73,0,20 4 12 13,0,15,,31240,79,0,33 4 34,0,55,,31241,67,0,29 30 6,0,15,,31242,73,0,20 4 12 13,0,15,,31243,79,0,33 4 34,0,15,,31244,67,0,29 30 6,0,55,,31245,73,0,20 4 12 13,0,20,,31246,79,0,33 4 34,0,15,,31247,67,0,29 30 6,0
578301,'3',520,,31251,31,0,20 4 12 13,0,5,,31252,31,0,33 4 34,0,15,,31253,31,0,29 30 6,0,60,,31254,79,0,33 4 34,0,5,,31255,31,0,20 4 12 13,0,10,,31256,73,0,20 4 12 13,0,15,,31257,67,0,29 30 6,0,15,,31258,79,0,33 4 34,0,55,,31259,73,0,20 4 12 13,0,15,,31260,67,0,29 30 6,0,15,,31261,79,0,33 4 34,0,15,,31262,73,0,20 4 12 13,0,55,,31263,67,0,29 30 6,0,15,,31264,79,0,33 4 34,0,15,,31265,73,0,20 4 12 13,0,15,,31266,67,0,29 30 6,0,55,,31267,79,0,33 4 34,0,15,,31268,73,0,20 4 12 13,0,15,,31269,67,0,29 30 6,0,15,,31270,79,0,33 4 34,0,13,,31271,73,0,20 4 12 13,0,52,,31272,67,0,29 30 6,0,15,,31273,79,0,33 4 34,0,12,,31274,73,0,20 4 12 13,0,12,,31275,67,0,29 30 6,0,52,,31276,79,0,33 4 34,0,12,,31277,73,0,20 4 12 13,0,12,,31278,67,0,29 30 6,0,12,,31279,79,0,33 4 34,0,12,,31280,73,0,20 4 12 13,0,52,,31281,67,0,29 30 6,0,12,,31282,79,0,33 4 34,0,12,,31283,73,0,20 4 12 13,0,12,,31284,67,0,29 30 6,0,12,,31285,79,0,33 4 34,0,52,,31286,73,0,20 4 12 13,0,12,,31287,67,0,29 30 6,0,12,,31288,79,0,33 4 34,0,12,,31289,73,0,20 4 12 13,0,12,,31290,67,0,29 30 6,0,52,,31291,79,0,33 4 34,0,12,,31292,73,0,20 4 12 13,0,12,,31293,67,0,29 30 6,0,12,,31294,79,0,33 4 34,0,12,,31295,73,0,20 4 12 13,0,52,,31296,67,0,29 30 6,0,12,,31297,79,0,33 4 34,0,12,,31298,73,0,20 4 12 13,0,12,,31299,67,0,29 30 6,0,12,,31300,79,0,33 4 34,0,52,,31301,73,0,20 4 12 13,0,12,,31302,67,0,29 30 6,0,12,,31303,79,0,33 4 34,0,12,,31304,73,0,20 4 12 13,0,12,,31305,67,0,29 30 6,0,52,,31306,79,0,33 4 34,0,12,,31307,73,0,20 4 12 13,0,12,,31308,67,0,29 30 6,0,12,,31309,79,0,33 4 34,0,12,,31310,73,0,20 4 12 13,0,52,,31311,67,0,29 30 6,0,12,,31312,79,0,33 4 34,0,12,,31313,73,0,20 4 12 13,0,12,,31314,67,0,29 30 6,0,12,,31315,79,0,33 4 34,0,52,,31316,73,0,20 4 12 13,0,12,,31317,67,0,29 30 6,0,12,,31318,79,0,33 4 34,0,11,,31319,73,0,20 4 12 13,0,12,,31320,67,0,29 30 6,0,55,,31321,79,0,33 4 34,0,15,,31322,73,0,20 4 12 13,0,15,,31323,67,0,29 30 6,0,15,,31324,79,0,33 4 34,0,55,,31325,73,0,20 4 12 13,0,15,,31326,67,0,29 30 6,0,15,,31327,79,0,33 4 34,0,15,,31328,73,0,20 4 12 13,0,55,,31329,67,0,29 30 6,0,13,,31330,79,0,33 4 34,0,15,,31331,73,0,20 4 12 13,0,15,,31332,67,0,29 30 6,0,55,,31333,79,0,33 4 34,0,15,,31334,73,0,20 4 12 13,0,15,,31335,67,0,29 30 6,0,15,,31336,79,0,33 4 34,0,55,,31337,73,0,20 4 12 13,0,15,,31338,79,0,33 4 34,0
578301,'4',533,,31406,31,0,29 30 6,0,21,,31342,31,0,20 4 12 13,0,50,,31343,31,0,29 30 6,0,3,,31407,79,0,33 4 34,0,22,,31345,73,0,20 4 12 13,0,4,,31344,79,0,33 4 34,0,11,,31346,67,0,29 30 6,0,15,,31347,79,0,33 4 34,0,55,,31348,73,0,20 4 12 13,0,15,,31349,67,0,29 30 6,0,15,,31350,79,0,33 4 34,0,15,,31351,73,0,20 4 12 13,0,55,,31352,67,0,29 30 6,0,15,,31353,79,0,33 4 34,0,15,,31354,73,0,20 4 12 13,0,15,,31355,67,0,29 30 6,0,55,,31356,79,0,33 4 34,0,15,,31357,73,0,20 4 12 13,0,15,,31358,67,0,29 30 6,0,15,,31359,79,0,33 4 34,0,58,,31360,73,0,20 4 12 13,0,15,,31361,67,0,29 30 6,0,14,,31362,79,0,33 4 34,0,56,,31363,73,0,20 4 12 13,0,15,,31364,67,0,29 30 6,0,14,,31365,79,0,33 4 34,0,16,,31366,73,0,20 4 12 13,0,55,,31367,67,0,29 30 6,0,14,,31368,79,0,33 4 34,0,16,,31369,73,0,20 4 12 13,0,15,,31370,67,0,29 30 6,0,54,,31371,79,0,33 4 34,0,16,,31372,73,0,20 4 12 13,0,15,,31373,67,0,29 30 6,0,14,,31374,79,0,33 4 34,0,56,,31375,73,0,20 4 12 13,0,15,,31376,67,0,29 30 6,0,14,,31377,79,0,33 4 34,0,16,,31378,73,0,20 4 12 13,0,55,,31379,67,0,29 30 6,0,14,,31380,79,0,33 4 34,0,16,,31381,73,0,20 4 12 13,0,15,,31382,67,0,29 30 6,0,54,,31383,79,0,33 4 34,0,16,,31384,73,0,20 4 12 13,0,15,,31385,67,0,29 30 6,0,14,,31386,79,0,33 4 34,0,56,,31387,73,0,20 4 12 13,0,15,,31388,67,0,29 30 6,0,14,,31389,79,0,33 4 34,0,16,,31390,73,0,20 4 12 13,0,55,,31391,67,0,29 30 6,0,12,,31392,79,0,33 4 34,0,16,,31393,73,0,20 4 12 13,0,15,,31394,67,0,29 30 6,0,14,,31395,79,0,33 4 34,0,56,,31396,73,0,20 4 12 13,0,15,,31397,67,0,29 30 6,0,14,,31398,79,0,33 4 34,0,56,,31399,73,0,20 4 12 13,0,15,,31400,67,0,29 30 6,0,14,,31401,79,0,33 4 34,0,16,,31402,73,0,20 4 12 13,0,55,,31403,67,0,29 30 6,0,14,,31405,79,0,33 4 34,0
578301,'6',520,,31408,31,0,20 4 12 13,0,5,,31409,31,0,33 4 34,0,15,,31410,31,0,29 30 6,0,60,,31411,79,0,33 4 34,0,5,,31412,31,0,20 4 12 13,0,10,,31413,73,0,20 4 12 13,0,15,,31414,67,0,29 30 6,0,15,,31415,79,0,33 4 34,0,55,,31416,73,0,20 4 12 13,0,15,,31417,67,0,29 30 6,0,15,,31418,79,0,33 4 34,0,15,,31419,73,0,20 4 12 13,0,55,,31420,67,0,29 30 6,0,15,,31421,79,0,33 4 34,0,15,,31422,73,0,20 4 12 13,0,15,,31423,67,0,29 30 6,0,55,,31424,79,0,33 4 34,0,15,,31425,73,0,20 4 12 13,0,15,,31426,67,0,29 30 6,0,15,,31427,79,0,33 4 34,0,13,,31428,73,0,20 4 12 13,0,52,,31429,67,0,29 30 6,0,15,,31430,79,0,33 4 34,0,12,,31431,73,0,20 4 12 13,0,12,,31432,67,0,29 30 6,0,52,,31433,79,0,33 4 34,0,12,,31434,73,0,20 4 12 13,0,12,,31435,67,0,29 30 6,0,12,,31436,79,0,33 4 34,0,12,,31437,73,0,20 4 12 13,0,52,,31438,67,0,29 30 6,0,12,,31439,79,0,33 4 34,0,12,,31440,73,0,20 4 12 13,0,12,,31441,67,0,29 30 6,0,12,,31442,79,0,33 4 34,0,52,,31443,73,0,20 4 12 13,0,12,,31444,67,0,29 30 6,0,12,,31445,79,0,33 4 34,0,12,,31446,73,0,20 4 12 13,0,12,,31447,67,0,29 30 6,0,52,,31448,79,0,33 4 34,0,12,,31449,73,0,20 4 12 13,0,12,,31450,67,0,29 30 6,0,12,,31451,79,0,33 4 34,0,12,,31452,73,0,20 4 12 13,0,52,,31453,67,0,29 30 6,0,12,,31454,79,0,33 4 34,0,12,,31455,73,0,20 4 12 13,0,12,,31456,67,0,29 30 6,0,12,,31457,79,0,33 4 34,0,52,,31458,73,0,20 4 12 13,0,12,,31459,67,0,29 30 6,0,12,,31460,79,0,33 4 34,0,12,,31461,73,0,20 4 12 13,0,12,,31462,67,0,29 30 6,0,52,,31463,79,0,33 4 34,0,12,,31464,73,0,20 4 12 13,0,12,,31465,67,0,29 30 6,0,12,,31466,79,0,33 4 34,0,12,,31467,73,0,20 4 12 13,0,52,,31468,67,0,29 30 6,0,12,,31469,79,0,33 4 34,0,12,,31470,73,0,20 4 12 13,0,12,,31471,67,0,29 30 6,0,12,,31472,79,0,33 4 34,0,52,,31473,73,0,20 4 12 13,0,12,,31474,67,0,29 30 6,0,12,,31475,79,0,33 4 34,0,11,,31476,73,0,20 4 12 13,0,12,,31477,67,0,29 30 6,0,55,,31478,79,0,33 4 34,0,15,,31479,73,0,20 4 12 13,0,15,,31480,67,0,29 30 6,0,15,,31481,79,0,33 4 34,0,55,,31482,73,0,20 4 12 13,0,15,,31483,67,0,29 30 6,0,15,,31484,79,0,33 4 34,0,15,,31485,73,0,20 4 12 13,0,55,,31486,67,0,29 30 6,0,13,,31487,79,0,33 4 34,0,15,,31488,73,0,20 4 12 13,0,15,,31489,67,0,29 30 6,0,55,,31490,79,0,33 4 34,0,15,,31491,73,0,20 4 12 13,0,15,,31492,67,0,29 30 6,0,15,,31493,79,0,33 4 34,0,55,,31494,73,0,20 4 12 13,0,15,,31495,79,0,33 4 34,0
583000,'1',556,,41714,26,,,0,75,,41710,26,,,0,80,,41707,26,,,0,30,,41706,26,,,0,70,,41705,26,,,0,30,,41704,26,,,0,70,,41703,26,,,0,30,,41708,26,,,0,70,,41748,26,,,0,40,,41746,26,,,0,80,,41717,26,,,0,80,,41719,26,,,0,40,,41721,26,,,0,79,,41723,26,,,0,80,,41698,26,,,0,45,,41689,26,,,0,70,,41688,26,,,0,30,,41687,26,,,0,70,,41686,26,,,0,30,,41685,26,,,0,70,,41684,26,,,0,30,,41683,26,,,0,70,,41681,26,,,0,82,,41726,26,,,0,20,,41727,26,,,0,80,,41744,26,,,0,20,,41743,26,,,0,80,,41741,26,,,0,40,,41739,26,,,0,84,,41737,26,,,0,100,,41734,26,,,0,80,,41732,26,,,0,40,,41730,26,,,0,80,,41728,26,,,0
583000,'2',618,,41807,26,,,0,110,,41805,26,,,0,109,,41754,26,,,0,100,,41802,26,,,0,80,,41800,26,,,0,40,,41798,26,,,0,80,,41796,26,,,0,80,,41794,26,,,0,40,,41792,26,,,0,80,,41790,26,,,0,80,,41788,26,,,0,40,,41786,26,,,0,80,,41784,26,,,0,80,,41782,26,,,0,40,,41780,26,,,0,80,,41778,26,,,0,80,,41776,26,,,0,35,,41774,26,,,0,83,,41772,26,,,0,80,,41770,26,,,0,40,,41768,26,,,0,80,,41766,26,,,0,107,,41763,26,,,0,80,,41761,26,,,0,80,,41759,26,,,0,40,,41757,26,,,0
583000,'3',715,,41841,26,,,0,120,,41849,26,,,0,120,,41824,26,,,0,85,,41846,26,,,0,80,,41847,26,,,0,80,,41834,26,,,0,40,,41817,26,,,0,80,,41837,26,,,0,80,,41839,26,,,0,40,,41820,26,,,0,80,,41842,26,,,0,80,,41854,26,,,0,40,,41852,26,,,0,80,,41843,26,,,0,80,,41856,26,,,0,36,,41830,26,,,0,80,,41819,26,,,0,40,,41857,26,,,0,80,,41831,26,,,0,80,,41829,26,,,0,84,,41858,26,,,0,55,,41813,26,,,0,150,,41812,26,,,0
583000,'4',724,,41888,26,,,0,100,,41887,26,,,0,100,,41886,26,,,0,100,,41885,26,,,0,100,,41884,26,,,0,100,,41883,26,,,0,100,,41868,26,,,0,100,,41866,26,,,0,100,,41865,26,,,0,100,,41864,26,,,0,100,,41863,26,,,0,100,,41862,26,,,0,100,,41861,26,,,0,100,,41860,26,,,0
583000,'6',618,,41943,26,,,0,110,,41941,26,,,0,109,,41890,26,,,0,100,,41938,26,,,0,80,,41936,26,,,0,40,,41934,26,,,0,80,,41932,26,,,0,80,,41930,26,,,0,40,,41928,26,,,0,80,,41926,26,,,0,80,,41924,26,,,0,40,,41922,26,,,0,80,,41920,26,,,0,80,,41918,26,,,0,40,,41916,26,,,0,80,,41914,26,,,0,80,,41912,26,,,0,35,,41910,26,,,0,83,,41908,26,,,0,80,,41906,26,,,0,40,,41904,26,,,0,80,,41902,26,,,0,107,,41899,26,,,0,80,,41897,26,,,0,80,,41895,26,,,0,40,,41893,26,,,0
