580300,'1',552,,37842,28,,,0,75,,37844,28,,,0,32,,37846,28,,,0,70,,37848,28,,,0,30,,37850,28,,,0,70,,37852,28,,,0,30,,37854,28,,,0,70,,37856,28,,,0,75,,37858,28,,,0,40,,37860,28,,,0,80,,37862,28,,,0,80,,37864,28,,,0,40,,37866,28,,,0,80,,37868,28,,,0,80,,37870,28,,,0,38,,37872,28,,,0,85,,37874,28,,,0,30,,37876,28,,,0,70,,37878,28,,,0,30,,37880,28,,,0,70,,37882,28,,,0,30,,37884,28,,,0,70,,37886,28,,,0,80,,37888,28,,,0,37,,37890,28,,,0,80,,37892,28,,,0,80,,37894,28,,,0,50,,37896,28,,,0,98,,37898,28,,,0,100,,37900,28,,,0,100,,37902,28,,,0
580300,'2',638,,37906,28,,,0,100,,37952,28,,,0,100,,37946,28,,,0,93,,37927,28,,,0,80,,37908,28,,,0,40,,37915,28,,,0,80,,37917,28,,,0,80,,37913,28,,,0,40,,37929,28,,,0,80,,37920,28,,,0,80,,37939,28,,,0,40,,37928,28,,,0,80,,37909,28,,,0,80,,37923,28,,,0,40,,37911,28,,,0,78,,37921,28,,,0,86,,37950,28,,,0,98,,37949,28,,,0,100,,37931,28,,,0,100,,37933,28,,,0,100,,37943,28,,,0,98,,37937,28,,,0,100,,37941,28,,,0,100,,37944,28,,,0
580300,'3',622,,37956,28,,,0,100,,37958,28,,,0,100,,37955,28,,,0,100,,37953,28,,,0,102,,37971,28,,,0,80,,37986,28,,,0,40,,37987,28,,,0,80,,37988,28,,,0,80,,37989,28,,,0,40,,37990,28,,,0,80,,37991,28,,,0,80,,37992,28,,,0,40,,37993,28,,,0,80,,37994,28,,,0,80,,37995,28,,,0,40,,37996,28,,,0,80,,37997,28,,,0,98,,37964,28,,,0,100,,37966,28,,,0,100,,37962,28,,,0,99,,37960,28,,,0,100,,37970,28,,,0
580300,'4',622,,37999,28,,,0,100,,38000,28,,,0,100,,38001,28,,,0,100,,38002,28,,,0,100,,38003,28,,,0,100,,38004,28,,,0,100,,38005,28,,,0,100,,38006,28,,,0,100,,38007,28,,,0,100,,38008,28,,,0,100,,38009,28,,,0,100,,38010,28,,,0,100,,38011,28,,,0,100,,38012,28,,,0,100,,38013,28,,,0,100,,38014,28,,,0
580300,'6',622,,38033,28,,,0,100,,38035,28,,,0,100,,38032,28,,,0,100,,38030,28,,,0,102,,38048,28,,,0,80,,38063,28,,,0,40,,38064,28,,,0,80,,38065,28,,,0,80,,38066,28,,,0,40,,38067,28,,,0,80,,38068,28,,,0,80,,38069,28,,,0,40,,38070,28,,,0,80,,38071,28,,,0,80,,38072,28,,,0,40,,38073,28,,,0,80,,38074,28,,,0,98,,38041,28,,,0,100,,38043,28,,,0,100,,38039,28,,,0,99,,38037,28,,,0,100,,38047,28,,,0
580700,'1601',1510,,38749,14,0,5 6,0
580700,'1',448,,38815,4,,,0,70,,38814,4,,,0,24,,38813,4,,,0,62,,38812,4,,,0,7,,38811,4,,,0,4,,38810,59,,,0,27,,38809,4,,,0,3,,38808,59,,,0,56,,38807,4,,,0,5,,38806,59,,,0,15,,38805,59,,,0,15,,38804,59,,,0,15,,38803,59,,,0,55,,38802,59,,,0,15,,38801,59,,,0,15,,38800,59,,,0,15,,38799,59,,,0,55,,38798,59,,,0,15,,38797,59,,,0,15,,38796,59,,,0,15,,38795,59,,,0,60,,38794,59,,,0,20,,38793,59,,,0,70,,38792,59,,,0,30,,38791,59,,,0,70,,38790,59,,,0,30,,38789,59,,,0,70,,38788,59,,,0,30,,38787,59,,,0,24,,38786,4,,,0,46,,38785,59,,,0,7,,38784,4,,,0,23,,38783,59,,,0,7,,38782,4,,,0,18,,38781,59,,,0,55,,38780,59,,,0,15,,38779,59,,,0,15,,38778,59,,,0,15,,38777,59,,,0,55,,38776,59,,,0,15,,38775,59,,,0,15,,38774,59,,,0,15,,38773,59,,,0,55,,38772,59,,,0,15,,38771,59,,,0,15,,38770,59,,,0,15,,38769,59,,,0,55,,38768,59,,,0,15,,38767,59,,,0,15,,38766,59,,,0,15,,38765,59,,,0,64,,38764,59,,,0,30,,38763,59,,,0,70,,38762,59,,,0,30,,38761,59,,,0,70,,38760,59,,,0,30,,38759,59,,,0,70,,38758,59,,,0,30,,38757,59,,,0,70,,38756,59,,,0,30,,38755,59,,,0,70,,38754,59,,,0,30,,38750,59,,,0,70,,38753,59,,,0,26,,38752,59,0,5 6,0
580700,'2',557,,38854,59,,,0,70,,38816,59,,,0,30,,38817,59,,,0,75,,38818,59,,,0,70,,38819,59,,,0,30,,38820,59,,,0,70,,38821,59,,,0,30,,38822,59,,,0,70,,38823,59,,,0,30,,38824,59,,,0,70,,38825,59,,,0,30,,38826,59,,,0,70,,38827,59,,,0,30,,38828,59,,,0,70,,38829,59,,,0,30,,38830,59,,,0,70,,38831,59,,,0,30,,38832,59,,,0,70,,38833,59,,,0,30,,38834,59,,,0,70,,38835,59,,,0,30,,38836,59,,,0,70,,38837,59,,,0,30,,38838,59,,,0,70,,38839,59,,,0,30,,38840,59,,,0,70,,38841,59,,,0,30,,38842,59,,,0,70,,38843,59,,,0,30,,38844,59,,,0,70,,38845,59,,,0,30,,38846,59,,,0,70,,38847,59,,,0,30,,38848,59,,,0,70,,38849,59,,,0,30,,38850,59,,,0,70,,38851,59,,,0,30,,38852,59,,,0,83,,38853,59,,,0
580700,'3',648,,38855,59,,,0,70,,38868,59,,,0,40,,38856,59,,,0,70,,38869,59,,,0,30,,38857,59,,,0,70,,38870,59,,,0,30,,38858,59,,,0,70,,38871,59,,,0,74,,38859,59,,,0,30,,38872,59,,,0,70,,38860,59,,,0,30,,38873,59,,,0,70,,38861,59,,,0,30,,38874,59,,,0,70,,38862,59,,,0,30,,38875,59,,,0,70,,38863,59,,,0,30,,38876,59,,,0,70,,38864,59,,,0,30,,38877,59,,,0,70,,38865,59,,,0,30,,38878,59,,,0,70,,38866,59,,,0,30,,38879,59,,,0,70,,38867,59,,,0,30,,38889,59,,,0,70,,38880,59,,,0,30,,38886,59,,,0,70,,38881,59,,,0,30,,38887,59,,,0,70,,38882,59,,,0,30,,38888,59,,,0,70,,38883,59,,,0,30,,38890,59,,,0,70,,38884,59,,,0,30,,38891,59,,,0
580700,'4',616,,38922,4,,,0,30,,38923,4,,,0,61,,38907,59,,,0,30,,38892,59,,,0,70,,38908,59,,,0,30,,38893,59,,,0,70,,38909,59,,,0,30,,38894,59,,,0,70,,38910,59,,,0,30,,38895,59,,,0,70,,38911,59,,,0,30,,38896,59,,,0,70,,38912,59,,,0,30,,38897,59,,,0,70,,38913,59,,,0,30,,38898,59,,,0,70,,38914,59,,,0,30,,38899,59,,,0,70,,38915,59,,,0,30,,38900,59,,,0,70,,38916,59,,,0,30,,38901,59,,,0,70,,38917,59,,,0,30,,38902,59,,,0,70,,38918,59,,,0,30,,38903,59,,,0,70,,38919,59,,,0,30,,38904,59,,,0,70,,38920,59,,,0,30,,38905,59,,,0,70,,38921,59,,,0
580700,'6',648,,38924,59,,,0,70,,38937,59,,,0,40,,38925,59,,,0,70,,38938,59,,,0,30,,38926,59,,,0,70,,38939,59,,,0,30,,38927,59,,,0,70,,38940,59,,,0,74,,38928,59,,,0,30,,38941,59,,,0,70,,38929,59,,,0,30,,38942,59,,,0,70,,38930,59,,,0,30,,38943,59,,,0,70,,38931,59,,,0,30,,38944,59,,,0,70,,38932,59,,,0,30,,38945,59,,,0,70,,38933,59,,,0,30,,38946,59,,,0,70,,38934,59,,,0,30,,38947,59,,,0,70,,38935,59,,,0,30,,38948,59,,,0,70,,38936,59,,,0,30,,38958,59,,,0,70,,38949,59,,,0,30,,38955,59,,,0,70,,38950,59,,,0,30,,38956,59,,,0,70,,38951,59,,,0,30,,38957,59,,,0,70,,38952,59,,,0,30,,38959,59,,,0,70,,38953,59,,,0,30,,38960,59,,,0
