578300,'1',541,,30531,36,4,,0,66,,30533,94,4,,0,35,,30536,94,4,,0,62,,30539,94,4,,0,32,,30543,94,4,,0,70,,30547,94,4,,0,30,,30551,94,4,,0,70,,30555,94,4,,0,34,,30559,94,4,,0,73,,30563,94,4,,0,30,,30567,94,4,,0,70,,30570,94,4,,0,30,,30573,94,4,,0,70,,30576,94,4,,0,30,,30579,94,4,,0,70,,30582,94,4,,0,30,,30585,94,4,,0,70,,30588,94,4,,0,27,,30591,94,4,,0,73,,30595,94,4,,0,30,,30599,94,4,,0,70,,30603,94,4,,0,30,,30607,94,4,,0,70,,30611,94,4,,0,30,,30615,94,4,,0,70,,30619,94,4,,0,30,,30623,94,4,,0,65,,30627,94,4,,0,30,,30630,94,4,,0,70,,30633,94,4,,0,30,,30636,94,4,,0,70,,30639,94,4,,0,30,,30642,94,4,,0,70,,30645,94,4,,0,48,,30649,94,4,,0,85,,30652,94,4,,0,85,,30655,94,4,,0,85,,30658,94,4,,0
578300,'2',531,,30668,36,4,,0,95,,30671,94,4,,0,76,,30674,94,4,,0,36,,30677,94,4,,0,76,,30680,94,4,,0,43,,30684,94,4,,0,76,,30687,94,4,,0,76,,30690,94,4,,0,36,,30693,94,4,,0,76,,30696,94,4,,0,36,,30699,94,4,,0,76,,30702,94,4,,0,76,,30705,94,4,,0,36,,30708,94,4,,0,76,,30711,94,4,,0,36,,30714,94,4,,0,76,,30717,94,4,,0,76,,30720,94,4,,0,36,,30723,94,4,,0,76,,30726,94,4,,0,36,,30729,94,4,,0,72,,30732,94,4,,0,76,,30735,94,4,,0,36,,30738,94,4,,0,74,,30741,94,4,,0,36,,30744,94,4,,0,76,,30747,94,4,,0,76,,30750,94,4,,0,41,,30753,94,4,,0,100,,30757,94,4,,0,85,,30760,94,4,,0,100,,30764,94,4,,0
578300,'3',542,,30770,36,4,,0,100,,30773,94,4,,0,85,,30777,94,4,,0,85,,30780,94,4,,0,45,,30783,94,4,,0,82,,30786,94,4,,0,76,,30789,94,4,,0,85,,30792,94,4,,0,36,,30795,94,4,,0,76,,30798,94,4,,0,36,,30801,94,4,,0,76,,30804,94,4,,0,76,,30807,94,4,,0,36,,30810,94,4,,0,76,,30813,94,4,,0,36,,30816,94,4,,0,76,,30819,94,4,,0,76,,30822,94,4,,0,36,,30825,94,4,,0,76,,30828,94,4,,0,35,,30831,94,4,,0,85,,30834,94,4,,0,85,,30837,94,4,,0,85,,30840,94,4,,0,45,,30843,94,4,,0,82,,30846,94,4,,0,85,,30849,94,4,,0,45,,30852,94,4,,0,70,,30854,94,4,,0
578300,'4',556,,30919,36,4,,0,70,,30856,36,4,,0,30,,30859,94,4,,0,85,,30862,94,4,,0,85,,30865,94,4,,0,85,,30868,94,4,,0,45,,30871,94,4,,0,92,,30874,94,4,,0,85,,30877,94,4,,0,85,,30880,94,4,,0,85,,30883,94,4,,0,45,,30886,94,4,,0,85,,30889,94,4,,0,85,,30892,94,4,,0,85,,30895,94,4,,0,45,,30898,94,4,,0,85,,30901,94,4,,0,85,,30904,94,4,,0,38,,30907,94,4,,0,85,,30910,94,4,,0,85,,30913,94,4,,0,85,,30916,94,4,,0
578300,'6',542,,30924,36,4,,0,100,,30927,94,4,,0,85,,30931,94,4,,0,85,,30934,94,4,,0,45,,30937,94,4,,0,82,,30940,94,4,,0,76,,30943,94,4,,0,85,,30946,94,4,,0,36,,30949,94,4,,0,76,,30952,94,4,,0,36,,30955,94,4,,0,76,,30958,94,4,,0,76,,30961,94,4,,0,36,,30964,94,4,,0,76,,30967,94,4,,0,36,,30970,94,4,,0,76,,30973,94,4,,0,76,,30976,94,4,,0,36,,30979,94,4,,0,76,,30982,94,4,,0,35,,30985,94,4,,0,85,,30988,94,4,,0,85,,30991,94,4,,0,85,,30994,94,4,,0,45,,30997,94,4,,0,82,,31000,94,4,,0,85,,31003,94,4,,0,45,,31006,94,4,,0,70,,31008,94,4,,0
578301,'1',517,,31015,1,0,29 30 6,0,29,,31018,1,0,29 30 6,0,67,,31021,1,0,29 30 6,0,27,,31025,1,0,29 30 6,0,70,,31029,1,0,29 30 6,0,30,,31033,1,0,29 30 6,0,70,,31037,1,0,29 30 6,0,30,,31041,1,0,29 30 6,0,70,,31045,1,0,29 30 6,0,28,,31049,1,0,29 30 6,0,68,,31052,1,0,29 30 6,0,30,,31055,1,0,29 30 6,0,70,,31058,1,0,29 30 6,0,30,,31061,1,0,29 30 6,0,70,,31064,1,0,29 30 6,0,30,,31067,1,0,29 30 6,0,70,,31070,1,0,29 30 6,0,26,,31073,1,0,29 30 6,0,76,,31077,1,0,29 30 6,0,30,,31081,1,0,29 30 6,0,70,,31085,1,0,29 30 6,0,30,,31089,1,0,29 30 6,0,70,,31093,1,0,29 30 6,0,30,,31097,1,0,29 30 6,0,69,,31101,1,0,29 30 6,0,27,,31105,1,0,29 30 6,0,76,,31109,1,0,29 30 6,0,34,,31113,1,0,29 30 6,0,64,,31116,1,0,29 30 6,0,34,,31120,1,0,29 30 6,0,70,,31123,1,0,29 30 6,0,20,,31125,1,0,29 30 6,0,80,,31129,1,0,29 30 6,0,46,,31133,1,0,29 30 6,0,85,,31137,1,0,29 30 6,0,85,,31140,1,0,29 30 6,0,120,,31145,1,0,29 30 6,0,73,,31147,1,0,17 18 4 19,0
578301,'2',501,,31153,1,0,29 30 6,0,36,,31156,1,0,29 30 6,0,76,,31159,1,0,29 30 6,0,36,,31162,1,0,29 30 6,0,76,,31165,1,0,29 30 6,0,29,,31168,1,0,29 30 6,0,76,,31171,1,0,29 30 6,0,76,,31174,1,0,29 30 6,0,36,,31177,1,0,29 30 6,0,76,,31180,1,0,29 30 6,0,36,,31183,1,0,29 30 6,0,76,,31186,1,0,29 30 6,0,76,,31189,1,0,29 30 6,0,36,,31192,1,0,29 30 6,0,76,,31195,1,0,29 30 6,0,36,,31198,1,0,29 30 6,0,76,,31201,1,0,29 30 6,0,76,,31204,1,0,29 30 6,0,36,,31207,1,0,29 30 6,0,76,,31210,1,0,29 30 6,0,37,,31213,1,0,29 30 6,0,76,,31216,1,0,29 30 6,0,76,,31219,1,0,29 30 6,0,36,,31222,1,0,29 30 6,0,80,,31225,1,0,29 30 6,0,36,,31228,1,0,29 30 6,0,83,,31231,1,0,29 30 6,0,100,,31235,1,0,29 30 6,0,85,,31238,1,0,29 30 6,0,85,,31241,1,0,29 30 6,0,45,,31244,1,0,29 30 6,0,90,,31247,1,0,29 30 6,0,82,,31250,1,0,17 18 4 19,0
578301,'3',545,,31257,1,0,29 30 6,0,85,,31260,1,0,29 30 6,0,85,,31263,1,0,29 30 6,0,85,,31266,1,0,29 30 6,0,45,,31269,1,0,29 30 6,0,80,,31272,1,0,29 30 6,0,31,,31275,1,0,29 30 6,0,76,,31278,1,0,29 30 6,0,76,,31281,1,0,29 30 6,0,36,,31284,1,0,29 30 6,0,76,,31287,1,0,29 30 6,0,36,,31290,1,0,29 30 6,0,76,,31293,1,0,29 30 6,0,76,,31296,1,0,29 30 6,0,36,,31299,1,0,29 30 6,0,76,,31302,1,0,29 30 6,0,36,,31305,1,0,29 30 6,0,76,,31308,1,0,29 30 6,0,76,,31311,1,0,29 30 6,0,36,,31314,1,0,29 30 6,0,76,,31317,1,0,29 30 6,0,35,,31320,1,0,29 30 6,0,85,,31323,1,0,29 30 6,0,85,,31326,1,0,29 30 6,0,85,,31329,1,0,29 30 6,0,90,,31332,1,0,29 30 6,0,45,,31335,1,0,29 30 6,0,85,,31339,1,0,29 30 6,0,73,,31340,1,0,17 18 4 19,0
578301,'4',600,,31346,1,0,29 30 6,0,45,,31349,1,0,29 30 6,0,85,,31352,1,0,29 30 6,0,85,,31355,1,0,29 30 6,0,85,,31358,1,0,29 30 6,0,41,,31361,1,0,29 30 6,0,85,,31364,1,0,29 30 6,0,85,,31367,1,0,29 30 6,0,45,,31370,1,0,29 30 6,0,85,,31373,1,0,29 30 6,0,85,,31376,1,0,29 30 6,0,85,,31379,1,0,29 30 6,0,45,,31382,1,0,29 30 6,0,85,,31385,1,0,29 30 6,0,85,,31388,1,0,29 30 6,0,85,,31391,1,0,29 30 6,0,90,,31394,1,0,29 30 6,0,45,,31397,1,0,29 30 6,0,85,,31400,1,0,29 30 6,0,85,,31403,1,0,29 30 6,0
578301,'6',545,,31414,1,0,29 30 6,0,85,,31417,1,0,29 30 6,0,85,,31420,1,0,29 30 6,0,85,,31423,1,0,29 30 6,0,45,,31426,1,0,29 30 6,0,80,,31429,1,0,29 30 6,0,31,,31432,1,0,29 30 6,0,76,,31435,1,0,29 30 6,0,76,,31438,1,0,29 30 6,0,36,,31441,1,0,29 30 6,0,76,,31444,1,0,29 30 6,0,36,,31447,1,0,29 30 6,0,76,,31450,1,0,29 30 6,0,76,,31453,1,0,29 30 6,0,36,,31456,1,0,29 30 6,0,76,,31459,1,0,29 30 6,0,36,,31462,1,0,29 30 6,0,76,,31465,1,0,29 30 6,0,76,,31468,1,0,29 30 6,0,36,,31471,1,0,29 30 6,0,76,,31474,1,0,29 30 6,0,35,,31477,1,0,29 30 6,0,85,,31480,1,0,29 30 6,0,85,,31483,1,0,29 30 6,0,85,,31486,1,0,29 30 6,0,90,,31489,1,0,29 30 6,0,45,,31492,1,0,29 30 6,0,85,,31496,1,0,29 30 6,0,73,,31497,1,0,17 18 4 19,0
