578301,'1',521,,31014,38,0,33 4 34,0,35,,31017,38,0,33 4 34,0,63,,31020,38,0,33 4 34,0,15,,31022,38,0,33 4 34,0,15,,31024,38,0,33 4 34,0,55,,31026,38,0,33 4 34,0,15,,31028,38,0,33 4 34,0,15,,31030,38,0,33 4 34,0,15,,31032,38,0,33 4 34,0,55,,31034,38,0,33 4 34,0,15,,31036,38,0,33 4 34,0,15,,31038,38,0,33 4 34,0,15,,31040,38,0,33 4 34,0,55,,31042,38,0,33 4 34,0,15,,31044,38,0,33 4 34,0,15,,31046,38,0,33 4 34,0,15,,31048,38,0,17 18 4 19,0,56,,31050,38,0,33 4 34,0,30,,31053,38,0,33 4 34,0,70,,31056,38,0,33 4 34,0,30,,31059,38,0,33 4 34,0,70,,31062,38,0,33 4 34,0,30,,31065,38,0,33 4 34,0,70,,31068,38,0,33 4 34,0,30,,31071,38,0,33 4 34,0,69,,31074,38,0,33 4 34,0,18,,31076,38,0,33 4 34,0,15,,31078,38,0,33 4 34,0,15,,31080,38,0,33 4 34,0,55,,31082,38,0,33 4 34,0,15,,31084,38,0,33 4 34,0,15,,31086,38,0,33 4 34,0,15,,31088,38,0,33 4 34,0,55,,31090,38,0,33 4 34,0,15,,31092,38,0,33 4 34,0,15,,31094,38,0,33 4 34,0,15,,31096,38,0,33 4 34,0,55,,31098,38,0,33 4 34,0,15,,31100,38,0,33 4 34,0,14,,31102,38,0,33 4 34,0,16,,31104,38,0,33 4 34,0,55,,31106,38,0,33 4 34,0,12,,31108,38,0,17 18 4 19,0,19,,31110,38,0,33 4 34,0,14,,31112,38,0,17 18 4 19,0,60,,31114,38,0,33 4 34,0,24,,31117,38,0,33 4 34,0,76,,31121,38,0,33 4 34,0,30,,31124,38,0,33 4 34,0,70,,31127,38,0,33 4 34,0,30,,31130,38,0,33 4 34,0,59,,31132,38,0,33 4 34,0,45,,31135,38,0,33 4 34,0,85,,31139,38,0,33 4 34,0,80,,31142,38,0,33 4 34,0,45,,31144,38,0,33 4 34,0
578301,'2',455,,31151,38,0,33 4 34,0,76,,31154,38,0,33 4 34,0,76,,31157,38,0,33 4 34,0,36,,31160,38,0,33 4 34,0,76,,31163,38,0,33 4 34,0,33,,31166,38,0,33 4 34,0,76,,31169,38,0,33 4 34,0,76,,31172,38,0,33 4 34,0,36,,31175,38,0,33 4 34,0,76,,31178,38,0,33 4 34,0,36,,31181,38,0,33 4 34,0,76,,31184,38,0,33 4 34,0,76,,31187,38,0,33 4 34,0,36,,31190,38,0,33 4 34,0,76,,31193,38,0,33 4 34,0,36,,31196,38,0,33 4 34,0,76,,31199,38,0,33 4 34,0,76,,31202,38,0,33 4 34,0,36,,31205,38,0,33 4 34,0,76,,31208,38,0,33 4 34,0,36,,31211,38,0,33 4 34,0,76,,31214,38,0,33 4 34,0,76,,31217,38,0,33 4 34,0,36,,31220,38,0,33 4 34,0,78,,31223,38,0,33 4 34,0,36,,31226,38,0,33 4 34,0,76,,31229,38,0,33 4 34,0,86,,31232,38,0,33 4 34,0,31,,31234,38,0,33 4 34,0,85,,31237,38,0,33 4 34,0,85,,31240,38,0,33 4 34,0,85,,31243,38,0,33 4 34,0,50,,31246,38,0,33 4 34,0
578301,'3',532,,31254,38,0,33 4 34,0,85,,31258,38,0,33 4 34,0,85,,31261,38,0,33 4 34,0,45,,31264,38,0,33 4 34,0,85,,31267,38,0,33 4 34,0,85,,31270,38,0,33 4 34,0,35,,31273,38,0,33 4 34,0,76,,31276,38,0,33 4 34,0,76,,31279,38,0,33 4 34,0,36,,31282,38,0,33 4 34,0,76,,31285,38,0,33 4 34,0,36,,31288,38,0,33 4 34,0,76,,31291,38,0,33 4 34,0,76,,31294,38,0,33 4 34,0,36,,31297,38,0,33 4 34,0,76,,31300,38,0,33 4 34,0,36,,31303,38,0,33 4 34,0,76,,31306,38,0,33 4 34,0,76,,31309,38,0,33 4 34,0,36,,31312,38,0,33 4 34,0,75,,31315,38,0,33 4 34,0,36,,31318,38,0,33 4 34,0,78,,31321,38,0,33 4 34,0,85,,31324,38,0,33 4 34,0,45,,31327,38,0,33 4 34,0,88,,31330,38,0,33 4 34,0,85,,31333,38,0,33 4 34,0,85,,31336,38,0,33 4 34,0,30,,31338,38,0,33 4 34,0
578301,'4',540,,31407,38,0,33 4 34,0,66,,31344,38,0,33 4 34,0,26,,31347,38,0,33 4 34,0,85,,31350,38,0,33 4 34,0,85,,31353,38,0,33 4 34,0,45,,31356,38,0,33 4 34,0,85,,31359,38,0,33 4 34,0,83,,31362,38,0,33 4 34,0,85,,31365,38,0,33 4 34,0,45,,31368,38,0,33 4 34,0,85,,31371,38,0,33 4 34,0,85,,31374,38,0,33 4 34,0,85,,31377,38,0,33 4 34,0,45,,31380,38,0,33 4 34,0,85,,31383,38,0,33 4 34,0,85,,31386,38,0,33 4 34,0,85,,31389,38,0,33 4 34,0,48,,31392,38,0,33 4 34,0,85,,31395,38,0,33 4 34,0,85,,31398,38,0,33 4 34,0,85,,31401,38,0,33 4 34,0,45,,31405,38,0,33 4 34,0
578301,'6',532,,31411,38,0,33 4 34,0,85,,31415,38,0,33 4 34,0,85,,31418,38,0,33 4 34,0,45,,31421,38,0,33 4 34,0,85,,31424,38,0,33 4 34,0,85,,31427,38,0,33 4 34,0,35,,31430,38,0,33 4 34,0,76,,31433,38,0,33 4 34,0,76,,31436,38,0,33 4 34,0,36,,31439,38,0,33 4 34,0,76,,31442,38,0,33 4 34,0,36,,31445,38,0,33 4 34,0,76,,31448,38,0,33 4 34,0,76,,31451,38,0,33 4 34,0,36,,31454,38,0,33 4 34,0,76,,31457,38,0,33 4 34,0,36,,31460,38,0,33 4 34,0,76,,31463,38,0,33 4 34,0,76,,31466,38,0,33 4 34,0,36,,31469,38,0,33 4 34,0,75,,31472,38,0,33 4 34,0,36,,31475,38,0,33 4 34,0,78,,31478,38,0,33 4 34,0,85,,31481,38,0,33 4 34,0,45,,31484,38,0,33 4 34,0,88,,31487,38,0,33 4 34,0,85,,31490,38,0,33 4 34,0,85,,31493,38,0,33 4 34,0,30,,31495,38,0,33 4 34,0
580801,'14601',521,,39528,27,,,0,20,,39522,27,,,0,60,,39523,27,,,0,20,,39524,27,,,0,20,,39525,27,,,0,60,,39526,27,,,0,20,,39527,27,,,0,20,,39520,27,,,0,59,,39521,27,,,0,10,,39423,27,,,0,10,,39454,27,,,0,10,,39424,27,,,0,8,,39455,27,,,0,7,,39425,27,,,0,8,,39456,27,,,0,49,,39426,27,,,0,8,,39457,27,,,0,8,,39427,27,,,0,8,,39458,27,,,0,5,,39428,27,,,0,8,,39459,27,,,0,7,,39460,27,,,0,8,,39461,27,,,0,53,,39462,27,,,0,12,,39429,27,,,0,10,,39430,27,,,0,10,,39431,27,,,0,10,,39432,27,,,0,10,,39433,27,,,0,50,,39434,27,,,0,10,,39435,27,,,0,10,,39436,27,,,0,10,,39437,27,,,0,10,,39438,27,,,0,10,,39439,27,,,0,50,,39440,27,,,0,10,,39441,27,,,0,10,,39442,27,,,0,10,,39443,27,,,0,10,,39444,27,,,0,10,,39445,27,,,0,50,,39446,27,,,0,10,,39447,27,,,0,10,,39448,27,,,0,10,,39449,27,,,0,10,,39450,27,,,0,10,,39451,27,,,0,50,,39452,27,,,0,10,,39453,27,,,0,10,,39488,27,,,0,9,,39489,27,,,0,8,,39492,27,,,0,7,,39490,27,,,0,48,,39493,27,,,0,7,,39491,27,,,0,8,,39463,27,,,0,7,,39476,27,,,0,8,,39464,27,,,0,7,,39477,27,,,0,8,,39465,27,,,0,7,,39478,27,,,0,48,,39466,27,,,0,7,,39479,27,,,0,8,,39467,27,,,0,7,,39480,27,,,0,8,,39468,27,,,0,7,,39481,27,,,0,8,,39469,27,,,0,7,,39482,27,,,0,48,,39470,27,,,0,7,,39483,27,,,0,8,,39471,27,,,0,7,,39484,27,,,0,8,,39472,27,,,0,7,,39485,27,,,0,8,,39473,27,,,0,8,,39486,27,,,0,48,,39474,27,,,0,7,,39487,27,,,0,8,,39475,27,,,0,8,,39503,27,,,0,10,,39504,27,,,0,10,,39505,27,,,0,10,,39506,27,,,0,50,,39507,27,,,0,10,,39494,27,,,0,15,,39495,27,,,0,15,,39496,27,,,0,55,,39498,27,,,0,15,,39499,27,,,0,15,,39500,27,,,0,15,,39501,27,,,0,55,,39502,27,,,0,15,,39497,27,,,0,15,,39515,27,,,0,15,,39516,27,,,0,55,,39519,27,,,0,17,,39517,27,,,0,22,,39518,27,,,0,70,,39508,27,,,0,30,,39509,27,,,0,70,,39510,27,,,0,30,,39511,27,,,0,70,,39512,27,,,0,30,,39513,27,,,0,70,,39514,27,,,0
580801,'14602',537,,39559,27,,,0,70,,39560,27,,,0,30,,39561,27,,,0,70,,39562,27,,,0,30,,39563,27,,,0,70,,39564,27,,,0,30,,39565,27,,,0,70,,39566,27,,,0,29,,39567,27,,,0,70,,39568,27,,,0,30,,39569,27,,,0,70,,39570,27,,,0,30,,39558,27,,,0,70,,39541,27,,,0,30,,39542,27,,,0,70,,39543,27,,,0,30,,39544,27,,,0,70,,39545,27,,,0,30,,39546,27,,,0,70,,39547,27,,,0,30,,39548,27,,,0,70,,39549,27,,,0,30,,39550,27,,,0,70,,39551,27,,,0,30,,39552,27,,,0,70,,39553,27,,,0,30,,39554,27,,,0,72,,39555,27,,,0,30,,39556,27,,,0,70,,39557,27,,,0,30,,39540,27,,,0,70,,39539,27,,,0,30,,39538,27,,,0,70,,39537,27,,,0,31,,39536,27,,,0,70,,39535,27,,,0,30,,39534,27,,,0,70,,39533,27,,,0,30,,39532,27,,,0,70,,39531,27,,,0,30,,39530,27,,,0,70,,39529,27,,,0
580801,'14603',637,,39596,27,,,0,70,,39597,27,,,0,30,,39598,27,,,0,70,,39599,27,,,0,30,,39600,27,,,0,70,,39601,27,,,0,29,,39602,27,,,0,70,,39603,27,,,0,30,,39604,27,,,0,70,,39605,27,,,0,30,,39571,27,,,0,70,,39588,27,,,0,30,,39587,27,,,0,70,,39586,27,,,0,30,,39585,27,,,0,70,,39584,27,,,0,30,,39583,27,,,0,70,,39582,27,,,0,30,,39581,27,,,0,70,,39580,27,,,0,30,,39579,27,,,0,70,,39578,27,,,0,30,,39577,27,,,0,70,,39576,27,,,0,30,,39575,27,,,0,72,,39574,27,,,0,30,,39573,27,,,0,70,,39572,27,,,0,30,,39589,27,,,0,70,,39590,27,,,0,30,,39591,27,,,0,70,,39592,27,,,0,31,,39593,27,,,0,70,,39594,27,,,0,30,,39595,27,,,0,70,,39606,27,,,0
580801,'14604',637,,39627,27,,,0,70,,39628,27,,,0,30,,39629,27,,,0,70,,39630,27,,,0,30,,39631,27,,,0,70,,39632,27,,,0,29,,39633,27,,,0,70,,39634,27,,,0,30,,39635,27,,,0,70,,39636,27,,,0,30,,39607,27,,,0,70,,39624,27,,,0,30,,39623,27,,,0,70,,39622,27,,,0,30,,39621,27,,,0,70,,39620,27,,,0,30,,39619,27,,,0,70,,39618,27,,,0,30,,39617,27,,,0,70,,39616,27,,,0,30,,39615,27,,,0,70,,39614,27,,,0,30,,39613,27,,,0,70,,39612,27,,,0,30,,39611,27,,,0,72,,39610,27,,,0,30,,39609,27,,,0,70,,39608,27,,,0,30,,39625,27,,,0,70,,39626,27,,,0
580801,'14606',637,,39662,27,,,0,70,,39663,27,,,0,30,,39664,27,,,0,70,,39665,27,,,0,30,,39666,27,,,0,70,,39667,27,,,0,29,,39668,27,,,0,70,,39669,27,,,0,30,,39670,27,,,0,70,,39671,27,,,0,30,,39637,27,,,0,70,,39654,27,,,0,30,,39653,27,,,0,70,,39652,27,,,0,30,,39651,27,,,0,70,,39650,27,,,0,30,,39649,27,,,0,70,,39648,27,,,0,30,,39647,27,,,0,70,,39646,27,,,0,30,,39645,27,,,0,70,,39644,27,,,0,30,,39643,27,,,0,70,,39642,27,,,0,30,,39641,27,,,0,72,,39640,27,,,0,30,,39639,27,,,0,70,,39638,27,,,0,30,,39655,27,,,0,70,,39656,27,,,0,30,,39657,27,,,0,70,,39658,27,,,0,31,,39659,27,,,0,70,,39660,27,,,0,30,,39661,27,,,0,70,,39672,27,,,0
582800,'1',656,,40229,21,,,0,55,,40231,21,,,0,15,,40233,21,,,0,15,,40235,21,,,0,15,,40237,21,,,0,55,,40239,21,,,0,15,,40241,21,,,0,15,,40243,21,,,0,14,,40245,21,,,0,52,,40247,21,,,0,12,,40249,21,,,0,12,,40251,21,,,0,12,,40253,21,,,0,12,,40255,21,,,0,52,,40257,21,,,0,12,,40259,21,,,0,12,,40261,21,,,0,12,,40263,21,,,0,12,,40265,21,,,0,52,,40267,21,,,0,12,,40269,21,,,0,12,,40271,21,,,0,12,,40273,21,,,0,12,,40275,21,,,0,52,,40277,21,,,0,12,,40279,21,,,0,12,,40281,21,,,0,12,,40283,21,,,0,12,,40285,21,,,0,52,,40287,21,,,0,12,,40289,21,,,0,12,,40291,21,,,0,12,,40293,21,,,0,12,,40295,21,,,0,50,,40297,21,,,0,12,,40299,21,,,0,12,,40301,21,,,0,12,,40303,21,,,0,12,,40305,21,,,0,52,,40307,21,,,0,12,,40309,21,,,0,12,,40311,21,,,0,12,,40313,21,,,0,13,,40315,21,,,0,52,,40317,21,,,0,12,,40319,21,,,0,12,,40321,21,,,0,12,,40323,21,,,0,12,,40325,21,,,0,52,,40327,21,,,0,12,,40329,21,,,0,14,,40331,21,,,0,12,,40333,21,,,0,12,,40335,21,,,0,52,,40337,21,,,0,12,,40215,21,,,0,12,,40339,21,,,0,12,,40341,21,,,0
