578200,'1',506,,30152,33,,,0,15,,30182,33,,,0,20,,30189,33,,,0,60,,30188,33,,,0,20,,30187,33,,,0,20,,30186,33,,,0,60,,30185,33,,,0,23,,30184,33,,,0,20,,30183,33,,,0,60,,30190,33,,,0,24,,30153,36,,,0,20,,30154,36,,,0,60,,30155,36,,,0,20,,30156,36,,,0,20,,30157,36,,,0,60,,30158,36,,,0,20,,30159,36,,,0,20,,30162,36,,,0,60,,30163,36,,,0,20,,30164,36,,,0,20,,30165,36,,,0,60,,30166,36,,,0,20,,30167,36,,,0,20,,30160,36,,,0,60,,30161,36,,,0,20,,30136,36,,,0,20,,30168,36,,,0,61,,30169,36,,,0,20,,30170,36,,,0,20,,30171,36,,,0,60,,30172,36,,,0,20,,30173,36,,,0,20,,30174,36,,,0,60,,30175,36,,,0,20,,30176,36,,,0,20,,30177,36,,,0,60,,30178,36,,,0,20,,30179,36,,,0,20,,30180,36,,,0,60,,30181,36,,,0,23,,30151,36,,,0,70,,30150,36,,,0,30,,30149,36,,,0,70,,30148,36,,,0,30,,30147,36,,,0,70,,30146,36,,,0,30,,30145,36,,,0,70,,30137,36,,,0,26,,30138,33,,,0,30,,30139,33,,,0,70,,30140,33,,,0,30,,30141,33,,,0,70,,30142,33,,,0,72,,30143,33,,,0,40,,30144,33,,,0
578200,'2',520,,30191,33,,,0,30,,30192,33,,,0,71,,30193,33,,,0,30,,30194,33,,,0,70,,30195,33,,,0,30,,30196,33,,,0,70,,30197,33,,,0,21,,30239,36,,,0,60,,30198,36,,,0,24,,30199,36,,,0,20,,30200,36,,,0,60,,30201,36,,,0,20,,30202,36,,,0,20,,30203,36,,,0,60,,30204,36,,,0,20,,30205,36,,,0,20,,30206,36,,,0,60,,30207,36,,,0,20,,30208,36,,,0,20,,30209,36,,,0,59,,30210,33,,,0,20,,30211,33,,,0,20,,30212,33,,,0,60,,30213,33,,,0,20,,30214,33,,,0,20,,30215,33,,,0,60,,30216,33,,,0,20,,30217,33,,,0,20,,30218,33,,,0,60,,30219,33,,,0,20,,30220,33,,,0,20,,30221,33,,,0,60,,30222,33,,,0,20,,30223,33,,,0,30,,30224,33,,,0,67,,30225,33,,,0,30,,30226,33,,,0,70,,30227,33,,,0,30,,30228,33,,,0,70,,30229,33,,,0,30,,30230,33,,,0,70,,30231,33,,,0,30,,30232,33,,,0,67,,30233,33,,,0,30,,30234,33,,,0,70,,30235,33,,,0,30,,30236,33,,,0,70,,30237,33,,,0,30,,30240,33,,,0,90,,30238,33,,,0
578200,'3',620,,30276,33,,,0,100,,30275,33,,,0,30,,30274,33,,,0,70,,30273,33,,,0,30,,30272,33,,,0,73,,30271,33,,,0,30,,30270,33,,,0,70,,30269,33,,,0,30,,30268,33,,,0,70,,30267,33,,,0,30,,30266,33,,,0,70,,30265,33,,,0,30,,30264,33,,,0,70,,30263,33,,,0,30,,30262,33,,,0,70,,30261,33,,,0,30,,30260,33,,,0,70,,30259,33,,,0,30,,30258,33,,,0,70,,30257,33,,,0,30,,30256,33,,,0,70,,30255,33,,,0,30,,30254,33,,,0,70,,30253,33,,,0,30,,30252,33,,,0,70,,30251,33,,,0,30,,30250,33,,,0,67,,30249,33,,,0,30,,30248,33,,,0,70,,30247,33,,,0,30,,30246,33,,,0,70,,30245,33,,,0,30,,30244,33,,,0,70,,30243,33,,,0,30,,30242,33,,,0,70,,30241,33,,,0
578200,'4',548,,30277,33,,,0,80,,30278,33,,,0,80,,30279,33,,,0,40,,30280,33,,,0,80,,30281,33,,,0,80,,30282,33,,,0,40,,30283,33,,,0,80,,30284,33,,,0,80,,30285,33,,,0,40,,30286,33,,,0,80,,30287,33,,,0,80,,30288,33,,,0,40,,30289,33,,,0,80,,30290,33,,,0,90,,30291,33,,,0,100,,30292,33,,,0,100,,30293,33,,,0,100,,30294,33,,,0,100,,30295,33,,,0,100,,30296,33,,,0,100,,30297,33,,,0
578200,'6',620,,30333,33,,,0,100,,30332,33,,,0,30,,30331,33,,,0,70,,30330,33,,,0,30,,30329,33,,,0,73,,30328,33,,,0,30,,30327,33,,,0,70,,30326,33,,,0,30,,30325,33,,,0,70,,30324,33,,,0,30,,30323,33,,,0,70,,30322,33,,,0,30,,30321,33,,,0,70,,30320,33,,,0,30,,30319,33,,,0,70,,30318,33,,,0,30,,30317,33,,,0,70,,30316,33,,,0,30,,30315,33,,,0,70,,30314,33,,,0,30,,30313,33,,,0,70,,30312,33,,,0,30,,30311,33,,,0,70,,30310,33,,,0,30,,30309,33,,,0,70,,30308,33,,,0,30,,30307,33,,,0,67,,30306,33,,,0,30,,30305,33,,,0,70,,30304,33,,,0,30,,30303,33,,,0,70,,30302,33,,,0,30,,30301,33,,,0,70,,30300,33,,,0,30,,30299,33,,,0,70,,30298,33,,,0
583000,'1',538,,41714,5,,,0,63,,41713,5,,,0,12,,41710,5,,,0,25,,41709,5,,,0,15,,41707,5,,,0,60,,41702,5,,,0,10,,41706,5,,,0,20,,41701,5,,,0,10,,41705,5,,,0,60,,41700,5,,,0,10,,41704,5,,,0,20,,41699,5,,,0,10,,41703,5,,,0,60,,41682,5,,,0,9,,41708,5,,,0,21,,41749,5,,,0,9,,41748,5,,,0,66,,41747,5,,,0,14,,41746,5,,,0,26,,41716,5,,,0,54,,41717,5,,,0,26,,41718,5,,,0,14,,41719,5,,,0,66,,41720,5,,,0,14,,41721,5,,,0,26,,41722,5,,,0,52,,41723,5,,,0,25,,41724,5,,,0,15,,41698,5,,,0,60,,41690,5,,,0,15,,41697,5,,,0,10,,41689,5,,,0,20,,41696,5,,,0,50,,41688,5,,,0,20,,41695,5,,,0,10,,41687,5,,,0,20,,41694,5,,,0,50,,41686,5,,,0,20,,41693,5,,,0,10,,41685,5,,,0,20,,41692,5,,,0,50,,41684,5,,,0,20,,41691,5,,,0,10,,41683,5,,,0,20,,41712,5,,,0,50,,41681,5,,,0,30,,41725,5,,,0,16,,41726,5,,,0,60,,41727,5,,,0,24,,41745,5,,,0,16,,41744,5,,,0,60,,41743,5,,,0,24,,41742,5,,,0,16,,41741,5,,,0,64,,41740,5,,,0,16,,41739,5,,,0,24,,41738,5,,,0,62,,41737,5,,,0,23,,41736,5,,,0,60,,41735,5,,,0,17,,41734,5,,,0,23,,41733,5,,,0,17,,41732,5,,,0,63,,41731,5,,,0,17,,41730,5,,,0,63,,41729,5,,,0,17,,41728,5,,,0
583000,'2',603,,41807,5,,,0,39,,41806,5,,,0,71,,41805,5,,,0,36,,41804,5,,,0,71,,41754,5,,,0,34,,41803,5,,,0,66,,41802,5,,,0,24,,41801,5,,,0,56,,41800,5,,,0,24,,41799,5,,,0,16,,41798,5,,,0,64,,41797,5,,,0,16,,41796,5,,,0,24,,41795,5,,,0,56,,41794,5,,,0,24,,41793,5,,,0,16,,41792,5,,,0,64,,41791,5,,,0,16,,41790,5,,,0,24,,41789,5,,,0,56,,41788,5,,,0,24,,41787,5,,,0,16,,41786,5,,,0,64,,41785,5,,,0,16,,41784,5,,,0,24,,41783,5,,,0,56,,41782,5,,,0,24,,41781,5,,,0,16,,41780,5,,,0,64,,41779,5,,,0,16,,41778,5,,,0,24,,41777,5,,,0,56,,41776,5,,,0,24,,41775,5,,,0,11,,41774,5,,,0,68,,41773,5,,,0,16,,41772,5,,,0,24,,41771,5,,,0,16,,41770,5,,,0,64,,41769,5,,,0,16,,41768,5,,,0,64,,41767,5,,,0,16,,41766,5,,,0,24,,41765,5,,,0,67,,41764,5,,,0,16,,41763,5,,,0,24,,41762,5,,,0,56,,41761,5,,,0,24,,41760,5,,,0,16,,41759,5,,,0,64,,41758,5,,,0,16,,41757,5,,,0,32,,41756,5,,,0
583000,'3',624,,41851,5,,,0,77,,41841,5,,,0,43,,41848,5,,,0,77,,41849,5,,,0,83,,41822,5,,,0,36,,41824,5,,,0,69,,41823,5,,,0,16,,41846,5,,,0,24,,41821,5,,,0,56,,41847,5,,,0,24,,41836,5,,,0,16,,41834,5,,,0,64,,41835,5,,,0,16,,41817,5,,,0,24,,41832,5,,,0,56,,41837,5,,,0,24,,41838,5,,,0,16,,41839,5,,,0,64,,41840,5,,,0,16,,41820,5,,,0,24,,41844,5,,,0,56,,41842,5,,,0,24,,41816,5,,,0,16,,41854,5,,,0,64,,41859,5,,,0,16,,41852,5,,,0,24,,41853,5,,,0,56,,41843,5,,,0,24,,41818,5,,,0,16,,41856,5,,,0,59,,41826,5,,,0,18,,41830,5,,,0,23,,41825,5,,,0,57,,41819,5,,,0,23,,41855,5,,,0,17,,41857,5,,,0,63,,41828,5,,,0,17,,41831,5,,,0,23,,41833,5,,,0,57,,41829,5,,,0,24,,41827,5,,,0,20,,41858,5,,,0,68,,41815,5,,,0,27,,41813,5,,,0,73,,41814,5,,,0,37,,41812,5,,,0
583000,'4',647,,41875,5,,,0,65,,41888,5,,,0,33,,41874,5,,,0,67,,41887,5,,,0,33,,41873,5,,,0,67,,41886,5,,,0,33,,41872,5,,,0,67,,41885,5,,,0,33,,41871,5,,,0,67,,41884,5,,,0,33,,41870,5,,,0,67,,41883,5,,,0,33,,41869,5,,,0,67,,41868,5,,,0,33,,41867,5,,,0,67,,41866,5,,,0,33,,41882,5,,,0,67,,41865,5,,,0,33,,41881,5,,,0,67,,41864,5,,,0,33,,41880,5,,,0,67,,41863,5,,,0,33,,41879,5,,,0,67,,41862,5,,,0,33,,41878,5,,,0,67,,41861,5,,,0,33,,41877,5,,,0,67,,41860,5,,,0,33,,41876,5,,,0
583000,'6',603,,41943,5,,,0,39,,41942,5,,,0,71,,41941,5,,,0,36,,41940,5,,,0,71,,41890,5,,,0,34,,41939,5,,,0,66,,41938,5,,,0,24,,41937,5,,,0,56,,41936,5,,,0,24,,41935,5,,,0,16,,41934,5,,,0,64,,41933,5,,,0,16,,41932,5,,,0,24,,41931,5,,,0,56,,41930,5,,,0,24,,41929,5,,,0,16,,41928,5,,,0,64,,41927,5,,,0,16,,41926,5,,,0,24,,41925,5,,,0,56,,41924,5,,,0,24,,41923,5,,,0,16,,41922,5,,,0,64,,41921,5,,,0,16,,41920,5,,,0,24,,41919,5,,,0,56,,41918,5,,,0,24,,41917,5,,,0,16,,41916,5,,,0,64,,41915,5,,,0,16,,41914,5,,,0,24,,41913,5,,,0,56,,41912,5,,,0,24,,41911,5,,,0,11,,41910,5,,,0,68,,41909,5,,,0,16,,41908,5,,,0,24,,41907,5,,,0,16,,41906,5,,,0,64,,41905,5,,,0,16,,41904,5,,,0,64,,41903,5,,,0,16,,41902,5,,,0,24,,41901,5,,,0,67,,41900,5,,,0,16,,41899,5,,,0,24,,41898,5,,,0,56,,41897,5,,,0,24,,41896,5,,,0,16,,41895,5,,,0,64,,41894,5,,,0,16,,41893,5,,,0,32,,41892,5,,,0
