579801,'1',519,,35991,3,,,0,20,,35992,3,,,0,20,,35993,3,,,0,60,,35994,3,,,0,20,,35995,3,,,0,16,,35996,3,,,0,56,,35997,3,,,0,14,,35998,3,,,0,12,,35999,3,,,0,12,,36000,3,,,0,52,,36001,3,,,0,12,,36002,3,,,0,12,,36003,3,,,0,14,,36004,3,,,0,12,,36005,3,,,0,52,,36006,3,,,0,12,,36007,3,,,0,13,,36008,3,,,0,15,,36009,3,,,0,15,,36010,3,,,0,55,,36011,3,,,0,15,,36012,3,,,0,15,,36013,3,,,0,15,,36014,3,,,0,55,,36015,3,,,0,15,,36016,3,,,0,15,,36017,3,,,0,15,,36018,3,,,0,55,,36019,3,,,0,15,,36020,3,,,0,15,,36021,3,,,0,15,,36022,3,,,0,55,,36023,3,,,0,15,,36024,3,,,0,15,,36025,3,,,0,15,,36026,3,,,0,55,,36027,3,,,0,15,,36028,3,,,0,15,,36029,3,,,0,15,,36030,3,,,0,52,,36031,3,,,0,12,,36032,3,,,0,12,,36033,3,,,0,12,,36034,3,,,0,12,,36035,3,,,0,52,,36036,3,,,0,12,,36037,3,,,0,12,,36038,3,,,0,12,,36039,3,,,0,12,,36040,3,,,0,52,,36041,3,,,0,12,,36042,3,,,0,12,,36043,3,,,0,12,,36044,3,,,0,12,,36045,3,,,0,51,,36046,3,,,0,12,,36047,3,,,0,12,,36048,3,,,0,12,,36049,3,,,0,14,,36050,3,,,0,54,,36051,3,,,0,15,,36052,3,,,0,15,,36053,3,,,0,15,,36054,3,,,0,58,,36055,3,,,0,12,,36056,3,,,0,14,,36057,3,,,0,60,,36058,3,,,0,20,,36059,3,,,0,20,,36060,3,,,0,62,,36061,3,,,0,20,,36062,3,,,0,20,,36063,3,,,0,70,,36064,3,,,0,30,,36065,3,,,0,97,,36066,3,,,0
579801,'2',521,,36098,3,,,0,29,,36099,3,,,0,69,,36100,3,,,0,30,,36101,3,,,0,70,,36102,3,,,0,30,,36103,3,,,0,70,,36104,3,,,0,30,,36105,3,,,0,70,,36106,3,,,0,20,,36107,3,,,0,65,,36108,3,,,0,20,,36109,3,,,0,20,,36110,3,,,0,60,,36111,3,,,0,20,,36112,3,,,0,20,,36113,3,,,0,61,,36114,3,,,0,20,,36067,3,,,0,20,,36068,3,,,0,55,,36069,3,,,0,20,,36070,3,,,0,20,,36071,3,,,0,60,,36072,3,,,0,20,,36073,3,,,0,20,,36074,3,,,0,60,,36075,3,,,0,20,,36076,3,,,0,20,,36077,3,,,0,60,,36078,3,,,0,20,,36079,3,,,0,20,,36080,3,,,0,60,,36081,3,,,0,20,,36082,3,,,0,20,,36083,3,,,0,60,,36084,3,,,0,21,,36085,3,,,0,30,,36086,3,,,0,70,,36087,3,,,0,30,,36088,3,,,0,70,,36089,3,,,0,30,,36090,3,,,0,69,,36091,3,,,0,30,,36092,3,,,0,70,,36093,3,,,0,30,,36094,3,,,0,70,,36095,3,,,0,22,,36096,3,,,0,101,,36097,3,,,0
579801,'3',613,,36115,3,,,0,36,,36146,3,,,0,70,,36116,3,,,0,30,,36117,3,,,0,70,,36118,3,,,0,30,,36119,3,,,0,70,,36120,3,,,0,30,,36121,3,,,0,70,,36122,3,,,0,30,,36123,3,,,0,70,,36124,3,,,0,30,,36125,3,,,0,70,,36126,3,,,0,30,,36127,3,,,0,70,,36128,3,,,0,30,,36129,3,,,0,70,,36130,3,,,0,30,,36131,3,,,0,70,,36132,3,,,0,30,,36133,3,,,0,70,,36134,3,,,0,30,,36135,3,,,0,70,,36139,3,,,0,30,,36140,3,,,0,70,,36141,3,,,0,30,,36142,3,,,0,70,,36143,3,,,0,30,,36144,3,,,0,70,,36145,3,,,0,30,,36136,3,,,0,77,,36149,3,,,0,30,,36137,3,,,0,70,,36147,3,,,0,30,,36138,3,,,0,70,,36148,3,,,0
579801,'4',515,,36150,3,,,0,100,,36151,3,,,0,30,,36152,3,,,0,70,,36153,3,,,0,30,,36154,3,,,0,70,,36155,3,,,0,30,,36156,3,,,0,72,,36157,3,,,0,34,,36158,3,,,0,74,,36159,3,,,0,30,,36160,3,,,0,70,,36161,3,,,0,30,,36162,3,,,0,70,,36163,3,,,0,30,,36164,3,,,0,70,,36165,3,,,0,90,,36166,3,,,0,95,,36167,3,,,0,100,,36168,3,,,0,100,,36169,3,,,0,100,,36170,3,,,0,100,,36171,3,,,0,100,,36172,3,,,0
579801,'6',521,,36204,3,,,0,29,,36205,3,,,0,69,,36206,3,,,0,30,,36207,3,,,0,70,,36208,3,,,0,30,,36209,3,,,0,70,,36210,3,,,0,30,,36211,3,,,0,70,,36212,3,,,0,20,,36213,3,,,0,65,,36214,3,,,0,20,,36215,3,,,0,20,,36216,3,,,0,60,,36217,3,,,0,20,,36218,3,,,0,20,,36219,3,,,0,61,,36220,3,,,0,20,,36173,3,,,0,20,,36174,3,,,0,55,,36175,3,,,0,20,,36176,3,,,0,20,,36177,3,,,0,60,,36178,3,,,0,20,,36179,3,,,0,20,,36180,3,,,0,60,,36181,3,,,0,20,,36182,3,,,0,20,,36183,3,,,0,60,,36184,3,,,0,20,,36185,3,,,0,20,,36186,3,,,0,60,,36187,3,,,0,20,,36188,3,,,0,20,,36189,3,,,0,60,,36190,3,,,0,21,,36191,3,,,0,30,,36192,3,,,0,70,,36193,3,,,0,30,,36194,3,,,0,70,,36195,3,,,0,30,,36196,3,,,0,69,,36197,3,,,0,30,,36198,3,,,0,70,,36199,3,,,0,30,,36200,3,,,0,70,,36201,3,,,0,22,,36202,3,,,0,101,,36203,3,,,0
580500,'2',623,,38311,4,,,0,85,,38312,4,,,0,45,,38313,4,,,0,85,,38314,4,,,0,85,,38315,4,,,0,85,,38316,4,,,0,45,,38317,4,,,0,85,,38318,4,,,0,85,,38319,4,,,0,85,,38320,4,,,0,45,,38321,4,,,0,85,,38322,4,,,0,85,,38323,4,,,0,85,,38324,4,,,0
583000,'1601',722,,41678,4,,,0,10,,41680,14,,,0,76,,41679,4,,,0,7,,41677,4,,,0,4,,41676,4,,,0,683,,41675,22,,,0,18,,41674,4,,,0
583000,'1',531,,41750,22,,,0,87,,41714,52,,,0,20,,41713,52,,,0,18,,41710,52,,,0,60,,41709,52,,,0,20,,41707,52,,,0,15,,41702,52,,,0,55,,41706,52,,,0,15,,41701,52,,,0,15,,41705,52,,,0,15,,41700,52,,,0,55,,41704,52,,,0,15,,41699,52,,,0,15,,41703,52,,,0,15,,41682,52,,,0,55,,41708,52,,,0,15,,41749,52,,,0,15,,41748,52,,,0,20,,41747,52,,,0,60,,41746,52,,,0,20,,41716,52,,,0,20,,41717,52,,,0,60,,41718,52,,,0,20,,41719,52,,,0,20,,41720,52,,,0,60,,41721,52,,,0,20,,41722,52,,,0,20,,41723,52,,,0,60,,41724,52,,,0,20,,41698,52,,,0,15,,41690,52,,,0,55,,41697,52,,,0,15,,41689,52,,,0,15,,41696,52,,,0,15,,41688,52,,,0,55,,41695,52,,,0,15,,41687,52,,,0,15,,41694,52,,,0,15,,41686,52,,,0,55,,41693,52,,,0,15,,41685,52,,,0,15,,41692,52,,,0,15,,41684,52,,,0,55,,41691,52,,,0,15,,41683,52,,,0,15,,41712,52,,,0,15,,41681,52,,,0,57,,41725,52,,,0,20,,41726,52,,,0,20,,41727,52,,,0,60,,41745,52,,,0,20,,41744,52,,,0,20,,41743,52,,,0,60,,41742,52,,,0,20,,41741,52,,,0,20,,41740,52,,,0,60,,41739,52,,,0,20,,41738,52,,,0,21,,41737,52,,,0,60,,41736,52,,,0,20,,41735,52,,,0,20,,41734,52,,,0,60,,41733,52,,,0,20,,41732,52,,,0,20,,41731,52,,,0,60,,41730,52,,,0,20,,41729,52,,,0,20,,41728,52,,,0
583000,'2',639,,41807,52,,,0,75,,41806,52,,,0,35,,41805,52,,,0,78,,41804,52,,,0,75,,41754,52,,,0,30,,41803,52,,,0,70,,41802,52,,,0,20,,41801,52,,,0,20,,41800,52,,,0,60,,41799,52,,,0,20,,41798,52,,,0,20,,41797,52,,,0,60,,41796,52,,,0,20,,41795,52,,,0,20,,41794,52,,,0,60,,41793,52,,,0,20,,41792,52,,,0,20,,41791,52,,,0,60,,41790,52,,,0,20,,41789,52,,,0,20,,41788,52,,,0,60,,41787,52,,,0,20,,41786,52,,,0,20,,41785,52,,,0,60,,41784,52,,,0,20,,41783,52,,,0,20,,41782,52,,,0,60,,41781,52,,,0,20,,41780,52,,,0,20,,41779,52,,,0,60,,41778,52,,,0,20,,41777,52,,,0,20,,41776,52,,,0,60,,41775,52,,,0,15,,41774,52,,,0,17,,41773,52,,,0,20,,41772,52,,,0,60,,41771,52,,,0,20,,41770,52,,,0,20,,41769,52,,,0,60,,41768,52,,,0,20,,41767,52,,,0,20,,41766,52,,,0,60,,41765,52,,,0,26,,41764,52,,,0,60,,41763,52,,,0,20,,41762,52,,,0,20,,41761,52,,,0,60,,41760,52,,,0,20,,41759,52,,,0,20,,41758,52,,,0,60,,41757,52,,,0,28,,41756,52,,,0
583000,'3',653,,41851,52,,,0,80,,41841,52,,,0,80,,41848,52,,,0,40,,41849,52,,,0,80,,41822,52,,,0,84,,41824,52,,,0,25,,41823,52,,,0,60,,41846,52,,,0,20,,41821,52,,,0,20,,41847,52,,,0,60,,41836,52,,,0,20,,41834,52,,,0,20,,41835,52,,,0,60,,41817,52,,,0,20,,41832,52,,,0,20,,41837,52,,,0,60,,41838,52,,,0,20,,41839,52,,,0,20,,41840,52,,,0,60,,41820,52,,,0,20,,41844,52,,,0,20,,41842,52,,,0,60,,41816,52,,,0,20,,41854,52,,,0,20,,41859,52,,,0,60,,41852,52,,,0,20,,41853,52,,,0,20,,41843,52,,,0,60,,41818,52,,,0,20,,41856,52,,,0,15,,41826,52,,,0,17,,41830,52,,,0,60,,41825,52,,,0,20,,41819,52,,,0,20,,41855,52,,,0,60,,41857,52,,,0,20,,41828,52,,,0,20,,41831,52,,,0,60,,41833,52,,,0,20,,41829,52,,,0,21,,41827,52,,,0,63,,41858,52,,,0,25,,41815,52,,,0,70,,41813,52,,,0,30,,41814,52,,,0,80,,41812,52,,,0
583000,'4',714,,41875,52,,,0,28,,41888,52,,,0,70,,41874,52,,,0,30,,41887,52,,,0,70,,41873,52,,,0,30,,41886,52,,,0,70,,41872,52,,,0,30,,41885,52,,,0,70,,41871,52,,,0,30,,41884,52,,,0,70,,41870,52,,,0,30,,41883,52,,,0,70,,41869,52,,,0,30,,41868,52,,,0,70,,41867,52,,,0,30,,41866,52,,,0,70,,41882,52,,,0,30,,41865,52,,,0,70,,41881,52,,,0,30,,41864,52,,,0,70,,41880,52,,,0,30,,41863,52,,,0,70,,41879,52,,,0,30,,41862,52,,,0,70,,41878,52,,,0,30,,41861,52,,,0,70,,41877,52,,,0,30,,41860,52,,,0,70,,41876,52,,,0
583000,'6',639,,41943,52,,,0,75,,41942,52,,,0,35,,41941,52,,,0,78,,41940,52,,,0,75,,41890,52,,,0,30,,41939,52,,,0,70,,41938,52,,,0,20,,41937,52,,,0,20,,41936,52,,,0,60,,41935,52,,,0,20,,41934,52,,,0,20,,41933,52,,,0,60,,41932,52,,,0,20,,41931,52,,,0,20,,41930,52,,,0,60,,41929,52,,,0,20,,41928,52,,,0,20,,41927,52,,,0,60,,41926,52,,,0,20,,41925,52,,,0,20,,41924,52,,,0,60,,41923,52,,,0,20,,41922,52,,,0,20,,41921,52,,,0,60,,41920,52,,,0,20,,41919,52,,,0,20,,41918,52,,,0,60,,41917,52,,,0,20,,41916,52,,,0,20,,41915,52,,,0,60,,41914,52,,,0,20,,41913,52,,,0,20,,41912,52,,,0,60,,41911,52,,,0,15,,41910,52,,,0,17,,41909,52,,,0,20,,41908,52,,,0,60,,41907,52,,,0,20,,41906,52,,,0,20,,41905,52,,,0,60,,41904,52,,,0,20,,41903,52,,,0,20,,41902,52,,,0,60,,41901,52,,,0,26,,41900,52,,,0,60,,41899,52,,,0,20,,41898,52,,,0,20,,41897,52,,,0,60,,41896,52,,,0,20,,41895,52,,,0,20,,41894,52,,,0,60,,41893,52,,,0,28,,41892,52,,,0
583001,'1601',828,,41956,34,,,0,718,,41951,22,,,0
583001,'1',459,,41985,34,,,0,55,,41992,34,,,0,15,,41984,34,,,0,20,,42011,34,,,0,60,,41991,34,,,0,20,,41990,34,,,0,10,,41988,34,,,0,15,,41958,14,,,0,56,,41989,34,,,0,15,,41983,34,,,0,15,,41978,34,,,0,15,,41982,34,,,0,55,,41977,34,,,0,15,,41981,34,,,0,15,,41976,34,,,0,15,,41980,34,,,0,55,,41975,34,,,0,15,,41979,34,,,0,20,,41993,34,,,0,60,,41994,34,,,0,21,,42012,34,,,0,20,,41995,34,,,0,60,,41996,34,,,0,20,,41997,34,,,0,20,,41998,34,,,0,60,,41999,34,,,0,20,,42000,34,,,0,20,,42001,34,,,0,60,,42002,34,,,0,20,,42003,34,,,0,20,,41987,34,,,0,55,,41986,34,,,0,15,,41974,34,,,0,15,,41966,34,,,0,15,,41973,34,,,0,55,,41965,34,,,0,15,,41972,34,,,0,15,,41964,34,,,0,15,,41971,34,,,0,55,,41963,34,,,0,15,,41970,34,,,0,15,,41962,34,,,0,15,,41969,34,,,0,55,,41961,34,,,0,15,,41968,34,,,0,15,,41960,34,,,0,15,,41967,34,,,0,55,,41959,34,,,0,15,,41957,34,,,0,15,,42004,34,,,0,15,,42005,34,,,0,60,,42006,34,,,0,18,,42007,34,,,0,20,,42008,34,,,0,60,,42009,34,,,0,20,,42010,34,,,0,20,,42026,34,,,0,60,,42025,34,,,0,20,,42024,34,,,0,20,,42023,34,,,0,60,,42022,34,,,0,18,,42021,34,,,0,20,,42020,34,,,0,60,,42019,34,,,0,20,,42018,34,,,0,20,,42017,34,,,0,60,,42016,34,,,0,20,,42015,34,,,0,20,,42014,34,,,0
583001,'2',521,,42082,34,,,0,36,,42081,34,,,0,75,,42080,34,,,0,69,,42079,34,,,0,31,,42078,34,,,0,70,,42077,34,,,0,27,,42075,14,,,0,20,,42076,34,,,0,60,,42074,34,,,0,20,,42073,34,,,0,20,,42072,34,,,0,60,,42071,34,,,0,20,,42070,34,,,0,20,,42069,34,,,0,60,,42068,34,,,0,20,,42067,34,,,0,20,,42066,34,,,0,60,,42065,34,,,0,20,,42064,34,,,0,20,,42063,34,,,0,60,,42062,34,,,0,20,,42061,34,,,0,20,,42060,34,,,0,60,,42059,34,,,0,20,,42058,34,,,0,20,,42057,34,,,0,60,,42056,34,,,0,20,,42055,34,,,0,20,,42054,34,,,0,60,,42053,34,,,0,20,,42052,34,,,0,20,,42051,34,,,0,60,,42050,34,,,0,20,,42049,34,,,0,20,,42048,34,,,0,60,,42047,34,,,0,20,,42046,34,,,0,20,,42045,34,,,0,60,,42044,34,,,0,18,,42043,34,,,0,20,,42042,34,,,0,60,,42041,34,,,0,20,,42040,34,,,0,20,,42039,34,,,0,60,,42038,34,,,0,20,,42037,34,,,0,20,,42036,34,,,0,60,,42035,34,,,0,19,,42034,34,,,0,20,,42033,34,,,0,60,,42032,34,,,0,21,,42031,34,,,0,20,,42030,34,,,0,60,,42029,34,,,0,20,,42028,34,,,0,18,,42027,34,,,0
583001,'3',539,,42097,34,,,0,80,,42111,34,,,0,40,,42096,34,,,0,80,,42112,34,,,0,80,,42088,34,,,0,40,,42103,34,,,0,60,,42113,34,,,0,20,,42099,34,,,0,20,,42114,34,,,0,62,,42100,34,,,0,20,,42115,34,,,0,60,,42098,34,,,0,20,,42116,34,,,0,20,,42095,34,,,0,60,,42117,34,,,0,20,,42106,34,,,0,20,,42118,34,,,0,60,,42090,34,,,0,20,,42119,34,,,0,20,,42108,34,,,0,60,,42120,34,,,0,20,,42107,34,,,0,20,,42121,34,,,0,60,,42092,34,,,0,20,,42122,34,,,0,20,,42109,34,,,0,60,,42123,34,,,0,20,,42091,34,,,0,20,,42124,34,,,0,60,,42104,34,,,0,20,,42125,34,,,0,20,,42102,34,,,0,60,,42126,34,,,0,20,,42101,34,,,0,20,,42127,34,,,0,60,,42105,34,,,0,17,,42128,34,,,0,25,,42110,34,,,0,60,,42129,34,,,0,20,,42094,34,,,0,20,,42089,34,,,0,60,,42093,34,,,0,30,,42087,34,,,0,70,,42085,34,,,0,30,,42086,34,,,0,70,,42084,34,,,0,30,,42083,34,,,0
583001,'4',613,,42160,14,,,0,24,,42130,34,,,0,70,,42131,34,,,0,30,,42132,34,,,0,70,,42133,34,,,0,30,,42134,34,,,0,70,,42135,34,,,0,30,,42136,34,,,0,70,,42137,34,,,0,30,,42138,34,,,0,70,,42139,34,,,0,30,,42140,34,,,0,70,,42141,34,,,0,30,,42142,34,,,0,70,,42143,34,,,0,30,,42144,34,,,0,70,,42145,34,,,0,30,,42146,34,,,0,70,,42147,34,,,0,30,,42148,34,,,0,70,,42149,34,,,0,30,,42150,34,,,0,70,,42151,34,,,0,30,,42152,34,,,0,70,,42153,34,,,0,30,,42154,34,,,0,70,,42155,34,,,0,30,,42156,34,,,0,70,,42157,34,,,0,30,,42158,34,,,0,70,,42159,34,,,0
583001,'6',521,,42217,34,,,0,36,,42216,34,,,0,75,,42215,34,,,0,69,,42214,34,,,0,31,,42213,34,,,0,70,,42212,34,,,0,27,,42210,14,,,0,20,,42211,34,,,0,60,,42209,34,,,0,20,,42208,34,,,0,20,,42207,34,,,0,60,,42206,34,,,0,20,,42205,34,,,0,20,,42204,34,,,0,60,,42203,34,,,0,20,,42202,34,,,0,20,,42201,34,,,0,60,,42200,34,,,0,20,,42199,34,,,0,20,,42198,34,,,0,60,,42197,34,,,0,20,,42196,34,,,0,20,,42195,34,,,0,60,,42194,34,,,0,20,,42193,34,,,0,20,,42192,34,,,0,60,,42191,34,,,0,20,,42190,34,,,0,20,,42189,34,,,0,60,,42188,34,,,0,20,,42187,34,,,0,20,,42186,34,,,0,60,,42185,34,,,0,20,,42184,34,,,0,20,,42183,34,,,0,60,,42182,34,,,0,20,,42181,34,,,0,20,,42180,34,,,0,60,,42179,34,,,0,18,,42178,34,,,0,20,,42177,34,,,0,60,,42176,34,,,0,20,,42175,34,,,0,20,,42174,34,,,0,60,,42173,34,,,0,20,,42172,34,,,0,20,,42171,34,,,0,60,,42170,34,,,0,19,,42169,34,,,0,20,,42168,34,,,0,60,,42167,34,,,0,21,,42166,34,,,0,20,,42165,34,,,0,60,,42164,34,,,0,20,,42163,34,,,0,18,,42162,34,,,0
