578200,'1',519,,30152,53,,,0,15,,30182,53,,,0,20,,30189,53,,,0,60,,30188,53,,,0,20,,30187,53,,,0,20,,30186,53,,,0,60,,30185,53,,,0,23,,30184,53,,,0,20,,30183,53,,,0,60,,30190,53,,,0,24,,30153,56,,,0,60,,30154,56,,,0,20,,30155,56,,,0,20,,30156,56,,,0,60,,30157,56,,,0,20,,30158,56,,,0,20,,30159,56,,,0,60,,30162,56,,,0,20,,30163,56,,,0,20,,30164,56,,,0,60,,30165,56,,,0,20,,30166,56,,,0,20,,30167,56,,,0,60,,30160,56,,,0,20,,30161,56,,,0,20,,30136,56,,,0,60,,30168,56,,,0,22,,30169,56,,,0,20,,30170,56,,,0,60,,30171,56,,,0,20,,30172,56,,,0,20,,30173,56,,,0,60,,30174,56,,,0,20,,30175,56,,,0,20,,30176,56,,,0,60,,30177,56,,,0,20,,30178,56,,,0,20,,30179,56,,,0,60,,30180,56,,,0,20,,30181,56,,,0,23,,30151,56,,,0,70,,30150,56,,,0,28,,30149,56,,,0,70,,30148,56,,,0,30,,30147,56,,,0,70,,30146,56,,,0,30,,30145,56,,,0,70,,30137,56,,,0,25,,30138,53,,,0,70,,30139,53,,,0,30,,30140,53,,,0,70,,30141,53,,,0,30,,30142,53,,,0,72,,30143,53,,,0,40,,30144,53,,,0
578200,'2',531,,30191,53,,,0,70,,30192,53,,,0,32,,30193,53,,,0,70,,30194,53,,,0,30,,30195,53,,,0,70,,30196,53,,,0,30,,30197,53,,,0,21,,30239,56,,,0,60,,30198,56,,,0,24,,30199,56,,,0,20,,30200,56,,,0,60,,30201,56,,,0,20,,30202,56,,,0,20,,30203,56,,,0,60,,30204,56,,,0,20,,30205,56,,,0,20,,30206,56,,,0,60,,30207,56,,,0,20,,30208,56,,,0,20,,30209,56,,,0,59,,30210,53,,,0,20,,30211,53,,,0,20,,30212,53,,,0,60,,30213,53,,,0,20,,30214,53,,,0,20,,30215,53,,,0,60,,30216,53,,,0,20,,30217,53,,,0,20,,30218,53,,,0,60,,30219,53,,,0,20,,30220,53,,,0,20,,30221,53,,,0,60,,30222,53,,,0,20,,30223,53,,,0,70,,30224,53,,,0,25,,30225,53,,,0,70,,30226,53,,,0,30,,30227,53,,,0,70,,30228,53,,,0,30,,30229,53,,,0,70,,30230,53,,,0,30,,30231,53,,,0,70,,30232,53,,,0,27,,30233,53,,,0,30,,30234,53,,,0,70,,30235,53,,,0,30,,30236,53,,,0,70,,30237,53,,,0,30,,30240,53,,,0,90,,30238,53,,,0
578200,'3',631,,30276,53,,,0,100,,30275,53,,,0,70,,30274,53,,,0,30,,30273,53,,,0,70,,30272,53,,,0,33,,30271,53,,,0,70,,30270,53,,,0,30,,30269,53,,,0,70,,30268,53,,,0,30,,30267,53,,,0,70,,30266,53,,,0,30,,30265,53,,,0,70,,30264,53,,,0,30,,30263,53,,,0,70,,30262,53,,,0,30,,30261,53,,,0,70,,30260,53,,,0,30,,30259,53,,,0,70,,30258,53,,,0,30,,30257,53,,,0,70,,30256,53,,,0,30,,30255,53,,,0,70,,30254,53,,,0,30,,30253,53,,,0,70,,30252,53,,,0,30,,30251,53,,,0,70,,30250,53,,,0,25,,30249,53,,,0,30,,30248,53,,,0,70,,30247,53,,,0,30,,30246,53,,,0,70,,30245,53,,,0,30,,30244,53,,,0,70,,30243,53,,,0,30,,30242,53,,,0,70,,30241,53,,,0
578200,'4',559,,30277,53,,,0,80,,30278,53,,,0,80,,30279,53,,,0,40,,30280,53,,,0,80,,30281,53,,,0,80,,30282,53,,,0,40,,30283,53,,,0,80,,30284,53,,,0,80,,30285,53,,,0,40,,30286,53,,,0,80,,30287,53,,,0,80,,30288,53,,,0,40,,30289,53,,,0,80,,30290,53,,,0,90,,30291,53,,,0,100,,30292,53,,,0,100,,30293,53,,,0,100,,30294,53,,,0,100,,30295,53,,,0,100,,30296,53,,,0,100,,30297,53,,,0
578200,'6',631,,30333,53,,,0,100,,30332,53,,,0,70,,30331,53,,,0,30,,30330,53,,,0,70,,30329,53,,,0,33,,30328,53,,,0,70,,30327,53,,,0,30,,30326,53,,,0,70,,30325,53,,,0,30,,30324,53,,,0,70,,30323,53,,,0,30,,30322,53,,,0,70,,30321,53,,,0,30,,30320,53,,,0,70,,30319,53,,,0,30,,30318,53,,,0,70,,30317,53,,,0,30,,30316,53,,,0,70,,30315,53,,,0,30,,30314,53,,,0,70,,30313,53,,,0,30,,30312,53,,,0,70,,30311,53,,,0,30,,30310,53,,,0,70,,30309,53,,,0,30,,30308,53,,,0,70,,30307,53,,,0,25,,30306,53,,,0,30,,30305,53,,,0,70,,30304,53,,,0,30,,30303,53,,,0,70,,30302,53,,,0,30,,30301,53,,,0,70,,30300,53,,,0,30,,30299,53,,,0,70,,30298,53,,,0
578901,'1',531,,32625,41,,,0,70,,32627,41,,,0,30,,32620,41,,,0,70,,32621,41,,,0,32,,32597,41,,,0,70,,32626,41,,,0,30,,32624,41,,,0,70,,32623,41,,,0,28,,32622,41,,,0,76,,32619,41,,,0,30,,32611,41,,,0,70,,32610,41,,,0,30,,32609,41,,,0,70,,32614,41,,,0,30,,32613,41,,,0,70,,32612,41,,,0,30,,32618,41,,,0,70,,32617,41,,,0,31,,32616,41,,,0,70,,32596,41,,,0,30,,32603,41,,,0,70,,32602,41,,,0,30,,32606,41,,,0,70,,32605,41,,,0,30,,32604,41,,,0,70,,32608,41,,,0,27,,32600,41,,,0,70,,32599,41,,,0,30,,32601,41,,,0,70,,32593,41,,,0,30,,32615,41,,,0,70,,32592,41,,,0,30,,32598,41,,,0,70,,32591,41,,,0,33,,32607,41,,,0,100,,32595,41,,,0,100,,32594,41,,,0
578901,'2',528,,32664,41,,,0,30,,32642,41,,,0,70,,32635,41,,,0,30,,32641,41,,,0,70,,32640,41,,,0,30,,32656,41,,,0,70,,32655,41,,,0,30,,32654,41,,,0,70,,32658,41,,,0,30,,32657,41,,,0,70,,32659,41,,,0,30,,32650,41,,,0,70,,32649,41,,,0,30,,32648,41,,,0,70,,32653,41,,,0,30,,32652,41,,,0,70,,32651,41,,,0,30,,32662,41,,,0,70,,32661,41,,,0,30,,32645,41,,,0,70,,32644,41,,,0,30,,32660,41,,,0,70,,32643,41,,,0,30,,32647,41,,,0,70,,32646,41,,,0,30,,32637,41,,,0,70,,32636,41,,,0,30,,32639,41,,,0,69,,32638,41,,,0,30,,32630,41,,,0,70,,32629,41,,,0,30,,32634,41,,,0,70,,32628,41,,,0,100,,32633,41,,,0,100,,32632,41,,,0,100,,32631,41,,,0,100,,32663,41,,,0
578901,'3',528,,32700,41,,,0,30,,32679,41,,,0,70,,32672,41,,,0,30,,32678,41,,,0,70,,32677,41,,,0,30,,32693,41,,,0,70,,32692,41,,,0,30,,32691,41,,,0,70,,32695,41,,,0,30,,32694,41,,,0,70,,32696,41,,,0,30,,32687,41,,,0,70,,32686,41,,,0,30,,32685,41,,,0,70,,32690,41,,,0,30,,32689,41,,,0,70,,32688,41,,,0,30,,32699,41,,,0,70,,32698,41,,,0,30,,32682,41,,,0,70,,32681,41,,,0,30,,32697,41,,,0,70,,32680,41,,,0,30,,32684,41,,,0,70,,32683,41,,,0,30,,32674,41,,,0,70,,32673,41,,,0,30,,32676,41,,,0,69,,32675,41,,,0,30,,32667,41,,,0,70,,32666,41,,,0,30,,32671,41,,,0,70,,32665,41,,,0,100,,32670,41,,,0,100,,32669,41,,,0,100,,32668,41,,,0
578901,'4',548,,32701,41,,,0,100,,32702,41,,,0,100,,32703,41,,,0,100,,32704,41,,,0,101,,32705,41,,,0,100,,32706,41,,,0,100,,32707,41,,,0,100,,32708,41,,,0,100,,32709,41,,,0,100,,32710,41,,,0,100,,32711,41,,,0,100,,32712,41,,,0,100,,32713,41,,,0,98,,32714,41,,,0,100,,32715,41,,,0,100,,32716,41,,,0
578901,'6',528,,32752,41,,,0,30,,32731,41,,,0,70,,32724,41,,,0,30,,32730,41,,,0,70,,32729,41,,,0,30,,32745,41,,,0,70,,32744,41,,,0,30,,32743,41,,,0,70,,32747,41,,,0,30,,32746,41,,,0,70,,32748,41,,,0,30,,32739,41,,,0,70,,32738,41,,,0,30,,32737,41,,,0,70,,32742,41,,,0,30,,32741,41,,,0,70,,32740,41,,,0,30,,32751,41,,,0,70,,32750,41,,,0,30,,32734,41,,,0,70,,32733,41,,,0,30,,32749,41,,,0,70,,32732,41,,,0,30,,32736,41,,,0,70,,32735,41,,,0,30,,32726,41,,,0,70,,32725,41,,,0,30,,32728,41,,,0,69,,32727,41,,,0,30,,32719,41,,,0,70,,32718,41,,,0,30,,32723,41,,,0,70,,32717,41,,,0,100,,32722,41,,,0,100,,32721,41,,,0,100,,32720,41,,,0
