580100,'1',528,,37181,39,,,0,20,,37180,39,,,0,60,,37124,39,,,0,20,,37125,39,,,0,20,,37126,39,,,0,60,,37127,39,,,0,15,,37128,39,,,0,21,,37129,39,,,0,15,,37130,39,,,0,55,,37131,39,,,0,15,,37132,39,,,0,15,,37133,39,,,0,15,,37134,39,,,0,55,,37135,39,,,0,18,,37136,39,,,0,20,,37137,39,,,0,60,,37138,39,,,0,20,,37139,39,,,0,20,,37140,39,,,0,60,,37141,39,,,0,20,,37142,39,,,0,20,,37143,39,,,0,60,,37144,39,,,0,20,,37145,39,,,0,20,,37146,39,,,0,60,,37147,39,,,0,20,,37148,39,,,0,20,,37149,39,,,0,60,,37150,39,,,0,20,,37151,39,,,0,25,,37152,39,,,0,55,,37153,39,,,0,15,,37154,39,,,0,17,,37155,39,,,0,15,,37156,39,,,0,55,,37157,39,,,0,15,,37158,39,,,0,15,,37159,39,,,0,15,,37160,39,,,0,55,,37161,39,,,0,15,,37162,39,,,0,15,,37163,39,,,0,15,,37164,39,,,0,55,,37165,39,,,0,15,,37166,39,,,0,20,,37167,39,,,0,70,,37168,39,,,0,30,,37169,39,,,0,70,,37170,39,,,0,30,,37171,39,,,0,70,,37172,39,,,0,28,,37173,39,,,0,80,,37174,39,,,0,80,,37175,39,,,0,40,,37176,39,,,0,80,,37177,39,,,0,80,,37178,39,,,0,40,,37179,39,,,0
580100,'2',543,,37219,39,,,0,70,,37182,39,,,0,30,,37183,39,,,0,70,,37184,39,,,0,30,,37185,39,,,0,70,,37186,39,,,0,30,,37187,39,,,0,70,,37188,39,,,0,36,,37189,39,,,0,70,,37190,39,,,0,30,,37191,39,,,0,70,,37192,39,,,0,30,,37193,39,,,0,70,,37194,39,,,0,30,,37195,39,,,0,70,,37196,39,,,0,30,,37197,39,,,0,70,,37198,39,,,0,30,,37199,39,,,0,70,,37200,39,,,0,30,,37201,39,,,0,70,,37202,39,,,0,30,,37203,39,,,0,70,,37204,39,,,0,30,,37205,39,,,0,70,,37206,39,,,0,30,,37207,39,,,0,70,,37208,39,,,0,27,,37209,39,,,0,70,,37210,39,,,0,30,,37211,39,,,0,70,,37212,39,,,0,32,,37213,39,,,0,80,,37214,39,,,0,80,,37215,39,,,0,40,,37216,39,,,0,80,,37217,39,,,0,80,,37220,39,,,0,40,,37218,39,,,0
580100,'3',628,,37221,39,,,0,30,,37222,39,,,0,70,,37223,39,,,0,30,,37224,39,,,0,70,,37225,39,,,0,30,,37226,39,,,0,74,,37227,39,,,0,70,,37228,39,,,0,30,,37229,39,,,0,70,,37230,39,,,0,30,,37231,39,,,0,70,,37232,39,,,0,30,,37233,39,,,0,70,,37234,39,,,0,30,,37235,39,,,0,70,,37236,39,,,0,30,,37237,39,,,0,70,,37238,39,,,0,30,,37239,39,,,0,70,,37240,39,,,0,30,,37241,39,,,0,70,,37242,39,,,0,30,,37243,39,,,0,70,,37244,39,,,0,30,,37245,39,,,0,70,,37246,39,,,0,30,,37247,39,,,0,70,,37248,39,,,0,26,,37249,39,,,0,30,,37250,39,,,0,70,,37251,39,,,0,30,,37255,39,,,0,70,,37252,39,,,0,80,,37253,39,,,0,40,,37254,39,,,0,80,,37256,39,,,0
580100,'4',726,,37257,39,,,0,80,,37258,39,,,0,40,,37259,39,,,0,80,,37260,39,,,0,80,,37261,39,,,0,40,,37262,39,,,0,80,,37263,39,,,0,80,,37264,39,,,0,40,,37265,39,,,0,80,,37266,39,,,0,80,,37267,39,,,0,40,,37268,39,,,0,80,,37269,39,,,0,80,,37270,39,,,0,40,,37271,39,,,0,80,,37272,39,,,0,80,,37273,39,,,0,40,,37274,39,,,0,80,,37275,39,,,0,80,,37276,39,,,0,40,,37277,39,,,0,80,,37278,39,,,0
580100,'6',628,,37279,39,,,0,30,,37280,39,,,0,70,,37281,39,,,0,30,,37282,39,,,0,70,,37283,39,,,0,30,,37284,39,,,0,74,,37285,39,,,0,70,,37286,39,,,0,30,,37287,39,,,0,70,,37288,39,,,0,30,,37289,39,,,0,70,,37290,39,,,0,30,,37291,39,,,0,70,,37292,39,,,0,30,,37293,39,,,0,70,,37294,39,,,0,30,,37295,39,,,0,70,,37296,39,,,0,30,,37297,39,,,0,70,,37298,39,,,0,30,,37299,39,,,0,70,,37300,39,,,0,30,,37301,39,,,0,70,,37302,39,,,0,30,,37303,39,,,0,70,,37304,39,,,0,30,,37305,39,,,0,70,,37306,39,,,0,26,,37307,39,,,0,30,,37308,39,,,0,70,,37309,39,,,0,30,,37313,39,,,0,70,,37310,39,,,0,80,,37311,39,,,0,40,,37312,39,,,0,80,,37314,39,,,0
583000,'1601',740,,41678,29,,,0,10,,41680,39,,,0,76,,41679,29,,,0,7,,41677,29,,,0,4,,41676,29,,,0,683,,41675,47,,,0,18,,41674,29,,,0
583000,'1',445,,41752,18,,,0,55,,41751,18,,,0,20,,41711,18,,,0,26,,41750,47,,,0,64,,41715,18,,,0,23,,41714,77,,,0,20,,41713,77,,,0,61,,41710,77,,,0,20,,41709,77,,,0,20,,41707,77,,,0,55,,41702,77,,,0,15,,41706,77,,,0,15,,41701,77,,,0,15,,41705,77,,,0,55,,41700,77,,,0,15,,41704,77,,,0,15,,41699,77,,,0,15,,41703,77,,,0,55,,41682,77,,,0,15,,41708,77,,,0,15,,41749,77,,,0,15,,41748,77,,,0,60,,41747,77,,,0,20,,41746,77,,,0,20,,41716,77,,,0,60,,41717,77,,,0,20,,41718,77,,,0,20,,41719,77,,,0,60,,41720,77,,,0,20,,41721,77,,,0,20,,41722,77,,,0,60,,41723,77,,,0,20,,41724,77,,,0,20,,41698,77,,,0,55,,41690,77,,,0,15,,41697,77,,,0,15,,41689,77,,,0,15,,41696,77,,,0,55,,41688,77,,,0,15,,41695,77,,,0,15,,41687,77,,,0,15,,41694,77,,,0,55,,41686,77,,,0,15,,41693,77,,,0,15,,41685,77,,,0,15,,41692,77,,,0,55,,41684,77,,,0,15,,41691,77,,,0,15,,41683,77,,,0,15,,41712,77,,,0,55,,41681,77,,,0,14,,41725,77,,,0,20,,41726,77,,,0,60,,41727,77,,,0,20,,41745,77,,,0,20,,41744,77,,,0,60,,41743,77,,,0,20,,41742,77,,,0,20,,41741,77,,,0,60,,41740,77,,,0,20,,41739,77,,,0,20,,41738,77,,,0,60,,41737,77,,,0,20,,41736,77,,,0,20,,41735,77,,,0,60,,41734,77,,,0,20,,41733,77,,,0,20,,41732,77,,,0,60,,41731,77,,,0,20,,41730,77,,,0,20,,41729,77,,,0,60,,41728,77,,,0
583000,'2',452,,41811,18,,,0,76,,41810,18,,,0,29,,41809,18,,,0,69,,41808,18,,,0,26,,41807,77,,,0,75,,41806,77,,,0,75,,41805,77,,,0,26,,41755,18,,,0,15,,41804,77,,,0,15,,41753,18,,,0,60,,41754,77,,,0,30,,41803,77,,,0,70,,41802,77,,,0,20,,41801,77,,,0,20,,41800,77,,,0,60,,41799,77,,,0,20,,41798,77,,,0,20,,41797,77,,,0,60,,41796,77,,,0,20,,41795,77,,,0,20,,41794,77,,,0,60,,41793,77,,,0,20,,41792,77,,,0,20,,41791,77,,,0,60,,41790,77,,,0,20,,41789,77,,,0,20,,41788,77,,,0,60,,41787,77,,,0,20,,41786,77,,,0,20,,41785,77,,,0,60,,41784,77,,,0,20,,41783,77,,,0,20,,41782,77,,,0,60,,41781,77,,,0,20,,41780,77,,,0,20,,41779,77,,,0,60,,41778,77,,,0,20,,41777,77,,,0,20,,41776,77,,,0,60,,41775,77,,,0,15,,41774,77,,,0,14,,41773,77,,,0,60,,41772,77,,,0,20,,41771,77,,,0,20,,41770,77,,,0,60,,41769,77,,,0,20,,41768,77,,,0,20,,41767,77,,,0,60,,41766,77,,,0,20,,41765,77,,,0,26,,41764,77,,,0,60,,41763,77,,,0,20,,41762,77,,,0,20,,41761,77,,,0,60,,41760,77,,,0,20,,41759,77,,,0,20,,41758,77,,,0,60,,41757,77,,,0,28,,41756,77,,,0
583000,'3',548,,41850,18,,,0,78,,41845,18,,,0,80,,41851,77,,,0,40,,41841,77,,,0,80,,41848,77,,,0,80,,41849,77,,,0,40,,41822,77,,,0,86,,41824,77,,,0,25,,41823,77,,,0,60,,41846,77,,,0,20,,41821,77,,,0,20,,41847,77,,,0,60,,41836,77,,,0,20,,41834,77,,,0,20,,41835,77,,,0,60,,41817,77,,,0,20,,41832,77,,,0,20,,41837,77,,,0,60,,41838,77,,,0,20,,41839,77,,,0,20,,41840,77,,,0,60,,41820,77,,,0,20,,41844,77,,,0,20,,41842,77,,,0,60,,41816,77,,,0,20,,41854,77,,,0,20,,41859,77,,,0,60,,41852,77,,,0,20,,41853,77,,,0,20,,41843,77,,,0,60,,41818,77,,,0,20,,41856,77,,,0,15,,41826,77,,,0,56,,41830,77,,,0,20,,41825,77,,,0,20,,41819,77,,,0,60,,41855,77,,,0,20,,41857,77,,,0,20,,41828,77,,,0,60,,41831,77,,,0,20,,41833,77,,,0,20,,41829,77,,,0,60,,41827,77,,,0,22,,41858,77,,,0,26,,41815,77,,,0,69,,41813,77,,,0,31,,41814,77,,,0,79,,41812,77,,,0
583000,'4',726,,41875,77,,,0,28,,41888,77,,,0,70,,41874,77,,,0,30,,41887,77,,,0,70,,41873,77,,,0,30,,41886,77,,,0,70,,41872,77,,,0,30,,41885,77,,,0,70,,41871,77,,,0,30,,41884,77,,,0,70,,41870,77,,,0,30,,41883,77,,,0,70,,41869,77,,,0,30,,41868,77,,,0,70,,41867,77,,,0,30,,41866,77,,,0,70,,41882,77,,,0,30,,41865,77,,,0,70,,41881,77,,,0,30,,41864,77,,,0,70,,41880,77,,,0,30,,41863,77,,,0,70,,41879,77,,,0,30,,41862,77,,,0,70,,41878,77,,,0,30,,41861,77,,,0,70,,41877,77,,,0,30,,41860,77,,,0,70,,41876,77,,,0
583000,'6',452,,41947,18,,,0,76,,41946,18,,,0,29,,41945,18,,,0,69,,41944,18,,,0,26,,41943,77,,,0,75,,41942,77,,,0,75,,41941,77,,,0,26,,41891,18,,,0,15,,41940,77,,,0,15,,41889,18,,,0,60,,41890,77,,,0,30,,41939,77,,,0,70,,41938,77,,,0,20,,41937,77,,,0,20,,41936,77,,,0,60,,41935,77,,,0,20,,41934,77,,,0,20,,41933,77,,,0,60,,41932,77,,,0,20,,41931,77,,,0,20,,41930,77,,,0,60,,41929,77,,,0,20,,41928,77,,,0,20,,41927,77,,,0,60,,41926,77,,,0,20,,41925,77,,,0,20,,41924,77,,,0,60,,41923,77,,,0,20,,41922,77,,,0,20,,41921,77,,,0,60,,41920,77,,,0,20,,41919,77,,,0,20,,41918,77,,,0,60,,41917,77,,,0,20,,41916,77,,,0,20,,41915,77,,,0,60,,41914,77,,,0,20,,41913,77,,,0,20,,41912,77,,,0,60,,41911,77,,,0,15,,41910,77,,,0,14,,41909,77,,,0,60,,41908,77,,,0,20,,41907,77,,,0,20,,41906,77,,,0,60,,41905,77,,,0,20,,41904,77,,,0,20,,41903,77,,,0,60,,41902,77,,,0,20,,41901,77,,,0,26,,41900,77,,,0,60,,41899,77,,,0,20,,41898,77,,,0,20,,41897,77,,,0,60,,41896,77,,,0,20,,41895,77,,,0,20,,41894,77,,,0,60,,41893,77,,,0,28,,41892,77,,,0
