578301,'1',524,,31014,40,0,33 4 34,0,35,,31017,40,0,33 4 34,0,63,,31020,40,0,33 4 34,0,15,,31022,40,0,33 4 34,0,15,,31024,40,0,33 4 34,0,55,,31026,40,0,33 4 34,0,15,,31028,40,0,33 4 34,0,15,,31030,40,0,33 4 34,0,15,,31032,40,0,33 4 34,0,55,,31034,40,0,33 4 34,0,15,,31036,40,0,33 4 34,0,15,,31038,40,0,33 4 34,0,15,,31040,40,0,33 4 34,0,55,,31042,40,0,33 4 34,0,15,,31044,40,0,33 4 34,0,15,,31046,40,0,33 4 34,0,15,,31048,40,0,17 18 4 19,0,56,,31050,40,0,33 4 34,0,30,,31053,40,0,33 4 34,0,70,,31056,40,0,33 4 34,0,30,,31059,40,0,33 4 34,0,70,,31062,40,0,33 4 34,0,30,,31065,40,0,33 4 34,0,70,,31068,40,0,33 4 34,0,30,,31071,40,0,33 4 34,0,69,,31074,40,0,33 4 34,0,18,,31076,40,0,33 4 34,0,15,,31078,40,0,33 4 34,0,15,,31080,40,0,33 4 34,0,55,,31082,40,0,33 4 34,0,15,,31084,40,0,33 4 34,0,15,,31086,40,0,33 4 34,0,15,,31088,40,0,33 4 34,0,55,,31090,40,0,33 4 34,0,15,,31092,40,0,33 4 34,0,15,,31094,40,0,33 4 34,0,15,,31096,40,0,33 4 34,0,55,,31098,40,0,33 4 34,0,15,,31100,40,0,33 4 34,0,14,,31102,40,0,33 4 34,0,15,,31104,40,0,33 4 34,0,55,,31106,40,0,33 4 34,0,13,,31108,40,0,17 18 4 19,0,18,,31110,40,0,33 4 34,0,15,,31112,40,0,17 18 4 19,0,59,,31114,40,0,33 4 34,0,24,,31117,40,0,33 4 34,0,76,,31121,40,0,33 4 34,0,30,,31124,40,0,33 4 34,0,70,,31127,40,0,33 4 34,0,30,,31130,40,0,33 4 34,0,59,,31132,40,0,33 4 34,0,45,,31135,40,0,33 4 34,0,85,,31139,40,0,33 4 34,0,80,,31142,40,0,33 4 34,0,45,,31144,40,0,33 4 34,0
578301,'2',457,,31151,40,0,33 4 34,0,76,,31154,40,0,33 4 34,0,76,,31157,40,0,33 4 34,0,36,,31160,40,0,33 4 34,0,76,,31163,40,0,33 4 34,0,34,,31166,40,0,33 4 34,0,76,,31169,40,0,33 4 34,0,76,,31172,40,0,33 4 34,0,36,,31175,40,0,33 4 34,0,76,,31178,40,0,33 4 34,0,36,,31181,40,0,33 4 34,0,76,,31184,40,0,33 4 34,0,76,,31187,40,0,33 4 34,0,36,,31190,40,0,33 4 34,0,76,,31193,40,0,33 4 34,0,36,,31196,40,0,33 4 34,0,76,,31199,40,0,33 4 34,0,76,,31202,40,0,33 4 34,0,36,,31205,40,0,33 4 34,0,76,,31208,40,0,33 4 34,0,36,,31211,40,0,33 4 34,0,76,,31214,40,0,33 4 34,0,76,,31217,40,0,33 4 34,0,36,,31220,40,0,33 4 34,0,78,,31223,40,0,33 4 34,0,36,,31226,40,0,33 4 34,0,76,,31229,40,0,33 4 34,0,86,,31232,40,0,33 4 34,0,30,,31234,40,0,33 4 34,0,85,,31237,40,0,33 4 34,0,85,,31240,40,0,33 4 34,0,85,,31243,40,0,33 4 34,0,50,,31246,40,0,33 4 34,0
578301,'3',534,,31254,40,0,33 4 34,0,85,,31258,40,0,33 4 34,0,85,,31261,40,0,33 4 34,0,45,,31264,40,0,33 4 34,0,85,,31267,40,0,33 4 34,0,85,,31270,40,0,33 4 34,0,36,,31273,40,0,33 4 34,0,76,,31276,40,0,33 4 34,0,76,,31279,40,0,33 4 34,0,36,,31282,40,0,33 4 34,0,76,,31285,40,0,33 4 34,0,36,,31288,40,0,33 4 34,0,76,,31291,40,0,33 4 34,0,76,,31294,40,0,33 4 34,0,36,,31297,40,0,33 4 34,0,76,,31300,40,0,33 4 34,0,36,,31303,40,0,33 4 34,0,76,,31306,40,0,33 4 34,0,76,,31309,40,0,33 4 34,0,36,,31312,40,0,33 4 34,0,75,,31315,40,0,33 4 34,0,36,,31318,40,0,33 4 34,0,78,,31321,40,0,33 4 34,0,85,,31324,40,0,33 4 34,0,85,,31327,40,0,33 4 34,0,47,,31330,40,0,33 4 34,0,85,,31333,40,0,33 4 34,0,85,,31336,40,0,33 4 34,0,30,,31338,40,0,33 4 34,0
578301,'4',542,,31407,40,0,33 4 34,0,66,,31344,40,0,33 4 34,0,26,,31347,40,0,33 4 34,0,85,,31350,40,0,33 4 34,0,85,,31353,40,0,33 4 34,0,45,,31356,40,0,33 4 34,0,85,,31359,40,0,33 4 34,0,84,,31362,40,0,33 4 34,0,85,,31365,40,0,33 4 34,0,45,,31368,40,0,33 4 34,0,85,,31371,40,0,33 4 34,0,85,,31374,40,0,33 4 34,0,85,,31377,40,0,33 4 34,0,45,,31380,40,0,33 4 34,0,85,,31383,40,0,33 4 34,0,85,,31386,40,0,33 4 34,0,85,,31389,40,0,33 4 34,0,47,,31392,40,0,33 4 34,0,85,,31395,40,0,33 4 34,0,85,,31398,40,0,33 4 34,0,85,,31401,40,0,33 4 34,0,45,,31405,40,0,33 4 34,0
578301,'6',534,,31411,40,0,33 4 34,0,85,,31415,40,0,33 4 34,0,85,,31418,40,0,33 4 34,0,45,,31421,40,0,33 4 34,0,85,,31424,40,0,33 4 34,0,85,,31427,40,0,33 4 34,0,36,,31430,40,0,33 4 34,0,76,,31433,40,0,33 4 34,0,76,,31436,40,0,33 4 34,0,36,,31439,40,0,33 4 34,0,76,,31442,40,0,33 4 34,0,36,,31445,40,0,33 4 34,0,76,,31448,40,0,33 4 34,0,76,,31451,40,0,33 4 34,0,36,,31454,40,0,33 4 34,0,76,,31457,40,0,33 4 34,0,36,,31460,40,0,33 4 34,0,76,,31463,40,0,33 4 34,0,76,,31466,40,0,33 4 34,0,36,,31469,40,0,33 4 34,0,75,,31472,40,0,33 4 34,0,36,,31475,40,0,33 4 34,0,78,,31478,40,0,33 4 34,0,85,,31481,40,0,33 4 34,0,85,,31484,40,0,33 4 34,0,47,,31487,40,0,33 4 34,0,85,,31490,40,0,33 4 34,0,85,,31493,40,0,33 4 34,0,30,,31495,40,0,33 4 34,0
578401,'1',538,,31649,7,,,0,70,,31650,7,,,0,30,,31651,7,,,0,65,,31652,7,,,0,17,,31653,7,,,0,20,,31654,7,,,0,60,,31655,7,,,0,20,,31656,7,,,0,20,,31657,7,,,0,60,,31658,7,,,0,20,,31659,7,,,0,20,,31660,7,,,0,60,,31661,7,,,0,20,,31662,7,,,0,30,,31663,7,,,0,70,,31664,7,,,0,30,,31665,7,,,0,70,,31666,7,,,0,30,,31667,7,,,0,70,,31668,7,,,0,30,,31669,7,,,0,67,,31670,7,,,0,20,,31671,7,,,0,20,,31672,7,,,0,60,,31673,7,,,0,20,,31674,7,,,0,20,,31675,7,,,0,60,,31676,7,,,0,20,,31677,7,,,0,20,,31678,7,,,0,60,,31679,7,,,0,30,,31680,7,,,0,70,,31681,7,,,0,30,,31682,7,,,0,81,,31683,7,,,0,100,,31684,7,,,0,100,,31685,7,,,0,101,,31686,7,,,0,100,,31687,7,,,0,100,,31688,7,,,0,104,,31689,7,,,0
578401,'2',457,,31724,7,,,0,70,,31690,7,,,0,30,,31721,7,,,0,70,,31691,7,,,0,30,,31723,7,,,0,70,,31692,7,,,0,31,,31722,7,,,0,70,,31693,7,,,0,30,,31694,7,,,0,70,,31695,7,,,0,30,,31696,7,,,0,70,,31697,7,,,0,30,,31698,7,,,0,70,,31699,7,,,0,30,,31700,7,,,0,70,,31701,7,,,0,30,,31702,7,,,0,70,,31703,7,,,0,30,,31704,7,,,0,70,,31705,7,,,0,30,,31706,7,,,0,70,,31707,7,,,0,30,,31708,7,,,0,70,,31709,7,,,0,30,,31710,7,,,0,70,,31711,7,,,0,30,,31712,7,,,0,75,,31713,7,,,0,102,,31714,7,,,0,100,,31715,7,,,0,100,,31716,7,,,0,101,,31717,7,,,0,100,,31718,7,,,0,100,,31719,7,,,0,100,,31720,7,,,0
578401,'3',607,,31755,7,,,0,30,,31733,7,,,0,70,,31749,7,,,0,30,,31732,7,,,0,70,,31751,7,,,0,30,,31731,7,,,0,70,,31750,7,,,0,30,,31730,7,,,0,67,,31752,7,,,0,30,,31729,7,,,0,70,,31728,7,,,0,30,,31727,7,,,0,70,,31726,7,,,0,30,,31725,7,,,0,70,,31748,7,,,0,30,,31747,7,,,0,70,,31746,7,,,0,30,,31745,7,,,0,70,,31744,7,,,0,30,,31743,7,,,0,70,,31742,7,,,0,30,,31741,7,,,0,70,,31740,7,,,0,30,,31739,7,,,0,100,,31738,7,,,0,103,,31737,7,,,0,100,,31736,7,,,0,100,,31735,7,,,0,100,,31734,7,,,0,100,,31753,7,,,0,100,,31754,7,,,0
578401,'4',621,,31756,7,,,0,100,,31757,7,,,0,100,,31758,7,,,0,100,,31759,7,,,0,100,,31760,7,,,0,100,,31761,7,,,0,100,,31762,7,,,0,100,,31763,7,,,0,100,,31764,7,,,0,100,,31765,7,,,0,100,,31766,7,,,0,100,,31767,7,,,0,100,,31768,7,,,0,100,,31769,7,,,0,100,,31770,7,,,0
578401,'6',607,,31801,7,,,0,30,,31779,7,,,0,70,,31795,7,,,0,30,,31778,7,,,0,70,,31797,7,,,0,30,,31777,7,,,0,70,,31796,7,,,0,30,,31776,7,,,0,67,,31798,7,,,0,30,,31775,7,,,0,70,,31774,7,,,0,30,,31773,7,,,0,70,,31772,7,,,0,30,,31771,7,,,0,70,,31794,7,,,0,30,,31793,7,,,0,70,,31792,7,,,0,30,,31791,7,,,0,70,,31790,7,,,0,30,,31789,7,,,0,70,,31788,7,,,0,30,,31787,7,,,0,70,,31786,7,,,0,30,,31785,7,,,0,100,,31784,7,,,0,103,,31783,7,,,0,100,,31782,7,,,0,100,,31781,7,,,0,100,,31780,7,,,0,100,,31799,7,,,0,100,,31800,7,,,0
580801,'14601',524,,39528,29,,,0,20,,39522,29,,,0,60,,39523,29,,,0,20,,39524,29,,,0,20,,39525,29,,,0,60,,39526,29,,,0,20,,39527,29,,,0,20,,39520,29,,,0,59,,39521,29,,,0,10,,39423,29,,,0,10,,39454,29,,,0,10,,39424,29,,,0,8,,39455,29,,,0,7,,39425,29,,,0,8,,39456,29,,,0,49,,39426,29,,,0,8,,39457,29,,,0,9,,39427,29,,,0,8,,39458,29,,,0,5,,39428,29,,,0,8,,39459,29,,,0,7,,39460,29,,,0,8,,39461,29,,,0,53,,39462,29,,,0,12,,39429,29,,,0,10,,39430,29,,,0,10,,39431,29,,,0,10,,39432,29,,,0,50,,39433,29,,,0,10,,39434,29,,,0,10,,39435,29,,,0,10,,39436,29,,,0,10,,39437,29,,,0,10,,39438,29,,,0,50,,39439,29,,,0,10,,39440,29,,,0,10,,39441,29,,,0,10,,39442,29,,,0,10,,39443,29,,,0,10,,39444,29,,,0,50,,39445,29,,,0,10,,39446,29,,,0,10,,39447,29,,,0,10,,39448,29,,,0,10,,39449,29,,,0,10,,39450,29,,,0,50,,39451,29,,,0,10,,39452,29,,,0,10,,39453,29,,,0,10,,39488,29,,,0,9,,39489,29,,,0,8,,39492,29,,,0,7,,39490,29,,,0,48,,39493,29,,,0,7,,39491,29,,,0,8,,39463,29,,,0,7,,39476,29,,,0,8,,39464,29,,,0,7,,39477,29,,,0,8,,39465,29,,,0,7,,39478,29,,,0,48,,39466,29,,,0,7,,39479,29,,,0,8,,39467,29,,,0,7,,39480,29,,,0,8,,39468,29,,,0,7,,39481,29,,,0,8,,39469,29,,,0,7,,39482,29,,,0,48,,39470,29,,,0,7,,39483,29,,,0,8,,39471,29,,,0,7,,39484,29,,,0,8,,39472,29,,,0,7,,39485,29,,,0,8,,39473,29,,,0,8,,39486,29,,,0,48,,39474,29,,,0,7,,39487,29,,,0,8,,39475,29,,,0,8,,39503,29,,,0,10,,39504,29,,,0,10,,39505,29,,,0,10,,39506,29,,,0,50,,39507,29,,,0,10,,39494,29,,,0,13,,39495,29,,,0,15,,39496,29,,,0,55,,39498,29,,,0,15,,39499,29,,,0,15,,39500,29,,,0,15,,39501,29,,,0,55,,39502,29,,,0,15,,39497,29,,,0,15,,39515,29,,,0,15,,39516,29,,,0,55,,39519,29,,,0,17,,39517,29,,,0,22,,39518,29,,,0,70,,39508,29,,,0,30,,39509,29,,,0,70,,39510,29,,,0,30,,39511,29,,,0,70,,39512,29,,,0,30,,39513,29,,,0,70,,39514,29,,,0
580801,'14602',540,,39559,29,,,0,70,,39560,29,,,0,30,,39561,29,,,0,70,,39562,29,,,0,30,,39563,29,,,0,70,,39564,29,,,0,30,,39565,29,,,0,70,,39566,29,,,0,30,,39567,29,,,0,70,,39568,29,,,0,30,,39569,29,,,0,70,,39570,29,,,0,30,,39558,29,,,0,70,,39541,29,,,0,30,,39542,29,,,0,70,,39543,29,,,0,30,,39544,29,,,0,70,,39545,29,,,0,30,,39546,29,,,0,70,,39547,29,,,0,30,,39548,29,,,0,70,,39549,29,,,0,30,,39550,29,,,0,70,,39551,29,,,0,30,,39552,29,,,0,70,,39553,29,,,0,30,,39554,29,,,0,70,,39555,29,,,0,30,,39556,29,,,0,70,,39557,29,,,0,30,,39540,29,,,0,70,,39539,29,,,0,30,,39538,29,,,0,70,,39537,29,,,0,31,,39536,29,,,0,70,,39535,29,,,0,30,,39534,29,,,0,70,,39533,29,,,0,30,,39532,29,,,0,70,,39531,29,,,0,30,,39530,29,,,0,70,,39529,29,,,0
580801,'14603',640,,39596,29,,,0,70,,39597,29,,,0,30,,39598,29,,,0,70,,39599,29,,,0,30,,39600,29,,,0,70,,39601,29,,,0,30,,39602,29,,,0,70,,39603,29,,,0,30,,39604,29,,,0,70,,39605,29,,,0,30,,39571,29,,,0,70,,39588,29,,,0,30,,39587,29,,,0,70,,39586,29,,,0,30,,39585,29,,,0,70,,39584,29,,,0,30,,39583,29,,,0,70,,39582,29,,,0,30,,39581,29,,,0,70,,39580,29,,,0,30,,39579,29,,,0,70,,39578,29,,,0,30,,39577,29,,,0,70,,39576,29,,,0,30,,39575,29,,,0,70,,39574,29,,,0,30,,39573,29,,,0,70,,39572,29,,,0,30,,39589,29,,,0,70,,39590,29,,,0,30,,39591,29,,,0,70,,39592,29,,,0,31,,39593,29,,,0,70,,39594,29,,,0,30,,39595,29,,,0,70,,39606,29,,,0
580801,'14604',640,,39627,29,,,0,70,,39628,29,,,0,30,,39629,29,,,0,70,,39630,29,,,0,30,,39631,29,,,0,70,,39632,29,,,0,30,,39633,29,,,0,70,,39634,29,,,0,30,,39635,29,,,0,70,,39636,29,,,0,30,,39607,29,,,0,70,,39624,29,,,0,30,,39623,29,,,0,70,,39622,29,,,0,30,,39621,29,,,0,70,,39620,29,,,0,30,,39619,29,,,0,70,,39618,29,,,0,30,,39617,29,,,0,70,,39616,29,,,0,30,,39615,29,,,0,70,,39614,29,,,0,30,,39613,29,,,0,70,,39612,29,,,0,30,,39611,29,,,0,70,,39610,29,,,0,30,,39609,29,,,0,70,,39608,29,,,0,30,,39625,29,,,0,70,,39626,29,,,0
580801,'14606',640,,39662,29,,,0,70,,39663,29,,,0,30,,39664,29,,,0,70,,39665,29,,,0,30,,39666,29,,,0,70,,39667,29,,,0,30,,39668,29,,,0,70,,39669,29,,,0,30,,39670,29,,,0,70,,39671,29,,,0,30,,39637,29,,,0,70,,39654,29,,,0,30,,39653,29,,,0,70,,39652,29,,,0,30,,39651,29,,,0,70,,39650,29,,,0,30,,39649,29,,,0,70,,39648,29,,,0,30,,39647,29,,,0,70,,39646,29,,,0,30,,39645,29,,,0,70,,39644,29,,,0,30,,39643,29,,,0,70,,39642,29,,,0,30,,39641,29,,,0,70,,39640,29,,,0,30,,39639,29,,,0,70,,39638,29,,,0,30,,39655,29,,,0,70,,39656,29,,,0,30,,39657,29,,,0,70,,39658,29,,,0,31,,39659,29,,,0,70,,39660,29,,,0,30,,39661,29,,,0,70,,39672,29,,,0
582800,'1',659,,40229,23,,,0,55,,40231,23,,,0,15,,40233,23,,,0,15,,40235,23,,,0,15,,40237,23,,,0,55,,40239,23,,,0,15,,40241,23,,,0,15,,40243,23,,,0,14,,40245,23,,,0,52,,40247,23,,,0,12,,40249,23,,,0,12,,40251,23,,,0,12,,40253,23,,,0,12,,40255,23,,,0,52,,40257,23,,,0,12,,40259,23,,,0,12,,40261,23,,,0,12,,40263,23,,,0,12,,40265,23,,,0,52,,40267,23,,,0,12,,40269,23,,,0,12,,40271,23,,,0,12,,40273,23,,,0,12,,40275,23,,,0,52,,40277,23,,,0,12,,40279,23,,,0,12,,40281,23,,,0,12,,40283,23,,,0,12,,40285,23,,,0,52,,40287,23,,,0,12,,40289,23,,,0,12,,40291,23,,,0,12,,40293,23,,,0,12,,40295,23,,,0,50,,40297,23,,,0,12,,40299,23,,,0,12,,40301,23,,,0,12,,40303,23,,,0,12,,40305,23,,,0,52,,40307,23,,,0,12,,40309,23,,,0,12,,40311,23,,,0,12,,40313,23,,,0,13,,40315,23,,,0,52,,40317,23,,,0,12,,40319,23,,,0,12,,40321,23,,,0,12,,40323,23,,,0,12,,40325,23,,,0,52,,40327,23,,,0,12,,40329,23,,,0,14,,40331,23,,,0,12,,40333,23,,,0,12,,40335,23,,,0,52,,40337,23,,,0,12,,40215,23,,,0,12,,40339,23,,,0,12,,40341,23,,,0
