578201,'1',516,,30350,31,,,0,20,,30336,31,,,0,20,,30349,31,,,0,60,,30348,31,,,0,20,,30351,31,,,0,20,,30352,31,,,0,60,,30353,31,,,0,20,,30354,31,,,0,20,,30355,31,,,0,60,,30356,31,,,0,20,,30357,31,,,0,20,,30358,31,,,0,60,,30359,31,,,0,20,,30360,31,,,0,20,,30361,31,,,0,60,,30362,31,,,0,21,,30363,31,,,0,20,,30364,31,,,0,60,,30365,31,,,0,20,,30366,31,,,0,20,,30367,31,,,0,60,,30368,31,,,0,20,,30369,31,,,0,20,,30370,31,,,0,60,,30371,31,,,0,20,,30372,31,,,0,20,,30373,31,,,0,60,,30374,31,,,0,19,,30375,31,,,0,20,,30376,31,,,0,60,,30377,31,,,0,20,,30378,31,,,0,20,,30379,31,,,0,60,,30380,31,,,0,20,,30381,31,,,0,20,,30382,31,,,0,60,,30383,31,,,0,20,,30384,31,,,0,20,,30385,31,,,0,65,,30386,31,,,0,30,,30337,31,,,0,70,,30338,31,,,0,31,,30339,31,,,0,70,,30340,31,,,0,30,,30341,31,,,0,70,,30342,31,,,0,30,,30343,31,,,0,71,,30344,31,,,0,30,,30345,31,,,0,70,,30335,31,,,0,30,,30346,31,,,0,80,,30334,31,,,0,25,,30347,31,,,0
578201,'2',556,,30388,31,,,0,70,,30389,31,,,0,30,,30390,31,,,0,70,,30391,31,,,0,30,,30392,31,,,0,69,,30393,31,,,0,29,,30394,31,,,0,66,,30395,31,,,0,20,,30396,31,,,0,60,,30397,31,,,0,20,,30398,31,,,0,20,,30399,31,,,0,60,,30400,31,,,0,20,,30401,31,,,0,20,,30402,31,,,0,60,,30403,31,,,0,20,,30404,31,,,0,20,,30405,31,,,0,60,,30406,31,,,0,20,,30407,31,,,0,20,,30408,31,,,0,60,,30409,31,,,0,20,,30410,31,,,0,20,,30411,31,,,0,60,,30412,31,,,0,20,,30413,31,,,0,20,,30414,31,,,0,60,,30415,31,,,0,20,,30416,31,,,0,20,,30417,31,,,0,60,,30418,31,,,0,27,,30419,31,,,0,30,,30420,31,,,0,70,,30421,31,,,0,30,,30422,31,,,0,70,,30423,31,,,0,30,,30424,31,,,0,70,,30425,31,,,0,30,,30426,31,,,0,70,,30427,31,,,0,30,,30428,31,,,0,72,,30429,31,,,0,30,,30430,31,,,0,70,,30431,31,,,0,30,,30432,31,,,0,90,,30433,31,,,0
578201,'3',620,,30469,31,,,0,35,,30468,31,,,0,70,,30467,31,,,0,30,,30466,31,,,0,70,,30465,31,,,0,30,,30464,31,,,0,70,,30463,31,,,0,30,,30462,31,,,0,70,,30461,31,,,0,30,,30460,31,,,0,70,,30459,31,,,0,30,,30458,31,,,0,70,,30457,31,,,0,30,,30456,31,,,0,70,,30455,31,,,0,30,,30454,31,,,0,70,,30453,31,,,0,30,,30452,31,,,0,70,,30451,31,,,0,30,,30450,31,,,0,70,,30449,31,,,0,30,,30448,31,,,0,70,,30447,31,,,0,30,,30446,31,,,0,70,,30445,31,,,0,30,,30444,31,,,0,70,,30443,31,,,0,30,,30442,31,,,0,72,,30441,31,,,0,30,,30440,31,,,0,70,,30439,31,,,0,30,,30438,31,,,0,70,,30437,31,,,0,30,,30436,31,,,0,70,,30435,31,,,0,30,,30434,31,,,0
578201,'4',658,,30471,31,,,0,80,,30472,31,,,0,80,,30473,31,,,0,40,,30474,31,,,0,80,,30475,31,,,0,80,,30476,31,,,0,40,,30477,31,,,0,80,,30478,31,,,0,80,,30479,31,,,0,40,,30480,31,,,0,80,,30481,31,,,0,80,,30482,31,,,0,105,,30483,31,,,0,100,,30484,31,,,0,100,,30485,31,,,0,100,,30486,31,,,0,100,,30487,31,,,0,100,,30488,31,,,0,90,,30489,31,,,0
578201,'6',620,,30525,31,,,0,35,,30524,31,,,0,70,,30523,31,,,0,30,,30522,31,,,0,70,,30521,31,,,0,30,,30520,31,,,0,70,,30519,31,,,0,30,,30518,31,,,0,70,,30517,31,,,0,30,,30516,31,,,0,70,,30515,31,,,0,30,,30514,31,,,0,70,,30513,31,,,0,30,,30512,31,,,0,70,,30511,31,,,0,30,,30510,31,,,0,70,,30509,31,,,0,30,,30508,31,,,0,70,,30507,31,,,0,30,,30506,31,,,0,70,,30505,31,,,0,30,,30504,31,,,0,70,,30503,31,,,0,30,,30502,31,,,0,70,,30501,31,,,0,30,,30500,31,,,0,70,,30499,31,,,0,30,,30498,31,,,0,72,,30497,31,,,0,30,,30496,31,,,0,70,,30495,31,,,0,30,,30494,31,,,0,70,,30493,31,,,0,30,,30492,31,,,0,70,,30491,31,,,0,30,,30490,31,,,0
578900,'1',529,,32428,27,,,0,30,,32462,27,,,0,70,,32455,27,,,0,30,,32458,27,,,0,71,,32457,27,,,0,70,,32456,27,,,0,30,,32461,27,,,0,70,,32460,27,,,0,30,,32459,27,,,0,70,,32452,27,,,0,30,,32451,27,,,0,70,,32450,27,,,0,30,,32449,27,,,0,70,,32448,27,,,0,30,,32447,27,,,0,70,,32446,27,,,0,30,,32445,27,,,0,70,,32454,27,,,0,30,,32453,27,,,0,70,,32441,27,,,0,30,,32435,27,,,0,70,,32440,27,,,0,30,,32444,27,,,0,70,,32443,27,,,0,30,,32442,27,,,0,70,,32433,27,,,0,29,,32439,27,,,0,30,,32431,27,,,0,70,,32430,27,,,0,30,,32429,27,,,0,70,,32432,27,,,0,30,,32426,27,,,0,70,,32436,27,,,0,30,,32425,27,,,0,70,,32434,27,,,0,30,,32424,27,,,0,80,,32438,27,,,0,90,,32437,27,,,0,100,,32427,27,,,0
578900,'2',515,,32498,25,,,0,30,,32499,25,,,0,70,,32470,25,,,0,30,,32500,25,,,0,70,,32494,25,,,0,30,,32493,25,,,0,72,,32488,25,,,0,30,,32487,25,,,0,70,,32491,25,,,0,30,,32490,25,,,0,70,,32489,25,,,0,30,,32481,25,,,0,70,,32476,25,,,0,30,,32486,25,,,0,70,,32473,25,,,0,30,,32472,25,,,0,70,,32471,25,,,0,30,,32475,25,,,0,70,,32474,25,,,0,30,,32477,25,,,0,70,,32485,25,,,0,30,,32484,25,,,0,70,,32483,25,,,0,30,,32482,25,,,0,70,,32497,25,,,0,30,,32496,25,,,0,69,,32495,25,,,0,30,,32492,25,,,0,70,,32480,25,,,0,30,,32479,25,,,0,70,,32478,25,,,0,30,,32468,25,,,0,70,,32467,25,,,0,30,,32464,25,,,0,70,,32463,25,,,0,100,,32466,25,,,0,100,,32465,25,,,0,100,,32469,25,,,0
578900,'3',515,,32535,25,,,0,30,,32536,25,,,0,70,,32507,25,,,0,30,,32537,25,,,0,70,,32531,25,,,0,30,,32530,25,,,0,72,,32525,25,,,0,30,,32524,25,,,0,70,,32528,25,,,0,30,,32527,25,,,0,70,,32526,25,,,0,30,,32518,25,,,0,70,,32513,25,,,0,30,,32523,25,,,0,70,,32510,25,,,0,30,,32509,25,,,0,70,,32508,25,,,0,30,,32512,25,,,0,70,,32511,25,,,0,30,,32514,25,,,0,70,,32522,25,,,0,30,,32521,25,,,0,70,,32520,25,,,0,30,,32519,25,,,0,70,,32534,25,,,0,30,,32533,25,,,0,69,,32532,25,,,0,30,,32529,25,,,0,70,,32517,25,,,0,30,,32516,25,,,0,70,,32515,25,,,0,30,,32506,25,,,0,70,,32505,25,,,0,30,,32502,25,,,0,70,,32501,25,,,0,100,,32504,25,,,0,100,,32503,25,,,0
578900,'4',634,,32538,25,,,0,100,,32539,25,,,0,100,,32540,25,,,0,101,,32541,25,,,0,100,,32542,25,,,0,100,,32543,25,,,0,100,,32544,25,,,0,100,,32545,25,,,0,100,,32546,25,,,0,100,,32547,25,,,0,100,,32548,25,,,0,100,,32549,25,,,0,99,,32550,25,,,0,100,,32551,25,,,0,100,,32552,25,,,0,100,,32553,25,,,0
578900,'6',515,,32588,25,,,0,30,,32589,25,,,0,70,,32560,25,,,0,30,,32590,25,,,0,70,,32584,25,,,0,30,,32583,25,,,0,72,,32578,25,,,0,30,,32577,25,,,0,70,,32581,25,,,0,30,,32580,25,,,0,70,,32579,25,,,0,30,,32571,25,,,0,70,,32566,25,,,0,30,,32576,25,,,0,70,,32563,25,,,0,30,,32562,25,,,0,70,,32561,25,,,0,30,,32565,25,,,0,70,,32564,25,,,0,30,,32567,25,,,0,70,,32575,25,,,0,30,,32574,25,,,0,70,,32573,25,,,0,30,,32572,25,,,0,70,,32587,25,,,0,30,,32586,25,,,0,69,,32585,25,,,0,30,,32582,25,,,0,70,,32570,25,,,0,30,,32569,25,,,0,70,,32568,25,,,0,30,,32559,25,,,0,70,,32558,25,,,0,30,,32555,25,,,0,70,,32554,25,,,0,100,,32557,25,,,0,100,,32556,25,,,0
