578301,'1',459,,31014,5,0,33 4 34,0,75,,31017,5,0,33 4 34,0,23,,31020,5,0,33 4 34,0,55,,31022,5,0,33 4 34,0,12,,31024,5,0,33 4 34,0,15,,31026,5,0,33 4 34,0,15,,31028,5,0,33 4 34,0,55,,31030,5,0,33 4 34,0,15,,31032,5,0,33 4 34,0,15,,31034,5,0,33 4 34,0,15,,31036,5,0,33 4 34,0,55,,31038,5,0,33 4 34,0,15,,31040,5,0,33 4 34,0,15,,31042,5,0,33 4 34,0,15,,31044,5,0,33 4 34,0,55,,31046,5,0,33 4 34,0,15,,31048,5,0,17 18 4 19,0,17,,31050,5,0,33 4 34,0,70,,31053,5,0,33 4 34,0,30,,31056,5,0,33 4 34,0,70,,31059,5,0,33 4 34,0,30,,31062,5,0,33 4 34,0,70,,31065,5,0,33 4 34,0,30,,31068,5,0,33 4 34,0,70,,31071,5,0,33 4 34,0,27,,31074,5,0,33 4 34,0,18,,31076,5,0,33 4 34,0,55,,31078,5,0,33 4 34,0,15,,31080,5,0,33 4 34,0,15,,31082,5,0,33 4 34,0,15,,31084,5,0,33 4 34,0,55,,31086,5,0,33 4 34,0,15,,31088,5,0,33 4 34,0,15,,31090,5,0,33 4 34,0,15,,31092,5,0,33 4 34,0,55,,31094,5,0,33 4 34,0,15,,31096,5,0,33 4 34,0,15,,31098,5,0,33 4 34,0,15,,31100,5,0,33 4 34,0,54,,31102,5,0,33 4 34,0,20,,31104,5,0,33 4 34,0,15,,31106,5,0,33 4 34,0,8,,31108,5,0,17 18 4 19,0,63,,31110,5,0,33 4 34,0,10,,31112,5,0,17 18 4 19,0,24,,31114,5,0,33 4 34,0,64,,31117,5,0,33 4 34,0,36,,31121,5,0,33 4 34,0,70,,31124,5,0,33 4 34,0,30,,31127,5,0,33 4 34,0,70,,31130,5,0,33 4 34,0,20,,31132,5,0,33 4 34,0,85,,31135,5,0,33 4 34,0,85,,31139,5,0,33 4 34,0,40,,31142,5,0,33 4 34,0,85,,31144,5,0,33 4 34,0
578301,'2',436,,31151,5,0,33 4 34,0,76,,31154,5,0,33 4 34,0,36,,31157,5,0,33 4 34,0,76,,31160,5,0,33 4 34,0,76,,31163,5,0,33 4 34,0,29,,31166,5,0,33 4 34,0,76,,31169,5,0,33 4 34,0,36,,31172,5,0,33 4 34,0,76,,31175,5,0,33 4 34,0,36,,31178,5,0,33 4 34,0,76,,31181,5,0,33 4 34,0,76,,31184,5,0,33 4 34,0,36,,31187,5,0,33 4 34,0,76,,31190,5,0,33 4 34,0,36,,31193,5,0,33 4 34,0,76,,31196,5,0,33 4 34,0,76,,31199,5,0,33 4 34,0,36,,31202,5,0,33 4 34,0,76,,31205,5,0,33 4 34,0,36,,31208,5,0,33 4 34,0,76,,31211,5,0,33 4 34,0,76,,31214,5,0,33 4 34,0,36,,31217,5,0,33 4 34,0,76,,31220,5,0,33 4 34,0,39,,31223,5,0,33 4 34,0,76,,31226,5,0,33 4 34,0,76,,31229,5,0,33 4 34,0,46,,31232,5,0,33 4 34,0,74,,31234,5,0,33 4 34,0,85,,31237,5,0,33 4 34,0,45,,31240,5,0,33 4 34,0,85,,31243,5,0,33 4 34,0,90,,31246,5,0,33 4 34,0
578301,'3',513,,31254,5,0,33 4 34,0,45,,31258,5,0,33 4 34,0,85,,31261,5,0,33 4 34,0,85,,31264,5,0,33 4 34,0,85,,31267,5,0,33 4 34,0,45,,31270,5,0,33 4 34,0,70,,31273,5,0,33 4 34,0,76,,31276,5,0,33 4 34,0,36,,31279,5,0,33 4 34,0,76,,31282,5,0,33 4 34,0,36,,31285,5,0,33 4 34,0,76,,31288,5,0,33 4 34,0,76,,31291,5,0,33 4 34,0,36,,31294,5,0,33 4 34,0,76,,31297,5,0,33 4 34,0,36,,31300,5,0,33 4 34,0,76,,31303,5,0,33 4 34,0,76,,31306,5,0,33 4 34,0,36,,31309,5,0,33 4 34,0,76,,31312,5,0,33 4 34,0,37,,31315,5,0,33 4 34,0,76,,31318,5,0,33 4 34,0,78,,31321,5,0,33 4 34,0,45,,31324,5,0,33 4 34,0,85,,31327,5,0,33 4 34,0,91,,31330,5,0,33 4 34,0,85,,31333,5,0,33 4 34,0,45,,31336,5,0,33 4 34,0,70,,31338,5,0,33 4 34,0
578301,'4',521,,31407,5,0,33 4 34,0,26,,31344,5,0,33 4 34,0,66,,31347,5,0,33 4 34,0,45,,31350,5,0,33 4 34,0,85,,31353,5,0,33 4 34,0,85,,31356,5,0,33 4 34,0,85,,31359,5,0,33 4 34,0,39,,31362,5,0,33 4 34,0,85,,31365,5,0,33 4 34,0,85,,31368,5,0,33 4 34,0,85,,31371,5,0,33 4 34,0,45,,31374,5,0,33 4 34,0,85,,31377,5,0,33 4 34,0,85,,31380,5,0,33 4 34,0,85,,31383,5,0,33 4 34,0,45,,31386,5,0,33 4 34,0,85,,31389,5,0,33 4 34,0,92,,31392,5,0,33 4 34,0,85,,31395,5,0,33 4 34,0,45,,31398,5,0,33 4 34,0,85,,31401,5,0,33 4 34,0,85,,31405,5,0,33 4 34,0
578301,'6',513,,31411,5,0,33 4 34,0,45,,31415,5,0,33 4 34,0,85,,31418,5,0,33 4 34,0,85,,31421,5,0,33 4 34,0,85,,31424,5,0,33 4 34,0,45,,31427,5,0,33 4 34,0,70,,31430,5,0,33 4 34,0,76,,31433,5,0,33 4 34,0,36,,31436,5,0,33 4 34,0,76,,31439,5,0,33 4 34,0,36,,31442,5,0,33 4 34,0,76,,31445,5,0,33 4 34,0,76,,31448,5,0,33 4 34,0,36,,31451,5,0,33 4 34,0,76,,31454,5,0,33 4 34,0,36,,31457,5,0,33 4 34,0,76,,31460,5,0,33 4 34,0,76,,31463,5,0,33 4 34,0,36,,31466,5,0,33 4 34,0,76,,31469,5,0,33 4 34,0,37,,31472,5,0,33 4 34,0,76,,31475,5,0,33 4 34,0,78,,31478,5,0,33 4 34,0,45,,31481,5,0,33 4 34,0,85,,31484,5,0,33 4 34,0,91,,31487,5,0,33 4 34,0,85,,31490,5,0,33 4 34,0,45,,31493,5,0,33 4 34,0,70,,31495,5,0,33 4 34,0
579100,'1',601,,32787,5,,,0,36,,32788,5,,,0,70,,32789,5,,,0,30,,32790,5,,,0,70,,32791,5,,,0,30,,32792,5,,,0,75,,32793,5,,,0,20,,32794,5,,,0,70,,32795,5,,,0,30,,32796,5,,,0,70,,32815,5,,,0,30,,32797,5,,,0,70,,32814,5,,,0,30,,32798,5,,,0,70,,32812,5,,,0,30,,32799,5,,,0,70,,32813,5,,,0,30,,32800,5,,,0,70,,32801,5,,,0,30,,32802,5,,,0,20,,32803,5,,,0,70,,32804,5,,,0,30,,32805,5,,,0,70,,32806,5,,,0,35,,32807,5,,,0,70,,32808,5,,,0,30,,32809,5,,,0,75,,32816,5,,,0,70,,32810,5,,,0,30,,32817,5,,,0,70,,32811,5,,,0,30,,32818,5,,,0,70,,32819,5,,,0,30,,32820,5,,,0,70,,32821,5,,,0,30,,32822,5,,,0,70,,32823,5,,,0,30,,32824,5,,,0,70,,32825,5,,,0
579100,'2',722,,32826,5,,,0,30,,32827,5,,,0,70,,32828,5,,,0,30,,32829,5,,,0,70,,32830,5,,,0,30,,32831,5,,,0,70,,32832,5,,,0,30,,32851,5,,,0,70,,32833,5,,,0,30,,32850,5,,,0,70,,32834,5,,,0,30,,32848,5,,,0,70,,32835,5,,,0,30,,32849,5,,,0,70,,32836,5,,,0,30,,32837,5,,,0,70,,32838,5,,,0,30,,32839,5,,,0,70,,32840,5,,,0,30,,32841,5,,,0,70,,32842,5,,,0,30,,32843,5,,,0,70,,32844,5,,,0,30,,32845,5,,,0,70,,32852,5,,,0,30,,32846,5,,,0,70,,32853,5,,,0,30,,32847,5,,,0,70,,32854,5,,,0,30,,32855,5,,,0,70,,32856,5,,,0,30,,32857,5,,,0,70,,32858,5,,,0,30,,32859,5,,,0,70,,32860,5,,,0
579100,'3',722,,32861,5,,,0,30,,32862,5,,,0,70,,32863,5,,,0,30,,32864,5,,,0,70,,32865,5,,,0,30,,32866,5,,,0,70,,32867,5,,,0,30,,32886,5,,,0,70,,32868,5,,,0,30,,32885,5,,,0,70,,32869,5,,,0,30,,32883,5,,,0,70,,32870,5,,,0,30,,32884,5,,,0,70,,32871,5,,,0,30,,32872,5,,,0,70,,32873,5,,,0,30,,32874,5,,,0,70,,32875,5,,,0,30,,32876,5,,,0,70,,32877,5,,,0,30,,32878,5,,,0,70,,32879,5,,,0,30,,32880,5,,,0,70,,32887,5,,,0,30,,32881,5,,,0,70,,32888,5,,,0,30,,32882,5,,,0,70,,32889,5,,,0,30,,32890,5,,,0,70,,32891,5,,,0,30,,32892,5,,,0,70,,32893,5,,,0,30,,32894,5,,,0
579100,'4',722,,32895,5,,,0,30,,32896,5,,,0,70,,32897,5,,,0,30,,32898,5,,,0,70,,32899,5,,,0,30,,32900,5,,,0,70,,32901,5,,,0,30,,32919,5,,,0,70,,32902,5,,,0,30,,32918,5,,,0,70,,32903,5,,,0,30,,32916,5,,,0,70,,32904,5,,,0,30,,32917,5,,,0,70,,32905,5,,,0,30,,32906,5,,,0,70,,32907,5,,,0,30,,32908,5,,,0,70,,32909,5,,,0,30,,32910,5,,,0,70,,32911,5,,,0,30,,32912,5,,,0,70,,32913,5,,,0,30,,32914,5,,,0,70,,32920,5,,,0,30,,32915,5,,,0,70,,32921,5,,,0
579100,'6',722,,32922,5,,,0,30,,32923,5,,,0,70,,32924,5,,,0,30,,32925,5,,,0,70,,32926,5,,,0,30,,32927,5,,,0,70,,32928,5,,,0,30,,32947,5,,,0,70,,32929,5,,,0,30,,32946,5,,,0,70,,32930,5,,,0,30,,32944,5,,,0,70,,32931,5,,,0,30,,32945,5,,,0,70,,32932,5,,,0,30,,32933,5,,,0,70,,32934,5,,,0,30,,32935,5,,,0,70,,32936,5,,,0,30,,32937,5,,,0,70,,32938,5,,,0,30,,32939,5,,,0,70,,32940,5,,,0,30,,32941,5,,,0,70,,32948,5,,,0,30,,32942,5,,,0,70,,32949,5,,,0,30,,32943,5,,,0,70,,32950,5,,,0,30,,32951,5,,,0,70,,32952,5,,,0,30,,32953,5,,,0,70,,32954,5,,,0,30,,32955,5,,,0,70,,32956,5,,,0
583501,'8502',1333,,42961,5,,,0,100,,42960,5,,,0,100,,42959,5,,,0,100,,42958,5,,,0,100,,42957,5,,,0,100,,42956,5,,,0,100,,42955,5,,,0,100,,42954,5,,,0
