579801,'1',518,,35991,2,,,0,20,,35992,2,,,0,20,,35993,2,,,0,60,,35994,2,,,0,20,,35995,2,,,0,16,,35996,2,,,0,56,,35997,2,,,0,14,,35998,2,,,0,12,,35999,2,,,0,12,,36000,2,,,0,52,,36001,2,,,0,12,,36002,2,,,0,12,,36003,2,,,0,14,,36004,2,,,0,12,,36005,2,,,0,52,,36006,2,,,0,12,,36007,2,,,0,13,,36008,2,,,0,15,,36009,2,,,0,15,,36010,2,,,0,55,,36011,2,,,0,15,,36012,2,,,0,15,,36013,2,,,0,15,,36014,2,,,0,55,,36015,2,,,0,15,,36016,2,,,0,15,,36017,2,,,0,15,,36018,2,,,0,55,,36019,2,,,0,15,,36020,2,,,0,15,,36021,2,,,0,15,,36022,2,,,0,55,,36023,2,,,0,15,,36024,2,,,0,15,,36025,2,,,0,15,,36026,2,,,0,55,,36027,2,,,0,15,,36028,2,,,0,15,,36029,2,,,0,15,,36030,2,,,0,52,,36031,2,,,0,12,,36032,2,,,0,12,,36033,2,,,0,12,,36034,2,,,0,12,,36035,2,,,0,52,,36036,2,,,0,12,,36037,2,,,0,12,,36038,2,,,0,12,,36039,2,,,0,12,,36040,2,,,0,52,,36041,2,,,0,12,,36042,2,,,0,12,,36043,2,,,0,12,,36044,2,,,0,12,,36045,2,,,0,51,,36046,2,,,0,12,,36047,2,,,0,12,,36048,2,,,0,12,,36049,2,,,0,14,,36050,2,,,0,54,,36051,2,,,0,15,,36052,2,,,0,15,,36053,2,,,0,15,,36054,2,,,0,58,,36055,2,,,0,12,,36056,2,,,0,14,,36057,2,,,0,60,,36058,2,,,0,20,,36059,2,,,0,20,,36060,2,,,0,62,,36061,2,,,0,20,,36062,2,,,0,20,,36063,2,,,0,70,,36064,2,,,0,30,,36065,2,,,0,97,,36066,2,,,0
579801,'2',520,,36098,2,,,0,29,,36099,2,,,0,69,,36100,2,,,0,30,,36101,2,,,0,70,,36102,2,,,0,30,,36103,2,,,0,70,,36104,2,,,0,30,,36105,2,,,0,70,,36106,2,,,0,20,,36107,2,,,0,65,,36108,2,,,0,20,,36109,2,,,0,20,,36110,2,,,0,60,,36111,2,,,0,20,,36112,2,,,0,20,,36113,2,,,0,61,,36114,2,,,0,20,,36067,2,,,0,20,,36068,2,,,0,15,,36069,2,,,0,60,,36070,2,,,0,20,,36071,2,,,0,20,,36072,2,,,0,60,,36073,2,,,0,20,,36074,2,,,0,20,,36075,2,,,0,60,,36076,2,,,0,20,,36077,2,,,0,20,,36078,2,,,0,60,,36079,2,,,0,20,,36080,2,,,0,20,,36081,2,,,0,60,,36082,2,,,0,20,,36083,2,,,0,20,,36084,2,,,0,61,,36085,2,,,0,30,,36086,2,,,0,70,,36087,2,,,0,30,,36088,2,,,0,70,,36089,2,,,0,30,,36090,2,,,0,69,,36091,2,,,0,30,,36092,2,,,0,70,,36093,2,,,0,30,,36094,2,,,0,70,,36095,2,,,0,22,,36096,2,,,0,101,,36097,2,,,0
579801,'3',612,,36115,2,,,0,36,,36146,2,,,0,70,,36116,2,,,0,30,,36117,2,,,0,70,,36118,2,,,0,30,,36119,2,,,0,70,,36120,2,,,0,30,,36121,2,,,0,70,,36122,2,,,0,30,,36123,2,,,0,70,,36124,2,,,0,30,,36125,2,,,0,70,,36126,2,,,0,30,,36127,2,,,0,70,,36128,2,,,0,30,,36129,2,,,0,70,,36130,2,,,0,30,,36131,2,,,0,70,,36132,2,,,0,30,,36133,2,,,0,70,,36134,2,,,0,30,,36135,2,,,0,70,,36139,2,,,0,30,,36140,2,,,0,70,,36141,2,,,0,30,,36142,2,,,0,70,,36143,2,,,0,30,,36144,2,,,0,70,,36145,2,,,0,30,,36136,2,,,0,77,,36149,2,,,0,30,,36137,2,,,0,70,,36147,2,,,0,30,,36138,2,,,0,70,,36148,2,,,0
579801,'4',514,,36150,2,,,0,100,,36151,2,,,0,30,,36152,2,,,0,70,,36153,2,,,0,30,,36154,2,,,0,70,,36155,2,,,0,30,,36156,2,,,0,72,,36157,2,,,0,34,,36158,2,,,0,74,,36159,2,,,0,30,,36160,2,,,0,70,,36161,2,,,0,30,,36162,2,,,0,70,,36163,2,,,0,30,,36164,2,,,0,70,,36165,2,,,0,90,,36166,2,,,0,95,,36167,2,,,0,100,,36168,2,,,0,100,,36169,2,,,0,100,,36170,2,,,0,100,,36171,2,,,0,100,,36172,2,,,0
579801,'6',520,,36204,2,,,0,29,,36205,2,,,0,69,,36206,2,,,0,30,,36207,2,,,0,70,,36208,2,,,0,30,,36209,2,,,0,70,,36210,2,,,0,30,,36211,2,,,0,70,,36212,2,,,0,20,,36213,2,,,0,65,,36214,2,,,0,20,,36215,2,,,0,20,,36216,2,,,0,60,,36217,2,,,0,20,,36218,2,,,0,20,,36219,2,,,0,61,,36220,2,,,0,20,,36173,2,,,0,20,,36174,2,,,0,15,,36175,2,,,0,60,,36176,2,,,0,20,,36177,2,,,0,20,,36178,2,,,0,60,,36179,2,,,0,20,,36180,2,,,0,20,,36181,2,,,0,60,,36182,2,,,0,20,,36183,2,,,0,20,,36184,2,,,0,60,,36185,2,,,0,20,,36186,2,,,0,20,,36187,2,,,0,60,,36188,2,,,0,20,,36189,2,,,0,20,,36190,2,,,0,61,,36191,2,,,0,30,,36192,2,,,0,70,,36193,2,,,0,30,,36194,2,,,0,70,,36195,2,,,0,30,,36196,2,,,0,69,,36197,2,,,0,30,,36198,2,,,0,70,,36199,2,,,0,30,,36200,2,,,0,70,,36201,2,,,0,22,,36202,2,,,0,101,,36203,2,,,0
580500,'2',622,,38311,3,,,0,85,,38312,3,,,0,45,,38313,3,,,0,85,,38314,3,,,0,85,,38315,3,,,0,85,,38316,3,,,0,45,,38317,3,,,0,85,,38318,3,,,0,85,,38319,3,,,0,85,,38320,3,,,0,45,,38321,3,,,0,85,,38322,3,,,0,85,,38323,3,,,0,85,,38324,3,,,0
583000,'1601',722,,41678,3,,,0,10,,41680,13,,,0,76,,41679,3,,,0,7,,41677,3,,,0,4,,41676,3,,,0,683,,41675,21,,,0,18,,41674,3,,,0
583000,'1',531,,41750,21,,,0,87,,41714,51,,,0,20,,41713,51,,,0,18,,41710,51,,,0,60,,41709,51,,,0,20,,41707,51,,,0,15,,41702,51,,,0,55,,41706,51,,,0,15,,41701,51,,,0,15,,41705,51,,,0,15,,41700,51,,,0,55,,41704,51,,,0,15,,41699,51,,,0,15,,41703,51,,,0,15,,41682,51,,,0,55,,41708,51,,,0,15,,41749,51,,,0,15,,41748,51,,,0,20,,41747,51,,,0,60,,41746,51,,,0,20,,41716,51,,,0,20,,41717,51,,,0,60,,41718,51,,,0,20,,41719,51,,,0,20,,41720,51,,,0,60,,41721,51,,,0,20,,41722,51,,,0,20,,41723,51,,,0,60,,41724,51,,,0,20,,41698,51,,,0,15,,41690,51,,,0,55,,41697,51,,,0,15,,41689,51,,,0,15,,41696,51,,,0,15,,41688,51,,,0,55,,41695,51,,,0,15,,41687,51,,,0,15,,41694,51,,,0,15,,41686,51,,,0,55,,41693,51,,,0,15,,41685,51,,,0,15,,41692,51,,,0,15,,41684,51,,,0,55,,41691,51,,,0,15,,41683,51,,,0,15,,41712,51,,,0,15,,41681,51,,,0,56,,41725,51,,,0,20,,41726,51,,,0,20,,41727,51,,,0,60,,41745,51,,,0,20,,41744,51,,,0,20,,41743,51,,,0,60,,41742,51,,,0,20,,41741,51,,,0,20,,41740,51,,,0,60,,41739,51,,,0,20,,41738,51,,,0,22,,41737,51,,,0,60,,41736,51,,,0,20,,41735,51,,,0,20,,41734,51,,,0,60,,41733,51,,,0,20,,41732,51,,,0,20,,41731,51,,,0,60,,41730,51,,,0,20,,41729,51,,,0,20,,41728,51,,,0
583000,'2',639,,41807,51,,,0,75,,41806,51,,,0,35,,41805,51,,,0,77,,41804,51,,,0,75,,41754,51,,,0,30,,41803,51,,,0,70,,41802,51,,,0,20,,41801,51,,,0,20,,41800,51,,,0,60,,41799,51,,,0,20,,41798,51,,,0,20,,41797,51,,,0,60,,41796,51,,,0,20,,41795,51,,,0,20,,41794,51,,,0,60,,41793,51,,,0,20,,41792,51,,,0,20,,41791,51,,,0,60,,41790,51,,,0,20,,41789,51,,,0,20,,41788,51,,,0,60,,41787,51,,,0,20,,41786,51,,,0,20,,41785,51,,,0,60,,41784,51,,,0,20,,41783,51,,,0,20,,41782,51,,,0,60,,41781,51,,,0,20,,41780,51,,,0,20,,41779,51,,,0,60,,41778,51,,,0,20,,41777,51,,,0,20,,41776,51,,,0,60,,41775,51,,,0,15,,41774,51,,,0,18,,41773,51,,,0,20,,41772,51,,,0,60,,41771,51,,,0,20,,41770,51,,,0,20,,41769,51,,,0,60,,41768,51,,,0,20,,41767,51,,,0,20,,41766,51,,,0,60,,41765,51,,,0,26,,41764,51,,,0,60,,41763,51,,,0,20,,41762,51,,,0,20,,41761,51,,,0,60,,41760,51,,,0,20,,41759,51,,,0,20,,41758,51,,,0,60,,41757,51,,,0,28,,41756,51,,,0
583000,'3',653,,41851,51,,,0,80,,41841,51,,,0,80,,41848,51,,,0,40,,41849,51,,,0,80,,41822,51,,,0,83,,41824,51,,,0,25,,41823,51,,,0,60,,41846,51,,,0,20,,41821,51,,,0,20,,41847,51,,,0,60,,41836,51,,,0,20,,41834,51,,,0,20,,41835,51,,,0,60,,41817,51,,,0,20,,41832,51,,,0,20,,41837,51,,,0,60,,41838,51,,,0,20,,41839,51,,,0,20,,41840,51,,,0,60,,41820,51,,,0,20,,41844,51,,,0,20,,41842,51,,,0,60,,41816,51,,,0,20,,41854,51,,,0,20,,41859,51,,,0,60,,41852,51,,,0,20,,41853,51,,,0,20,,41843,51,,,0,60,,41818,51,,,0,20,,41856,51,,,0,15,,41826,51,,,0,18,,41830,51,,,0,60,,41825,51,,,0,20,,41819,51,,,0,20,,41855,51,,,0,60,,41857,51,,,0,20,,41828,51,,,0,20,,41831,51,,,0,60,,41833,51,,,0,20,,41829,51,,,0,21,,41827,51,,,0,63,,41858,51,,,0,25,,41815,51,,,0,70,,41813,51,,,0,30,,41814,51,,,0,80,,41812,51,,,0
583000,'4',714,,41875,51,,,0,28,,41888,51,,,0,70,,41874,51,,,0,30,,41887,51,,,0,70,,41873,51,,,0,30,,41886,51,,,0,70,,41872,51,,,0,30,,41885,51,,,0,70,,41871,51,,,0,30,,41884,51,,,0,70,,41870,51,,,0,30,,41883,51,,,0,70,,41869,51,,,0,30,,41868,51,,,0,70,,41867,51,,,0,30,,41866,51,,,0,70,,41882,51,,,0,30,,41865,51,,,0,70,,41881,51,,,0,30,,41864,51,,,0,70,,41880,51,,,0,30,,41863,51,,,0,70,,41879,51,,,0,30,,41862,51,,,0,70,,41878,51,,,0,30,,41861,51,,,0,70,,41877,51,,,0,30,,41860,51,,,0,70,,41876,51,,,0
583000,'6',639,,41943,51,,,0,75,,41942,51,,,0,35,,41941,51,,,0,77,,41940,51,,,0,75,,41890,51,,,0,30,,41939,51,,,0,70,,41938,51,,,0,20,,41937,51,,,0,20,,41936,51,,,0,60,,41935,51,,,0,20,,41934,51,,,0,20,,41933,51,,,0,60,,41932,51,,,0,20,,41931,51,,,0,20,,41930,51,,,0,60,,41929,51,,,0,20,,41928,51,,,0,20,,41927,51,,,0,60,,41926,51,,,0,20,,41925,51,,,0,20,,41924,51,,,0,60,,41923,51,,,0,20,,41922,51,,,0,20,,41921,51,,,0,60,,41920,51,,,0,20,,41919,51,,,0,20,,41918,51,,,0,60,,41917,51,,,0,20,,41916,51,,,0,20,,41915,51,,,0,60,,41914,51,,,0,20,,41913,51,,,0,20,,41912,51,,,0,60,,41911,51,,,0,15,,41910,51,,,0,18,,41909,51,,,0,20,,41908,51,,,0,60,,41907,51,,,0,20,,41906,51,,,0,20,,41905,51,,,0,60,,41904,51,,,0,20,,41903,51,,,0,20,,41902,51,,,0,60,,41901,51,,,0,26,,41900,51,,,0,60,,41899,51,,,0,20,,41898,51,,,0,20,,41897,51,,,0,60,,41896,51,,,0,20,,41895,51,,,0,20,,41894,51,,,0,60,,41893,51,,,0,28,,41892,51,,,0
583001,'1601',827,,41956,33,,,0,718,,41951,21,,,0
583001,'1',459,,41985,33,,,0,55,,41992,33,,,0,15,,41984,33,,,0,20,,42011,33,,,0,60,,41991,33,,,0,20,,41990,33,,,0,10,,41988,33,,,0,15,,41958,13,,,0,55,,41989,33,,,0,15,,41983,33,,,0,15,,41978,33,,,0,15,,41982,33,,,0,55,,41977,33,,,0,15,,41981,33,,,0,15,,41976,33,,,0,15,,41980,33,,,0,55,,41975,33,,,0,15,,41979,33,,,0,20,,41993,33,,,0,60,,41994,33,,,0,21,,42012,33,,,0,20,,41995,33,,,0,60,,41996,33,,,0,20,,41997,33,,,0,20,,41998,33,,,0,60,,41999,33,,,0,20,,42000,33,,,0,20,,42001,33,,,0,60,,42002,33,,,0,20,,42003,33,,,0,20,,41987,33,,,0,55,,41986,33,,,0,15,,41974,33,,,0,15,,41966,33,,,0,15,,41973,33,,,0,55,,41965,33,,,0,15,,41972,33,,,0,15,,41964,33,,,0,15,,41971,33,,,0,55,,41963,33,,,0,15,,41970,33,,,0,15,,41962,33,,,0,15,,41969,33,,,0,55,,41961,33,,,0,15,,41968,33,,,0,15,,41960,33,,,0,15,,41967,33,,,0,55,,41959,33,,,0,15,,41957,33,,,0,15,,42004,33,,,0,15,,42005,33,,,0,60,,42006,33,,,0,18,,42007,33,,,0,20,,42008,33,,,0,60,,42009,33,,,0,20,,42010,33,,,0,20,,42026,33,,,0,60,,42025,33,,,0,20,,42024,33,,,0,20,,42023,33,,,0,60,,42022,33,,,0,19,,42021,33,,,0,20,,42020,33,,,0,60,,42019,33,,,0,20,,42018,33,,,0,20,,42017,33,,,0,60,,42016,33,,,0,20,,42015,33,,,0,20,,42014,33,,,0
583001,'2',521,,42082,33,,,0,36,,42081,33,,,0,75,,42080,33,,,0,69,,42079,33,,,0,31,,42078,33,,,0,70,,42077,33,,,0,26,,42075,13,,,0,20,,42076,33,,,0,60,,42074,33,,,0,20,,42073,33,,,0,20,,42072,33,,,0,60,,42071,33,,,0,20,,42070,33,,,0,20,,42069,33,,,0,60,,42068,33,,,0,20,,42067,33,,,0,20,,42066,33,,,0,60,,42065,33,,,0,20,,42064,33,,,0,20,,42063,33,,,0,60,,42062,33,,,0,20,,42061,33,,,0,20,,42060,33,,,0,60,,42059,33,,,0,20,,42058,33,,,0,20,,42057,33,,,0,60,,42056,33,,,0,20,,42055,33,,,0,20,,42054,33,,,0,60,,42053,33,,,0,20,,42052,33,,,0,20,,42051,33,,,0,60,,42050,33,,,0,20,,42049,33,,,0,20,,42048,33,,,0,60,,42047,33,,,0,20,,42046,33,,,0,20,,42045,33,,,0,60,,42044,33,,,0,18,,42043,33,,,0,20,,42042,33,,,0,60,,42041,33,,,0,20,,42040,33,,,0,20,,42039,33,,,0,60,,42038,33,,,0,20,,42037,33,,,0,20,,42036,33,,,0,60,,42035,33,,,0,20,,42034,33,,,0,20,,42033,33,,,0,60,,42032,33,,,0,21,,42031,33,,,0,20,,42030,33,,,0,60,,42029,33,,,0,20,,42028,33,,,0,18,,42027,33,,,0
583001,'3',539,,42097,33,,,0,80,,42111,33,,,0,40,,42096,33,,,0,80,,42112,33,,,0,80,,42088,33,,,0,40,,42103,33,,,0,60,,42113,33,,,0,20,,42099,33,,,0,20,,42114,33,,,0,61,,42100,33,,,0,20,,42115,33,,,0,60,,42098,33,,,0,20,,42116,33,,,0,20,,42095,33,,,0,60,,42117,33,,,0,20,,42106,33,,,0,20,,42118,33,,,0,60,,42090,33,,,0,20,,42119,33,,,0,20,,42108,33,,,0,60,,42120,33,,,0,20,,42107,33,,,0,20,,42121,33,,,0,60,,42092,33,,,0,20,,42122,33,,,0,20,,42109,33,,,0,60,,42123,33,,,0,20,,42091,33,,,0,20,,42124,33,,,0,60,,42104,33,,,0,20,,42125,33,,,0,20,,42102,33,,,0,60,,42126,33,,,0,20,,42101,33,,,0,20,,42127,33,,,0,60,,42105,33,,,0,18,,42128,33,,,0,25,,42110,33,,,0,60,,42129,33,,,0,20,,42094,33,,,0,20,,42089,33,,,0,60,,42093,33,,,0,30,,42087,33,,,0,70,,42085,33,,,0,30,,42086,33,,,0,70,,42084,33,,,0,30,,42083,33,,,0
583001,'4',612,,42160,13,,,0,24,,42130,33,,,0,70,,42131,33,,,0,30,,42132,33,,,0,70,,42133,33,,,0,30,,42134,33,,,0,70,,42135,33,,,0,30,,42136,33,,,0,70,,42137,33,,,0,30,,42138,33,,,0,70,,42139,33,,,0,30,,42140,33,,,0,70,,42141,33,,,0,30,,42142,33,,,0,70,,42143,33,,,0,30,,42144,33,,,0,70,,42145,33,,,0,30,,42146,33,,,0,70,,42147,33,,,0,30,,42148,33,,,0,70,,42149,33,,,0,30,,42150,33,,,0,70,,42151,33,,,0,30,,42152,33,,,0,70,,42153,33,,,0,30,,42154,33,,,0,70,,42155,33,,,0,30,,42156,33,,,0,70,,42157,33,,,0,30,,42158,33,,,0,70,,42159,33,,,0
583001,'6',521,,42217,33,,,0,36,,42216,33,,,0,75,,42215,33,,,0,69,,42214,33,,,0,31,,42213,33,,,0,70,,42212,33,,,0,26,,42210,13,,,0,20,,42211,33,,,0,60,,42209,33,,,0,20,,42208,33,,,0,20,,42207,33,,,0,60,,42206,33,,,0,20,,42205,33,,,0,20,,42204,33,,,0,60,,42203,33,,,0,20,,42202,33,,,0,20,,42201,33,,,0,60,,42200,33,,,0,20,,42199,33,,,0,20,,42198,33,,,0,60,,42197,33,,,0,20,,42196,33,,,0,20,,42195,33,,,0,60,,42194,33,,,0,20,,42193,33,,,0,20,,42192,33,,,0,60,,42191,33,,,0,20,,42190,33,,,0,20,,42189,33,,,0,60,,42188,33,,,0,20,,42187,33,,,0,20,,42186,33,,,0,60,,42185,33,,,0,20,,42184,33,,,0,20,,42183,33,,,0,60,,42182,33,,,0,20,,42181,33,,,0,20,,42180,33,,,0,60,,42179,33,,,0,18,,42178,33,,,0,20,,42177,33,,,0,60,,42176,33,,,0,20,,42175,33,,,0,20,,42174,33,,,0,60,,42173,33,,,0,20,,42172,33,,,0,20,,42171,33,,,0,60,,42170,33,,,0,20,,42169,33,,,0,20,,42168,33,,,0,60,,42167,33,,,0,21,,42166,33,,,0,20,,42165,33,,,0,60,,42164,33,,,0,20,,42163,33,,,0,18,,42162,33,,,0
