578201,'1',517,,30350,33,,,0,20,,30336,33,,,0,20,,30349,33,,,0,60,,30348,33,,,0,20,,30351,33,,,0,20,,30352,33,,,0,60,,30353,33,,,0,20,,30354,33,,,0,20,,30355,33,,,0,60,,30356,33,,,0,20,,30357,33,,,0,20,,30358,33,,,0,60,,30359,33,,,0,20,,30360,33,,,0,20,,30361,33,,,0,60,,30362,33,,,0,21,,30363,33,,,0,20,,30364,33,,,0,60,,30365,33,,,0,20,,30366,33,,,0,20,,30367,33,,,0,60,,30368,33,,,0,20,,30369,33,,,0,20,,30370,33,,,0,60,,30371,33,,,0,20,,30372,33,,,0,20,,30373,33,,,0,60,,30374,33,,,0,19,,30375,33,,,0,20,,30376,33,,,0,60,,30377,33,,,0,20,,30378,33,,,0,20,,30379,33,,,0,60,,30380,33,,,0,20,,30381,33,,,0,20,,30382,33,,,0,60,,30383,33,,,0,20,,30384,33,,,0,20,,30385,33,,,0,65,,30386,33,,,0,30,,30337,33,,,0,70,,30338,33,,,0,31,,30339,33,,,0,70,,30340,33,,,0,30,,30341,33,,,0,70,,30342,33,,,0,30,,30343,33,,,0,71,,30344,33,,,0,30,,30345,33,,,0,70,,30335,33,,,0,30,,30346,33,,,0,80,,30334,33,,,0,25,,30347,33,,,0
578201,'2',557,,30388,33,,,0,70,,30389,33,,,0,30,,30390,33,,,0,70,,30391,33,,,0,30,,30392,33,,,0,69,,30393,33,,,0,29,,30394,33,,,0,66,,30395,33,,,0,20,,30396,33,,,0,60,,30397,33,,,0,20,,30398,33,,,0,20,,30399,33,,,0,60,,30400,33,,,0,20,,30401,33,,,0,20,,30402,33,,,0,60,,30403,33,,,0,20,,30404,33,,,0,20,,30405,33,,,0,60,,30406,33,,,0,20,,30407,33,,,0,20,,30408,33,,,0,60,,30409,33,,,0,20,,30410,33,,,0,20,,30411,33,,,0,60,,30412,33,,,0,20,,30413,33,,,0,20,,30414,33,,,0,60,,30415,33,,,0,20,,30416,33,,,0,20,,30417,33,,,0,60,,30418,33,,,0,27,,30419,33,,,0,30,,30420,33,,,0,70,,30421,33,,,0,30,,30422,33,,,0,70,,30423,33,,,0,30,,30424,33,,,0,70,,30425,33,,,0,30,,30426,33,,,0,70,,30427,33,,,0,30,,30428,33,,,0,72,,30429,33,,,0,70,,30430,33,,,0,30,,30431,33,,,0,70,,30432,33,,,0,50,,30433,33,,,0
578201,'3',621,,30469,33,,,0,35,,30468,33,,,0,70,,30467,33,,,0,30,,30466,33,,,0,70,,30465,33,,,0,30,,30464,33,,,0,70,,30463,33,,,0,30,,30462,33,,,0,70,,30461,33,,,0,30,,30460,33,,,0,70,,30459,33,,,0,30,,30458,33,,,0,70,,30457,33,,,0,30,,30456,33,,,0,70,,30455,33,,,0,30,,30454,33,,,0,70,,30453,33,,,0,30,,30452,33,,,0,70,,30451,33,,,0,30,,30450,33,,,0,70,,30449,33,,,0,30,,30448,33,,,0,70,,30447,33,,,0,30,,30446,33,,,0,70,,30445,33,,,0,30,,30444,33,,,0,70,,30443,33,,,0,30,,30442,33,,,0,72,,30441,33,,,0,30,,30440,33,,,0,70,,30439,33,,,0,30,,30438,33,,,0,70,,30437,33,,,0,30,,30436,33,,,0,70,,30435,33,,,0,30,,30434,33,,,0
578201,'4',659,,30471,33,,,0,80,,30472,33,,,0,80,,30473,33,,,0,40,,30474,33,,,0,80,,30475,33,,,0,80,,30476,33,,,0,40,,30477,33,,,0,80,,30478,33,,,0,80,,30479,33,,,0,40,,30480,33,,,0,80,,30481,33,,,0,80,,30482,33,,,0,105,,30483,33,,,0,100,,30484,33,,,0,100,,30485,33,,,0,100,,30486,33,,,0,100,,30487,33,,,0,100,,30488,33,,,0,90,,30489,33,,,0
578201,'6',621,,30525,33,,,0,35,,30524,33,,,0,70,,30523,33,,,0,30,,30522,33,,,0,70,,30521,33,,,0,30,,30520,33,,,0,70,,30519,33,,,0,30,,30518,33,,,0,70,,30517,33,,,0,30,,30516,33,,,0,70,,30515,33,,,0,30,,30514,33,,,0,70,,30513,33,,,0,30,,30512,33,,,0,70,,30511,33,,,0,30,,30510,33,,,0,70,,30509,33,,,0,30,,30508,33,,,0,70,,30507,33,,,0,30,,30506,33,,,0,70,,30505,33,,,0,30,,30504,33,,,0,70,,30503,33,,,0,30,,30502,33,,,0,70,,30501,33,,,0,30,,30500,33,,,0,70,,30499,33,,,0,30,,30498,33,,,0,72,,30497,33,,,0,30,,30496,33,,,0,70,,30495,33,,,0,30,,30494,33,,,0,70,,30493,33,,,0,30,,30492,33,,,0,70,,30491,33,,,0,30,,30490,33,,,0
578900,'1',530,,32428,29,,,0,70,,32462,29,,,0,30,,32455,29,,,0,70,,32458,29,,,0,31,,32457,29,,,0,70,,32456,29,,,0,30,,32461,29,,,0,70,,32460,29,,,0,30,,32459,29,,,0,70,,32452,29,,,0,30,,32451,29,,,0,70,,32450,29,,,0,30,,32449,29,,,0,70,,32448,29,,,0,30,,32447,29,,,0,70,,32446,29,,,0,30,,32445,29,,,0,70,,32454,29,,,0,30,,32453,29,,,0,70,,32441,29,,,0,30,,32435,29,,,0,70,,32440,29,,,0,30,,32444,29,,,0,70,,32443,29,,,0,30,,32442,29,,,0,70,,32433,29,,,0,29,,32439,29,,,0,70,,32431,29,,,0,30,,32430,29,,,0,70,,32429,29,,,0,30,,32432,29,,,0,70,,32426,29,,,0,30,,32436,29,,,0,70,,32425,29,,,0,30,,32434,29,,,0,70,,32424,29,,,0,40,,32438,29,,,0,90,,32437,29,,,0,100,,32427,29,,,0
578900,'2',516,,32498,27,,,0,30,,32499,27,,,0,70,,32470,27,,,0,30,,32500,27,,,0,70,,32494,27,,,0,30,,32493,27,,,0,72,,32488,27,,,0,30,,32487,27,,,0,70,,32491,27,,,0,30,,32490,27,,,0,70,,32489,27,,,0,30,,32481,27,,,0,70,,32476,27,,,0,30,,32486,27,,,0,70,,32473,27,,,0,30,,32472,27,,,0,70,,32471,27,,,0,30,,32475,27,,,0,70,,32474,27,,,0,30,,32477,27,,,0,70,,32485,27,,,0,30,,32484,27,,,0,70,,32483,27,,,0,30,,32482,27,,,0,70,,32497,27,,,0,30,,32496,27,,,0,69,,32495,27,,,0,30,,32492,27,,,0,70,,32480,27,,,0,30,,32479,27,,,0,70,,32478,27,,,0,30,,32468,27,,,0,70,,32467,27,,,0,30,,32464,27,,,0,70,,32463,27,,,0,100,,32466,27,,,0,100,,32465,27,,,0,100,,32469,27,,,0
578900,'3',516,,32535,27,,,0,30,,32536,27,,,0,70,,32507,27,,,0,30,,32537,27,,,0,70,,32531,27,,,0,30,,32530,27,,,0,72,,32525,27,,,0,30,,32524,27,,,0,70,,32528,27,,,0,30,,32527,27,,,0,70,,32526,27,,,0,30,,32518,27,,,0,70,,32513,27,,,0,30,,32523,27,,,0,70,,32510,27,,,0,30,,32509,27,,,0,70,,32508,27,,,0,30,,32512,27,,,0,70,,32511,27,,,0,30,,32514,27,,,0,70,,32522,27,,,0,30,,32521,27,,,0,70,,32520,27,,,0,30,,32519,27,,,0,70,,32534,27,,,0,30,,32533,27,,,0,69,,32532,27,,,0,30,,32529,27,,,0,70,,32517,27,,,0,30,,32516,27,,,0,70,,32515,27,,,0,30,,32506,27,,,0,70,,32505,27,,,0,30,,32502,27,,,0,70,,32501,27,,,0,100,,32504,27,,,0,100,,32503,27,,,0
578900,'4',635,,32538,27,,,0,100,,32539,27,,,0,100,,32540,27,,,0,101,,32541,27,,,0,100,,32542,27,,,0,100,,32543,27,,,0,100,,32544,27,,,0,100,,32545,27,,,0,100,,32546,27,,,0,100,,32547,27,,,0,100,,32548,27,,,0,100,,32549,27,,,0,99,,32550,27,,,0,100,,32551,27,,,0,100,,32552,27,,,0,100,,32553,27,,,0
578900,'6',516,,32588,27,,,0,30,,32589,27,,,0,70,,32560,27,,,0,30,,32590,27,,,0,70,,32584,27,,,0,30,,32583,27,,,0,72,,32578,27,,,0,30,,32577,27,,,0,70,,32581,27,,,0,30,,32580,27,,,0,70,,32579,27,,,0,30,,32571,27,,,0,70,,32566,27,,,0,30,,32576,27,,,0,70,,32563,27,,,0,30,,32562,27,,,0,70,,32561,27,,,0,30,,32565,27,,,0,70,,32564,27,,,0,30,,32567,27,,,0,70,,32575,27,,,0,30,,32574,27,,,0,70,,32573,27,,,0,30,,32572,27,,,0,70,,32587,27,,,0,30,,32586,27,,,0,69,,32585,27,,,0,30,,32582,27,,,0,70,,32570,27,,,0,30,,32569,27,,,0,70,,32568,27,,,0,30,,32559,27,,,0,70,,32558,27,,,0,30,,32555,27,,,0,70,,32554,27,,,0,100,,32557,27,,,0,100,,32556,27,,,0
