579900,'1',530,,36223,1,,,0,25,,36224,1,,,0,60,,36225,1,,,0,12,,36226,1,,,0,12,,36227,1,,,0,12,,36228,1,,,0,52,,36229,1,,,0,12,,36230,1,,,0,12,,36231,1,,,0,12,,36232,1,,,0,12,,36233,1,,,0,52,,36234,1,,,0,12,,36235,1,,,0,12,,36236,1,,,0,12,,36237,1,,,0,12,,36238,1,,,0,54,,36239,1,,,0,15,,36240,1,,,0,15,,36241,1,,,0,15,,36242,1,,,0,55,,36243,1,,,0,15,,36244,1,,,0,15,,36245,1,,,0,15,,36246,1,,,0,55,,36247,1,,,0,15,,36248,1,,,0,15,,36249,1,,,0,15,,36250,1,,,0,55,,36251,1,,,0,15,,36252,1,,,0,15,,36253,1,,,0,15,,36254,1,,,0,55,,36255,1,,,0,15,,36256,1,,,0,15,,36257,1,,,0,15,,36258,1,,,0,55,,36259,1,,,0,15,,36260,1,,,0,13,,36261,1,,,0,12,,36262,1,,,0,12,,36263,1,,,0,52,,36264,1,,,0,12,,36265,1,,,0,12,,36266,1,,,0,12,,36267,1,,,0,12,,36268,1,,,0,52,,36269,1,,,0,12,,36270,1,,,0,12,,36271,1,,,0,12,,36272,1,,,0,12,,36273,1,,,0,52,,36274,1,,,0,12,,36275,1,,,0,12,,36276,1,,,0,12,,36277,1,,,0,12,,36278,1,,,0,52,,36279,1,,,0,14,,36280,1,,,0,14,,36281,1,,,0,15,,36282,1,,,0,55,,36283,1,,,0,15,,36284,1,,,0,15,,36285,1,,,0,15,,36286,1,,,0,58,,36287,1,,,0,20,,36288,1,,,0,20,,36289,1,,,0,60,,36290,1,,,0,20,,36291,1,,,0,20,,36292,1,,,0,60,,36293,1,,,0,30,,36294,1,,,0,70,,36295,1,,,0,30,,36298,1,,,0,70,,36296,1,,,0,90,,36297,1,,,0
579900,'2',550,,36313,1,,,0,70,,36314,1,,,0,30,,36315,1,,,0,70,,36316,1,,,0,30,,36317,1,,,0,65,,36318,1,,,0,30,,36319,1,,,0,65,,36320,1,,,0,25,,36321,1,,,0,20,,36322,1,,,0,60,,36323,1,,,0,20,,36324,1,,,0,20,,36325,1,,,0,60,,36326,1,,,0,20,,36327,1,,,0,20,,36328,1,,,0,60,,36329,1,,,0,20,,36330,1,,,0,20,,36331,1,,,0,60,,36332,1,,,0,20,,36333,1,,,0,20,,36334,1,,,0,60,,36335,1,,,0,20,,36336,1,,,0,20,,36337,1,,,0,60,,36338,1,,,0,20,,36339,1,,,0,20,,36340,1,,,0,60,,36341,1,,,0,20,,36342,1,,,0,20,,36343,1,,,0,60,,36344,1,,,0,20,,36345,1,,,0,20,,36299,1,,,0,60,,36300,1,,,0,30,,36301,1,,,0,70,,36302,1,,,0,30,,36303,1,,,0,70,,36304,1,,,0,30,,36305,1,,,0,70,,36306,1,,,0,30,,36307,1,,,0,70,,36308,1,,,0,30,,36309,1,,,0,65,,36310,1,,,0,90,,36311,1,,,0,100,,36312,1,,,0
579900,'3',615,,36378,1,,,0,30,,36346,1,,,0,70,,36347,1,,,0,30,,36348,1,,,0,70,,36349,1,,,0,30,,36350,1,,,0,70,,36351,1,,,0,30,,36352,1,,,0,70,,36353,1,,,0,30,,36354,1,,,0,70,,36355,1,,,0,30,,36356,1,,,0,70,,36357,1,,,0,30,,36358,1,,,0,70,,36359,1,,,0,30,,36360,1,,,0,70,,36361,1,,,0,30,,36362,1,,,0,70,,36363,1,,,0,30,,36364,1,,,0,70,,36365,1,,,0,30,,36366,1,,,0,70,,36367,1,,,0,30,,36368,1,,,0,70,,36372,1,,,0,30,,36373,1,,,0,70,,36374,1,,,0,30,,36375,1,,,0,70,,36376,1,,,0,30,,36377,1,,,0,70,,36369,1,,,0,30,,36379,1,,,0,70,,36370,1,,,0,30,,36380,1,,,0,70,,36371,1,,,0,30,,36381,1,,,0
579900,'4',615,,36382,1,,,0,30,,36383,1,,,0,70,,36384,1,,,0,30,,36385,1,,,0,70,,36386,1,,,0,30,,36387,1,,,0,70,,36388,1,,,0,30,,36389,1,,,0,70,,36390,1,,,0,30,,36391,1,,,0,70,,36392,1,,,0,30,,36393,1,,,0,70,,36394,1,,,0,30,,36395,1,,,0,70,,36396,1,,,0,30,,36397,1,,,0,85,,36398,1,,,0,100,,36399,1,,,0,100,,36400,1,,,0,100,,36401,1,,,0,100,,36402,1,,,0,100,,36403,1,,,0,100,,36404,1,,,0
579900,'6',550,,36419,1,,,0,70,,36420,1,,,0,30,,36421,1,,,0,70,,36422,1,,,0,30,,36423,1,,,0,65,,36424,1,,,0,30,,36425,1,,,0,65,,36426,1,,,0,25,,36427,1,,,0,20,,36428,1,,,0,60,,36429,1,,,0,20,,36430,1,,,0,20,,36431,1,,,0,60,,36432,1,,,0,20,,36433,1,,,0,20,,36434,1,,,0,60,,36435,1,,,0,20,,36436,1,,,0,20,,36437,1,,,0,60,,36438,1,,,0,20,,36439,1,,,0,20,,36440,1,,,0,60,,36441,1,,,0,20,,36442,1,,,0,20,,36443,1,,,0,60,,36444,1,,,0,20,,36445,1,,,0,20,,36446,1,,,0,60,,36447,1,,,0,20,,36448,1,,,0,20,,36449,1,,,0,60,,36450,1,,,0,20,,36451,1,,,0,20,,36405,1,,,0,60,,36406,1,,,0,30,,36407,1,,,0,70,,36408,1,,,0,30,,36409,1,,,0,70,,36410,1,,,0,30,,36411,1,,,0,70,,36412,1,,,0,30,,36413,1,,,0,70,,36414,1,,,0,30,,36415,1,,,0,65,,36416,1,,,0,90,,36417,1,,,0,100,,36418,1,,,0
579901,'1',548,,36452,36,4,,0,60,,36453,36,4,,0,20,,36454,36,4,,0,22,,36455,36,4,,0,64,,36456,36,4,,0,17,,36457,36,4,,0,12,,36458,36,4,,0,11,,36459,36,4,,0,52,,36460,36,4,,0,12,,36461,36,4,,0,12,,36462,36,4,,0,12,,36463,36,4,,0,12,,36464,36,4,,0,51,,36465,36,4,,0,12,,36466,36,4,,0,12,,36467,36,4,,0,12,,36468,36,4,,0,15,,36469,36,4,,0,55,,36470,36,4,,0,15,,36471,36,4,,0,15,,36472,36,4,,0,15,,36473,36,4,,0,55,,36474,36,4,,0,15,,36475,36,4,,0,15,,36476,36,4,,0,15,,36477,36,4,,0,55,,36478,36,4,,0,15,,36479,36,4,,0,15,,36480,36,4,,0,15,,36481,36,4,,0,55,,36482,36,4,,0,15,,36483,36,4,,0,15,,36484,36,4,,0,15,,36485,36,4,,0,55,,36486,36,4,,0,15,,36487,36,4,,0,15,,36488,36,4,,0,15,,36489,36,4,,0,54,,36490,36,4,,0,13,,36491,36,4,,0,12,,36492,36,4,,0,12,,36493,36,4,,0,12,,36494,36,4,,0,52,,36495,36,4,,0,12,,36496,36,4,,0,12,,36497,36,4,,0,12,,36498,36,4,,0,12,,36499,36,4,,0,52,,36500,36,4,,0,12,,36501,36,4,,0,12,,36502,36,4,,0,12,,36503,36,4,,0,12,,36504,36,4,,0,52,,36505,36,4,,0,14,,36506,36,4,,0,12,,36507,36,4,,0,15,,36508,36,4,,0,56,,36510,36,4,,0,16,,36511,36,4,,0,17,,36512,36,4,,0,14,,36513,36,4,,0,59,,36514,36,4,,0,14,,36515,36,4,,0,20,,36517,36,4,,0,60,,36518,36,4,,0,20,,36519,36,4,,0,20,,36520,36,4,,0,73,,36521,36,4,,0,29,,36522,36,4,,0,63,,36523,36,4,,0,41,,36524,36,4,,0,70,,36525,36,4,,0,91,,36527,36,4,,0
579901,'2',601,,36540,36,4,,0,30,,36541,36,4,,0,26,,36542,36,4,,0,70,,36543,36,4,,0,30,,36544,36,4,,0,70,,36545,36,4,,0,30,,36546,36,4,,0,71,,36547,36,4,,0,20,,36548,36,4,,0,60,,36549,36,4,,0,20,,36550,36,4,,0,20,,36551,36,4,,0,60,,36552,36,4,,0,20,,36553,36,4,,0,20,,36554,36,4,,0,62,,36555,36,4,,0,22,,36556,36,4,,0,18,,36557,36,4,,0,60,,36558,36,4,,0,20,,36559,36,4,,0,20,,36560,36,4,,0,60,,36561,36,4,,0,20,,36562,36,4,,0,20,,36563,36,4,,0,60,,36564,36,4,,0,20,,36565,36,4,,0,20,,36566,36,4,,0,60,,36567,36,4,,0,20,,36568,36,4,,0,20,,36569,36,4,,0,60,,36570,36,4,,0,20,,36571,36,4,,0,20,,36572,36,4,,0,60,,36573,36,4,,0,15,,36574,36,4,,0,30,,36575,36,4,,0,70,,36576,36,4,,0,30,,36577,36,4,,0,70,,36531,36,4,,0,30,,36532,36,4,,0,70,,36533,36,4,,0,26,,36534,36,4,,0,70,,36535,36,4,,0,28,,36536,36,4,,0,70,,36537,36,4,,0,30,,36538,36,4,,0,75,,36539,36,4,,0
579901,'3',620,,36580,36,4,,0,30,,36612,36,4,,0,70,,36581,36,4,,0,30,,36582,36,4,,0,70,,36583,36,4,,0,30,,36584,36,4,,0,70,,36585,36,4,,0,31,,36586,36,4,,0,70,,36587,36,4,,0,30,,36588,36,4,,0,73,,36589,36,4,,0,30,,36590,36,4,,0,70,,36591,36,4,,0,30,,36592,36,4,,0,70,,36593,36,4,,0,30,,36594,36,4,,0,70,,36595,36,4,,0,30,,36596,36,4,,0,70,,36597,36,4,,0,30,,36598,36,4,,0,70,,36599,36,4,,0,30,,36600,36,4,,0,70,,36601,36,4,,0,30,,36605,36,4,,0,70,,36606,36,4,,0,30,,36607,36,4,,0,70,,36608,36,4,,0,30,,36609,36,4,,0,70,,36610,36,4,,0,30,,36611,36,4,,0,70,,36613,36,4,,0,31,,36602,36,4,,0,70,,36614,36,4,,0,30,,36603,36,4,,0,70,,36615,36,4,,0,30,,36604,36,4,,0
579901,'4',613,,36616,36,4,,0,30,,36617,36,4,,0,70,,36618,36,4,,0,30,,36619,36,4,,0,70,,36620,36,4,,0,30,,36621,36,4,,0,75,,36622,36,4,,0,34,,36623,36,4,,0,70,,36624,36,4,,0,30,,36625,36,4,,0,70,,36626,36,4,,0,30,,36627,36,4,,0,70,,36628,36,4,,0,30,,36629,36,4,,0,70,,36630,36,4,,0,30,,36631,36,4,,0,100,,36632,36,4,,0,100,,36633,36,4,,0,100,,36634,36,4,,0,100,,36635,36,4,,0,100,,36636,36,4,,0,100,,36637,36,4,,0,100,,36638,36,4,,0
579901,'6',601,,36650,36,4,,0,30,,36651,36,4,,0,26,,36652,36,4,,0,70,,36653,36,4,,0,30,,36654,36,4,,0,70,,36655,36,4,,0,30,,36656,36,4,,0,71,,36657,36,4,,0,20,,36658,36,4,,0,60,,36659,36,4,,0,20,,36660,36,4,,0,20,,36661,36,4,,0,60,,36662,36,4,,0,20,,36663,36,4,,0,20,,36664,36,4,,0,62,,36665,36,4,,0,22,,36666,36,4,,0,18,,36667,36,4,,0,60,,36668,36,4,,0,20,,36669,36,4,,0,20,,36670,36,4,,0,60,,36671,36,4,,0,20,,36672,36,4,,0,20,,36673,36,4,,0,60,,36674,36,4,,0,20,,36675,36,4,,0,20,,36676,36,4,,0,60,,36677,36,4,,0,20,,36678,36,4,,0,20,,36679,36,4,,0,60,,36680,36,4,,0,20,,36681,36,4,,0,20,,36682,36,4,,0,60,,36683,36,4,,0,15,,36684,36,4,,0,30,,36685,36,4,,0,70,,36686,36,4,,0,30,,36687,36,4,,0,70,,36641,36,4,,0,30,,36642,36,4,,0,70,,36643,36,4,,0,26,,36644,36,4,,0,70,,36645,36,4,,0,28,,36646,36,4,,0,70,,36647,36,4,,0,30,,36648,36,4,,0,75,,36649,36,4,,0
