579901,'1',524,,36452,3,,,0,20,,36453,3,,,0,60,,36454,3,,,0,22,,36455,3,,,0,24,,36456,3,,,0,52,,36457,3,,,0,12,,36458,3,,,0,11,,36459,3,,,0,12,,36460,3,,,0,12,,36461,3,,,0,52,,36462,3,,,0,12,,36463,3,,,0,12,,36464,3,,,0,12,,36465,3,,,0,12,,36466,3,,,0,52,,36467,3,,,0,12,,36468,3,,,0,15,,36469,3,,,0,15,,36470,3,,,0,15,,36471,3,,,0,55,,36472,3,,,0,15,,36473,3,,,0,15,,36474,3,,,0,15,,36475,3,,,0,55,,36476,3,,,0,15,,36477,3,,,0,15,,36478,3,,,0,15,,36479,3,,,0,55,,36480,3,,,0,15,,36481,3,,,0,15,,36482,3,,,0,15,,36483,3,,,0,55,,36484,3,,,0,15,,36485,3,,,0,15,,36486,3,,,0,15,,36487,3,,,0,54,,36488,3,,,0,15,,36489,3,,,0,14,,36490,3,,,0,13,,36491,3,,,0,52,,36492,3,,,0,12,,36493,3,,,0,12,,36494,3,,,0,12,,36495,3,,,0,12,,36496,3,,,0,52,,36497,3,,,0,12,,36498,3,,,0,12,,36499,3,,,0,12,,36500,3,,,0,12,,36501,3,,,0,52,,36502,3,,,0,12,,36503,3,,,0,12,,36504,3,,,0,12,,36505,3,,,0,14,,36506,3,,,0,52,,36507,3,,,0,15,,36508,3,,,0,13,,36509,3,0,7 4 8 45 10,0,3,,36510,3,,,0,16,,36511,3,,,0,57,,36512,3,,,0,17,,36513,3,,,0,19,,36514,3,,,0,54,,36515,3,,,0,3,,36516,3,0,7 4 8 45 10,0,17,,36517,3,,,0,20,,36518,3,,,0,60,,36519,3,,,0,20,,36520,3,,,0,33,,36521,3,,,0,71,,36522,3,,,0,23,,36523,3,,,0,81,,36524,3,,,0,70,,36525,3,,,0,19,,36526,3,0,7 4 8 45 10,0,32,,36527,3,,,0,88,,36528,3,0,7 4 8 45 10,0
579901,'2',538,,36540,3,,,0,67,,36541,3,,,0,26,,36542,3,,,0,70,,36543,3,,,0,30,,36544,3,,,0,70,,36545,3,,,0,30,,36546,3,,,0,71,,36547,3,,,0,20,,36548,3,,,0,20,,36549,3,,,0,60,,36550,3,,,0,20,,36551,3,,,0,20,,36552,3,,,0,60,,36553,3,,,0,20,,36554,3,,,0,22,,36555,3,,,0,60,,36556,3,,,0,18,,36557,3,,,0,20,,36558,3,,,0,60,,36559,3,,,0,20,,36560,3,,,0,20,,36561,3,,,0,60,,36562,3,,,0,20,,36563,3,,,0,20,,36564,3,,,0,60,,36565,3,,,0,20,,36566,3,,,0,20,,36567,3,,,0,60,,36568,3,,,0,20,,36569,3,,,0,20,,36570,3,,,0,60,,36571,3,,,0,20,,36572,3,,,0,20,,36573,3,,,0,15,,36574,3,,,0,70,,36575,3,,,0,30,,36576,3,,,0,70,,36577,3,,,0,30,,36531,3,,,0,70,,36532,3,,,0,30,,36533,3,,,0,70,,36534,3,,,0,30,,36535,3,,,0,69,,36536,3,,,0,30,,36537,3,,,0,70,,36538,3,,,0,75,,36539,3,,,0,17,,36529,3,0,7 4 8 45 10,0,30,,36530,3,0,7 4 8 45 10,0
579901,'3',557,,36580,3,,,0,70,,36612,3,,,0,30,,36581,3,,,0,70,,36582,3,,,0,30,,36583,3,,,0,70,,36584,3,,,0,30,,36585,3,,,0,70,,36586,3,,,0,30,,36587,3,,,0,70,,36588,3,,,0,30,,36589,3,,,0,70,,36590,3,,,0,30,,36591,3,,,0,70,,36592,3,,,0,30,,36593,3,,,0,70,,36594,3,,,0,30,,36595,3,,,0,70,,36596,3,,,0,30,,36597,3,,,0,70,,36598,3,,,0,30,,36599,3,,,0,70,,36600,3,,,0,30,,36601,3,,,0,70,,36605,3,,,0,30,,36606,3,,,0,70,,36607,3,,,0,30,,36608,3,,,0,70,,36609,3,,,0,30,,36610,3,,,0,70,,36611,3,,,0,30,,36613,3,,,0,75,,36602,3,,,0,70,,36614,3,,,0,30,,36603,3,,,0,70,,36615,3,,,0,30,,36604,3,,,0,16,,36579,3,0,7 4 8 45 10,0,70,,36578,3,0,7 4 8 45 10,0
579901,'4',552,,36616,3,,,0,70,,36617,3,,,0,30,,36618,3,,,0,70,,36619,3,,,0,30,,36620,3,,,0,70,,36621,3,,,0,34,,36622,3,,,0,74,,36623,3,,,0,70,,36624,3,,,0,30,,36625,3,,,0,70,,36626,3,,,0,30,,36627,3,,,0,70,,36628,3,,,0,30,,36629,3,,,0,70,,36630,3,,,0,30,,36631,3,,,0,100,,36632,3,,,0,100,,36633,3,,,0,100,,36634,3,,,0,100,,36635,3,,,0,100,,36636,3,,,0,100,,36637,3,,,0,100,,36638,3,,,0
579901,'6',538,,36650,3,,,0,67,,36651,3,,,0,26,,36652,3,,,0,70,,36653,3,,,0,30,,36654,3,,,0,70,,36655,3,,,0,30,,36656,3,,,0,71,,36657,3,,,0,20,,36658,3,,,0,20,,36659,3,,,0,60,,36660,3,,,0,20,,36661,3,,,0,20,,36662,3,,,0,60,,36663,3,,,0,20,,36664,3,,,0,22,,36665,3,,,0,60,,36666,3,,,0,18,,36667,3,,,0,20,,36668,3,,,0,60,,36669,3,,,0,20,,36670,3,,,0,20,,36671,3,,,0,60,,36672,3,,,0,20,,36673,3,,,0,20,,36674,3,,,0,60,,36675,3,,,0,20,,36676,3,,,0,20,,36677,3,,,0,60,,36678,3,,,0,20,,36679,3,,,0,20,,36680,3,,,0,60,,36681,3,,,0,20,,36682,3,,,0,20,,36683,3,,,0,15,,36684,3,,,0,70,,36685,3,,,0,30,,36686,3,,,0,70,,36687,3,,,0,30,,36641,3,,,0,70,,36642,3,,,0,30,,36643,3,,,0,70,,36644,3,,,0,30,,36645,3,,,0,69,,36646,3,,,0,30,,36647,3,,,0,70,,36648,3,,,0,75,,36649,3,,,0,17,,36639,3,0,7 4 8 45 10,0,30,,36640,3,0,7 4 8 45 10,0
580600,'1',438,,38395,3,,,0,87,,38394,24,,,0,32,,38393,24,,,0,70,,38392,24,,,0,30,,38391,24,,,0,65,,38390,24,,,0,20,,38389,24,,,0,15,,38388,24,,,0,55,,38387,24,,,0,15,,38386,24,,,0,15,,38385,24,,,0,15,,38384,24,,,0,55,,38383,24,,,0,15,,38382,24,,,0,15,,38381,24,,,0,64,,38380,24,,,0,30,,38379,24,,,0,70,,38378,24,,,0,30,,38377,24,,,0,70,,38376,24,,,0,30,,38375,24,,,0,70,,38374,24,,,0,30,,38373,24,,,0,69,,38372,24,,,0,25,,38371,24,,,0,25,,38370,24,,,0,55,,38369,24,,,0,15,,38368,24,,,0,15,,38367,24,,,0,15,,38366,24,,,0,55,,38365,24,,,0,15,,38364,24,,,0,15,,38363,24,,,0,15,,38362,24,,,0,55,,38361,24,,,0,15,,38360,24,,,0,15,,38359,24,,,0,15,,38358,24,,,0,55,,38357,24,,,0,15,,38356,24,,,0,10,,38355,24,,,0,72,,38354,24,,,0,30,,38353,24,,,0,70,,38352,24,,,0,30,,38351,24,,,0,70,,38350,24,,,0,30,,38349,24,,,0,70,,38348,24,,,0,30,,38347,24,,,0,70,,38345,24,,,0,30,,38344,24,,,0,70,,38346,24,,,0,30,,38343,24,,,0,70,,38342,24,,,0
580600,'2',528,,38397,24,,,0,30,,38434,24,,,0,70,,38417,24,,,0,30,,38418,24,,,0,70,,38416,24,,,0,30,,38419,24,,,0,70,,38403,24,,,0,30,,38420,24,,,0,70,,38414,24,,,0,30,,38421,24,,,0,70,,38406,24,,,0,30,,38422,24,,,0,70,,38407,24,,,0,30,,38423,24,,,0,70,,38408,24,,,0,30,,38424,24,,,0,70,,38409,24,,,0,30,,38425,24,,,0,70,,38410,24,,,0,30,,38426,24,,,0,70,,38411,24,,,0,30,,38427,24,,,0,70,,38412,24,,,0,30,,38428,24,,,0,70,,38413,24,,,0,30,,38429,24,,,0,70,,38415,24,,,0,30,,38405,24,,,0,70,,38404,24,,,0,30,,38402,24,,,0,70,,38401,24,,,0,30,,38400,24,,,0,70,,38399,24,,,0,30,,38430,24,,,0,70,,38431,24,,,0,30,,38432,24,,,0,70,,38433,24,,,0,30,,38398,24,,,0,65,,38435,24,,,0,30,,38436,24,,,0
580600,'3',628,,38457,24,,,0,30,,38458,24,,,0,70,,38456,24,,,0,30,,38459,24,,,0,70,,38443,24,,,0,30,,38460,24,,,0,70,,38454,24,,,0,30,,38461,24,,,0,70,,38446,24,,,0,30,,38462,24,,,0,70,,38447,24,,,0,30,,38463,24,,,0,70,,38448,24,,,0,30,,38464,24,,,0,70,,38449,24,,,0,30,,38465,24,,,0,70,,38450,24,,,0,30,,38466,24,,,0,70,,38451,24,,,0,30,,38467,24,,,0,70,,38452,24,,,0,30,,38468,24,,,0,70,,38453,24,,,0,30,,38469,24,,,0,70,,38455,24,,,0,30,,38445,24,,,0,70,,38444,24,,,0,30,,38442,24,,,0,70,,38441,24,,,0,30,,38440,24,,,0,70,,38439,24,,,0,30,,38470,24,,,0,70,,38471,24,,,0,30,,38472,24,,,0,70,,38473,24,,,0,30,,38438,24,,,0
580600,'4',628,,38491,24,,,0,30,,38492,24,,,0,70,,38490,24,,,0,30,,38493,24,,,0,70,,38477,24,,,0,30,,38494,24,,,0,70,,38488,24,,,0,30,,38495,24,,,0,70,,38480,24,,,0,30,,38496,24,,,0,70,,38481,24,,,0,30,,38497,24,,,0,70,,38482,24,,,0,30,,38498,24,,,0,70,,38483,24,,,0,30,,38499,24,,,0,70,,38484,24,,,0,30,,38500,24,,,0,70,,38485,24,,,0,30,,38501,24,,,0,70,,38486,24,,,0,30,,38502,24,,,0,70,,38487,24,,,0,30,,38503,24,,,0,70,,38489,24,,,0,30,,38479,24,,,0,70,,38478,24,,,0,30,,38476,24,,,0,70,,38475,24,,,0,30,,38474,24,,,0
580600,'6',528,,38505,24,,,0,30,,38542,24,,,0,70,,38525,24,,,0,30,,38526,24,,,0,70,,38524,24,,,0,30,,38527,24,,,0,70,,38511,24,,,0,30,,38528,24,,,0,70,,38522,24,,,0,30,,38529,24,,,0,70,,38514,24,,,0,30,,38530,24,,,0,70,,38515,24,,,0,30,,38531,24,,,0,70,,38516,24,,,0,30,,38532,24,,,0,70,,38517,24,,,0,30,,38533,24,,,0,70,,38518,24,,,0,30,,38534,24,,,0,70,,38519,24,,,0,30,,38535,24,,,0,70,,38520,24,,,0,30,,38536,24,,,0,70,,38521,24,,,0,30,,38537,24,,,0,70,,38523,24,,,0,30,,38513,24,,,0,70,,38512,24,,,0,30,,38510,24,,,0,70,,38509,24,,,0,30,,38508,24,,,0,70,,38507,24,,,0,30,,38538,24,,,0,70,,38539,24,,,0,30,,38540,24,,,0,70,,38541,24,,,0,30,,38506,24,,,0,65,,38543,24,,,0,30,,38544,24,,,0
580601,'1601',730,,38545,31,0,8 40 10,0
580601,'1',535,,38600,31,,,0,69,,38599,31,,,0,18,,38547,3,,,0,12,,38598,31,,,0,70,,38597,31,,,0,30,,38596,31,,,0,70,,38595,31,,,0,20,,38594,31,,,0,20,,38593,31,,,0,60,,38592,31,,,0,15,,38591,31,,,0,15,,38590,31,,,0,15,,38589,31,,,0,55,,38588,31,,,0,30,,38587,31,,,0,70,,38586,31,,,0,30,,38585,31,,,0,70,,38584,31,,,0,30,,38583,31,,,0,70,,38582,31,,,0,30,,38581,31,,,0,70,,38580,31,,,0,30,,38579,31,,,0,70,,38578,31,,,0,15,,38577,31,,,0,15,,38576,31,,,0,15,,38575,31,,,0,55,,38574,31,,,0,15,,38573,31,,,0,15,,38548,31,,,0,15,,38572,31,,,0,55,,38571,31,,,0,15,,38570,31,,,0,15,,38569,31,,,0,15,,38568,31,,,0,55,,38567,31,,,0,15,,38566,31,,,0,15,,38565,31,,,0,15,,38564,31,,,0,55,,38563,31,,,0,15,,38562,31,,,0,20,,38561,31,,,0,65,,38560,31,,,0,30,,38559,31,,,0,70,,38558,31,,,0,30,,38557,31,,,0,70,,38556,31,,,0,30,,38551,31,,,0,70,,38555,31,,,0,30,,38554,31,,,0,70,,38550,31,,,0,30,,38553,31,,,0,70,,38549,31,,,0,37,,38552,31,,,0
580601,'2',526,,38638,31,,,0,30,,38639,31,,,0,70,,38640,31,,,0,26,,38619,31,,,0,70,,38621,31,,,0,30,,38620,31,,,0,70,,38622,31,,,0,30,,38618,31,,,0,70,,38623,31,,,0,30,,38615,31,,,0,70,,38624,31,,,0,30,,38607,31,,,0,70,,38625,31,,,0,30,,38608,31,,,0,70,,38626,31,,,0,30,,38609,31,,,0,70,,38627,31,,,0,30,,38610,31,,,0,70,,38628,31,,,0,30,,38611,31,,,0,70,,38629,31,,,0,30,,38612,31,,,0,70,,38630,31,,,0,30,,38613,31,,,0,70,,38631,31,,,0,30,,38614,31,,,0,70,,38632,31,,,0,30,,38616,31,,,0,70,,38617,31,,,0,30,,38633,31,,,0,70,,38606,31,,,0,30,,38605,31,,,0,70,,38604,31,,,0,30,,38603,31,,,0,70,,38602,31,,,0,30,,38634,31,,,0,70,,38635,31,,,0,30,,38636,31,,,0,70,,38601,31,,,0,30,,38637,31,,,0,70,,38641,31,,,0
580601,'3',652,,38660,31,,,0,70,,38662,31,,,0,30,,38661,31,,,0,70,,38663,31,,,0,30,,38659,31,,,0,70,,38664,31,,,0,30,,38656,31,,,0,70,,38665,31,,,0,30,,38648,31,,,0,70,,38666,31,,,0,30,,38649,31,,,0,70,,38667,31,,,0,30,,38650,31,,,0,70,,38668,31,,,0,30,,38651,31,,,0,70,,38669,31,,,0,30,,38652,31,,,0,70,,38670,31,,,0,30,,38653,31,,,0,70,,38671,31,,,0,30,,38654,31,,,0,70,,38672,31,,,0,30,,38655,31,,,0,70,,38673,31,,,0,30,,38657,31,,,0,70,,38658,31,,,0,30,,38674,31,,,0,70,,38647,31,,,0,30,,38646,31,,,0,70,,38645,31,,,0,30,,38644,31,,,0,70,,38643,31,,,0,30,,38675,31,,,0,70,,38676,31,,,0,30,,38677,31,,,0,79,,38642,31,,,0
580601,'4',652,,38693,31,,,0,70,,38695,31,,,0,30,,38694,31,,,0,70,,38696,31,,,0,30,,38692,31,,,0,70,,38697,31,,,0,30,,38689,31,,,0,70,,38698,31,,,0,30,,38681,31,,,0,70,,38699,31,,,0,30,,38682,31,,,0,70,,38700,31,,,0,30,,38683,31,,,0,70,,38701,31,,,0,30,,38684,31,,,0,70,,38702,31,,,0,30,,38685,31,,,0,70,,38703,31,,,0,30,,38686,31,,,0,70,,38704,31,,,0,30,,38687,31,,,0,70,,38705,31,,,0,30,,38688,31,,,0,70,,38706,31,,,0,30,,38690,31,,,0,70,,38691,31,,,0,30,,38707,31,,,0,70,,38680,31,,,0,30,,38679,31,,,0,70,,38678,31,,,0
580601,'6',526,,38745,31,,,0,30,,38746,31,,,0,70,,38747,31,,,0,26,,38726,31,,,0,70,,38728,31,,,0,30,,38727,31,,,0,70,,38729,31,,,0,30,,38725,31,,,0,70,,38730,31,,,0,30,,38722,31,,,0,70,,38731,31,,,0,30,,38714,31,,,0,70,,38732,31,,,0,30,,38715,31,,,0,70,,38733,31,,,0,30,,38716,31,,,0,70,,38734,31,,,0,30,,38717,31,,,0,70,,38735,31,,,0,30,,38718,31,,,0,70,,38736,31,,,0,30,,38719,31,,,0,70,,38737,31,,,0,30,,38720,31,,,0,70,,38738,31,,,0,30,,38721,31,,,0,70,,38739,31,,,0,30,,38723,31,,,0,70,,38724,31,,,0,30,,38740,31,,,0,70,,38713,31,,,0,30,,38712,31,,,0,70,,38711,31,,,0,30,,38710,31,,,0,70,,38709,31,,,0,30,,38741,31,,,0,70,,38742,31,,,0,30,,38743,31,,,0,70,,38708,31,,,0,30,,38744,31,,,0,70,,38748,31,,,0
