578101,'1',551,,29961,16,,,0,70,,29962,16,,,0,30,,29963,16,,,0,67,,29964,16,,,0,15,,29965,16,,,0,15,,29966,16,,,0,55,,29967,16,,,0,15,,29968,16,,,0,15,,29969,16,,,0,15,,29970,16,,,0,54,,29971,16,,,0,15,,29972,16,,,0,15,,29973,16,,,0,15,,29974,16,,,0,55,,29975,16,,,0,30,,29976,16,,,0,70,,29977,16,,,0,30,,29978,16,,,0,70,,29979,16,,,0,30,,29980,16,,,0,70,,29981,16,,,0,30,,29982,16,,,0,70,,29983,16,,,0,20,,29984,16,,,0,15,,29985,16,,,0,16,,29986,16,,,0,55,,29987,16,,,0,15,,29988,16,,,0,15,,29989,16,,,0,15,,29990,16,,,0,55,,29991,16,,,0,15,,29992,16,,,0,15,,29993,16,,,0,15,,29994,16,,,0,55,,29995,16,,,0,15,,29996,16,,,0,12,,29997,16,,,0,15,,29998,16,,,0,58,,29999,16,,,0,30,,30000,16,,,0,70,,30001,16,,,0,30,,30002,16,,,0,70,,30003,16,,,0,30,,30004,16,,,0,70,,30005,16,,,0,30,,30006,16,,,0,70,,30007,16,,,0,30,,30008,16,,,0,70,,30009,16,,,0,30,,30010,16,,,0,70,,30011,16,,,0,30,,30012,16,,,0,20,,30013,16,,,0
578101,'2',608,,30017,16,,,0,30,,30043,16,,,0,70,,30015,16,,,0,30,,30016,16,,,0,70,,30041,16,,,0,30,,30042,16,,,0,70,,30018,16,,,0,30,,30021,16,,,0,73,,30019,16,,,0,30,,30020,16,,,0,70,,30022,16,,,0,30,,30024,16,,,0,70,,30026,16,,,0,30,,30023,16,,,0,70,,30034,16,,,0,30,,30025,16,,,0,70,,30040,16,,,0,30,,30029,16,,,0,70,,30027,16,,,0,30,,30028,16,,,0,70,,30032,16,,,0,30,,30030,16,,,0,70,,30031,16,,,0,30,,30039,16,,,0,67,,30045,16,,,0,30,,30044,16,,,0,70,,30038,16,,,0,30,,30037,16,,,0,70,,30014,16,,,0,30,,30036,16,,,0,70,,30033,16,,,0,30,,30035,16,,,0,70,,30046,16,,,0,30,,30047,16,,,0,70,,30048,16,,,0,30,,30049,16,,,0,70,,30050,16,,,0,30,,30051,16,,,0,70,,30052,16,,,0
578101,'3',908,,30072,16,,,0,30,,30071,16,,,0,70,,30070,16,,,0,30,,30069,16,,,0,70,,30068,16,,,0,30,,30067,16,,,0,70,,30066,16,,,0,30,,30065,16,,,0,65,,30064,16,,,0,30,,30063,16,,,0,70,,30062,16,,,0,30,,30061,16,,,0,70,,30060,16,,,0,30,,30059,16,,,0,70,,30058,16,,,0,30,,30057,16,,,0,70,,30056,16,,,0,30,,30055,16,,,0,70,,30054,16,,,0,30,,30053,16,,,0,70,,30073,16,,,0,30,,30074,16,,,0,70,,30075,16,,,0,35,,30076,16,,,0,70,,30077,16,,,0,30,,30078,16,,,0,70,,30079,16,,,0,30,,30080,16,,,0,70,,30081,16,,,0,30,,30082,16,,,0
578101,'4',903,,30083,16,,,0,30,,30084,16,,,0,70,,30085,16,,,0,30,,30086,16,,,0,70,,30087,16,,,0,30,,30088,16,,,0,70,,30089,16,,,0,30,,30090,16,,,0,70,,30091,16,,,0,30,,30092,16,,,0,70,,30093,16,,,0,30,,30094,16,,,0,70,,30095,16,,,0,30,,30096,16,,,0,70,,30097,16,,,0,30,,30098,16,,,0,70,,30099,16,,,0,30,,30100,16,,,0,70,,30101,16,,,0,30,,30102,16,,,0,70,,30103,16,,,0,30,,30104,16,,,0,100,,30105,16,,,0
578101,'6',908,,30125,16,,,0,30,,30124,16,,,0,70,,30123,16,,,0,30,,30122,16,,,0,70,,30121,16,,,0,30,,30120,16,,,0,70,,30119,16,,,0,30,,30118,16,,,0,65,,30117,16,,,0,30,,30116,16,,,0,70,,30115,16,,,0,30,,30114,16,,,0,70,,30113,16,,,0,30,,30112,16,,,0,70,,30111,16,,,0,30,,30110,16,,,0,70,,30109,16,,,0,30,,30108,16,,,0,70,,30107,16,,,0,30,,30106,16,,,0,70,,30126,16,,,0,30,,30127,16,,,0,70,,30128,16,,,0,35,,30129,16,,,0,70,,30130,16,,,0,30,,30131,16,,,0,70,,30132,16,,,0,30,,30133,16,,,0,70,,30134,16,,,0,30,,30135,16,,,0
582901,'1601',811,,41339,5,,,0,12,,41338,5,,,0
582901,'1',543,,41340,5,,,0,58,,41341,5,,,0,15,,41342,5,,,0,15,,41343,5,,,0,15,,41344,5,,,0,56,,41345,5,,,0,15,,41346,5,,,0,10,,41347,5,,,0,10,,41348,5,,,0,10,,41349,5,,,0,10,,41350,5,,,0,50,,41351,5,,,0,10,,41352,5,,,0,10,,41353,5,,,0,10,,41354,5,,,0,10,,41355,5,,,0,10,,41356,5,,,0,50,,41357,5,,,0,10,,41358,5,,,0,10,,41359,5,,,0,10,,41360,5,,,0,10,,41361,5,,,0,10,,41362,5,,,0,50,,41363,5,,,0,12,,41364,5,,,0,12,,41365,5,,,0,12,,41366,5,,,0,12,,41367,5,,,0,52,,41368,5,,,0,12,,41369,5,,,0,12,,41370,5,,,0,12,,41371,5,,,0,12,,41372,5,,,0,52,,41373,5,,,0,12,,41374,5,,,0,12,,41375,5,,,0,12,,41376,5,,,0,12,,41377,5,,,0,52,,41378,5,,,0,12,,41379,5,,,0,12,,41380,5,,,0,12,,41381,5,,,0,12,,41382,5,,,0,52,,41383,5,,,0,11,,41384,5,,,0,10,,41385,5,,,0,10,,41386,5,,,0,10,,41387,5,,,0,10,,41388,5,,,0,50,,41389,5,,,0,10,,41390,5,,,0,10,,41391,5,,,0,10,,41392,5,,,0,10,,41393,5,,,0,10,,41394,5,,,0,50,,41395,5,,,0,10,,41396,5,,,0,10,,41397,5,,,0,10,,41398,5,,,0,10,,41399,5,,,0,10,,41400,5,,,0,50,,41401,5,,,0,10,,41402,5,,,0,10,,41403,5,,,0,10,,41404,5,,,0,10,,41405,5,,,0,10,,41406,5,,,0,50,,41407,5,,,0,10,,41408,5,,,0,10,,41409,5,,,0,10,,41410,5,,,0,11,,41411,5,,,0,10,,41412,5,,,0,50,,41413,5,,,0,10,,41414,5,,,0,10,,41415,5,,,0,10,,41416,5,,,0,11,,41417,5,,,0,52,,41418,5,,,0,12,,41419,5,,,0,12,,41420,5,,,0,12,,41421,5,,,0,12,,41422,5,,,0,52,,41423,5,,,0,12,,41424,5,,,0,12,,41425,5,,,0,12,,41426,5,,,0,12,,41427,5,,,0,62,,41428,5,,,0,30,,41429,5,,,0,70,,41430,5,,,0,30,,41431,5,,,0,70,,41432,5,,,0,30,,41434,5,,,0,65,,41433,5,,,0
582901,'2',823,,41522,5,,,0,10,,41519,5,,,0,10,,41518,5,,,0,10,,41517,5,,,0,50,,41516,5,,,0,10,,41515,5,,,0,10,,41514,5,,,0,10,,41513,5,,,0,10,,41512,5,,,0,10,,41511,5,,,0,50,,41510,5,,,0,10,,41509,5,,,0,10,,41508,5,,,0,10,,41507,5,,,0,10,,41506,5,,,0,10,,41505,5,,,0,50,,41504,5,,,0,8,,41503,5,,,0,10,,41502,5,,,0,10,,41501,5,,,0,10,,41500,5,,,0,10,,41499,5,,,0,50,,41498,5,,,0,10,,41497,5,,,0,10,,41496,5,,,0,10,,41495,5,,,0,10,,41494,5,,,0,10,,41493,5,,,0,50,,41492,5,,,0,10,,41491,5,,,0,10,,41490,5,,,0,10,,41489,5,,,0,10,,41488,5,,,0,10,,41487,5,,,0,50,,41486,5,,,0,10,,41485,5,,,0,10,,41484,5,,,0,10,,41483,5,,,0,10,,41482,5,,,0,10,,41481,5,,,0,50,,41480,5,,,0,10,,41479,5,,,0,10,,41478,5,,,0,10,,41477,5,,,0,10,,41476,5,,,0,10,,41475,5,,,0,50,,41474,5,,,0,10,,41473,5,,,0,10,,41472,5,,,0,10,,41471,5,,,0,10,,41470,5,,,0,10,,41469,5,,,0,50,,41468,5,,,0,10,,41467,5,,,0,10,,41466,5,,,0,10,,41465,5,,,0,10,,41464,5,,,0,10,,41463,5,,,0,50,,41462,5,,,0,10,,41461,5,,,0,10,,41460,5,,,0,10,,41459,5,,,0,10,,41458,5,,,0,10,,41457,5,,,0,50,,41456,5,,,0,12,,41455,5,,,0,10,,41454,5,,,0,12,,41453,5,,,0,12,,41452,5,,,0,12,,41451,5,,,0,52,,41450,5,,,0,12,,41449,5,,,0,12,,41448,5,,,0,12,,41447,5,,,0,12,,41446,5,,,0,52,,41445,5,,,0,12,,41444,5,,,0,12,,41443,5,,,0,12,,41442,5,,,0,60,,41441,5,,,0,30,,41440,5,,,0,70,,41439,5,,,0,30,,41438,5,,,0,70,,41437,5,,,0,30,,41436,5,,,0,78,,41435,5,,,0
582901,'3',820,,41525,5,,,0,15,,41526,5,,,0,15,,41527,5,,,0,55,,41528,5,,,0,15,,41529,5,,,0,15,,41530,5,,,0,13,,41531,5,,,0,55,,41532,5,,,0,15,,41533,5,,,0,15,,41534,5,,,0,15,,41535,5,,,0,55,,41536,5,,,0,15,,41537,5,,,0,15,,41538,5,,,0,15,,41539,5,,,0,55,,41540,5,,,0,15,,41541,5,,,0,15,,41542,5,,,0,15,,41543,5,,,0,55,,41544,5,,,0,15,,41545,5,,,0,15,,41546,5,,,0,15,,41547,5,,,0,55,,41548,5,,,0,15,,41549,5,,,0,15,,41550,5,,,0,15,,41551,5,,,0,55,,41552,5,,,0,15,,41553,5,,,0,15,,41554,5,,,0,15,,41555,5,,,0,55,,41556,5,,,0,15,,41557,5,,,0,15,,41558,5,,,0,15,,41559,5,,,0,55,,41560,5,,,0,15,,41561,5,,,0,15,,41562,5,,,0,15,,41563,5,,,0,55,,41564,5,,,0,15,,41565,5,,,0,15,,41566,5,,,0,17,,41567,5,,,0,55,,41568,5,,,0,20,,41569,5,,,0,20,,41570,5,,,0,60,,41571,5,,,0,20,,41572,5,,,0,20,,41573,5,,,0,60,,41574,5,,,0,20,,41575,5,,,0,24,,41576,5,,,0,70,,41577,5,,,0,30,,41578,5,,,0,70,,41579,5,,,0,30,,41580,5,,,0
582901,'4',749,,41581,5,,,0,70,,41582,5,,,0,30,,41583,5,,,0,70,,41584,5,,,0,30,,41585,5,,,0,71,,41586,5,,,0,20,,41587,5,,,0,60,,41588,5,,,0,20,,41589,5,,,0,20,,41590,5,,,0,60,,41591,5,,,0,20,,41592,5,,,0,20,,41593,5,,,0,60,,41594,5,,,0,20,,41595,5,,,0,20,,41596,5,,,0,60,,41597,5,,,0,20,,41598,5,,,0,20,,41599,5,,,0,60,,41600,5,,,0,20,,41601,5,,,0,20,,41602,5,,,0,60,,41603,5,,,0,20,,41604,5,,,0,20,,41605,5,,,0,60,,41606,5,,,0,20,,41607,5,,,0,20,,41608,5,,,0,60,,41609,5,,,0,21,,41610,5,,,0,27,,41611,5,,,0,70,,41612,5,,,0,30,,41613,5,,,0,70,,41614,5,,,0,30,,41615,5,,,0
582901,'6',820,,41618,5,,,0,15,,41619,5,,,0,15,,41620,5,,,0,55,,41621,5,,,0,15,,41622,5,,,0,15,,41623,5,,,0,13,,41624,5,,,0,55,,41625,5,,,0,15,,41626,5,,,0,15,,41627,5,,,0,15,,41628,5,,,0,55,,41629,5,,,0,15,,41630,5,,,0,15,,41631,5,,,0,15,,41632,5,,,0,55,,41633,5,,,0,15,,41634,5,,,0,15,,41635,5,,,0,15,,41636,5,,,0,55,,41637,5,,,0,15,,41638,5,,,0,15,,41639,5,,,0,15,,41640,5,,,0,55,,41641,5,,,0,15,,41642,5,,,0,15,,41643,5,,,0,15,,41644,5,,,0,55,,41645,5,,,0,15,,41646,5,,,0,15,,41647,5,,,0,15,,41648,5,,,0,55,,41649,5,,,0,15,,41650,5,,,0,15,,41651,5,,,0,15,,41652,5,,,0,55,,41653,5,,,0,15,,41654,5,,,0,15,,41655,5,,,0,15,,41656,5,,,0,55,,41657,5,,,0,15,,41658,5,,,0,15,,41659,5,,,0,17,,41660,5,,,0,55,,41661,5,,,0,20,,41662,5,,,0,20,,41663,5,,,0,60,,41664,5,,,0,20,,41665,5,,,0,20,,41666,5,,,0,60,,41667,5,,,0,20,,41668,5,,,0,24,,41669,5,,,0,70,,41670,5,,,0,30,,41671,5,,,0,70,,41672,5,,,0,30,,41673,5,,,0
