578000,'1',431,,28797,2,,,0,15,,28798,2,,,0,55,,28799,2,,,0,10,,28800,2,,,0,10,,28801,2,,,0,10,,28802,2,,,0,10,,28803,2,,,0,10,,28804,2,,,0,50,,28805,2,,,0,10,,28806,2,,,0,10,,28807,2,,,0,10,,28808,2,,,0,10,,28809,2,,,0,10,,28810,2,,,0,50,,28811,2,,,0,8,,28812,2,,,0,7,,28813,2,,,0,8,,28814,2,,,0,7,,28815,2,,,0,8,,28816,2,,,0,7,,28817,2,,,0,8,,28818,2,,,0,47,,28819,2,,,0,8,,28820,2,,,0,7,,28821,2,,,0,8,,28822,2,,,0,7,,28823,2,,,0,8,,28824,2,,,0,7,,28825,2,,,0,8,,28826,2,,,0,47,,28827,2,,,0,8,,28828,2,,,0,7,,28829,2,,,0,8,,28830,2,,,0,7,,28831,2,,,0,8,,28832,2,,,0,7,,28833,2,,,0,8,,28834,2,,,0,47,,28835,2,,,0,8,,28836,2,,,0,7,,28837,2,,,0,8,,28838,2,,,0,7,,28839,2,,,0,8,,28840,2,,,0,7,,28841,2,,,0,8,,28842,2,,,0,47,,28843,2,,,0,6,,28844,2,,,0,6,,28845,2,,,0,6,,28846,2,,,0,6,,28847,2,,,0,6,,28848,2,,,0,6,,28849,2,,,0,6,,28850,2,,,0,6,,28851,2,,,0,6,,28852,2,,,0,46,,28853,2,,,0,6,,28854,2,,,0,6,,28855,2,,,0,6,,28856,2,,,0,6,,28857,2,,,0,6,,28858,2,,,0,6,,28859,2,,,0,6,,28860,2,,,0,6,,28861,2,,,0,6,,28862,2,,,0,46,,28863,2,,,0,6,,28864,2,,,0,6,,28865,2,,,0,6,,28866,2,,,0,6,,28867,2,,,0,6,,28868,2,,,0,6,,28869,2,,,0,6,,28870,2,,,0,6,,28871,2,,,0,6,,28872,2,,,0,46,,28873,2,,,0,6,,28874,2,,,0,6,,28875,2,,,0,6,,28876,2,,,0,6,,28877,2,,,0,6,,28878,2,,,0,6,,28879,2,,,0,6,,28880,2,,,0,6,,28881,2,,,0,6,,28882,2,,,0,46,,28883,2,,,0,6,,28884,2,,,0,6,,28885,2,,,0,6,,28886,2,,,0,6,,28887,2,,,0,6,,28888,2,,,0,6,,28889,2,,,0,6,,28890,2,,,0,6,,28891,2,,,0,6,,28892,2,,,0,46,,28893,2,,,0,6,,28894,2,,,0,6,,28895,2,,,0,6,,28896,2,,,0,6,,28897,2,,,0,6,,28898,2,,,0,6,,28899,2,,,0,6,,28900,2,,,0,6,,28901,2,,,0,6,,28902,2,,,0,46,,28903,2,,,0,6,,28904,2,,,0,6,,28905,2,,,0,6,,28906,2,,,0,6,,28907,2,,,0,6,,28908,2,,,0,6,,28909,2,,,0,6,,28910,2,,,0,6,,28911,2,,,0,6,,28912,2,,,0,46,,28913,2,,,0,7,,28914,2,,,0,8,,28915,2,,,0,7,,28916,2,,,0,8,,28917,2,,,0,7,,28918,2,,,0,8,,28919,2,,,0,7,,28920,2,,,0,48,,28921,2,,,0,15,,28922,2,,,0,15,,28923,2,,,0,15,,28924,2,,,0,55,,28925,2,,,0,15,,28926,2,,,0,15,,28927,2,,,0,15,,28928,2,,,0,55,,28929,2,,,0,15,,28930,2,,,0,15,,28931,2,,,0,15,,28932,2,,,0,55,,28933,2,,,0,20,,28934,2,,,0,20,,28935,2,,,0,60,,28936,2,,,0,20,,28937,2,,,0,20,,28938,2,,,0,60,,28939,2,,,0,20,,28942,2,,,0,20,,28943,2,,,0,60,,28940,2,,,0,20,,28941,2,,,0
578000,'2',501,,28944,2,,,0,15,,28945,2,,,0,15,,28946,2,,,0,15,,28947,2,,,0,55,,28948,2,,,0,15,,28949,2,,,0,15,,28950,2,,,0,15,,28951,2,,,0,55,,28952,2,,,0,10,,28953,2,,,0,10,,28954,2,,,0,10,,28955,2,,,0,10,,28956,2,,,0,10,,28957,2,,,0,50,,28958,2,,,0,8,,28959,2,,,0,8,,28960,2,,,0,8,,28961,2,,,0,8,,28962,2,,,0,8,,28963,2,,,0,8,,28964,2,,,0,8,,28965,2,,,0,48,,28966,2,,,0,8,,28967,2,,,0,8,,28968,2,,,0,8,,28969,2,,,0,8,,28970,2,,,0,8,,28971,2,,,0,8,,28972,2,,,0,48,,28973,2,,,0,8,,28974,2,,,0,8,,28975,2,,,0,8,,28976,2,,,0,8,,28977,2,,,0,8,,28978,2,,,0,8,,28979,2,,,0,8,,28980,2,,,0,48,,28981,2,,,0,8,,28982,2,,,0,8,,28983,2,,,0,8,,28984,2,,,0,8,,28985,2,,,0,8,,28986,2,,,0,8,,28987,2,,,0,48,,28988,2,,,0,8,,28989,2,,,0,8,,28990,2,,,0,8,,28991,2,,,0,8,,28992,2,,,0,8,,28993,2,,,0,8,,28994,2,,,0,8,,28995,2,,,0,48,,28996,2,,,0,8,,28997,2,,,0,8,,28998,2,,,0,8,,28999,2,,,0,8,,29000,2,,,0,8,,29001,2,,,0,8,,29002,2,,,0,48,,29003,2,,,0,8,,29004,2,,,0,8,,29005,2,,,0,8,,29006,2,,,0,8,,29007,2,,,0,8,,29008,2,,,0,8,,29009,2,,,0,8,,29010,2,,,0,48,,29011,2,,,0,8,,29012,2,,,0,8,,29013,2,,,0,8,,29014,2,,,0,8,,29015,2,,,0,8,,29016,2,,,0,8,,29017,2,,,0,48,,29018,2,,,0,8,,29019,2,,,0,8,,29020,2,,,0,8,,29021,2,,,0,8,,29022,2,,,0,8,,29023,2,,,0,8,,29024,2,,,0,8,,29025,2,,,0,48,,29026,2,,,0,8,,29027,2,,,0,8,,29028,2,,,0,8,,29029,2,,,0,8,,29030,2,,,0,8,,29031,2,,,0,8,,29032,2,,,0,48,,29033,2,,,0,10,,29034,2,,,0,10,,29035,2,,,0,10,,29036,2,,,0,10,,29037,2,,,0,10,,29038,2,,,0,50,,29039,2,,,0,15,,29040,2,,,0,15,,29041,2,,,0,15,,29042,2,,,0,55,,29043,2,,,0,15,,29044,2,,,0,15,,29045,2,,,0,15,,29046,2,,,0,55,,29047,2,,,0,20,,29048,2,,,0,20,,29049,2,,,0,60,,29050,2,,,0,20,,29051,2,,,0,20,,29052,2,,,0,60,,29053,2,,,0,20,,29054,2,,,0,20,,29055,2,,,0,60,,29056,2,,,0,20,,29057,2,,,0,20,,29058,2,,,0,60,,29059,2,,,0,20,,29060,2,,,0
578000,'3',501,,29061,2,,,0,30,,29062,2,,,0,70,,29063,2,,,0,30,,29064,2,,,0,70,,29065,2,,,0,30,,29066,2,,,0,70,,29067,2,,,0,30,,29068,2,,,0,71,,29069,2,,,0,30,,29070,2,,,0,70,,29071,2,,,0,10,,29072,2,,,0,10,,29073,2,,,0,10,,29074,2,,,0,10,,29075,2,,,0,10,,29076,2,,,0,50,,29077,2,,,0,10,,29078,2,,,0,10,,29079,2,,,0,10,,29080,2,,,0,10,,29081,2,,,0,10,,29082,2,,,0,50,,29083,2,,,0,10,,29084,2,,,0,10,,29085,2,,,0,10,,29086,2,,,0,10,,29087,2,,,0,10,,29088,2,,,0,50,,29089,2,,,0,10,,29090,2,,,0,10,,29091,2,,,0,10,,29092,2,,,0,10,,29093,2,,,0,10,,29094,2,,,0,50,,29095,2,,,0,10,,29096,2,,,0,10,,29097,2,,,0,10,,29098,2,,,0,10,,29099,2,,,0,10,,29100,2,,,0,50,,29101,2,,,0,10,,29102,2,,,0,10,,29103,2,,,0,10,,29104,2,,,0,10,,29105,2,,,0,10,,29106,2,,,0,50,,29107,2,,,0,10,,29108,2,,,0,10,,29109,2,,,0,10,,29110,2,,,0,10,,29111,2,,,0,10,,29112,2,,,0,50,,29113,2,,,0,10,,29114,2,,,0,10,,29115,2,,,0,10,,29116,2,,,0,10,,29117,2,,,0,10,,29118,2,,,0,50,,29119,2,,,0,10,,29120,2,,,0,10,,29121,2,,,0,10,,29122,2,,,0,10,,29123,2,,,0,59,,29124,2,,,0,20,,29125,2,,,0,20,,29126,2,,,0,60,,29127,2,,,0,20,,29128,2,,,0,20,,29129,2,,,0,60,,29130,2,,,0,20,,29131,2,,,0,20,,29132,2,,,0,60,,29133,2,,,0,20,,29134,2,,,0,20,,29135,2,,,0,60,,29136,2,,,0,20,,29137,2,,,0,20,,29138,2,,,0,60,,29139,2,,,0
578000,'4',516,,29140,2,,,0,30,,29141,2,,,0,55,,29142,2,,,0,30,,29143,2,,,0,70,,29144,2,,,0,30,,29145,2,,,0,70,,29146,2,,,0,30,,29147,2,,,0,70,,29148,2,,,0,30,,29149,2,,,0,70,,29150,2,,,0,30,,29151,2,,,0,70,,29152,2,,,0,30,,29153,2,,,0,70,,29154,2,,,0,30,,29155,2,,,0,70,,29156,2,,,0,30,,29157,2,,,0,70,,29158,2,,,0,30,,29159,2,,,0,70,,29160,2,,,0,30,,29161,2,,,0,70,,29162,2,,,0,30,,29163,2,,,0,70,,29164,2,,,0,30,,29165,2,,,0,70,,29166,2,,,0,30,,29167,2,,,0,70,,29168,2,,,0,30,,29169,2,,,0,70,,29170,2,,,0,30,,29171,2,,,0,70,,29172,2,,,0
578000,'6',501,,29173,2,,,0,15,,29174,2,,,0,15,,29175,2,,,0,15,,29176,2,,,0,55,,29177,2,,,0,15,,29178,2,,,0,15,,29179,2,,,0,15,,29180,2,,,0,55,,29181,2,,,0,10,,29182,2,,,0,10,,29183,2,,,0,10,,29184,2,,,0,10,,29185,2,,,0,10,,29186,2,,,0,50,,29187,2,,,0,8,,29188,2,,,0,8,,29189,2,,,0,8,,29190,2,,,0,8,,29191,2,,,0,8,,29192,2,,,0,8,,29193,2,,,0,8,,29194,2,,,0,48,,29195,2,,,0,8,,29196,2,,,0,8,,29197,2,,,0,8,,29198,2,,,0,8,,29199,2,,,0,8,,29200,2,,,0,8,,29201,2,,,0,48,,29202,2,,,0,8,,29203,2,,,0,8,,29204,2,,,0,8,,29205,2,,,0,8,,29206,2,,,0,8,,29207,2,,,0,8,,29208,2,,,0,8,,29209,2,,,0,48,,29210,2,,,0,8,,29211,2,,,0,8,,29212,2,,,0,8,,29213,2,,,0,8,,29214,2,,,0,8,,29215,2,,,0,8,,29216,2,,,0,48,,29217,2,,,0,8,,29218,2,,,0,8,,29219,2,,,0,8,,29220,2,,,0,8,,29221,2,,,0,8,,29222,2,,,0,8,,29223,2,,,0,8,,29224,2,,,0,48,,29225,2,,,0,8,,29226,2,,,0,8,,29227,2,,,0,8,,29228,2,,,0,8,,29229,2,,,0,8,,29230,2,,,0,8,,29231,2,,,0,48,,29232,2,,,0,8,,29233,2,,,0,8,,29234,2,,,0,8,,29235,2,,,0,8,,29236,2,,,0,8,,29237,2,,,0,8,,29238,2,,,0,8,,29239,2,,,0,48,,29240,2,,,0,8,,29241,2,,,0,8,,29242,2,,,0,8,,29243,2,,,0,8,,29244,2,,,0,8,,29245,2,,,0,8,,29246,2,,,0,48,,29247,2,,,0,8,,29248,2,,,0,8,,29249,2,,,0,8,,29250,2,,,0,8,,29251,2,,,0,8,,29252,2,,,0,8,,29253,2,,,0,8,,29254,2,,,0,48,,29255,2,,,0,8,,29256,2,,,0,8,,29257,2,,,0,8,,29258,2,,,0,8,,29259,2,,,0,8,,29260,2,,,0,8,,29261,2,,,0,48,,29262,2,,,0,10,,29263,2,,,0,10,,29264,2,,,0,10,,29265,2,,,0,10,,29266,2,,,0,10,,29267,2,,,0,50,,29268,2,,,0,15,,29269,2,,,0,15,,29270,2,,,0,15,,29271,2,,,0,55,,29272,2,,,0,15,,29273,2,,,0,15,,29274,2,,,0,15,,29275,2,,,0,55,,29276,2,,,0,20,,29277,2,,,0,20,,29278,2,,,0,60,,29279,2,,,0,20,,29280,2,,,0,20,,29281,2,,,0,60,,29282,2,,,0,20,,29283,2,,,0,20,,29284,2,,,0,60,,29285,2,,,0,20,,29286,2,,,0,20,,29287,2,,,0,60,,29288,2,,,0,20,,29289,2,,,0
578100,'1',616,,29782,2,,,0,15,,29783,2,,,0,15,,29784,2,,,0,55,,29785,2,,,0,15,,29786,2,,,0,15,,29787,2,,,0,15,,29788,2,,,0,55,,29789,2,,,0,15,,29790,2,,,0,15,,29791,2,,,0,15,,29792,2,,,0,55,,29793,2,,,0,30,,29794,2,,,0,70,,29795,2,,,0,30,,29796,2,,,0,70,,29797,2,,,0,30,,29798,2,,,0,70,,29799,2,,,0,30,,29800,2,,,0,70,,29801,2,,,0,30,,29802,2,,,0,25,,29803,2,,,0,55,,29804,2,,,0,15,,29805,2,,,0,15,,29806,2,,,0,13,,29807,2,,,0,55,,29808,2,,,0,15,,29809,2,,,0,15,,29810,2,,,0,15,,29811,2,,,0,55,,29812,2,,,0,15,,29813,2,,,0,15,,29814,2,,,0,15,,29815,2,,,0,55,,29816,2,,,0,15,,29817,2,,,0,15,,29834,2,,,0,65,,29818,2,,,0,27,,29819,2,,,0,70,,29820,2,,,0,30,,29821,2,,,0,70,,29822,2,,,0,30,,29823,2,,,0,70,,29824,2,,,0,30,,29825,2,,,0,70,,29826,2,,,0,30,,29827,2,,,0,70,,29828,2,,,0,30,,29829,2,,,0,70,,29830,2,,,0,30,,29831,2,,,0,70,,29832,2,,,0,20,,29833,2,,,0
578100,'2',631,,29848,2,,,0,70,,29849,2,,,0,30,,29839,2,,,0,70,,29840,2,,,0,30,,29841,2,,,0,70,,29842,2,,,0,30,,29845,2,,,0,70,,29846,2,,,0,40,,29847,2,,,0,70,,29843,2,,,0,30,,29844,2,,,0,70,,29838,2,,,0,30,,29852,2,,,0,70,,29850,2,,,0,30,,29851,2,,,0,70,,29855,2,,,0,30,,29856,2,,,0,70,,29853,2,,,0,30,,29854,2,,,0,70,,29858,2,,,0,30,,29857,2,,,0,70,,29859,2,,,0,30,,29864,2,,,0,70,,29860,2,,,0,30,,29863,2,,,0,70,,29861,2,,,0,30,,29865,2,,,0,70,,29862,2,,,0,30,,29835,2,,,0,70,,29836,2,,,0,30,,29837,2,,,0,70,,29866,2,,,0,30,,29867,2,,,0,70,,29868,2,,,0,30,,29869,2,,,0,70,,29870,2,,,0,30,,29871,2,,,0,80,,29872,2,,,0
578100,'3',831,,29892,2,,,0,70,,29891,2,,,0,30,,29890,2,,,0,70,,29889,2,,,0,30,,29888,2,,,0,70,,29887,2,,,0,30,,29886,2,,,0,70,,29885,2,,,0,30,,29884,2,,,0,70,,29883,2,,,0,30,,29882,2,,,0,70,,29881,2,,,0,30,,29880,2,,,0,70,,29879,2,,,0,30,,29878,2,,,0,70,,29877,2,,,0,30,,29876,2,,,0,70,,29875,2,,,0,30,,29874,2,,,0,70,,29873,2,,,0,30,,29893,2,,,0,70,,29894,2,,,0,30,,29895,2,,,0,70,,29896,2,,,0,30,,29897,2,,,0,70,,29898,2,,,0,30,,29899,2,,,0,70,,29900,2,,,0,30,,29901,2,,,0,70,,29902,2,,,0,30,,29903,2,,,0,70,,29904,2,,,0
578100,'4',831,,29905,2,,,0,70,,29906,2,,,0,30,,29907,2,,,0,70,,29908,2,,,0,30,,29909,2,,,0,70,,29910,2,,,0,30,,29911,2,,,0,70,,29912,2,,,0,30,,29913,2,,,0,70,,29914,2,,,0,30,,29915,2,,,0,70,,29916,2,,,0,30,,29917,2,,,0,70,,29918,2,,,0,30,,29919,2,,,0,70,,29920,2,,,0,30,,29921,2,,,0,70,,29922,2,,,0,30,,29923,2,,,0,70,,29924,2,,,0,30,,29925,2,,,0,70,,29926,2,,,0,100,,29927,2,,,0,100,,29928,2,,,0
578100,'6',831,,29948,2,,,0,70,,29947,2,,,0,30,,29946,2,,,0,70,,29945,2,,,0,30,,29944,2,,,0,70,,29943,2,,,0,30,,29942,2,,,0,70,,29941,2,,,0,30,,29940,2,,,0,70,,29939,2,,,0,30,,29938,2,,,0,70,,29937,2,,,0,30,,29936,2,,,0,70,,29935,2,,,0,30,,29934,2,,,0,70,,29933,2,,,0,30,,29932,2,,,0,70,,29931,2,,,0,30,,29930,2,,,0,70,,29929,2,,,0,30,,29949,2,,,0,70,,29950,2,,,0,30,,29951,2,,,0,70,,29952,2,,,0,30,,29953,2,,,0,70,,29954,2,,,0,30,,29955,2,,,0,70,,29956,2,,,0,30,,29957,2,,,0,70,,29958,2,,,0,30,,29959,2,,,0,70,,29960,2,,,0
578300,'1',526,,30532,41,0,23 24,0,10,,30533,57,0,31 4 32,0,10,,30534,64,0,27 28,0,10,,30535,41,0,23 24,0,55,,30536,57,0,31 4 32,0,7,,30537,64,0,27 28,0,8,,30538,41,0,23 24,0,7,,30539,57,0,31 4 32,0,8,,30540,41,0,23 24,0,7,,30541,64,0,27 28,0,8,,30542,41,0,23 24,0,47,,30543,57,0,31 4 32,0,8,,30544,41,0,23 24,0,7,,30545,64,0,27 28,0,8,,30546,41,0,23 24,0,7,,30547,57,0,31 4 32,0,8,,30548,41,0,23 24,0,7,,30549,64,0,27 28,0,8,,30550,41,0,23 24,0,47,,30551,57,0,31 4 32,0,8,,30552,41,0,23 24,0,7,,30553,64,0,27 28,0,8,,30554,41,0,23 24,0,7,,30555,57,0,31 4 32,0,8,,30556,41,0,23 24,0,7,,30557,64,0,27 28,0,8,,30558,41,0,23 24,0,47,,30559,57,0,31 4 32,0,8,,30560,41,0,23 24,0,7,,30561,64,0,27 28,0,8,,30562,41,0,23 24,0,10,,30563,57,0,31 4 32,0,7,,30564,41,0,17 25 4 26,0,3,,30565,64,0,27 28,0,10,,30566,41,0,23 24,0,50,,30567,57,0,31 4 32,0,10,,30568,64,0,27 28,0,10,,30569,41,0,23 24,0,10,,30570,57,0,31 4 32,0,10,,30571,64,0,27 28,0,10,,30572,41,0,23 24,0,50,,30573,57,0,31 4 32,0,10,,30574,64,0,27 28,0,10,,30575,41,0,23 24,0,10,,30576,57,0,31 4 32,0,10,,30577,64,0,27 28,0,10,,30578,41,0,23 24,0,50,,30579,57,0,31 4 32,0,10,,30580,64,0,27 28,0,10,,30581,41,0,23 24,0,10,,30582,57,0,31 4 32,0,10,,30583,64,0,27 28,0,10,,30584,41,0,23 24,0,50,,30585,57,0,31 4 32,0,10,,30586,64,0,27 28,0,10,,30587,41,0,23 24,0,10,,30588,57,0,31 4 32,0,10,,30589,64,0,27 28,0,10,,30590,41,0,23 24,0,47,,30591,57,0,31 4 32,0,8,,30592,41,0,23 24,0,7,,30593,64,0,27 28,0,8,,30594,41,0,23 24,0,7,,30595,57,0,31 4 32,0,8,,30596,41,0,23 24,0,7,,30597,64,0,27 28,0,8,,30598,41,0,23 24,0,47,,30599,57,0,31 4 32,0,8,,30600,41,0,23 24,0,7,,30601,64,0,27 28,0,8,,30602,41,0,23 24,0,7,,30603,57,0,31 4 32,0,8,,30604,41,0,23 24,0,7,,30605,64,0,27 28,0,8,,30606,41,0,23 24,0,47,,30607,57,0,31 4 32,0,8,,30608,41,0,23 24,0,7,,30609,64,0,27 28,0,8,,30610,41,0,23 24,0,7,,30611,57,0,31 4 32,0,8,,30612,41,0,23 24,0,7,,30613,64,0,27 28,0,8,,30614,41,0,23 24,0,47,,30615,57,0,31 4 32,0,8,,30616,41,0,23 24,0,7,,30617,64,0,27 28,0,8,,30618,41,0,23 24,0,7,,30619,57,0,31 4 32,0,8,,30620,41,0,23 24,0,7,,30621,64,0,27 28,0,8,,30622,41,0,23 24,0,47,,30623,57,0,31 4 32,0,8,,30624,41,0,23 24,0,8,,30625,64,0,27 28,0,5,,30626,41,0,23 24,0,10,,30627,57,0,31 4 32,0,10,,30628,64,0,27 28,0,10,,30629,41,0,23 24,0,50,,30630,57,0,31 4 32,0,10,,30631,64,0,27 28,0,10,,30632,41,0,23 24,0,10,,30633,57,0,31 4 32,0,10,,30634,64,0,27 28,0,10,,30635,41,0,23 24,0,50,,30636,57,0,31 4 32,0,10,,30637,64,0,27 28,0,10,,30638,41,0,23 24,0,10,,30639,57,0,31 4 32,0,10,,30640,64,0,27 28,0,10,,30641,41,0,23 24,0,50,,30642,57,0,31 4 32,0,10,,30643,64,0,27 28,0,10,,30644,41,0,23 24,0,10,,30645,57,0,31 4 32,0,10,,30646,64,0,27 28,0,11,,30647,41,0,23 24,0,55,,30648,64,0,27 28,0,15,,30649,57,0,31 4 32,0,15,,30650,41,0,23 24,0,15,,30651,64,0,27 28,0,55,,30652,57,0,31 4 32,0,15,,30653,41,0,23 24,0,15,,30654,64,0,27 28,0,15,,30655,57,0,31 4 32,0,55,,30656,41,0,23 24,0,15,,30657,64,0,27 28,0,15,,30658,57,0,31 4 32,0,15,,30659,41,0,23 24,0,60,,30660,57,0,17 25 4 26,0,0,,30661,64,0,27 28,0,1,,30662,41,0,23 24,0,22,,30663,64,0,17 25 4 26,0,80,,30664,64,0,17 25 4 26,0
578300,'2',542,,30670,41,0,23 24,0,15,,30671,57,0,31 4 32,0,52,,30672,41,0,23 24,0,12,,30673,64,0,27 28,0,12,,30674,57,0,31 4 32,0,12,,30675,41,0,23 24,0,12,,30676,64,0,27 28,0,52,,30677,57,0,31 4 32,0,12,,30678,41,0,23 24,0,12,,30679,64,0,27 28,0,12,,30680,57,0,31 4 32,0,11,,30682,41,0,23 24,0,52,,30683,64,0,27 28,0,12,,30684,57,0,31 4 32,0,12,,30685,41,0,23 24,0,12,,30686,64,0,27 28,0,12,,30687,57,0,31 4 32,0,52,,30688,41,0,23 24,0,12,,30689,64,0,27 28,0,12,,30690,57,0,31 4 32,0,12,,30691,41,0,23 24,0,12,,30692,64,0,27 28,0,52,,30693,57,0,31 4 32,0,12,,30694,41,0,23 24,0,12,,30695,64,0,27 28,0,12,,30696,57,0,31 4 32,0,12,,30697,41,0,23 24,0,52,,30698,64,0,27 28,0,12,,30699,57,0,31 4 32,0,12,,30700,41,0,23 24,0,12,,30701,64,0,27 28,0,12,,30702,57,0,31 4 32,0,52,,30703,41,0,23 24,0,12,,30704,64,0,27 28,0,12,,30705,57,0,31 4 32,0,12,,30706,41,0,23 24,0,12,,30707,64,0,27 28,0,52,,30708,57,0,31 4 32,0,12,,30709,41,0,23 24,0,12,,30710,64,0,27 28,0,12,,30711,57,0,31 4 32,0,12,,30712,41,0,23 24,0,52,,30713,64,0,27 28,0,12,,30714,57,0,31 4 32,0,12,,30715,41,0,23 24,0,12,,30716,64,0,27 28,0,12,,30717,57,0,31 4 32,0,52,,30718,41,0,23 24,0,12,,30719,64,0,27 28,0,12,,30720,57,0,31 4 32,0,12,,30721,41,0,23 24,0,12,,30722,64,0,27 28,0,52,,30723,57,0,31 4 32,0,12,,30724,41,0,23 24,0,12,,30725,64,0,27 28,0,12,,30726,57,0,31 4 32,0,12,,30727,41,0,23 24,0,52,,30728,64,0,27 28,0,12,,30729,57,0,31 4 32,0,12,,30730,41,0,23 24,0,10,,30731,64,0,27 28,0,10,,30732,57,0,31 4 32,0,52,,30733,41,0,23 24,0,12,,30734,64,0,27 28,0,12,,30735,57,0,31 4 32,0,12,,30736,41,0,23 24,0,12,,30737,64,0,27 28,0,52,,30738,57,0,31 4 32,0,11,,30739,41,0,23 24,0,12,,30740,64,0,27 28,0,12,,30741,57,0,31 4 32,0,12,,30742,41,0,23 24,0,52,,30743,64,0,27 28,0,12,,30744,57,0,31 4 32,0,12,,30745,41,0,23 24,0,12,,30746,64,0,27 28,0,12,,30747,57,0,31 4 32,0,52,,30748,41,0,23 24,0,12,,30749,64,0,27 28,0,12,,30750,57,0,31 4 32,0,13,,30751,41,0,23 24,0,15,,30752,64,0,27 28,0,55,,30753,57,0,31 4 32,0,15,,30754,41,0,23 24,0,15,,30755,64,0,27 28,0,15,,30756,41,0,23 24,0,55,,30757,57,0,31 4 32,0,15,,30758,64,0,27 28,0,15,,30759,41,0,23 24,0,15,,30760,57,0,31 4 32,0,55,,30761,64,0,27 28,0,15,,30762,41,0,23 24,0,15,,30763,64,0,27 28,0,15,,30764,57,0,31 4 32,0,60,,30765,64,0,17 25 4 26,0,0,,30766,41,0,23 24,0,85,,30767,64,0,17 25 4 26,0
578300,'3',555,,30772,41,0,23 24,0,55,,30773,57,0,31 4 32,0,15,,30775,64,0,27 28,0,15,,30776,41,0,23 24,0,15,,30777,57,0,31 4 32,0,55,,30778,64,0,27 28,0,15,,30779,41,0,23 24,0,15,,30780,57,0,31 4 32,0,15,,30781,64,0,27 28,0,55,,30782,41,0,23 24,0,15,,30783,57,0,31 4 32,0,15,,30784,64,0,27 28,0,15,,30785,41,0,23 24,0,52,,30786,57,0,31 4 32,0,12,,30787,64,0,27 28,0,12,,30788,41,0,23 24,0,12,,30789,57,0,31 4 32,0,12,,30790,64,0,27 28,0,52,,30791,41,0,23 24,0,12,,30792,57,0,31 4 32,0,12,,30793,64,0,27 28,0,12,,30794,41,0,23 24,0,12,,30795,57,0,31 4 32,0,52,,30796,64,0,27 28,0,12,,30797,41,0,23 24,0,12,,30798,57,0,31 4 32,0,12,,30799,64,0,27 28,0,12,,30800,41,0,23 24,0,52,,30801,57,0,31 4 32,0,12,,30802,64,0,27 28,0,12,,30803,41,0,23 24,0,12,,30804,57,0,31 4 32,0,12,,30805,64,0,27 28,0,52,,30806,41,0,23 24,0,12,,30807,57,0,31 4 32,0,12,,30808,64,0,27 28,0,12,,30809,41,0,23 24,0,12,,30810,57,0,31 4 32,0,52,,30811,64,0,27 28,0,12,,30812,41,0,23 24,0,12,,30813,57,0,31 4 32,0,12,,30814,64,0,27 28,0,12,,30815,41,0,23 24,0,52,,30816,57,0,31 4 32,0,12,,30817,64,0,27 28,0,12,,30818,41,0,23 24,0,12,,30819,57,0,31 4 32,0,12,,30820,64,0,27 28,0,52,,30821,41,0,23 24,0,12,,30822,57,0,31 4 32,0,12,,30823,64,0,27 28,0,12,,30824,41,0,23 24,0,12,,30825,57,0,31 4 32,0,52,,30826,64,0,27 28,0,12,,30827,41,0,23 24,0,12,,30828,57,0,31 4 32,0,12,,30829,64,0,27 28,0,12,,30830,41,0,23 24,0,55,,30831,57,0,31 4 32,0,15,,30832,64,0,27 28,0,15,,30833,41,0,23 24,0,15,,30834,57,0,31 4 32,0,55,,30835,64,0,27 28,0,15,,30836,41,0,23 24,0,15,,30837,57,0,31 4 32,0,15,,30838,64,0,27 28,0,55,,30839,41,0,23 24,0,15,,30840,57,0,31 4 32,0,15,,30841,64,0,27 28,0,15,,30842,41,0,23 24,0,55,,30843,57,0,31 4 32,0,15,,30844,64,0,27 28,0,15,,30845,41,0,23 24,0,15,,30846,57,0,31 4 32,0,55,,30847,64,0,27 28,0,15,,30848,41,0,23 24,0,15,,30849,57,0,31 4 32,0,15,,30850,64,0,27 28,0,55,,30851,41,0,23 24,0,15,,30852,57,0,31 4 32,0,15,,30853,64,0,27 28,0,15,,30855,41,0,23 24,0
578300,'4',625,,30859,57,0,31 4 32,0,15,,30860,41,0,23 24,0,15,,30861,64,0,27 28,0,55,,30862,57,0,31 4 32,0,15,,30863,41,0,23 24,0,15,,30864,64,0,27 28,0,15,,30865,57,0,31 4 32,0,55,,30866,41,0,23 24,0,15,,30867,64,0,27 28,0,15,,30868,57,0,31 4 32,0,15,,30869,41,0,23 24,0,55,,30870,64,0,27 28,0,15,,30871,57,0,31 4 32,0,15,,30872,41,0,23 24,0,15,,30873,64,0,27 28,0,55,,30874,57,0,31 4 32,0,15,,30875,41,0,23 24,0,15,,30876,64,0,27 28,0,15,,30877,57,0,31 4 32,0,55,,30878,41,0,23 24,0,15,,30879,64,0,27 28,0,15,,30880,57,0,31 4 32,0,15,,30881,41,0,23 24,0,55,,30882,64,0,27 28,0,15,,30883,57,0,31 4 32,0,15,,30884,41,0,23 24,0,15,,30885,64,0,27 28,0,55,,30886,57,0,31 4 32,0,15,,30887,41,0,23 24,0,15,,30888,64,0,27 28,0,15,,30889,57,0,31 4 32,0,55,,30890,41,0,23 24,0,15,,30891,64,0,27 28,0,15,,30892,57,0,31 4 32,0,15,,30893,41,0,23 24,0,55,,30894,64,0,27 28,0,15,,30895,57,0,31 4 32,0,15,,30896,41,0,23 24,0,15,,30897,64,0,27 28,0,55,,30898,57,0,31 4 32,0,15,,30899,41,0,23 24,0,15,,30900,64,0,27 28,0,15,,30901,57,0,31 4 32,0,55,,30902,41,0,23 24,0,15,,30903,64,0,27 28,0,15,,30904,57,0,31 4 32,0,15,,30905,41,0,23 24,0,55,,30906,64,0,27 28,0,15,,30907,57,0,31 4 32,0,15,,30908,41,0,23 24,0,15,,30909,64,0,27 28,0,55,,30910,57,0,31 4 32,0,15,,30911,41,0,23 24,0,15,,30912,64,0,27 28,0,15,,30913,57,0,31 4 32,0,55,,30914,41,0,23 24,0,15,,30915,64,0,27 28,0,15,,30916,57,0,31 4 32,0,15,,30917,64,0,17 25 4 26,0,0,,30918,41,0,23 24,0
578300,'6',555,,30926,41,0,23 24,0,55,,30927,57,0,31 4 32,0,15,,30929,64,0,27 28,0,15,,30930,41,0,23 24,0,15,,30931,57,0,31 4 32,0,55,,30932,64,0,27 28,0,15,,30933,41,0,23 24,0,15,,30934,57,0,31 4 32,0,15,,30935,64,0,27 28,0,55,,30936,41,0,23 24,0,15,,30937,57,0,31 4 32,0,15,,30938,64,0,27 28,0,15,,30939,41,0,23 24,0,52,,30940,57,0,31 4 32,0,12,,30941,64,0,27 28,0,12,,30942,41,0,23 24,0,12,,30943,57,0,31 4 32,0,12,,30944,64,0,27 28,0,52,,30945,41,0,23 24,0,12,,30946,57,0,31 4 32,0,12,,30947,64,0,27 28,0,12,,30948,41,0,23 24,0,12,,30949,57,0,31 4 32,0,52,,30950,64,0,27 28,0,12,,30951,41,0,23 24,0,12,,30952,57,0,31 4 32,0,12,,30953,64,0,27 28,0,12,,30954,41,0,23 24,0,52,,30955,57,0,31 4 32,0,12,,30956,64,0,27 28,0,12,,30957,41,0,23 24,0,12,,30958,57,0,31 4 32,0,12,,30959,64,0,27 28,0,52,,30960,41,0,23 24,0,12,,30961,57,0,31 4 32,0,12,,30962,64,0,27 28,0,12,,30963,41,0,23 24,0,12,,30964,57,0,31 4 32,0,52,,30965,64,0,27 28,0,12,,30966,41,0,23 24,0,12,,30967,57,0,31 4 32,0,12,,30968,64,0,27 28,0,12,,30969,41,0,23 24,0,52,,30970,57,0,31 4 32,0,12,,30971,64,0,27 28,0,12,,30972,41,0,23 24,0,12,,30973,57,0,31 4 32,0,12,,30974,64,0,27 28,0,52,,30975,41,0,23 24,0,12,,30976,57,0,31 4 32,0,12,,30977,64,0,27 28,0,12,,30978,41,0,23 24,0,12,,30979,57,0,31 4 32,0,52,,30980,64,0,27 28,0,12,,30981,41,0,23 24,0,12,,30982,57,0,31 4 32,0,12,,30983,64,0,27 28,0,12,,30984,41,0,23 24,0,55,,30985,57,0,31 4 32,0,15,,30986,64,0,27 28,0,15,,30987,41,0,23 24,0,15,,30988,57,0,31 4 32,0,55,,30989,64,0,27 28,0,15,,30990,41,0,23 24,0,15,,30991,57,0,31 4 32,0,15,,30992,64,0,27 28,0,55,,30993,41,0,23 24,0,15,,30994,57,0,31 4 32,0,15,,30995,64,0,27 28,0,15,,30996,41,0,23 24,0,55,,30997,57,0,31 4 32,0,15,,30998,64,0,27 28,0,15,,30999,41,0,23 24,0,15,,31000,57,0,31 4 32,0,55,,31001,64,0,27 28,0,15,,31002,41,0,23 24,0,15,,31003,57,0,31 4 32,0,15,,31004,64,0,27 28,0,55,,31005,41,0,23 24,0,15,,31006,57,0,31 4 32,0,15,,31007,64,0,27 28,0,15,,31009,41,0,23 24,0
578401,'1',552,,31649,28,,,0,70,,31650,28,,,0,30,,31651,28,,,0,65,,31652,28,,,0,20,,31653,28,,,0,20,,31654,28,,,0,60,,31655,28,,,0,20,,31656,28,,,0,20,,31657,28,,,0,60,,31658,28,,,0,20,,31659,28,,,0,20,,31660,28,,,0,60,,31661,28,,,0,20,,31662,28,,,0,70,,31663,28,,,0,30,,31664,28,,,0,70,,31665,28,,,0,30,,31666,28,,,0,70,,31667,28,,,0,30,,31668,28,,,0,70,,31669,28,,,0,29,,31670,28,,,0,20,,31671,28,,,0,60,,31672,28,,,0,20,,31673,28,,,0,20,,31674,28,,,0,60,,31675,28,,,0,20,,31676,28,,,0,20,,31677,28,,,0,60,,31678,28,,,0,20,,31679,28,,,0,70,,31680,28,,,0,30,,31681,28,,,0,70,,31682,28,,,0,36,,31683,28,,,0,100,,31684,28,,,0,100,,31685,28,,,0,101,,31686,28,,,0,100,,31687,28,,,0,100,,31688,28,,,0,104,,31689,28,,,0
578401,'2',509,,31724,28,,,0,30,,31690,28,,,0,70,,31721,28,,,0,30,,31691,28,,,0,70,,31723,28,,,0,30,,31692,28,,,0,74,,31722,28,,,0,30,,31693,28,,,0,70,,31694,28,,,0,30,,31695,28,,,0,70,,31696,28,,,0,30,,31697,28,,,0,70,,31698,28,,,0,30,,31699,28,,,0,70,,31700,28,,,0,30,,31701,28,,,0,70,,31702,28,,,0,30,,31703,28,,,0,70,,31704,28,,,0,30,,31705,28,,,0,70,,31706,28,,,0,30,,31707,28,,,0,70,,31708,28,,,0,30,,31709,28,,,0,70,,31710,28,,,0,30,,31711,28,,,0,70,,31712,28,,,0,35,,31713,28,,,0,101,,31714,28,,,0,100,,31715,28,,,0,100,,31716,28,,,0,100,,31717,28,,,0,100,,31718,28,,,0,100,,31719,28,,,0,100,,31720,28,,,0
578401,'3',619,,31755,28,,,0,30,,31733,28,,,0,70,,31749,28,,,0,30,,31732,28,,,0,70,,31751,28,,,0,30,,31731,28,,,0,70,,31750,28,,,0,30,,31730,28,,,0,69,,31752,28,,,0,30,,31729,28,,,0,70,,31728,28,,,0,30,,31727,28,,,0,70,,31726,28,,,0,30,,31725,28,,,0,70,,31748,28,,,0,30,,31747,28,,,0,70,,31746,28,,,0,30,,31745,28,,,0,70,,31744,28,,,0,30,,31743,28,,,0,70,,31742,28,,,0,30,,31741,28,,,0,70,,31740,28,,,0,30,,31739,28,,,0,100,,31738,28,,,0,101,,31737,28,,,0,100,,31736,28,,,0,100,,31735,28,,,0,100,,31734,28,,,0,100,,31753,28,,,0,100,,31754,28,,,0
578401,'4',630,,31756,28,,,0,102,,31757,28,,,0,100,,31758,28,,,0,102,,31759,28,,,0,100,,31760,28,,,0,100,,31761,28,,,0,100,,31762,28,,,0,100,,31763,28,,,0,100,,31764,28,,,0,100,,31765,28,,,0,100,,31766,28,,,0,100,,31767,28,,,0,100,,31768,28,,,0,100,,31769,28,,,0,100,,31770,28,,,0
578401,'6',619,,31801,28,,,0,30,,31779,28,,,0,70,,31795,28,,,0,30,,31778,28,,,0,70,,31797,28,,,0,30,,31777,28,,,0,70,,31796,28,,,0,30,,31776,28,,,0,69,,31798,28,,,0,30,,31775,28,,,0,70,,31774,28,,,0,30,,31773,28,,,0,70,,31772,28,,,0,30,,31771,28,,,0,70,,31794,28,,,0,30,,31793,28,,,0,70,,31792,28,,,0,30,,31791,28,,,0,70,,31790,28,,,0,30,,31789,28,,,0,70,,31788,28,,,0,30,,31787,28,,,0,70,,31786,28,,,0,30,,31785,28,,,0,100,,31784,28,,,0,101,,31783,28,,,0,100,,31782,28,,,0,100,,31781,28,,,0,100,,31780,28,,,0,100,,31799,28,,,0,100,,31800,28,,,0
579401,'1601',902,,34328,31,,,0,98,,34329,31,,,0
579401,'1',540,,34330,52,,,0,60,,34331,52,,,0,20,,34332,52,,,0,20,,34333,52,,,0,60,,34334,52,,,0,16,,34335,52,,,0,16,,34336,52,,,0,19,,34337,52,,,0,55,,34338,52,,,0,15,,34339,52,,,0,15,,34340,52,,,0,15,,34341,52,,,0,55,,34342,52,,,0,15,,34343,52,,,0,16,,34344,52,,,0,16,,34345,52,,,0,53,,34346,52,,,0,15,,34347,52,,,0,15,,34348,52,,,0,15,,34349,52,,,0,55,,34350,52,,,0,15,,34351,52,,,0,15,,34352,52,,,0,15,,34353,52,,,0,55,,34354,52,,,0,15,,34355,52,,,0,15,,34356,52,,,0,15,,34357,52,,,0,55,,34358,52,,,0,15,,34359,52,,,0,15,,34360,52,,,0,15,,34361,52,,,0,55,,34362,52,,,0,17,,34363,52,,,0,15,,34364,52,,,0,15,,34365,52,,,0,55,,34366,52,,,0,15,,34367,52,,,0,15,,34368,52,,,0,15,,34369,52,,,0,55,,34370,52,,,0,15,,34371,52,,,0,15,,34372,52,,,0,15,,34373,52,,,0,55,,34374,52,,,0,15,,34375,52,,,0,15,,34376,52,,,0,15,,34377,52,,,0,55,,34378,52,,,0,15,,34379,52,,,0,15,,34380,52,,,0,15,,34381,52,,,0,70,,34382,52,,,0,31,,34383,52,,,0,70,,34384,52,,,0,30,,34385,52,,,0,70,,34386,52,,,0,30,,34387,52,,,0,70,,34388,52,,,0,28,,34389,52,,,0,70,,34390,52,,,0,30,,34391,52,,,0,70,,34392,52,,,0,30,,34393,52,,,0,61,,34394,52,,,0
579401,'2',548,,34433,52,,,0,70,,34432,52,,,0,30,,34431,52,,,0,70,,34430,52,,,0,30,,34429,52,,,0,70,,34428,52,,,0,30,,34427,52,,,0,70,,34426,52,,,0,33,,34425,52,,,0,70,,34424,52,,,0,30,,34423,52,,,0,70,,34422,52,,,0,30,,34421,52,,,0,70,,34420,52,,,0,30,,34419,52,,,0,70,,34418,52,,,0,30,,34417,52,,,0,70,,34416,52,,,0,30,,34415,52,,,0,70,,34414,52,,,0,30,,34413,52,,,0,70,,34412,52,,,0,30,,34411,52,,,0,70,,34410,52,,,0,30,,34409,52,,,0,70,,34408,52,,,0,30,,34407,52,,,0,72,,34406,52,,,0,30,,34405,52,,,0,70,,34404,52,,,0,30,,34403,52,,,0,70,,34402,52,,,0,30,,34401,52,,,0,70,,34400,52,,,0,30,,34399,52,,,0,70,,34398,52,,,0,30,,34397,52,,,0,70,,34396,52,,,0,30,,34395,52,,,0
579401,'3',607,,34470,52,,,0,30,,34469,52,,,0,70,,34468,52,,,0,30,,34467,52,,,0,70,,34466,52,,,0,30,,34465,52,,,0,70,,34464,52,,,0,31,,34463,52,,,0,70,,34462,52,,,0,30,,34461,52,,,0,70,,34460,52,,,0,30,,34459,52,,,0,70,,34458,52,,,0,30,,34457,52,,,0,70,,34456,52,,,0,30,,34455,52,,,0,70,,34454,52,,,0,30,,34453,52,,,0,70,,34452,52,,,0,30,,34451,52,,,0,70,,34450,52,,,0,30,,34449,52,,,0,70,,34448,52,,,0,30,,34447,52,,,0,70,,34446,52,,,0,30,,34445,52,,,0,70,,34444,52,,,0,27,,34443,52,,,0,70,,34442,52,,,0,30,,34441,52,,,0,70,,34440,52,,,0,30,,34439,52,,,0,70,,34438,52,,,0,30,,34437,52,,,0,70,,34436,52,,,0,25,,34435,52,,,0,22,,34434,52,,,0
579401,'4',627,,34471,52,,,0,25,,34472,52,,,0,70,,34473,52,,,0,30,,34474,52,,,0,70,,34475,52,,,0,30,,34476,52,,,0,70,,34477,52,,,0,30,,34478,52,,,0,70,,34479,52,,,0,30,,34480,52,,,0,70,,34481,52,,,0,30,,34482,52,,,0,70,,34483,52,,,0,30,,34484,52,,,0,70,,34485,52,,,0,30,,34486,52,,,0,70,,34487,52,,,0,30,,34488,52,,,0,70,,34489,52,,,0,30,,34490,52,,,0,70,,34491,52,,,0,30,,34492,52,,,0,70,,34493,52,,,0,30,,34494,52,,,0,70,,34500,52,,,0,30,,34495,52,,,0,70,,34496,52,,,0,30,,34497,52,,,0,70,,34498,52,,,0,30,,34499,52,,,0,63,,34501,52,,,0
579401,'6',548,,34540,52,,,0,70,,34539,52,,,0,30,,34538,52,,,0,70,,34537,52,,,0,30,,34536,52,,,0,70,,34535,52,,,0,30,,34534,52,,,0,70,,34533,52,,,0,33,,34532,52,,,0,70,,34531,52,,,0,30,,34530,52,,,0,70,,34529,52,,,0,30,,34528,52,,,0,70,,34527,52,,,0,30,,34526,52,,,0,70,,34525,52,,,0,30,,34524,52,,,0,70,,34523,52,,,0,30,,34522,52,,,0,70,,34521,52,,,0,30,,34520,52,,,0,70,,34519,52,,,0,30,,34518,52,,,0,70,,34517,52,,,0,30,,34516,52,,,0,70,,34515,52,,,0,30,,34514,52,,,0,72,,34513,52,,,0,30,,34512,52,,,0,70,,34511,52,,,0,30,,34510,52,,,0,70,,34509,52,,,0,30,,34508,52,,,0,70,,34507,52,,,0,30,,34506,52,,,0,70,,34505,52,,,0,30,,34504,52,,,0,70,,34503,52,,,0,30,,34502,52,,,0
579501,'1',530,,34741,40,,,0,20,,34742,40,,,0,60,,34743,40,,,0,20,,34744,40,,,0,18,,34745,40,,,0,55,,34746,40,,,0,15,,34747,40,,,0,12,,34748,40,,,0,15,,34749,40,,,0,55,,34750,40,,,0,15,,34751,40,,,0,15,,34752,40,,,0,15,,34753,40,,,0,55,,34754,40,,,0,15,,34755,40,,,0,15,,34756,40,,,0,15,,34757,40,,,0,55,,34758,40,,,0,15,,34759,40,,,0,17,,34760,40,,,0,20,,34761,40,,,0,60,,34762,40,,,0,20,,34763,40,,,0,20,,34764,40,,,0,60,,34765,40,,,0,20,,34766,40,,,0,20,,34767,40,,,0,60,,34768,40,,,0,20,,34769,40,,,0,20,,34770,40,,,0,61,,34771,40,,,0,19,,34772,40,,,0,14,,34773,40,,,0,56,,34774,40,,,0,14,,34775,40,,,0,15,,34776,40,,,0,15,,34777,40,,,0,55,,34778,40,,,0,15,,34779,40,,,0,15,,34780,40,,,0,15,,34781,40,,,0,55,,34782,40,,,0,15,,34783,40,,,0,15,,34784,40,,,0,15,,34785,40,,,0,55,,34786,40,,,0,20,,34787,40,,,0,30,,34788,40,,,0,69,,34789,40,,,0,30,,34790,40,,,0,70,,34791,40,,,0,30,,34792,40,,,0,70,,34793,40,,,0,30,,34794,40,,,0,70,,34795,40,,,0,30,,34796,40,,,0,70,,34797,40,,,0,30,,34798,40,,,0,70,,34799,40,,,0,87,,34800,40,,,0,33,,34801,40,,,0
579501,'2',608,,34835,40,,,0,34,,34833,40,,,0,70,,34830,40,,,0,30,,34813,40,,,0,70,,34826,40,,,0,30,,34827,40,,,0,70,,34832,40,,,0,28,,34837,40,,,0,70,,34838,40,,,0,30,,34831,40,,,0,70,,34836,40,,,0,30,,34834,40,,,0,70,,34840,40,,,0,30,,34802,40,,,0,70,,34806,40,,,0,30,,34805,40,,,0,70,,34839,40,,,0,30,,34803,40,,,0,70,,34804,40,,,0,30,,34807,40,,,0,70,,34811,40,,,0,30,,34812,40,,,0,70,,34815,40,,,0,30,,34818,40,,,0,70,,34819,40,,,0,32,,34809,40,,,0,70,,34808,40,,,0,30,,34810,40,,,0,70,,34820,40,,,0,30,,34821,40,,,0,70,,34823,40,,,0,30,,34816,40,,,0,70,,34817,40,,,0,30,,34814,40,,,0,70,,34828,40,,,0,30,,34829,40,,,0,70,,34822,40,,,0,30,,34824,40,,,0,70,,34825,40,,,0
579501,'3',613,,34846,40,,,0,35,,34845,40,,,0,73,,34847,40,,,0,30,,34844,40,,,0,70,,34848,40,,,0,30,,34843,40,,,0,70,,34849,40,,,0,28,,34850,40,,,0,70,,34851,40,,,0,30,,34852,40,,,0,70,,34853,40,,,0,30,,34854,40,,,0,70,,34855,40,,,0,30,,34856,40,,,0,70,,34857,40,,,0,30,,34858,40,,,0,70,,34859,40,,,0,30,,34860,40,,,0,70,,34861,40,,,0,30,,34862,40,,,0,70,,34863,40,,,0,30,,34864,40,,,0,70,,34865,40,,,0,30,,34866,40,,,0,70,,34867,40,,,0,30,,34868,40,,,0,70,,34842,40,,,0,30,,34869,40,,,0,70,,34841,40,,,0,30,,34870,40,,,0,70,,34871,40,,,0,30,,34872,40,,,0,70,,34873,40,,,0,32,,34874,40,,,0,70,,34875,40,,,0,30,,34876,40,,,0
579501,'4',650,,34899,40,,,0,100,,34898,40,,,0,70,,34897,40,,,0,30,,34896,40,,,0,70,,34895,40,,,0,30,,34894,40,,,0,70,,34893,40,,,0,30,,34892,40,,,0,70,,34891,40,,,0,30,,34890,40,,,0,70,,34889,40,,,0,30,,34888,40,,,0,70,,34887,40,,,0,30,,34886,40,,,0,70,,34885,40,,,0,30,,34884,40,,,0,70,,34883,40,,,0,30,,34882,40,,,0,70,,34881,40,,,0,85,,34880,40,,,0,45,,34900,40,,,0,85,,34879,40,,,0,85,,34878,40,,,0,85,,34877,40,,,0,45,,34901,40,,,0
579501,'6',613,,34907,40,,,0,35,,34906,40,,,0,73,,34908,40,,,0,30,,34905,40,,,0,70,,34909,40,,,0,30,,34904,40,,,0,70,,34910,40,,,0,28,,34911,40,,,0,70,,34912,40,,,0,30,,34913,40,,,0,70,,34914,40,,,0,30,,34915,40,,,0,70,,34916,40,,,0,30,,34917,40,,,0,70,,34918,40,,,0,30,,34919,40,,,0,70,,34920,40,,,0,30,,34921,40,,,0,70,,34922,40,,,0,30,,34923,40,,,0,70,,34924,40,,,0,30,,34925,40,,,0,70,,34926,40,,,0,30,,34927,40,,,0,70,,34928,40,,,0,30,,34929,40,,,0,70,,34903,40,,,0,30,,34930,40,,,0,70,,34902,40,,,0,30,,34931,40,,,0,70,,34932,40,,,0,30,,34933,40,,,0,70,,34934,40,,,0,32,,34935,40,,,0,70,,34936,40,,,0,30,,34937,40,,,0
579601,'1',502,,35143,41,,,0,20,,35144,41,,,0,20,,35145,41,,,0,58,,35146,41,,,0,14,,35147,41,,,0,15,,35148,41,,,0,15,,35149,41,,,0,56,,35150,41,,,0,15,,35151,41,,,0,15,,35152,41,,,0,15,,35153,41,,,0,55,,35154,41,,,0,15,,35155,41,,,0,15,,35156,41,,,0,15,,35157,41,,,0,55,,35158,41,,,0,15,,35159,41,,,0,15,,35160,41,,,0,16,,35161,41,,,0,57,,35162,41,,,0,20,,35163,41,,,0,20,,35164,41,,,0,60,,35165,41,,,0,20,,35166,41,,,0,20,,35167,41,,,0,60,,35168,41,,,0,20,,35169,41,,,0,20,,35170,41,,,0,60,,35171,41,,,0,20,,35172,41,,,0,20,,35173,41,,,0,60,,35174,41,,,0,20,,35175,41,,,0,20,,35176,41,,,0,15,,35177,41,,,0,55,,35178,41,,,0,15,,35179,41,,,0,15,,35180,41,,,0,15,,35181,41,,,0,55,,35182,41,,,0,15,,35183,41,,,0,15,,35184,41,,,0,15,,35185,41,,,0,55,,35186,41,,,0,15,,35187,41,,,0,20,,35188,41,,,0,60,,35189,41,,,0,28,,35190,41,,,0,70,,35191,41,,,0,26,,35192,41,,,0,70,,35193,41,,,0,30,,35194,41,,,0,70,,35195,41,,,0,30,,35196,41,,,0,27,,35197,41,,,0,65,,35198,41,,,0,30,,35199,41,,,0,70,,35200,41,,,0,25,,35201,41,,,0,70,,35202,41,,,0,28,,35203,41,,,0,70,,35204,41,,,0
579601,'2',543,,35217,41,,,0,70,,35218,41,,,0,32,,35219,41,,,0,70,,35220,41,,,0,30,,35221,41,,,0,70,,35222,41,,,0,30,,35223,41,,,0,66,,35224,41,,,0,20,,35225,41,,,0,20,,35226,41,,,0,60,,35227,41,,,0,20,,35228,41,,,0,20,,35229,41,,,0,60,,35230,41,,,0,20,,35231,41,,,0,20,,35232,41,,,0,60,,35233,41,,,0,20,,35234,41,,,0,20,,35235,41,,,0,60,,35236,41,,,0,20,,35237,41,,,0,20,,35238,41,,,0,60,,35239,41,,,0,20,,35240,41,,,0,20,,35241,41,,,0,60,,35242,41,,,0,20,,35243,41,,,0,20,,35244,41,,,0,60,,35245,41,,,0,20,,35246,41,,,0,20,,35247,41,,,0,60,,35248,41,,,0,22,,35253,41,,,0,70,,35249,41,,,0,28,,35250,41,,,0,70,,35251,41,,,0,30,,35252,41,,,0,70,,35205,41,,,0,30,,35206,41,,,0,70,,35207,41,,,0,30,,35208,41,,,0,27,,35209,41,,,0,66,,35210,41,,,0,30,,35211,41,,,0,70,,35212,41,,,0,30,,35213,41,,,0,70,,35214,41,,,0,30,,35215,41,,,0,70,,35216,41,,,0
579601,'3',610,,35278,41,,,0,30,,35279,41,,,0,70,,35277,41,,,0,30,,35280,41,,,0,70,,35276,41,,,0,30,,35281,41,,,0,65,,35274,41,,,0,26,,35275,41,,,0,70,,35273,41,,,0,30,,35272,41,,,0,70,,35271,41,,,0,30,,35270,41,,,0,70,,35269,41,,,0,30,,35268,41,,,0,70,,35267,41,,,0,30,,35266,41,,,0,70,,35265,41,,,0,30,,35264,41,,,0,70,,35263,41,,,0,30,,35262,41,,,0,70,,35261,41,,,0,30,,35260,41,,,0,70,,35259,41,,,0,30,,35258,41,,,0,27,,35254,41,,,0,70,,35257,41,,,0,30,,35282,41,,,0,70,,35256,41,,,0,30,,35283,41,,,0,70,,35255,41,,,0,30,,35284,41,,,0,67,,35285,41,,,0,30,,35286,41,,,0,59,,35288,41,,,0,30,,35287,41,,,0,70,,35289,41,,,0,30,,35290,41,,,0
579601,'4',622,,35291,41,,,0,100,,35292,41,,,0,85,,35293,41,,,0,30,,35294,41,,,0,70,,35295,41,,,0,34,,35296,41,,,0,70,,35297,41,,,0,30,,35298,41,,,0,70,,35299,41,,,0,30,,35300,41,,,0,70,,35301,41,,,0,30,,35302,41,,,0,70,,35303,41,,,0,30,,35304,41,,,0,70,,35305,41,,,0,30,,35306,41,,,0,70,,35307,41,,,0,30,,35308,41,,,0,82,,35309,41,,,0,100,,35310,41,,,0,98,,35311,41,,,0,100,,35312,41,,,0,100,,35313,41,,,0
579601,'6',610,,35338,41,,,0,30,,35339,41,,,0,70,,35337,41,,,0,30,,35340,41,,,0,70,,35336,41,,,0,30,,35341,41,,,0,65,,35334,41,,,0,26,,35335,41,,,0,70,,35333,41,,,0,30,,35332,41,,,0,70,,35331,41,,,0,30,,35330,41,,,0,70,,35329,41,,,0,30,,35328,41,,,0,70,,35327,41,,,0,30,,35326,41,,,0,70,,35325,41,,,0,30,,35324,41,,,0,70,,35323,41,,,0,30,,35322,41,,,0,70,,35321,41,,,0,30,,35320,41,,,0,70,,35319,41,,,0,30,,35318,41,,,0,27,,35314,41,,,0,70,,35317,41,,,0,30,,35342,41,,,0,70,,35316,41,,,0,30,,35343,41,,,0,70,,35315,41,,,0,30,,35344,41,,,0,67,,35345,41,,,0,30,,35346,41,,,0,59,,35348,41,,,0,30,,35347,41,,,0,70,,35349,41,,,0,30,,35350,41,,,0
579701,'1601',1520,,35553,36,,,0,30,,35552,36,,,0
579701,'1',526,,35554,36,,,0,22,,35555,36,,,0,60,,35556,36,,,0,20,,35557,36,,,0,20,,35558,36,,,0,60,,35559,36,,,0,15,,35560,36,,,0,15,,35561,36,,,0,15,,35562,36,,,0,55,,35563,36,,,0,15,,35564,36,,,0,15,,35565,36,,,0,15,,35566,36,,,0,60,,35567,36,,,0,20,,35568,36,,,0,20,,35569,36,,,0,59,,35570,36,,,0,20,,35571,36,,,0,20,,35572,36,,,0,60,,35573,36,,,0,20,,35574,36,,,0,20,,35575,36,,,0,60,,35576,36,,,0,20,,35577,36,,,0,20,,35578,36,,,0,60,,35579,36,,,0,20,,35580,36,,,0,20,,35581,36,,,0,56,,35582,36,,,0,15,,35583,36,,,0,15,,35584,36,,,0,15,,35585,36,,,0,55,,35586,36,,,0,15,,35587,36,,,0,15,,35588,36,,,0,15,,35589,36,,,0,55,,35590,36,,,0,15,,35591,36,,,0,15,,35592,36,,,0,15,,35593,36,,,0,55,,35594,36,,,0,15,,35595,36,,,0,15,,35596,36,,,0,15,,35597,36,,,0,69,,35598,36,,,0,30,,35599,36,,,0,65,,35600,36,,,0,28,,35601,36,,,0,70,,35602,36,,,0,30,,35603,36,,,0,70,,35604,36,,,0,30,,35605,36,,,0,68,,35606,36,,,0,25,,35607,36,,,0,70,,35608,36,,,0,30,,35609,36,,,0,70,,35610,36,,,0,32,,35611,36,,,0,70,,35612,36,,,0
579701,'2',558,,35656,36,,,0,72,,35657,36,,,0,70,,35658,36,,,0,30,,35659,36,,,0,70,,35613,36,,,0,30,,35614,36,,,0,71,,35615,36,,,0,20,,35616,36,,,0,20,,35617,36,,,0,60,,35618,36,,,0,20,,35619,36,,,0,20,,35620,36,,,0,60,,35621,36,,,0,20,,35622,36,,,0,20,,35623,36,,,0,60,,35624,36,,,0,20,,35625,36,,,0,20,,35626,36,,,0,60,,35627,36,,,0,20,,35628,36,,,0,20,,35629,36,,,0,60,,35630,36,,,0,20,,35631,36,,,0,20,,35632,36,,,0,60,,35633,36,,,0,20,,35634,36,,,0,20,,35635,36,,,0,60,,35636,36,,,0,20,,35637,36,,,0,20,,35638,36,,,0,60,,35639,36,,,0,20,,35640,36,,,0,20,,35660,36,,,0,60,,35661,36,,,0,20,,35641,36,,,0,25,,35642,36,,,0,70,,35643,36,,,0,30,,35644,36,,,0,70,,35645,36,,,0,30,,35646,36,,,0,70,,35647,36,,,0,30,,35648,36,,,0,63,,35649,36,,,0,30,,35650,36,,,0,70,,35651,36,,,0,30,,35652,36,,,0,70,,35653,36,,,0,30,,35654,36,,,0,73,,35655,36,,,0
579701,'3',632,,35667,36,,,0,69,,35666,36,,,0,30,,35668,36,,,0,70,,35665,36,,,0,30,,35669,36,,,0,70,,35670,36,,,0,40,,35671,36,,,0,70,,35672,36,,,0,30,,35673,36,,,0,70,,35674,36,,,0,30,,35675,36,,,0,70,,35676,36,,,0,30,,35677,36,,,0,70,,35678,36,,,0,30,,35679,36,,,0,70,,35680,36,,,0,30,,35681,36,,,0,70,,35682,36,,,0,30,,35683,36,,,0,70,,35684,36,,,0,30,,35685,36,,,0,70,,35686,36,,,0,30,,35687,36,,,0,67,,35664,36,,,0,30,,35688,36,,,0,70,,35663,36,,,0,30,,35689,36,,,0,70,,35662,36,,,0,30,,35690,36,,,0,67,,35691,36,,,0,30,,35692,36,,,0,68,,35693,36,,,0,30,,35694,36,,,0,70,,35695,36,,,0,30,,35696,36,,,0,24,,35697,36,,,0
579701,'4',652,,35698,36,,,0,100,,35699,36,,,0,70,,35700,36,,,0,30,,35701,36,,,0,70,,35702,36,,,0,35,,35703,36,,,0,70,,35704,36,,,0,30,,35705,36,,,0,70,,35706,36,,,0,30,,35707,36,,,0,70,,35708,36,,,0,30,,35709,36,,,0,70,,35710,36,,,0,30,,35711,36,,,0,70,,35712,36,,,0,30,,35713,36,,,0,65,,35714,36,,,0,30,,35715,36,,,0,100,,35716,36,,,0,98,,35717,36,,,0,100,,35718,36,,,0,100,,35719,36,,,0,100,,35720,36,,,0
579701,'6',632,,35726,36,,,0,69,,35725,36,,,0,30,,35727,36,,,0,70,,35724,36,,,0,30,,35728,36,,,0,70,,35729,36,,,0,40,,35730,36,,,0,70,,35731,36,,,0,30,,35732,36,,,0,70,,35733,36,,,0,30,,35734,36,,,0,70,,35735,36,,,0,30,,35736,36,,,0,70,,35737,36,,,0,30,,35738,36,,,0,70,,35739,36,,,0,30,,35740,36,,,0,70,,35741,36,,,0,30,,35742,36,,,0,70,,35743,36,,,0,30,,35744,36,,,0,70,,35745,36,,,0,30,,35746,36,,,0,67,,35723,36,,,0,30,,35747,36,,,0,70,,35722,36,,,0,30,,35748,36,,,0,70,,35721,36,,,0,30,,35749,36,,,0,67,,35750,36,,,0,30,,35751,36,,,0,68,,35752,36,,,0,30,,35753,36,,,0,70,,35754,36,,,0,30,,35755,36,,,0,24,,35756,36,,,0
579801,'1',530,,35991,21,,,0,20,,35992,21,,,0,60,,35993,21,,,0,20,,35994,21,,,0,20,,35995,21,,,0,59,,35996,21,,,0,16,,35997,21,,,0,14,,35998,21,,,0,12,,35999,21,,,0,52,,36000,21,,,0,12,,36001,21,,,0,12,,36002,21,,,0,12,,36003,21,,,0,14,,36004,21,,,0,52,,36005,21,,,0,12,,36006,21,,,0,12,,36007,21,,,0,13,,36008,21,,,0,15,,36009,21,,,0,55,,36010,21,,,0,15,,36011,21,,,0,15,,36012,21,,,0,15,,36013,21,,,0,55,,36014,21,,,0,15,,36015,21,,,0,15,,36016,21,,,0,15,,36017,21,,,0,55,,36018,21,,,0,15,,36019,21,,,0,15,,36020,21,,,0,15,,36021,21,,,0,55,,36022,21,,,0,15,,36023,21,,,0,15,,36024,21,,,0,15,,36025,21,,,0,56,,36026,21,,,0,15,,36027,21,,,0,15,,36028,21,,,0,15,,36029,21,,,0,55,,36030,21,,,0,12,,36031,21,,,0,12,,36032,21,,,0,12,,36033,21,,,0,52,,36034,21,,,0,12,,36035,21,,,0,12,,36036,21,,,0,12,,36037,21,,,0,12,,36038,21,,,0,52,,36039,21,,,0,12,,36040,21,,,0,12,,36041,21,,,0,12,,36042,21,,,0,12,,36043,21,,,0,52,,36044,21,,,0,12,,36045,21,,,0,11,,36046,21,,,0,12,,36047,21,,,0,12,,36048,21,,,0,52,,36049,21,,,0,14,,36050,21,,,0,14,,36051,21,,,0,15,,36052,21,,,0,15,,36053,21,,,0,53,,36054,21,,,0,18,,36055,21,,,0,12,,36056,21,,,0,14,,36057,21,,,0,60,,36058,21,,,0,20,,36059,21,,,0,20,,36060,21,,,0,60,,36061,21,,,0,20,,36062,21,,,0,20,,36063,21,,,0,70,,36064,21,,,0,30,,36065,21,,,0,97,,36066,21,,,0
579801,'2',532,,36098,21,,,0,69,,36099,21,,,0,32,,36100,21,,,0,70,,36101,21,,,0,30,,36102,21,,,0,70,,36103,21,,,0,30,,36104,21,,,0,70,,36105,21,,,0,30,,36106,21,,,0,20,,36107,21,,,0,65,,36108,21,,,0,20,,36109,21,,,0,20,,36110,21,,,0,60,,36111,21,,,0,20,,36112,21,,,0,20,,36113,21,,,0,62,,36114,21,,,0,20,,36067,21,,,0,60,,36068,21,,,0,15,,36069,21,,,0,20,,36070,21,,,0,20,,36071,21,,,0,60,,36072,21,,,0,20,,36073,21,,,0,20,,36074,21,,,0,60,,36075,21,,,0,20,,36076,21,,,0,20,,36077,21,,,0,60,,36078,21,,,0,20,,36079,21,,,0,20,,36080,21,,,0,60,,36081,21,,,0,20,,36082,21,,,0,20,,36083,21,,,0,60,,36084,21,,,0,21,,36085,21,,,0,70,,36086,21,,,0,30,,36087,21,,,0,70,,36088,21,,,0,30,,36089,21,,,0,70,,36090,21,,,0,27,,36091,21,,,0,70,,36092,21,,,0,30,,36093,21,,,0,70,,36094,21,,,0,30,,36095,21,,,0,22,,36096,21,,,0,99,,36097,21,,,0
579801,'3',625,,36115,21,,,0,76,,36146,21,,,0,30,,36116,21,,,0,70,,36117,21,,,0,30,,36118,21,,,0,70,,36119,21,,,0,31,,36120,21,,,0,70,,36121,21,,,0,34,,36122,21,,,0,70,,36123,21,,,0,30,,36124,21,,,0,70,,36125,21,,,0,30,,36126,21,,,0,70,,36127,21,,,0,30,,36128,21,,,0,70,,36129,21,,,0,30,,36130,21,,,0,70,,36131,21,,,0,30,,36132,21,,,0,70,,36133,21,,,0,30,,36134,21,,,0,70,,36135,21,,,0,30,,36139,21,,,0,70,,36140,21,,,0,30,,36141,21,,,0,70,,36142,21,,,0,30,,36143,21,,,0,70,,36144,21,,,0,30,,36145,21,,,0,70,,36136,21,,,0,31,,36149,21,,,0,70,,36137,21,,,0,30,,36147,21,,,0,70,,36138,21,,,0,30,,36148,21,,,0
579801,'4',525,,36150,21,,,0,100,,36151,21,,,0,30,,36152,21,,,0,70,,36153,21,,,0,30,,36154,21,,,0,70,,36155,21,,,0,30,,36156,21,,,0,74,,36157,21,,,0,74,,36158,21,,,0,34,,36159,21,,,0,70,,36160,21,,,0,30,,36161,21,,,0,70,,36162,21,,,0,30,,36163,21,,,0,70,,36164,21,,,0,30,,36165,21,,,0,90,,36166,21,,,0,95,,36167,21,,,0,100,,36168,21,,,0,100,,36169,21,,,0,100,,36170,21,,,0,100,,36171,21,,,0,100,,36172,21,,,0
579801,'6',532,,36204,21,,,0,69,,36205,21,,,0,32,,36206,21,,,0,70,,36207,21,,,0,30,,36208,21,,,0,70,,36209,21,,,0,30,,36210,21,,,0,70,,36211,21,,,0,30,,36212,21,,,0,20,,36213,21,,,0,65,,36214,21,,,0,20,,36215,21,,,0,20,,36216,21,,,0,60,,36217,21,,,0,20,,36218,21,,,0,20,,36219,21,,,0,62,,36220,21,,,0,20,,36173,21,,,0,60,,36174,21,,,0,15,,36175,21,,,0,20,,36176,21,,,0,20,,36177,21,,,0,60,,36178,21,,,0,20,,36179,21,,,0,20,,36180,21,,,0,60,,36181,21,,,0,20,,36182,21,,,0,20,,36183,21,,,0,60,,36184,21,,,0,20,,36185,21,,,0,20,,36186,21,,,0,60,,36187,21,,,0,20,,36188,21,,,0,20,,36189,21,,,0,60,,36190,21,,,0,21,,36191,21,,,0,70,,36192,21,,,0,30,,36193,21,,,0,70,,36194,21,,,0,30,,36195,21,,,0,70,,36196,21,,,0,27,,36197,21,,,0,70,,36198,21,,,0,30,,36199,21,,,0,70,,36200,21,,,0,30,,36201,21,,,0,22,,36202,21,,,0,99,,36203,21,,,0
579901,'1',545,,36452,35,,,0,60,,36453,35,,,0,20,,36454,35,,,0,22,,36455,35,,,0,64,,36456,35,,,0,16,,36457,35,,,0,12,,36458,35,,,0,11,,36459,35,,,0,52,,36460,35,,,0,12,,36461,35,,,0,12,,36462,35,,,0,12,,36463,35,,,0,12,,36464,35,,,0,51,,36465,35,,,0,12,,36466,35,,,0,12,,36467,35,,,0,12,,36468,35,,,0,15,,36469,35,,,0,55,,36470,35,,,0,15,,36471,35,,,0,15,,36472,35,,,0,15,,36473,35,,,0,55,,36474,35,,,0,15,,36475,35,,,0,15,,36476,35,,,0,15,,36477,35,,,0,55,,36478,35,,,0,15,,36479,35,,,0,15,,36480,35,,,0,15,,36481,35,,,0,55,,36482,35,,,0,15,,36483,35,,,0,15,,36484,35,,,0,15,,36485,35,,,0,55,,36486,35,,,0,15,,36487,35,,,0,15,,36488,35,,,0,15,,36489,35,,,0,54,,36490,35,,,0,13,,36491,35,,,0,12,,36492,35,,,0,12,,36493,35,,,0,12,,36494,35,,,0,52,,36495,35,,,0,12,,36496,35,,,0,12,,36497,35,,,0,12,,36498,35,,,0,12,,36499,35,,,0,52,,36500,35,,,0,12,,36501,35,,,0,12,,36502,35,,,0,12,,36503,35,,,0,12,,36504,35,,,0,52,,36505,35,,,0,14,,36506,35,,,0,12,,36507,35,,,0,15,,36508,35,,,0,56,,36510,35,,,0,16,,36511,35,,,0,17,,36512,35,,,0,15,,36513,35,,,0,59,,36514,35,,,0,14,,36515,35,,,0,20,,36517,35,,,0,60,,36518,35,,,0,20,,36519,35,,,0,20,,36520,35,,,0,73,,36521,35,,,0,29,,36522,35,,,0,63,,36523,35,,,0,41,,36524,35,,,0,70,,36525,35,,,0,91,,36527,35,,,0
579901,'2',558,,36540,35,,,0,69,,36541,35,,,0,26,,36542,35,,,0,70,,36543,35,,,0,30,,36544,35,,,0,70,,36545,35,,,0,30,,36546,35,,,0,71,,36547,35,,,0,20,,36548,35,,,0,60,,36549,35,,,0,20,,36550,35,,,0,20,,36551,35,,,0,60,,36552,35,,,0,20,,36553,35,,,0,20,,36554,35,,,0,62,,36555,35,,,0,22,,36556,35,,,0,18,,36557,35,,,0,60,,36558,35,,,0,20,,36559,35,,,0,20,,36560,35,,,0,60,,36561,35,,,0,20,,36562,35,,,0,20,,36563,35,,,0,60,,36564,35,,,0,20,,36565,35,,,0,20,,36566,35,,,0,60,,36567,35,,,0,20,,36568,35,,,0,20,,36569,35,,,0,60,,36570,35,,,0,20,,36571,35,,,0,20,,36572,35,,,0,60,,36573,35,,,0,15,,36574,35,,,0,30,,36575,35,,,0,70,,36576,35,,,0,30,,36577,35,,,0,70,,36531,35,,,0,30,,36532,35,,,0,70,,36533,35,,,0,27,,36534,35,,,0,70,,36535,35,,,0,28,,36536,35,,,0,70,,36537,35,,,0,30,,36538,35,,,0,75,,36539,35,,,0
579901,'3',617,,36580,35,,,0,30,,36612,35,,,0,70,,36581,35,,,0,30,,36582,35,,,0,70,,36583,35,,,0,30,,36584,35,,,0,70,,36585,35,,,0,30,,36586,35,,,0,70,,36587,35,,,0,30,,36588,35,,,0,73,,36589,35,,,0,30,,36590,35,,,0,70,,36591,35,,,0,30,,36592,35,,,0,70,,36593,35,,,0,30,,36594,35,,,0,70,,36595,35,,,0,30,,36596,35,,,0,70,,36597,35,,,0,30,,36598,35,,,0,70,,36599,35,,,0,30,,36600,35,,,0,70,,36601,35,,,0,30,,36605,35,,,0,70,,36606,35,,,0,30,,36607,35,,,0,70,,36608,35,,,0,30,,36609,35,,,0,70,,36610,35,,,0,30,,36611,35,,,0,70,,36613,35,,,0,32,,36602,35,,,0,70,,36614,35,,,0,30,,36603,35,,,0,70,,36615,35,,,0,30,,36604,35,,,0
579901,'4',610,,36616,35,,,0,30,,36617,35,,,0,70,,36618,35,,,0,30,,36619,35,,,0,70,,36620,35,,,0,30,,36621,35,,,0,75,,36622,35,,,0,34,,36623,35,,,0,70,,36624,35,,,0,30,,36625,35,,,0,70,,36626,35,,,0,30,,36627,35,,,0,70,,36628,35,,,0,30,,36629,35,,,0,70,,36630,35,,,0,30,,36631,35,,,0,100,,36632,35,,,0,100,,36633,35,,,0,100,,36634,35,,,0,100,,36635,35,,,0,100,,36636,35,,,0,100,,36637,35,,,0,100,,36638,35,,,0
579901,'6',558,,36650,35,,,0,69,,36651,35,,,0,26,,36652,35,,,0,70,,36653,35,,,0,30,,36654,35,,,0,70,,36655,35,,,0,30,,36656,35,,,0,71,,36657,35,,,0,20,,36658,35,,,0,60,,36659,35,,,0,20,,36660,35,,,0,20,,36661,35,,,0,60,,36662,35,,,0,20,,36663,35,,,0,20,,36664,35,,,0,62,,36665,35,,,0,22,,36666,35,,,0,18,,36667,35,,,0,60,,36668,35,,,0,20,,36669,35,,,0,20,,36670,35,,,0,60,,36671,35,,,0,20,,36672,35,,,0,20,,36673,35,,,0,60,,36674,35,,,0,20,,36675,35,,,0,20,,36676,35,,,0,60,,36677,35,,,0,20,,36678,35,,,0,20,,36679,35,,,0,60,,36680,35,,,0,20,,36681,35,,,0,20,,36682,35,,,0,60,,36683,35,,,0,15,,36684,35,,,0,30,,36685,35,,,0,70,,36686,35,,,0,30,,36687,35,,,0,70,,36641,35,,,0,30,,36642,35,,,0,70,,36643,35,,,0,27,,36644,35,,,0,70,,36645,35,,,0,28,,36646,35,,,0,70,,36647,35,,,0,30,,36648,35,,,0,75,,36649,35,,,0
580001,'1',447,,36910,36,,,0,56,,36911,36,,,0,6,,36912,36,,,0,9,,36913,36,,,0,20,,36914,36,,,0,10,,36915,36,,,0,2,,36916,36,,,0,8,,36917,36,,,0,1,,36918,36,,,0,53,,36919,36,,,0,13,,36920,36,,,0,15,,36921,36,,,0,15,,36922,36,,,0,55,,36923,36,,,0,15,,36924,36,,,0,15,,36925,36,,,0,15,,36926,36,,,0,55,,36927,36,,,0,15,,36928,36,,,0,15,,36929,36,,,0,15,,36930,36,,,0,56,,36931,36,,,0,15,,36932,36,,,0,25,,36933,36,,,0,70,,36934,36,,,0,30,,36935,36,,,0,70,,36936,36,,,0,30,,36937,36,,,0,70,,36938,36,,,0,30,,36939,36,,,0,70,,36940,36,,,0,30,,36941,36,,,0,70,,36942,36,,,0,30,,36943,36,,,0,69,,36944,36,,,0,15,,36945,36,,,0,15,,36946,36,,,0,55,,36947,36,,,0,15,,36948,36,,,0,15,,36949,36,,,0,15,,36950,36,,,0,55,,36951,36,,,0,15,,36952,36,,,0,15,,36953,36,,,0,15,,36954,36,,,0,55,,36955,36,,,0,30,,36956,36,,,0,68,,36957,36,,,0,30,,36958,36,,,0,72,,36959,36,,,0,30,,36960,36,,,0,70,,36961,36,,,0,30,,36962,36,,,0,70,,36963,36,,,0,30,,36964,36,,,0,70,,36965,36,,,0,34,,36966,36,,,0,70,,36967,36,,,0,30,,36968,36,,,0,76,,36969,36,,,0
580001,'2',506,,37020,36,,,0,4,,37014,36,,,0,30,,37013,36,,,0,70,,37012,36,,,0,30,,37011,36,,,0,70,,37010,36,,,0,30,,37009,36,,,0,70,,37008,36,,,0,30,,37007,36,,,0,70,,37006,36,,,0,20,,37005,36,,,0,20,,37004,36,,,0,60,,37003,36,,,0,20,,37002,36,,,0,20,,36996,36,,,0,60,,36997,36,,,0,20,,36985,36,,,0,20,,36988,36,,,0,60,,36989,36,,,0,20,,36987,36,,,0,20,,36993,36,,,0,60,,36995,36,,,0,20,,36994,36,,,0,20,,36992,36,,,0,60,,36980,36,,,0,20,,36981,36,,,0,20,,36982,36,,,0,60,,36983,36,,,0,20,,36984,36,,,0,20,,36986,36,,,0,60,,37001,36,,,0,20,,36998,36,,,0,20,,36999,36,,,0,60,,37000,36,,,0,20,,36978,36,,,0,20,,36977,36,,,0,60,,36979,36,,,0,20,,36970,36,,,0,20,,36990,36,,,0,70,,36991,36,,,0,30,,36976,36,,,0,70,,36975,36,,,0,30,,36974,36,,,0,70,,36973,36,,,0,30,,36972,36,,,0,70,,36971,36,,,0,30,,37019,36,,,0,74,,37018,36,,,0,30,,37017,36,,,0,70,,37016,36,,,0,30,,37015,36,,,0
580001,'3',505,,37053,36,,,0,18,,37026,36,,,0,23,,37021,36,,,0,7,,37035,36,,,0,56,,37054,36,,,0,13,,37025,36,,,0,30,,37044,36,,,0,70,,37024,36,,,0,30,,37045,36,,,0,70,,37023,36,,,0,30,,37046,36,,,0,70,,37022,36,,,0,29,,37027,36,,,0,70,,37049,36,,,0,30,,37029,36,,,0,70,,37043,36,,,0,30,,37032,36,,,0,70,,37042,36,,,0,30,,37041,36,,,0,70,,37047,36,,,0,30,,37048,36,,,0,70,,37028,36,,,0,30,,37033,36,,,0,70,,37030,36,,,0,30,,37034,36,,,0,70,,37031,36,,,0,30,,37036,36,,,0,70,,37039,36,,,0,30,,37037,36,,,0,70,,37050,36,,,0,30,,37038,36,,,0,71,,37051,36,,,0,30,,37040,36,,,0,70,,37052,36,,,0,30,,37055,36,,,0,70,,37056,36,,,0,30,,37057,36,,,0,70,,37058,36,,,0,30,,37059,36,,,0,70,,37060,36,,,0,30,,37061,36,,,0
580001,'4',548,,37062,36,,,0,86,,37063,36,,,0,85,,37064,36,,,0,85,,37065,36,,,0,45,,37066,36,,,0,85,,37067,36,,,0,85,,37068,36,,,0,85,,37069,36,,,0,45,,37070,36,,,0,85,,37071,36,,,0,85,,37072,36,,,0,85,,37073,36,,,0,45,,37074,36,,,0,85,,37075,36,,,0,85,,37076,36,,,0,85,,37077,36,,,0,45,,37078,36,,,0,85,,37079,36,,,0,85,,37080,36,,,0,85,,37081,36,,,0,45,,37082,36,,,0
580001,'6',505,,37115,36,,,0,18,,37088,36,,,0,23,,37083,36,,,0,7,,37097,36,,,0,56,,37116,36,,,0,13,,37087,36,,,0,30,,37106,36,,,0,70,,37086,36,,,0,30,,37107,36,,,0,70,,37085,36,,,0,30,,37108,36,,,0,70,,37084,36,,,0,29,,37089,36,,,0,70,,37111,36,,,0,30,,37091,36,,,0,70,,37105,36,,,0,30,,37094,36,,,0,70,,37104,36,,,0,30,,37103,36,,,0,70,,37109,36,,,0,30,,37110,36,,,0,70,,37090,36,,,0,30,,37095,36,,,0,70,,37092,36,,,0,30,,37096,36,,,0,70,,37093,36,,,0,30,,37098,36,,,0,70,,37101,36,,,0,30,,37099,36,,,0,70,,37112,36,,,0,30,,37100,36,,,0,71,,37113,36,,,0,30,,37102,36,,,0,70,,37114,36,,,0,30,,37117,36,,,0,70,,37118,36,,,0,30,,37119,36,,,0,70,,37120,36,,,0,30,,37121,36,,,0,70,,37122,36,,,0,30,,37123,36,,,0
580101,'1',531,,37315,43,,,0,20,,37316,43,,,0,60,,37317,43,,,0,20,,37318,43,,,0,20,,37319,43,,,0,60,,37320,43,,,0,15,,37321,43,,,0,19,,37322,43,,,0,55,,37323,43,,,0,15,,37324,43,,,0,18,,37325,43,,,0,20,,37326,43,,,0,60,,37327,43,,,0,19,,37328,43,,,0,20,,37329,43,,,0,60,,37330,43,,,0,20,,37331,43,,,0,20,,37332,43,,,0,60,,37333,43,,,0,20,,37334,43,,,0,20,,37335,43,,,0,60,,37336,43,,,0,20,,37337,43,,,0,20,,37338,43,,,0,60,,37339,43,,,0,20,,37340,43,,,0,20,,37341,43,,,0,60,,37342,43,,,0,15,,37343,43,,,0,15,,37344,43,,,0,15,,37345,43,,,0,55,,37346,43,,,0,15,,37347,43,,,0,15,,37348,43,,,0,15,,37349,43,,,0,55,,37350,43,,,0,15,,37351,43,,,0,15,,37352,43,,,0,15,,37353,43,,,0,55,,37354,43,,,0,15,,37355,43,,,0,15,,37356,43,,,0,15,,37357,43,,,0,55,,37358,43,,,0,30,,37359,43,,,0,70,,37360,43,,,0,30,,37361,43,,,0,70,,37362,43,,,0,26,,37363,43,,,0,70,,37364,43,,,0,45,,37365,43,,,0,80,,37366,43,,,0,80,,37367,43,,,0,40,,37368,43,,,0,80,,37369,43,,,0,80,,37370,43,,,0
580101,'2',530,,37406,43,,,0,70,,37407,43,,,0,30,,37371,43,,,0,70,,37372,43,,,0,30,,37373,43,,,0,70,,37374,43,,,0,30,,37375,43,,,0,70,,37376,43,,,0,35,,37377,43,,,0,70,,37378,43,,,0,30,,37379,43,,,0,70,,37380,43,,,0,30,,37381,43,,,0,70,,37382,43,,,0,30,,37383,43,,,0,70,,37384,43,,,0,30,,37385,43,,,0,70,,37386,43,,,0,30,,37387,43,,,0,70,,37388,43,,,0,30,,37389,43,,,0,70,,37390,43,,,0,30,,37391,43,,,0,70,,37392,43,,,0,30,,37393,43,,,0,70,,37394,43,,,0,30,,37395,43,,,0,70,,37396,43,,,0,30,,37397,43,,,0,70,,37398,43,,,0,26,,37399,43,,,0,70,,37400,43,,,0,30,,37401,43,,,0,70,,37402,43,,,0,30,,37403,43,,,0,80,,37404,43,,,0,40,,37405,43,,,0,80,,37408,43,,,0,80,,37409,43,,,0
580101,'3',617,,37410,43,,,0,30,,37411,43,,,0,70,,37412,43,,,0,30,,37413,43,,,0,70,,37414,43,,,0,30,,37415,43,,,0,70,,37416,43,,,0,34,,37417,43,,,0,70,,37418,43,,,0,30,,37419,43,,,0,70,,37420,43,,,0,30,,37421,43,,,0,70,,37422,43,,,0,30,,37423,43,,,0,70,,37424,43,,,0,30,,37425,43,,,0,70,,37426,43,,,0,30,,37427,43,,,0,70,,37428,43,,,0,30,,37429,43,,,0,70,,37430,43,,,0,30,,37431,43,,,0,70,,37432,43,,,0,30,,37433,43,,,0,70,,37434,43,,,0,30,,37435,43,,,0,70,,37436,43,,,0,30,,37437,43,,,0,70,,37438,43,,,0,25,,37439,43,,,0,70,,37440,43,,,0,35,,37441,43,,,0,80,,37442,43,,,0,80,,37443,43,,,0,40,,37444,43,,,0,75,,37445,43,,,0
580101,'4',653,,37467,43,,,0,80,,37466,43,,,0,80,,37446,43,,,0,40,,37447,43,,,0,80,,37448,43,,,0,80,,37449,43,,,0,40,,37450,43,,,0,80,,37451,43,,,0,80,,37452,43,,,0,40,,37453,43,,,0,80,,37454,43,,,0,80,,37455,43,,,0,40,,37456,43,,,0,80,,37457,43,,,0,80,,37458,43,,,0,40,,37459,43,,,0,80,,37460,43,,,0,80,,37461,43,,,0,40,,37462,43,,,0,80,,37463,43,,,0,80,,37464,43,,,0,40,,37465,43,,,0
580101,'6',617,,37468,43,,,0,30,,37469,43,,,0,70,,37470,43,,,0,30,,37471,43,,,0,70,,37472,43,,,0,30,,37473,43,,,0,70,,37474,43,,,0,34,,37475,43,,,0,70,,37476,43,,,0,30,,37477,43,,,0,70,,37478,43,,,0,30,,37479,43,,,0,70,,37480,43,,,0,30,,37481,43,,,0,70,,37482,43,,,0,30,,37483,43,,,0,70,,37484,43,,,0,30,,37485,43,,,0,70,,37486,43,,,0,30,,37487,43,,,0,70,,37488,43,,,0,30,,37489,43,,,0,70,,37490,43,,,0,30,,37491,43,,,0,70,,37492,43,,,0,30,,37493,43,,,0,70,,37494,43,,,0,30,,37495,43,,,0,70,,37496,43,,,0,25,,37497,43,,,0,70,,37498,43,,,0,35,,37499,43,,,0,80,,37500,43,,,0,80,,37501,43,,,0,40,,37502,43,,,0,75,,37503,43,,,0
580301,'1',502,,38076,33,,,0,35,,38077,33,,,0,63,,38078,36,,,0,22,,38079,33,,,0,20,,38080,36,,,0,60,,38081,33,,,0,20,,38082,36,,,0,17,,38083,33,,,0,15,,38084,36,,,0,55,,38085,33,,,0,15,,38086,36,,,0,15,,38087,33,,,0,15,,38088,36,,,0,55,,38089,33,,,0,15,,38090,36,,,0,15,,38091,33,,,0,15,,38092,36,,,0,55,,38093,33,,,0,17,,38094,36,,,0,20,,38095,33,,,0,60,,38096,36,,,0,20,,38097,33,,,0,20,,38098,36,,,0,60,,38099,33,,,0,20,,38100,36,,,0,20,,38101,33,,,0,60,,38102,36,,,0,20,,38103,33,,,0,20,,38104,36,,,0,60,,38105,33,,,0,16,,38106,36,,,0,13,,38107,33,,,0,15,,38108,36,,,0,55,,38109,33,,,0,15,,38110,36,,,0,15,,38111,33,,,0,15,,38112,36,,,0,55,,38113,33,,,0,15,,38114,36,,,0,15,,38115,33,,,0,15,,38116,36,,,0,55,,38117,33,,,0,15,,38118,36,,,0,17,,38119,33,,,0,15,,38120,36,,,0,55,,38121,33,,,0,15,,38122,36,,,0,15,,38123,33,,,0,15,,38124,36,,,0,55,,38125,33,,,0,15,,38126,36,,,0,15,,38127,33,,,0,20,,38128,36,,,0,60,,38129,33,,,0,20,,38130,36,,,0,20,,38131,33,,,0,60,,38132,36,,,0,20,,38133,33,,,0,16,,38134,36,,,0,69,,38135,33,,,0,30,,38136,36,,,0,70,,38137,33,,,0,30,,38138,36,,,0,68,,38139,33,,,0,28,,38140,36,,,0,68,,38141,33,,,0
580301,'2',539,,38165,36,,,0,70,,38158,33,,,0,30,,38178,36,,,0,70,,38179,33,,,0,30,,38180,36,,,0,70,,38181,33,,,0,30,,38163,36,,,0,70,,38164,33,,,0,30,,38147,36,,,0,70,,38175,33,,,0,24,,38176,36,,,0,20,,38177,33,,,0,60,,38172,36,,,0,20,,38173,33,,,0,20,,38174,36,,,0,60,,38166,33,,,0,20,,38167,36,,,0,20,,38168,33,,,0,60,,38169,36,,,0,20,,38170,33,,,0,20,,38171,36,,,0,60,,38182,33,,,0,20,,38185,36,,,0,20,,38156,33,,,0,60,,38157,36,,,0,20,,38155,33,,,0,20,,38152,36,,,0,60,,38153,33,,,0,20,,38150,36,,,0,20,,38151,33,,,0,60,,38154,36,,,0,20,,38145,33,,,0,20,,38159,36,,,0,60,,38161,33,,,0,20,,38162,36,,,0,20,,38160,33,,,0,60,,38186,36,,,0,30,,38187,33,,,0,70,,38183,36,,,0,30,,38184,33,,,0,70,,38149,36,,,0,30,,38146,33,,,0,70,,38190,36,,,0,30,,38142,33,,,0,70,,38143,36,,,0,30,,38144,33,,,0,70,,38188,36,,,0,30,,38189,33,,,0,70,,38148,36,,,0
580301,'3',622,,38208,36,,,0,30,,38207,33,,,0,70,,38206,36,,,0,30,,38205,33,,,0,70,,38204,36,,,0,30,,38203,33,,,0,70,,38202,36,,,0,30,,38201,33,,,0,72,,38209,36,,,0,20,,38222,33,,,0,60,,38210,33,,,0,20,,38223,36,,,0,20,,38211,33,,,0,60,,38224,36,,,0,20,,38212,33,,,0,20,,38225,36,,,0,60,,38213,33,,,0,20,,38226,36,,,0,20,,38214,33,,,0,60,,38227,36,,,0,20,,38215,33,,,0,20,,38228,36,,,0,60,,38216,33,,,0,20,,38229,36,,,0,20,,38217,33,,,0,60,,38230,36,,,0,20,,38218,33,,,0,20,,38231,36,,,0,60,,38219,33,,,0,20,,38232,36,,,0,20,,38220,33,,,0,60,,38233,36,,,0,20,,38221,33,,,0,20,,38234,36,,,0,58,,38235,33,,,0,19,,38200,36,,,0,31,,38199,33,,,0,69,,38198,36,,,0,31,,38197,33,,,0,69,,38196,36,,,0,31,,38195,33,,,0,66,,38194,36,,,0,31,,38193,33,,,0,69,,38192,36,,,0,31,,38191,33,,,0
580301,'4',622,,38236,36,,,0,30,,38251,33,,,0,70,,38237,36,,,0,30,,38252,33,,,0,70,,38238,36,,,0,30,,38253,33,,,0,70,,38239,36,,,0,30,,38254,33,,,0,70,,38240,36,,,0,30,,38255,33,,,0,70,,38241,36,,,0,30,,38256,33,,,0,70,,38242,36,,,0,30,,38257,33,,,0,70,,38243,36,,,0,30,,38258,33,,,0,70,,38244,36,,,0,30,,38259,33,,,0,70,,38245,36,,,0,30,,38260,33,,,0,70,,38246,36,,,0,30,,38261,33,,,0,70,,38247,36,,,0,30,,38262,33,,,0,70,,38248,36,,,0,30,,38263,33,,,0,70,,38249,36,,,0,30,,38264,33,,,0,70,,38250,36,,,0,30,,38265,33,,,0
580301,'6',622,,38283,36,,,0,30,,38282,33,,,0,70,,38281,36,,,0,30,,38280,33,,,0,70,,38279,36,,,0,30,,38278,33,,,0,70,,38277,36,,,0,30,,38276,33,,,0,72,,38284,36,,,0,20,,38297,33,,,0,60,,38285,33,,,0,20,,38298,36,,,0,20,,38286,33,,,0,60,,38299,36,,,0,20,,38287,33,,,0,20,,38300,36,,,0,60,,38288,33,,,0,20,,38301,36,,,0,20,,38289,33,,,0,60,,38302,36,,,0,20,,38290,33,,,0,20,,38303,36,,,0,60,,38291,33,,,0,20,,38304,36,,,0,20,,38292,33,,,0,60,,38305,36,,,0,20,,38293,33,,,0,20,,38306,36,,,0,60,,38294,33,,,0,20,,38307,36,,,0,20,,38295,33,,,0,60,,38308,36,,,0,20,,38296,33,,,0,20,,38309,36,,,0,58,,38310,33,,,0,19,,38275,36,,,0,31,,38274,33,,,0,69,,38273,36,,,0,31,,38272,33,,,0,69,,38271,36,,,0,31,,38270,33,,,0,66,,38269,36,,,0,31,,38268,33,,,0,69,,38267,36,,,0,31,,38266,33,,,0
580800,'14601',502,,39276,2,,,0,20,,39270,2,,,0,20,,39271,2,,,0,60,,39272,2,,,0,20,,39273,2,,,0,20,,39274,2,,,0,60,,39275,2,,,0,20,,39174,2,,,0,18,,39175,2,,,0,7,,39188,2,,,0,7,,39189,2,,,0,48,,39196,2,,,0,7,,39190,2,,,0,8,,39197,2,,,0,7,,39191,2,,,0,8,,39198,2,,,0,7,,39192,2,,,0,8,,39199,2,,,0,7,,39193,2,,,0,48,,39200,2,,,0,7,,39194,2,,,0,8,,39201,2,,,0,7,,39195,2,,,0,10,,39202,2,,,0,10,,39203,2,,,0,10,,39204,2,,,0,50,,39205,2,,,0,10,,39206,2,,,0,10,,39207,2,,,0,10,,39208,2,,,0,10,,39209,2,,,0,10,,39210,2,,,0,50,,39211,2,,,0,10,,39212,2,,,0,10,,39213,2,,,0,10,,39214,2,,,0,10,,39215,2,,,0,10,,39216,2,,,0,50,,39217,2,,,0,10,,39218,2,,,0,10,,39219,2,,,0,10,,39220,2,,,0,10,,39221,2,,,0,10,,39222,2,,,0,50,,39223,2,,,0,10,,39224,2,,,0,10,,39225,2,,,0,10,,39226,2,,,0,10,,39227,2,,,0,10,,39228,2,,,0,50,,39229,2,,,0,10,,39230,2,,,0,10,,39231,2,,,0,10,,39232,2,,,0,10,,39233,2,,,0,10,,39247,2,,,0,47,,39234,2,,,0,8,,39248,2,,,0,7,,39235,2,,,0,8,,39249,2,,,0,7,,39236,2,,,0,8,,39250,2,,,0,7,,39237,2,,,0,8,,39251,2,,,0,47,,39238,2,,,0,8,,39252,2,,,0,7,,39239,2,,,0,8,,39253,2,,,0,7,,39240,2,,,0,8,,39254,2,,,0,7,,39241,2,,,0,8,,39255,2,,,0,47,,39242,2,,,0,8,,39256,2,,,0,7,,39243,2,,,0,8,,39257,2,,,0,7,,39244,2,,,0,8,,39258,2,,,0,7,,39245,2,,,0,8,,39259,2,,,0,47,,39246,2,,,0,8,,39260,2,,,0,11,,39261,2,,,0,15,,39176,2,,,0,15,,39177,2,,,0,55,,39178,2,,,0,15,,39171,2,,,0,15,,39172,2,,,0,15,,39173,2,,,0,55,,39262,2,,,0,15,,39263,2,,,0,15,,39264,2,,,0,15,,39265,2,,,0,55,,39266,2,,,0,15,,39267,2,,,0,15,,39268,2,,,0,23,,39269,2,,,0,69,,39179,2,,,0,30,,39180,2,,,0,70,,39181,2,,,0,30,,39182,2,,,0,70,,39183,2,,,0,30,,39184,2,,,0,70,,39185,2,,,0,30,,39186,2,,,0,70,,39187,2,,,0
580800,'14602',502,,39308,2,,,0,30,,39309,2,,,0,70,,39310,2,,,0,30,,39311,2,,,0,70,,39312,2,,,0,30,,39313,2,,,0,70,,39314,2,,,0,30,,39315,2,,,0,70,,39316,2,,,0,30,,39317,2,,,0,70,,39318,2,,,0,30,,39319,2,,,0,70,,39320,2,,,0,30,,39291,2,,,0,70,,39292,2,,,0,30,,39293,2,,,0,70,,39294,2,,,0,30,,39295,2,,,0,70,,39296,2,,,0,30,,39297,2,,,0,70,,39298,2,,,0,30,,39299,2,,,0,70,,39300,2,,,0,30,,39301,2,,,0,70,,39302,2,,,0,30,,39303,2,,,0,70,,39304,2,,,0,30,,39305,2,,,0,70,,39306,2,,,0,30,,39307,2,,,0,70,,39290,2,,,0,30,,39289,2,,,0,70,,39288,2,,,0,30,,39287,2,,,0,69,,39286,2,,,0,30,,39285,2,,,0,70,,39284,2,,,0,30,,39283,2,,,0,70,,39282,2,,,0,30,,39281,2,,,0,70,,39280,2,,,0,30,,39279,2,,,0,70,,39278,2,,,0,30,,39277,2,,,0
580800,'14603',602,,39346,2,,,0,30,,39347,2,,,0,70,,39348,2,,,0,30,,39349,2,,,0,70,,39350,2,,,0,30,,39351,2,,,0,70,,39352,2,,,0,30,,39353,2,,,0,70,,39354,2,,,0,30,,39355,2,,,0,70,,39356,2,,,0,30,,39337,2,,,0,70,,39336,2,,,0,30,,39335,2,,,0,70,,39334,2,,,0,30,,39333,2,,,0,70,,39332,2,,,0,30,,39331,2,,,0,70,,39330,2,,,0,30,,39329,2,,,0,70,,39328,2,,,0,30,,39327,2,,,0,70,,39326,2,,,0,30,,39325,2,,,0,70,,39324,2,,,0,30,,39323,2,,,0,70,,39322,2,,,0,30,,39321,2,,,0,70,,39338,2,,,0,30,,39339,2,,,0,70,,39340,2,,,0,30,,39341,2,,,0,69,,39342,2,,,0,30,,39343,2,,,0,70,,39344,2,,,0,30,,39345,2,,,0
580800,'14604',602,,39376,2,,,0,30,,39377,2,,,0,70,,39378,2,,,0,30,,39379,2,,,0,70,,39380,2,,,0,30,,39381,2,,,0,70,,39382,2,,,0,30,,39383,2,,,0,70,,39384,2,,,0,30,,39385,2,,,0,70,,39386,2,,,0,30,,39373,2,,,0,70,,39372,2,,,0,30,,39371,2,,,0,70,,39370,2,,,0,30,,39369,2,,,0,70,,39368,2,,,0,30,,39367,2,,,0,70,,39366,2,,,0,30,,39365,2,,,0,70,,39364,2,,,0,30,,39363,2,,,0,70,,39362,2,,,0,30,,39361,2,,,0,70,,39360,2,,,0,30,,39359,2,,,0,70,,39358,2,,,0,30,,39357,2,,,0,70,,39374,2,,,0,30,,39375,2,,,0
580800,'14606',602,,39412,2,,,0,30,,39413,2,,,0,70,,39414,2,,,0,30,,39415,2,,,0,70,,39416,2,,,0,30,,39417,2,,,0,70,,39418,2,,,0,30,,39419,2,,,0,70,,39420,2,,,0,30,,39421,2,,,0,70,,39422,2,,,0,30,,39403,2,,,0,70,,39402,2,,,0,30,,39401,2,,,0,70,,39400,2,,,0,30,,39399,2,,,0,70,,39398,2,,,0,30,,39397,2,,,0,70,,39396,2,,,0,30,,39395,2,,,0,70,,39394,2,,,0,30,,39393,2,,,0,70,,39392,2,,,0,30,,39391,2,,,0,70,,39390,2,,,0,30,,39389,2,,,0,70,,39388,2,,,0,30,,39387,2,,,0,70,,39404,2,,,0,30,,39405,2,,,0,70,,39406,2,,,0,30,,39407,2,,,0,69,,39408,2,,,0,30,,39409,2,,,0,70,,39410,2,,,0,30,,39411,2,,,0
582800,'1',436,,40216,2,,,0,23,,40217,2,,,0,53,,40218,2,,,0,14,,40219,2,,,0,14,,40220,2,,,0,10,,40221,2,,,0,50,,40222,2,,,0,10,,40223,2,,,0,10,,40224,2,,,0,10,,40225,2,,,0,10,,40226,2,,,0,10,,40227,2,,,0,50,,40228,2,,,0,15,,40230,2,,,0,15,,40232,2,,,0,15,,40234,2,,,0,55,,40236,2,,,0,15,,40238,2,,,0,15,,40240,2,,,0,15,,40242,2,,,0,55,,40244,2,,,0,14,,40246,2,,,0,12,,40248,2,,,0,12,,40250,2,,,0,12,,40252,2,,,0,52,,40254,2,,,0,12,,40256,2,,,0,12,,40258,2,,,0,12,,40260,2,,,0,12,,40262,2,,,0,52,,40264,2,,,0,12,,40266,2,,,0,12,,40268,2,,,0,12,,40270,2,,,0,12,,40272,2,,,0,52,,40274,2,,,0,12,,40276,2,,,0,12,,40278,2,,,0,12,,40280,2,,,0,12,,40282,2,,,0,52,,40284,2,,,0,12,,40286,2,,,0,12,,40288,2,,,0,12,,40290,2,,,0,12,,40292,2,,,0,52,,40294,2,,,0,12,,40296,2,,,0,11,,40298,2,,,0,12,,40300,2,,,0,12,,40302,2,,,0,52,,40304,2,,,0,12,,40306,2,,,0,12,,40308,2,,,0,12,,40310,2,,,0,12,,40312,2,,,0,53,,40314,2,,,0,12,,40316,2,,,0,12,,40318,2,,,0,12,,40320,2,,,0,12,,40322,2,,,0,52,,40324,2,,,0,12,,40326,2,,,0,12,,40328,2,,,0,12,,40330,2,,,0,12,,40332,2,,,0,52,,40334,2,,,0,12,,40336,2,,,0,12,,40338,2,,,0,12,,40340,2,,,0,12,,40342,2,,,0,56,,40343,2,,,0,10,,40344,2,,,0,15,,40345,2,,,0,15,,40346,2,,,0,55,,40347,2,,,0,15,,40348,2,,,0,15,,40349,2,,,0,15,,40350,2,,,0,55,,40351,2,,,0,15,,40352,2,,,0,15,,40353,2,,,0,15,,40354,2,,,0,55,,40355,2,,,0,20,,40356,2,,,0,20,,40357,2,,,0,60,,40358,2,,,0,20,,40359,2,,,0,20,,40360,2,,,0,60,,40361,2,,,0,20,,40362,2,,,0,20,,40363,2,,,0,60,,40364,2,,,0,20,,40365,2,,,0
582800,'2',501,,40372,2,,,0,20,,40373,2,,,0,20,,40374,2,,,0,60,,40375,2,,,0,20,,40376,2,,,0,20,,40377,2,,,0,60,,40378,2,,,0,15,,40379,2,,,0,15,,40380,2,,,0,15,,40381,2,,,0,55,,40382,2,,,0,15,,40383,2,,,0,15,,40384,2,,,0,15,,40385,2,,,0,55,,40386,2,,,0,15,,40398,2,,,0,15,,40399,2,,,0,15,,40400,2,,,0,55,,40401,2,,,0,15,,40402,2,,,0,15,,40403,2,,,0,15,,40404,2,,,0,55,,40405,2,,,0,15,,40406,2,,,0,15,,40407,2,,,0,15,,40408,2,,,0,55,,40409,2,,,0,15,,40410,2,,,0,15,,40411,2,,,0,15,,40412,2,,,0,55,,40413,2,,,0,15,,40414,2,,,0,15,,40415,2,,,0,15,,40416,2,,,0,55,,40417,2,,,0,15,,40418,2,,,0,15,,40419,2,,,0,15,,40420,2,,,0,55,,40421,2,,,0,15,,40422,2,,,0,15,,40423,2,,,0,15,,40424,2,,,0,55,,40425,2,,,0,15,,40426,2,,,0,15,,40427,2,,,0,15,,40428,2,,,0,55,,40429,2,,,0,15,,40430,2,,,0,15,,40431,2,,,0,15,,40432,2,,,0,55,,40433,2,,,0,15,,40434,2,,,0,15,,40435,2,,,0,15,,40436,2,,,0,55,,40437,2,,,0,15,,40438,2,,,0,15,,40439,2,,,0,15,,40440,2,,,0,55,,40371,2,,,0,20,,40370,2,,,0,20,,40369,2,,,0,60,,40368,2,,,0,20,,40367,2,,,0,20,,40366,2,,,0,60,,40387,2,,,0,20,,40394,2,,,0,20,,40388,2,,,0,60,,40389,2,,,0,20,,40395,2,,,0,20,,40390,2,,,0,60,,40391,2,,,0,20,,40396,2,,,0,20,,40392,2,,,0,60,,40397,2,,,0,20,,40393,2,,,0
582800,'3',502,,40441,2,,,0,30,,40442,2,,,0,70,,40443,2,,,0,30,,40444,2,,,0,70,,40445,2,,,0,25,,40468,2,,,0,20,,40446,2,,,0,60,,40447,2,,,0,20,,40448,2,,,0,20,,40449,2,,,0,60,,40450,2,,,0,20,,40470,2,,,0,20,,40471,2,,,0,60,,40472,2,,,0,20,,40473,2,,,0,20,,40474,2,,,0,55,,40475,2,,,0,15,,40469,2,,,0,15,,40476,2,,,0,15,,40477,2,,,0,55,,40478,2,,,0,15,,40479,2,,,0,15,,40480,2,,,0,15,,40481,2,,,0,55,,40482,2,,,0,15,,40483,2,,,0,15,,40484,2,,,0,15,,40485,2,,,0,55,,40486,2,,,0,15,,40487,2,,,0,15,,40488,2,,,0,15,,40489,2,,,0,55,,40490,2,,,0,15,,40491,2,,,0,15,,40492,2,,,0,15,,40493,2,,,0,55,,40494,2,,,0,15,,40495,2,,,0,15,,40496,2,,,0,15,,40497,2,,,0,55,,40498,2,,,0,15,,40499,2,,,0,15,,40500,2,,,0,15,,40501,2,,,0,55,,40502,2,,,0,20,,40503,2,,,0,20,,40451,2,,,0,60,,40452,2,,,0,20,,40463,2,,,0,20,,40453,2,,,0,60,,40454,2,,,0,20,,40464,2,,,0,20,,40455,2,,,0,60,,40456,2,,,0,20,,40465,2,,,0,20,,40457,2,,,0,59,,40458,2,,,0,20,,40466,2,,,0,20,,40459,2,,,0,60,,40460,2,,,0,20,,40467,2,,,0,20,,40461,2,,,0,60,,40462,2,,,0
582800,'4',531,,40504,2,,,0,70,,40505,2,,,0,30,,40506,2,,,0,70,,40507,2,,,0,30,,40508,2,,,0,70,,40509,2,,,0,30,,40510,2,,,0,70,,40511,2,,,0,30,,40512,2,,,0,70,,40513,2,,,0,30,,40514,2,,,0,70,,40515,2,,,0,30,,40516,2,,,0,70,,40517,2,,,0,30,,40518,2,,,0,70,,40519,2,,,0,30,,40520,2,,,0,70,,40521,2,,,0,30,,40522,2,,,0,70,,40523,2,,,0,30,,40524,2,,,0,70,,40525,2,,,0,30,,40526,2,,,0,70,,40527,2,,,0,30,,40528,2,,,0,70,,40529,2,,,0,30,,40530,2,,,0,70,,40531,2,,,0,30,,40532,2,,,0,70,,40533,2,,,0,30,,40534,2,,,0,70,,40535,2,,,0
582800,'6',501,,40542,2,,,0,20,,40543,2,,,0,20,,40544,2,,,0,60,,40545,2,,,0,20,,40546,2,,,0,20,,40547,2,,,0,60,,40548,2,,,0,15,,40549,2,,,0,15,,40550,2,,,0,15,,40551,2,,,0,55,,40552,2,,,0,15,,40553,2,,,0,15,,40554,2,,,0,15,,40555,2,,,0,55,,40556,2,,,0,15,,40568,2,,,0,15,,40569,2,,,0,15,,40570,2,,,0,55,,40571,2,,,0,15,,40572,2,,,0,15,,40573,2,,,0,15,,40574,2,,,0,55,,40575,2,,,0,15,,40576,2,,,0,15,,40577,2,,,0,15,,40578,2,,,0,55,,40579,2,,,0,15,,40580,2,,,0,15,,40581,2,,,0,15,,40582,2,,,0,55,,40583,2,,,0,15,,40584,2,,,0,15,,40585,2,,,0,15,,40586,2,,,0,55,,40587,2,,,0,15,,40588,2,,,0,15,,40589,2,,,0,15,,40590,2,,,0,55,,40591,2,,,0,15,,40592,2,,,0,15,,40593,2,,,0,15,,40594,2,,,0,55,,40595,2,,,0,15,,40596,2,,,0,15,,40597,2,,,0,15,,40598,2,,,0,55,,40599,2,,,0,15,,40600,2,,,0,15,,40601,2,,,0,15,,40602,2,,,0,55,,40603,2,,,0,15,,40604,2,,,0,15,,40605,2,,,0,15,,40606,2,,,0,55,,40607,2,,,0,15,,40608,2,,,0,15,,40609,2,,,0,15,,40610,2,,,0,55,,40541,2,,,0,20,,40540,2,,,0,20,,40539,2,,,0,60,,40538,2,,,0,20,,40537,2,,,0,20,,40536,2,,,0,60,,40557,2,,,0,20,,40564,2,,,0,20,,40558,2,,,0,60,,40559,2,,,0,20,,40565,2,,,0,20,,40560,2,,,0,60,,40561,2,,,0,20,,40566,2,,,0,20,,40562,2,,,0,60,,40567,2,,,0,20,,40563,2,,,0
