580200,'1',530,,37506,31,0,8 35 6,0,100,,37508,31,0,8 35 6,0,112,,37511,31,0,8 35 6,0,70,,37513,31,0,8 35 6,0,30,,37515,31,0,8 35 6,0,70,,37517,31,0,8 35 6,0,30,,37519,31,0,8 35 6,0,99,,37521,31,0,8 35 6,0,100,,37523,31,0,8 35 6,0,100,,37525,31,0,8 35 6,0,100,,37527,31,0,8 35 6,0,101,,37529,31,0,8 35 6,0,75,,37531,31,0,8 35 6,0,30,,37533,31,0,8 35 6,0,70,,37535,31,0,8 35 6,0,30,,37537,31,0,8 35 6,0,70,,37539,31,0,8 35 6,0,30,,37541,31,0,8 35 6,0,69,,37543,31,0,8 35 6,0,88,,37545,31,0,8 35 6,0,100,,37547,31,0,8 35 6,0,100,,37549,31,0,8 35 6,0,130,,37551,31,0,8 35 6,0,100,,37552,31,0,5 3 8 35 36,0,115,,37553,31,0,5 3 8 35 36,0
580200,'2',734,,37576,31,0,8 35 6,0,100,,37558,31,0,8 35 6,0,101,,37570,31,0,8 35 6,0,100,,37573,31,0,8 35 6,0,100,,37571,31,0,8 35 6,0,100,,37569,31,0,8 35 6,0,102,,37560,31,0,8 35 6,0,100,,37567,31,0,8 35 6,0,100,,37565,31,0,8 35 6,0,100,,37586,31,0,8 35 6,0,100,,37556,31,0,8 35 6,0,105,,37554,31,0,8 35 6,0,100,,37587,31,0,8 35 6,0,98,,37581,31,0,8 35 6,0,100,,37583,31,0,8 35 6,0,100,,37563,31,0,8 35 6,0,100,,37579,31,0,8 35 6,0,79,,37578,31,0,5 3 8 35 36,0
580200,'3',750,,37596,31,0,8 35 6,0,100,,37595,31,0,8 35 6,0,100,,37599,31,0,8 35 6,0,100,,37593,31,0,8 35 6,0,100,,37592,31,0,8 35 6,0,100,,37591,31,0,8 35 6,0,100,,37594,31,0,8 35 6,0,100,,37598,31,0,8 35 6,0,100,,37597,31,0,8 35 6,0,100,,37590,31,0,8 35 6,0,100,,37589,31,0,8 35 6,0,100,,37612,31,0,8 35 6,0,100,,37613,31,0,8 35 6,0,100,,37614,31,0,8 35 6,0,100,,37615,31,0,8 35 6,0,100,,37616,31,0,8 35 6,0,100,,37622,31,0,8 35 6,0
580200,'4',620,,37624,31,0,8 35 6,0,200,,37626,31,0,8 35 6,0,200,,37628,31,0,8 35 6,0,200,,37630,31,0,8 35 6,0,200,,37632,31,0,8 35 6,0,200,,37634,31,0,8 35 6,0,200,,37636,31,0,8 35 6,0,200,,37638,31,0,8 35 6,0
580200,'6',750,,37647,31,0,8 35 6,0,100,,37646,31,0,8 35 6,0,100,,37650,31,0,8 35 6,0,100,,37644,31,0,8 35 6,0,100,,37643,31,0,8 35 6,0,100,,37642,31,0,8 35 6,0,100,,37645,31,0,8 35 6,0,100,,37649,31,0,8 35 6,0,100,,37648,31,0,8 35 6,0,100,,37641,31,0,8 35 6,0,100,,37640,31,0,8 35 6,0,100,,37663,31,0,8 35 6,0,100,,37664,31,0,8 35 6,0,100,,37665,31,0,8 35 6,0,100,,37666,31,0,8 35 6,0,100,,37667,31,0,8 35 6,0,100,,37673,31,0,8 35 6,0
580601,'1',547,,38600,45,,,0,69,,38599,45,,,0,18,,38547,17,,,0,12,,38598,45,,,0,70,,38597,45,,,0,30,,38596,45,,,0,70,,38595,45,,,0,20,,38594,45,,,0,20,,38593,45,,,0,60,,38592,45,,,0,15,,38591,45,,,0,15,,38590,45,,,0,55,,38589,45,,,0,16,,38588,45,,,0,30,,38587,45,,,0,70,,38586,45,,,0,30,,38585,45,,,0,70,,38584,45,,,0,30,,38583,45,,,0,70,,38582,45,,,0,30,,38581,45,,,0,70,,38580,45,,,0,30,,38579,45,,,0,70,,38578,45,,,0,15,,38577,45,,,0,15,,38576,45,,,0,55,,38575,45,,,0,15,,38574,45,,,0,15,,38573,45,,,0,15,,38548,45,,,0,55,,38572,45,,,0,15,,38571,45,,,0,15,,38570,45,,,0,15,,38569,45,,,0,55,,38568,45,,,0,15,,38567,45,,,0,15,,38566,45,,,0,15,,38565,45,,,0,55,,38564,45,,,0,14,,38563,45,,,0,15,,38562,45,,,0,20,,38561,45,,,0,65,,38560,45,,,0,30,,38559,45,,,0,70,,38558,45,,,0,30,,38557,45,,,0,70,,38556,45,,,0,30,,38551,45,,,0,68,,38555,45,,,0,30,,38554,45,,,0,70,,38550,45,,,0,30,,38553,45,,,0,70,,38549,45,,,0,37,,38552,45,,,0
580601,'2',538,,38638,45,,,0,70,,38639,45,,,0,30,,38640,45,,,0,66,,38619,45,,,0,30,,38621,45,,,0,70,,38620,45,,,0,30,,38622,45,,,0,70,,38618,45,,,0,30,,38623,45,,,0,70,,38615,45,,,0,30,,38624,45,,,0,70,,38607,45,,,0,30,,38625,45,,,0,70,,38608,45,,,0,30,,38626,45,,,0,70,,38609,45,,,0,30,,38627,45,,,0,70,,38610,45,,,0,30,,38628,45,,,0,70,,38611,45,,,0,30,,38629,45,,,0,70,,38612,45,,,0,30,,38630,45,,,0,70,,38613,45,,,0,30,,38631,45,,,0,70,,38614,45,,,0,30,,38632,45,,,0,70,,38616,45,,,0,30,,38617,45,,,0,70,,38633,45,,,0,30,,38606,45,,,0,70,,38605,45,,,0,30,,38604,45,,,0,70,,38603,45,,,0,30,,38602,45,,,0,70,,38634,45,,,0,30,,38635,45,,,0,70,,38636,45,,,0,30,,38601,45,,,0,70,,38637,45,,,0,30,,38641,45,,,0
580601,'3',704,,38660,45,,,0,30,,38662,45,,,0,70,,38661,45,,,0,30,,38663,45,,,0,70,,38659,45,,,0,30,,38664,45,,,0,70,,38656,45,,,0,30,,38665,45,,,0,70,,38648,45,,,0,30,,38666,45,,,0,70,,38649,45,,,0,30,,38667,45,,,0,70,,38650,45,,,0,30,,38668,45,,,0,70,,38651,45,,,0,30,,38669,45,,,0,70,,38652,45,,,0,30,,38670,45,,,0,70,,38653,45,,,0,30,,38671,45,,,0,70,,38654,45,,,0,30,,38672,45,,,0,70,,38655,45,,,0,30,,38673,45,,,0,70,,38657,45,,,0,30,,38658,45,,,0,70,,38674,45,,,0,30,,38647,45,,,0,70,,38646,45,,,0,30,,38645,45,,,0,70,,38644,45,,,0,30,,38643,45,,,0,70,,38675,45,,,0,30,,38676,45,,,0,70,,38677,45,,,0,39,,38642,45,,,0
580601,'4',704,,38693,45,,,0,30,,38695,45,,,0,70,,38694,45,,,0,30,,38696,45,,,0,70,,38692,45,,,0,30,,38697,45,,,0,70,,38689,45,,,0,30,,38698,45,,,0,70,,38681,45,,,0,30,,38699,45,,,0,70,,38682,45,,,0,30,,38700,45,,,0,70,,38683,45,,,0,30,,38701,45,,,0,70,,38684,45,,,0,30,,38702,45,,,0,70,,38685,45,,,0,30,,38703,45,,,0,70,,38686,45,,,0,30,,38704,45,,,0,70,,38687,45,,,0,30,,38705,45,,,0,70,,38688,45,,,0,30,,38706,45,,,0,70,,38690,45,,,0,30,,38691,45,,,0,70,,38707,45,,,0,30,,38680,45,,,0,70,,38679,45,,,0,30,,38678,45,,,0
580601,'6',538,,38745,45,,,0,70,,38746,45,,,0,30,,38747,45,,,0,66,,38726,45,,,0,30,,38728,45,,,0,70,,38727,45,,,0,30,,38729,45,,,0,70,,38725,45,,,0,30,,38730,45,,,0,70,,38722,45,,,0,30,,38731,45,,,0,70,,38714,45,,,0,30,,38732,45,,,0,70,,38715,45,,,0,30,,38733,45,,,0,70,,38716,45,,,0,30,,38734,45,,,0,70,,38717,45,,,0,30,,38735,45,,,0,70,,38718,45,,,0,30,,38736,45,,,0,70,,38719,45,,,0,30,,38737,45,,,0,70,,38720,45,,,0,30,,38738,45,,,0,70,,38721,45,,,0,30,,38739,45,,,0,70,,38723,45,,,0,30,,38724,45,,,0,70,,38740,45,,,0,30,,38713,45,,,0,70,,38712,45,,,0,30,,38711,45,,,0,70,,38710,45,,,0,30,,38709,45,,,0,70,,38741,45,,,0,30,,38742,45,,,0,70,,38743,45,,,0,30,,38708,45,,,0,70,,38744,45,,,0,30,,38748,45,,,0
