579800,'1',535,,35757,21,,,0,20,,35758,21,,,0,60,,35759,21,,,0,21,,35760,21,,,0,12,,35761,21,,,0,55,,35762,21,,,0,12,,35763,21,,,0,12,,35764,21,,,0,12,,35765,21,,,0,12,,35766,21,,,0,52,,35767,21,,,0,12,,35768,21,,,0,12,,35769,21,,,0,12,,35770,21,,,0,11,,35771,21,,,0,52,,35772,21,,,0,15,,35773,21,,,0,15,,35774,21,,,0,15,,35775,21,,,0,55,,35776,21,,,0,15,,35777,21,,,0,15,,35778,21,,,0,15,,35779,21,,,0,55,,35780,21,,,0,15,,35781,21,,,0,15,,35782,21,,,0,15,,35783,21,,,0,55,,35784,21,,,0,15,,35785,21,,,0,15,,35786,21,,,0,15,,35787,21,,,0,55,,35788,21,,,0,15,,35789,21,,,0,15,,35790,21,,,0,15,,35791,21,,,0,57,,35792,21,,,0,15,,35793,21,,,0,15,,35794,21,,,0,12,,35795,21,,,0,12,,35796,21,,,0,52,,35797,21,,,0,12,,35798,21,,,0,12,,35799,21,,,0,12,,35800,21,,,0,12,,35801,21,,,0,52,,35802,21,,,0,12,,35803,21,,,0,12,,35804,21,,,0,12,,35805,21,,,0,12,,35806,21,,,0,52,,35807,21,,,0,12,,35808,21,,,0,12,,35809,21,,,0,12,,35810,21,,,0,12,,35811,21,,,0,52,,35812,21,,,0,11,,35813,21,,,0,12,,35814,21,,,0,15,,35815,21,,,0,55,,35816,21,,,0,15,,35817,21,,,0,15,,35818,21,,,0,15,,35819,21,,,0,54,,35820,21,,,0,15,,35821,21,,,0,20,,35822,21,,,0,20,,35823,21,,,0,60,,35824,21,,,0,30,,35825,21,,,0,69,,35826,21,,,0,30,,35827,21,,,0,70,,35828,21,,,0,30,,35829,21,,,0,70,,35830,21,,,0,30,,35831,21,,,0,90,,35832,21,,,0
579800,'2',550,,35842,21,,,0,71,,35843,21,,,0,30,,35844,21,,,0,70,,35845,21,,,0,30,,35846,21,,,0,70,,35847,21,,,0,25,,35848,21,,,0,60,,35849,21,,,0,20,,35850,21,,,0,20,,35851,21,,,0,60,,35852,21,,,0,20,,35853,21,,,0,20,,35854,21,,,0,60,,35855,21,,,0,20,,35856,21,,,0,20,,35857,21,,,0,60,,35858,21,,,0,23,,35859,21,,,0,20,,35860,21,,,0,60,,35861,21,,,0,20,,35862,21,,,0,20,,35863,21,,,0,60,,35864,21,,,0,20,,35865,21,,,0,20,,35866,21,,,0,60,,35867,21,,,0,20,,35868,21,,,0,20,,35869,21,,,0,60,,35870,21,,,0,20,,35871,21,,,0,20,,35872,21,,,0,60,,35873,21,,,0,20,,35874,21,,,0,20,,35875,21,,,0,70,,35876,21,,,0,30,,35877,21,,,0,70,,35878,21,,,0,30,,35879,21,,,0,70,,35833,21,,,0,30,,35834,21,,,0,67,,35835,21,,,0,30,,35836,21,,,0,70,,35837,21,,,0,30,,35838,21,,,0,70,,35839,21,,,0,30,,35840,21,,,0,70,,35880,21,,,0,30,,35841,21,,,0
579800,'3',615,,35914,21,,,0,30,,35881,21,,,0,70,,35882,21,,,0,30,,35883,21,,,0,70,,35884,21,,,0,30,,35885,21,,,0,72,,35886,21,,,0,30,,35887,21,,,0,70,,35888,21,,,0,31,,35889,21,,,0,70,,35890,21,,,0,30,,35891,21,,,0,70,,35892,21,,,0,30,,35893,21,,,0,70,,35894,21,,,0,30,,35895,21,,,0,70,,35896,21,,,0,30,,35897,21,,,0,70,,35898,21,,,0,30,,35899,21,,,0,70,,35900,21,,,0,30,,35901,21,,,0,70,,35902,21,,,0,30,,35903,21,,,0,70,,35904,21,,,0,30,,35911,21,,,0,70,,35905,21,,,0,30,,35912,21,,,0,70,,35906,21,,,0,30,,35913,21,,,0,68,,35907,21,,,0,30,,35915,21,,,0,70,,35908,21,,,0,30,,35916,21,,,0,70,,35909,21,,,0,30,,35917,21,,,0,70,,35910,21,,,0
579800,'4',545,,35918,21,,,0,70,,35919,21,,,0,30,,35920,21,,,0,70,,35921,21,,,0,30,,35922,21,,,0,70,,35923,21,,,0,30,,35924,21,,,0,72,,35925,21,,,0,30,,35926,21,,,0,70,,35927,21,,,0,30,,35928,21,,,0,70,,35929,21,,,0,30,,35930,21,,,0,70,,35931,21,,,0,30,,35932,21,,,0,70,,35933,21,,,0,30,,35934,21,,,0,70,,35935,21,,,0,100,,35936,21,,,0,100,,35937,21,,,0,100,,35938,21,,,0,100,,35939,21,,,0,100,,35940,21,,,0,100,,35941,21,,,0,100,,35942,21,,,0
579800,'6',550,,35952,21,,,0,71,,35953,21,,,0,30,,35954,21,,,0,70,,35955,21,,,0,30,,35956,21,,,0,70,,35957,21,,,0,25,,35958,21,,,0,60,,35959,21,,,0,20,,35960,21,,,0,20,,35961,21,,,0,60,,35962,21,,,0,20,,35963,21,,,0,20,,35964,21,,,0,60,,35965,21,,,0,20,,35966,21,,,0,20,,35967,21,,,0,60,,35968,21,,,0,23,,35969,21,,,0,20,,35970,21,,,0,60,,35971,21,,,0,20,,35972,21,,,0,20,,35973,21,,,0,60,,35974,21,,,0,20,,35975,21,,,0,20,,35976,21,,,0,60,,35977,21,,,0,20,,35978,21,,,0,20,,35979,21,,,0,60,,35980,21,,,0,20,,35981,21,,,0,20,,35982,21,,,0,60,,35983,21,,,0,20,,35984,21,,,0,20,,35985,21,,,0,70,,35986,21,,,0,30,,35987,21,,,0,70,,35988,21,,,0,30,,35989,21,,,0,70,,35943,21,,,0,30,,35944,21,,,0,67,,35945,21,,,0,30,,35946,21,,,0,70,,35947,21,,,0,30,,35948,21,,,0,70,,35949,21,,,0,30,,35950,21,,,0,70,,35990,21,,,0,30,,35951,21,,,0
580501,'2',701,,38325,25,,,0,45,,38326,25,,,0,85,,38327,25,,,0,85,,38328,25,,,0,85,,38329,25,,,0,45,,38330,25,,,0,85,,38331,25,,,0,85,,38332,25,,,0,85,,38333,25,,,0,45,,38334,25,,,0,85,,38335,25,,,0,85,,38336,25,,,0,85,,38337,25,,,0,45,,38338,25,,,0
583000,'1601',728,,41680,10,,,0,730,,41675,18,,,0
583000,'1',528,,41750,18,,,0,87,,41714,48,,,0,20,,41713,48,,,0,17,,41710,48,,,0,60,,41709,48,,,0,20,,41707,48,,,0,15,,41702,48,,,0,55,,41706,48,,,0,15,,41701,48,,,0,15,,41705,48,,,0,15,,41700,48,,,0,55,,41704,48,,,0,15,,41699,48,,,0,15,,41703,48,,,0,15,,41682,48,,,0,55,,41708,48,,,0,15,,41749,48,,,0,15,,41748,48,,,0,20,,41747,48,,,0,60,,41746,48,,,0,20,,41716,48,,,0,20,,41717,48,,,0,60,,41718,48,,,0,20,,41719,48,,,0,20,,41720,48,,,0,60,,41721,48,,,0,20,,41722,48,,,0,20,,41723,48,,,0,60,,41724,48,,,0,20,,41698,48,,,0,15,,41690,48,,,0,55,,41697,48,,,0,15,,41689,48,,,0,15,,41696,48,,,0,15,,41688,48,,,0,55,,41695,48,,,0,15,,41687,48,,,0,15,,41694,48,,,0,15,,41686,48,,,0,55,,41693,48,,,0,15,,41685,48,,,0,15,,41692,48,,,0,15,,41684,48,,,0,55,,41691,48,,,0,15,,41683,48,,,0,15,,41712,48,,,0,15,,41681,48,,,0,57,,41725,48,,,0,20,,41726,48,,,0,20,,41727,48,,,0,60,,41745,48,,,0,20,,41744,48,,,0,20,,41743,48,,,0,60,,41742,48,,,0,20,,41741,48,,,0,20,,41740,48,,,0,60,,41739,48,,,0,20,,41738,48,,,0,23,,41737,48,,,0,60,,41736,48,,,0,20,,41735,48,,,0,20,,41734,48,,,0,60,,41733,48,,,0,20,,41732,48,,,0,20,,41731,48,,,0,60,,41730,48,,,0,20,,41729,48,,,0,20,,41728,48,,,0
583000,'2',637,,41807,48,,,0,75,,41806,48,,,0,35,,41805,48,,,0,76,,41804,48,,,0,35,,41754,48,,,0,70,,41803,48,,,0,30,,41802,48,,,0,60,,41801,48,,,0,20,,41800,48,,,0,20,,41799,48,,,0,60,,41798,48,,,0,20,,41797,48,,,0,20,,41796,48,,,0,60,,41795,48,,,0,20,,41794,48,,,0,20,,41793,48,,,0,60,,41792,48,,,0,20,,41791,48,,,0,20,,41790,48,,,0,60,,41789,48,,,0,20,,41788,48,,,0,20,,41787,48,,,0,60,,41786,48,,,0,20,,41785,48,,,0,20,,41784,48,,,0,60,,41783,48,,,0,20,,41782,48,,,0,20,,41781,48,,,0,60,,41780,48,,,0,20,,41779,48,,,0,20,,41778,48,,,0,60,,41777,48,,,0,20,,41776,48,,,0,20,,41775,48,,,0,55,,41774,48,,,0,18,,41773,48,,,0,20,,41772,48,,,0,60,,41771,48,,,0,20,,41770,48,,,0,20,,41769,48,,,0,60,,41768,48,,,0,20,,41767,48,,,0,20,,41766,48,,,0,60,,41765,48,,,0,27,,41764,48,,,0,20,,41763,48,,,0,60,,41762,48,,,0,20,,41761,48,,,0,20,,41760,48,,,0,60,,41759,48,,,0,20,,41758,48,,,0,20,,41757,48,,,0,68,,41756,48,,,0
583000,'3',651,,41851,48,,,0,80,,41841,48,,,0,80,,41848,48,,,0,40,,41849,48,,,0,80,,41822,48,,,0,82,,41824,48,,,0,25,,41823,48,,,0,20,,41846,48,,,0,60,,41821,48,,,0,20,,41847,48,,,0,20,,41836,48,,,0,60,,41834,48,,,0,20,,41835,48,,,0,20,,41817,48,,,0,60,,41832,48,,,0,20,,41837,48,,,0,20,,41838,48,,,0,60,,41839,48,,,0,20,,41840,48,,,0,20,,41820,48,,,0,60,,41844,48,,,0,20,,41842,48,,,0,20,,41816,48,,,0,60,,41854,48,,,0,20,,41859,48,,,0,20,,41852,48,,,0,60,,41853,48,,,0,20,,41843,48,,,0,20,,41818,48,,,0,60,,41856,48,,,0,15,,41826,48,,,0,19,,41830,48,,,0,60,,41825,48,,,0,20,,41819,48,,,0,20,,41855,48,,,0,60,,41857,48,,,0,20,,41828,48,,,0,20,,41831,48,,,0,60,,41833,48,,,0,20,,41829,48,,,0,21,,41827,48,,,0,63,,41858,48,,,0,25,,41815,48,,,0,70,,41813,48,,,0,30,,41814,48,,,0,80,,41812,48,,,0
583000,'4',712,,41875,48,,,0,28,,41888,48,,,0,70,,41874,48,,,0,30,,41887,48,,,0,70,,41873,48,,,0,30,,41886,48,,,0,70,,41872,48,,,0,30,,41885,48,,,0,70,,41871,48,,,0,30,,41884,48,,,0,70,,41870,48,,,0,30,,41883,48,,,0,70,,41869,48,,,0,30,,41868,48,,,0,70,,41867,48,,,0,30,,41866,48,,,0,70,,41882,48,,,0,30,,41865,48,,,0,70,,41881,48,,,0,30,,41864,48,,,0,70,,41880,48,,,0,30,,41863,48,,,0,70,,41879,48,,,0,30,,41862,48,,,0,70,,41878,48,,,0,30,,41861,48,,,0,70,,41877,48,,,0,30,,41860,48,,,0,70,,41876,48,,,0
583000,'6',637,,41943,48,,,0,75,,41942,48,,,0,35,,41941,48,,,0,76,,41940,48,,,0,35,,41890,48,,,0,70,,41939,48,,,0,30,,41938,48,,,0,60,,41937,48,,,0,20,,41936,48,,,0,20,,41935,48,,,0,60,,41934,48,,,0,20,,41933,48,,,0,20,,41932,48,,,0,60,,41931,48,,,0,20,,41930,48,,,0,20,,41929,48,,,0,60,,41928,48,,,0,20,,41927,48,,,0,20,,41926,48,,,0,60,,41925,48,,,0,20,,41924,48,,,0,20,,41923,48,,,0,60,,41922,48,,,0,20,,41921,48,,,0,20,,41920,48,,,0,60,,41919,48,,,0,20,,41918,48,,,0,20,,41917,48,,,0,60,,41916,48,,,0,20,,41915,48,,,0,20,,41914,48,,,0,60,,41913,48,,,0,20,,41912,48,,,0,20,,41911,48,,,0,55,,41910,48,,,0,18,,41909,48,,,0,20,,41908,48,,,0,60,,41907,48,,,0,20,,41906,48,,,0,20,,41905,48,,,0,60,,41904,48,,,0,20,,41903,48,,,0,20,,41902,48,,,0,60,,41901,48,,,0,27,,41900,48,,,0,20,,41899,48,,,0,60,,41898,48,,,0,20,,41897,48,,,0,20,,41896,48,,,0,60,,41895,48,,,0,20,,41894,48,,,0,20,,41893,48,,,0,68,,41892,48,,,0
583001,'1601',824,,41956,30,,,0,605,,41955,30,0,42 43 44 10,0,81,,41950,18,0,42 43 44 10,0,4,,41948,18,0,42 43 44 10,0,26,,41954,18,0,42 43 44 10,0,2,,41951,18,,,0,11,,41949,30,0,42 43 44 10,0,47,,41952,30,0,42 43 44 10,0
583001,'1',456,,41985,30,,,0,55,,41992,30,,,0,15,,41984,30,,,0,20,,42011,30,,,0,60,,41991,30,,,0,20,,41990,30,,,0,10,,41988,30,,,0,15,,41958,10,,,0,55,,41989,30,,,0,15,,41983,30,,,0,15,,41978,30,,,0,15,,41982,30,,,0,55,,41977,30,,,0,15,,41981,30,,,0,15,,41976,30,,,0,15,,41980,30,,,0,55,,41975,30,,,0,15,,41979,30,,,0,20,,41993,30,,,0,60,,41994,30,,,0,21,,42012,30,,,0,20,,41995,30,,,0,60,,41996,30,,,0,20,,41997,30,,,0,20,,41998,30,,,0,60,,41999,30,,,0,20,,42000,30,,,0,20,,42001,30,,,0,60,,42002,30,,,0,20,,42003,30,,,0,20,,41987,30,,,0,15,,41986,30,,,0,55,,41974,30,,,0,15,,41966,30,,,0,15,,41973,30,,,0,15,,41965,30,,,0,55,,41972,30,,,0,15,,41964,30,,,0,15,,41971,30,,,0,15,,41963,30,,,0,55,,41970,30,,,0,15,,41962,30,,,0,15,,41969,30,,,0,15,,41961,30,,,0,55,,41968,30,,,0,15,,41960,30,,,0,15,,41967,30,,,0,15,,41959,30,,,0,55,,41957,30,,,0,15,,42004,30,,,0,15,,42005,30,,,0,60,,42006,30,,,0,18,,42007,30,,,0,20,,42008,30,,,0,60,,42009,30,,,0,20,,42010,30,,,0,20,,42026,30,,,0,60,,42025,30,,,0,20,,42024,30,,,0,20,,42023,30,,,0,60,,42022,30,,,0,20,,42021,30,,,0,20,,42020,30,,,0,60,,42019,30,,,0,20,,42018,30,,,0,20,,42017,30,,,0,60,,42016,30,,,0,20,,42015,30,,,0,20,,42014,30,,,0
583001,'2',518,,42082,30,,,0,36,,42081,30,,,0,75,,42080,30,,,0,29,,42079,30,,,0,71,,42078,30,,,0,30,,42077,30,,,0,66,,42075,10,,,0,20,,42076,30,,,0,60,,42074,30,,,0,20,,42073,30,,,0,20,,42072,30,,,0,60,,42071,30,,,0,20,,42070,30,,,0,20,,42069,30,,,0,60,,42068,30,,,0,20,,42067,30,,,0,20,,42066,30,,,0,60,,42065,30,,,0,20,,42064,30,,,0,20,,42063,30,,,0,60,,42062,30,,,0,20,,42061,30,,,0,20,,42060,30,,,0,60,,42059,30,,,0,20,,42058,30,,,0,20,,42057,30,,,0,60,,42056,30,,,0,20,,42055,30,,,0,20,,42054,30,,,0,60,,42053,30,,,0,20,,42052,30,,,0,20,,42051,30,,,0,60,,42050,30,,,0,20,,42049,30,,,0,20,,42048,30,,,0,60,,42047,30,,,0,20,,42046,30,,,0,20,,42045,30,,,0,60,,42044,30,,,0,18,,42043,30,,,0,20,,42042,30,,,0,60,,42041,30,,,0,20,,42040,30,,,0,20,,42039,30,,,0,60,,42038,30,,,0,20,,42037,30,,,0,20,,42036,30,,,0,60,,42035,30,,,0,20,,42034,30,,,0,20,,42033,30,,,0,60,,42032,30,,,0,21,,42031,30,,,0,20,,42030,30,,,0,60,,42029,30,,,0,20,,42028,30,,,0,18,,42027,30,,,0
583001,'3',536,,42097,30,,,0,80,,42111,30,,,0,40,,42096,30,,,0,80,,42112,30,,,0,80,,42088,30,,,0,40,,42103,30,,,0,60,,42113,30,,,0,20,,42099,30,,,0,20,,42114,30,,,0,61,,42100,30,,,0,20,,42115,30,,,0,20,,42098,30,,,0,60,,42116,30,,,0,20,,42095,30,,,0,20,,42117,30,,,0,60,,42106,30,,,0,20,,42118,30,,,0,20,,42090,30,,,0,60,,42119,30,,,0,20,,42108,30,,,0,20,,42120,30,,,0,60,,42107,30,,,0,20,,42121,30,,,0,20,,42092,30,,,0,60,,42122,30,,,0,20,,42109,30,,,0,20,,42123,30,,,0,60,,42091,30,,,0,20,,42124,30,,,0,20,,42104,30,,,0,60,,42125,30,,,0,20,,42102,30,,,0,20,,42126,30,,,0,60,,42101,30,,,0,20,,42127,30,,,0,20,,42105,30,,,0,58,,42128,30,,,0,25,,42110,30,,,0,60,,42129,30,,,0,20,,42094,30,,,0,20,,42089,30,,,0,60,,42093,30,,,0,30,,42087,30,,,0,70,,42085,30,,,0,30,,42086,30,,,0,70,,42084,30,,,0,30,,42083,30,,,0
583001,'4',610,,42160,10,,,0,24,,42130,30,,,0,70,,42131,30,,,0,30,,42132,30,,,0,70,,42133,30,,,0,30,,42134,30,,,0,70,,42135,30,,,0,30,,42136,30,,,0,70,,42137,30,,,0,30,,42138,30,,,0,70,,42139,30,,,0,30,,42140,30,,,0,70,,42141,30,,,0,30,,42142,30,,,0,70,,42143,30,,,0,30,,42144,30,,,0,70,,42145,30,,,0,30,,42146,30,,,0,70,,42147,30,,,0,30,,42148,30,,,0,70,,42149,30,,,0,30,,42150,30,,,0,70,,42151,30,,,0,30,,42152,30,,,0,70,,42153,30,,,0,30,,42154,30,,,0,70,,42155,30,,,0,30,,42156,30,,,0,70,,42157,30,,,0,30,,42158,30,,,0,70,,42159,30,,,0
583001,'6',518,,42217,30,,,0,36,,42216,30,,,0,75,,42215,30,,,0,29,,42214,30,,,0,71,,42213,30,,,0,30,,42212,30,,,0,66,,42210,10,,,0,20,,42211,30,,,0,60,,42209,30,,,0,20,,42208,30,,,0,20,,42207,30,,,0,60,,42206,30,,,0,20,,42205,30,,,0,20,,42204,30,,,0,60,,42203,30,,,0,20,,42202,30,,,0,20,,42201,30,,,0,60,,42200,30,,,0,20,,42199,30,,,0,20,,42198,30,,,0,60,,42197,30,,,0,20,,42196,30,,,0,20,,42195,30,,,0,60,,42194,30,,,0,20,,42193,30,,,0,20,,42192,30,,,0,60,,42191,30,,,0,20,,42190,30,,,0,20,,42189,30,,,0,60,,42188,30,,,0,20,,42187,30,,,0,20,,42186,30,,,0,60,,42185,30,,,0,20,,42184,30,,,0,20,,42183,30,,,0,60,,42182,30,,,0,20,,42181,30,,,0,20,,42180,30,,,0,60,,42179,30,,,0,18,,42178,30,,,0,20,,42177,30,,,0,60,,42176,30,,,0,20,,42175,30,,,0,20,,42174,30,,,0,60,,42173,30,,,0,20,,42172,30,,,0,20,,42171,30,,,0,60,,42170,30,,,0,20,,42169,30,,,0,20,,42168,30,,,0,60,,42167,30,,,0,21,,42166,30,,,0,20,,42165,30,,,0,60,,42164,30,,,0,20,,42163,30,,,0,18,,42162,30,,,0
