579601,'1',457,,35143,35,,,0,60,,35144,35,,,0,20,,35145,35,,,0,18,,35146,35,,,0,54,,35147,35,,,0,15,,35148,35,,,0,15,,35149,35,,,0,15,,35150,35,,,0,55,,35151,35,,,0,15,,35152,35,,,0,15,,35153,35,,,0,15,,35154,35,,,0,55,,35155,35,,,0,15,,35156,35,,,0,15,,35157,35,,,0,15,,35158,35,,,0,55,,35159,35,,,0,15,,35160,35,,,0,16,,35161,35,,,0,17,,35162,35,,,0,60,,35163,35,,,0,20,,35164,35,,,0,20,,35165,35,,,0,60,,35166,35,,,0,20,,35167,35,,,0,20,,35168,35,,,0,60,,35169,35,,,0,20,,35170,35,,,0,20,,35171,35,,,0,60,,35172,35,,,0,20,,35173,35,,,0,20,,35174,35,,,0,60,,35175,35,,,0,20,,35176,35,,,0,15,,35177,35,,,0,55,,35178,35,,,0,15,,35179,35,,,0,15,,35180,35,,,0,15,,35181,35,,,0,55,,35182,35,,,0,15,,35183,35,,,0,15,,35184,35,,,0,15,,35185,35,,,0,55,,35186,35,,,0,15,,35187,35,,,0,20,,35188,35,,,0,60,,35189,35,,,0,28,,35190,35,,,0,70,,35191,35,,,0,27,,35192,35,,,0,30,,35193,35,,,0,70,,35194,35,,,0,30,,35195,35,,,0,70,,35196,35,,,0,28,,35197,35,,,0,65,,35198,35,,,0,30,,35199,35,,,0,70,,35200,35,,,0,25,,35201,35,,,0,70,,35202,35,,,0,28,,35203,35,,,0,70,,35204,35,,,0
579601,'2',538,,35217,35,,,0,70,,35218,35,,,0,32,,35219,35,,,0,70,,35220,35,,,0,30,,35221,35,,,0,70,,35222,35,,,0,30,,35223,35,,,0,65,,35224,35,,,0,20,,35225,35,,,0,20,,35226,35,,,0,60,,35227,35,,,0,20,,35228,35,,,0,20,,35229,35,,,0,60,,35230,35,,,0,20,,35231,35,,,0,20,,35232,35,,,0,60,,35233,35,,,0,20,,35234,35,,,0,20,,35235,35,,,0,60,,35236,35,,,0,20,,35237,35,,,0,20,,35238,35,,,0,60,,35239,35,,,0,20,,35240,35,,,0,20,,35241,35,,,0,60,,35242,35,,,0,20,,35243,35,,,0,20,,35244,35,,,0,60,,35245,35,,,0,20,,35246,35,,,0,20,,35247,35,,,0,60,,35248,35,,,0,22,,35253,35,,,0,30,,35249,35,,,0,69,,35250,35,,,0,30,,35251,35,,,0,70,,35252,35,,,0,30,,35205,35,,,0,70,,35206,35,,,0,30,,35207,35,,,0,70,,35208,35,,,0,28,,35209,35,,,0,66,,35210,35,,,0,30,,35211,35,,,0,70,,35212,35,,,0,30,,35213,35,,,0,70,,35214,35,,,0,30,,35215,35,,,0,70,,35216,35,,,0
579601,'3',605,,35278,35,,,0,30,,35279,35,,,0,70,,35277,35,,,0,30,,35280,35,,,0,70,,35276,35,,,0,30,,35281,35,,,0,65,,35274,35,,,0,25,,35275,35,,,0,30,,35273,35,,,0,70,,35272,35,,,0,30,,35271,35,,,0,70,,35270,35,,,0,30,,35269,35,,,0,70,,35268,35,,,0,30,,35267,35,,,0,70,,35266,35,,,0,30,,35265,35,,,0,70,,35264,35,,,0,30,,35263,35,,,0,70,,35262,35,,,0,30,,35261,35,,,0,70,,35260,35,,,0,30,,35259,35,,,0,70,,35258,35,,,0,28,,35254,35,,,0,70,,35257,35,,,0,30,,35282,35,,,0,70,,35256,35,,,0,30,,35283,35,,,0,70,,35255,35,,,0,31,,35284,35,,,0,67,,35285,35,,,0,30,,35286,35,,,0,59,,35288,35,,,0,30,,35287,35,,,0,70,,35289,35,,,0,30,,35290,35,,,0
579601,'4',619,,35291,35,,,0,100,,35292,35,,,0,85,,35293,35,,,0,30,,35294,35,,,0,70,,35295,35,,,0,33,,35296,35,,,0,70,,35297,35,,,0,30,,35298,35,,,0,70,,35299,35,,,0,30,,35300,35,,,0,70,,35301,35,,,0,30,,35302,35,,,0,70,,35303,35,,,0,30,,35304,35,,,0,70,,35305,35,,,0,30,,35306,35,,,0,70,,35307,35,,,0,30,,35308,35,,,0,82,,35309,35,,,0,100,,35310,35,,,0,98,,35311,35,,,0,100,,35312,35,,,0,100,,35313,35,,,0
579601,'6',605,,35338,35,,,0,30,,35339,35,,,0,70,,35337,35,,,0,30,,35340,35,,,0,70,,35336,35,,,0,30,,35341,35,,,0,65,,35334,35,,,0,25,,35335,35,,,0,30,,35333,35,,,0,70,,35332,35,,,0,30,,35331,35,,,0,70,,35330,35,,,0,30,,35329,35,,,0,70,,35328,35,,,0,30,,35327,35,,,0,70,,35326,35,,,0,30,,35325,35,,,0,70,,35324,35,,,0,30,,35323,35,,,0,70,,35322,35,,,0,30,,35321,35,,,0,70,,35320,35,,,0,30,,35319,35,,,0,70,,35318,35,,,0,28,,35314,35,,,0,70,,35317,35,,,0,30,,35342,35,,,0,70,,35316,35,,,0,30,,35343,35,,,0,70,,35315,35,,,0,31,,35344,35,,,0,67,,35345,35,,,0,30,,35346,35,,,0,59,,35348,35,,,0,30,,35347,35,,,0,70,,35349,35,,,0,30,,35350,35,,,0
579701,'1601',1514,,35553,30,,,0,30,,35552,30,,,0
579701,'1',521,,35554,30,,,0,22,,35555,30,,,0,60,,35556,30,,,0,20,,35557,30,,,0,20,,35558,30,,,0,59,,35559,30,,,0,15,,35560,30,,,0,15,,35561,30,,,0,15,,35562,30,,,0,55,,35563,30,,,0,15,,35564,30,,,0,15,,35565,30,,,0,15,,35566,30,,,0,60,,35567,30,,,0,20,,35568,30,,,0,20,,35569,30,,,0,59,,35570,30,,,0,20,,35571,30,,,0,20,,35572,30,,,0,60,,35573,30,,,0,20,,35574,30,,,0,20,,35575,30,,,0,60,,35576,30,,,0,20,,35577,30,,,0,20,,35578,30,,,0,60,,35579,30,,,0,20,,35580,30,,,0,20,,35581,30,,,0,56,,35582,30,,,0,15,,35583,30,,,0,15,,35584,30,,,0,15,,35585,30,,,0,55,,35586,30,,,0,15,,35587,30,,,0,15,,35588,30,,,0,15,,35589,30,,,0,55,,35590,30,,,0,15,,35591,30,,,0,15,,35592,30,,,0,15,,35593,30,,,0,55,,35594,30,,,0,15,,35595,30,,,0,15,,35596,30,,,0,15,,35597,30,,,0,69,,35598,30,,,0,30,,35599,30,,,0,66,,35600,30,,,0,28,,35601,30,,,0,70,,35602,30,,,0,30,,35603,30,,,0,70,,35604,30,,,0,30,,35605,30,,,0,69,,35606,30,,,0,25,,35607,30,,,0,70,,35608,30,,,0,30,,35609,30,,,0,70,,35610,30,,,0,32,,35611,30,,,0,70,,35612,30,,,0
579701,'2',553,,35656,30,,,0,72,,35657,30,,,0,30,,35658,30,,,0,70,,35659,30,,,0,30,,35613,30,,,0,70,,35614,30,,,0,30,,35615,30,,,0,60,,35616,30,,,0,20,,35617,30,,,0,20,,35618,30,,,0,60,,35619,30,,,0,20,,35620,30,,,0,20,,35621,30,,,0,60,,35622,30,,,0,20,,35623,30,,,0,20,,35624,30,,,0,60,,35625,30,,,0,20,,35626,30,,,0,20,,35627,30,,,0,60,,35628,30,,,0,20,,35629,30,,,0,20,,35630,30,,,0,60,,35631,30,,,0,20,,35632,30,,,0,20,,35633,30,,,0,60,,35634,30,,,0,20,,35635,30,,,0,20,,35636,30,,,0,60,,35637,30,,,0,20,,35638,30,,,0,20,,35639,30,,,0,60,,35640,30,,,0,20,,35660,30,,,0,20,,35661,30,,,0,60,,35641,30,,,0,26,,35642,30,,,0,70,,35643,30,,,0,30,,35644,30,,,0,70,,35645,30,,,0,30,,35646,30,,,0,70,,35647,30,,,0,30,,35648,30,,,0,64,,35649,30,,,0,30,,35650,30,,,0,70,,35651,30,,,0,30,,35652,30,,,0,70,,35653,30,,,0,30,,35654,30,,,0,73,,35655,30,,,0
579701,'3',627,,35667,30,,,0,29,,35666,30,,,0,70,,35668,30,,,0,30,,35665,30,,,0,70,,35669,30,,,0,30,,35670,30,,,0,79,,35671,30,,,0,70,,35672,30,,,0,30,,35673,30,,,0,70,,35674,30,,,0,30,,35675,30,,,0,70,,35676,30,,,0,30,,35677,30,,,0,70,,35678,30,,,0,30,,35679,30,,,0,70,,35680,30,,,0,30,,35681,30,,,0,70,,35682,30,,,0,30,,35683,30,,,0,70,,35684,30,,,0,30,,35685,30,,,0,70,,35686,30,,,0,30,,35687,30,,,0,68,,35664,30,,,0,30,,35688,30,,,0,70,,35663,30,,,0,30,,35689,30,,,0,70,,35662,30,,,0,30,,35690,30,,,0,68,,35691,30,,,0,30,,35692,30,,,0,28,,35693,30,,,0,70,,35694,30,,,0,30,,35695,30,,,0,70,,35696,30,,,0,24,,35697,30,,,0
579701,'4',649,,35698,30,,,0,100,,35699,30,,,0,70,,35700,30,,,0,30,,35701,30,,,0,70,,35702,30,,,0,34,,35703,30,,,0,70,,35704,30,,,0,30,,35705,30,,,0,70,,35706,30,,,0,30,,35707,30,,,0,70,,35708,30,,,0,30,,35709,30,,,0,70,,35710,30,,,0,30,,35711,30,,,0,70,,35712,30,,,0,30,,35713,30,,,0,65,,35714,30,,,0,30,,35715,30,,,0,100,,35716,30,,,0,98,,35717,30,,,0,100,,35718,30,,,0,100,,35719,30,,,0,100,,35720,30,,,0
579701,'6',627,,35726,30,,,0,29,,35725,30,,,0,70,,35727,30,,,0,30,,35724,30,,,0,70,,35728,30,,,0,30,,35729,30,,,0,79,,35730,30,,,0,70,,35731,30,,,0,30,,35732,30,,,0,70,,35733,30,,,0,30,,35734,30,,,0,70,,35735,30,,,0,30,,35736,30,,,0,70,,35737,30,,,0,30,,35738,30,,,0,70,,35739,30,,,0,30,,35740,30,,,0,70,,35741,30,,,0,30,,35742,30,,,0,70,,35743,30,,,0,30,,35744,30,,,0,70,,35745,30,,,0,30,,35746,30,,,0,68,,35723,30,,,0,30,,35747,30,,,0,70,,35722,30,,,0,30,,35748,30,,,0,70,,35721,30,,,0,30,,35749,30,,,0,68,,35750,30,,,0,30,,35751,30,,,0,28,,35752,30,,,0,70,,35753,30,,,0,30,,35754,30,,,0,70,,35755,30,,,0,24,,35756,30,,,0
579801,'1',526,,35991,15,,,0,20,,35992,15,,,0,60,,35993,15,,,0,20,,35994,15,,,0,20,,35995,15,,,0,57,,35996,15,,,0,16,,35997,15,,,0,14,,35998,15,,,0,12,,35999,15,,,0,12,,36000,15,,,0,52,,36001,15,,,0,12,,36002,15,,,0,12,,36003,15,,,0,14,,36004,15,,,0,12,,36005,15,,,0,52,,36006,15,,,0,12,,36007,15,,,0,13,,36008,15,,,0,15,,36009,15,,,0,55,,36010,15,,,0,15,,36011,15,,,0,15,,36012,15,,,0,15,,36013,15,,,0,55,,36014,15,,,0,15,,36015,15,,,0,15,,36016,15,,,0,15,,36017,15,,,0,55,,36018,15,,,0,15,,36019,15,,,0,15,,36020,15,,,0,15,,36021,15,,,0,55,,36022,15,,,0,15,,36023,15,,,0,15,,36024,15,,,0,15,,36025,15,,,0,56,,36026,15,,,0,15,,36027,15,,,0,15,,36028,15,,,0,15,,36029,15,,,0,55,,36030,15,,,0,12,,36031,15,,,0,12,,36032,15,,,0,12,,36033,15,,,0,12,,36034,15,,,0,52,,36035,15,,,0,12,,36036,15,,,0,12,,36037,15,,,0,12,,36038,15,,,0,12,,36039,15,,,0,52,,36040,15,,,0,12,,36041,15,,,0,12,,36042,15,,,0,12,,36043,15,,,0,12,,36044,15,,,0,52,,36045,15,,,0,11,,36046,15,,,0,12,,36047,15,,,0,12,,36048,15,,,0,12,,36049,15,,,0,54,,36050,15,,,0,14,,36051,15,,,0,15,,36052,15,,,0,15,,36053,15,,,0,54,,36054,15,,,0,18,,36055,15,,,0,12,,36056,15,,,0,14,,36057,15,,,0,60,,36058,15,,,0,20,,36059,15,,,0,20,,36060,15,,,0,61,,36061,15,,,0,20,,36062,15,,,0,20,,36063,15,,,0,70,,36064,15,,,0,30,,36065,15,,,0,97,,36066,15,,,0
579801,'2',527,,36098,15,,,0,29,,36099,15,,,0,71,,36100,15,,,0,30,,36101,15,,,0,70,,36102,15,,,0,30,,36103,15,,,0,70,,36104,15,,,0,30,,36105,15,,,0,70,,36106,15,,,0,20,,36107,15,,,0,65,,36108,15,,,0,20,,36109,15,,,0,20,,36110,15,,,0,60,,36111,15,,,0,20,,36112,15,,,0,20,,36113,15,,,0,62,,36114,15,,,0,20,,36067,15,,,0,20,,36068,15,,,0,55,,36069,15,,,0,20,,36070,15,,,0,20,,36071,15,,,0,60,,36072,15,,,0,20,,36073,15,,,0,20,,36074,15,,,0,60,,36075,15,,,0,20,,36076,15,,,0,20,,36077,15,,,0,60,,36078,15,,,0,20,,36079,15,,,0,20,,36080,15,,,0,60,,36081,15,,,0,20,,36082,15,,,0,20,,36083,15,,,0,60,,36084,15,,,0,21,,36085,15,,,0,70,,36086,15,,,0,30,,36087,15,,,0,70,,36088,15,,,0,30,,36089,15,,,0,70,,36090,15,,,0,28,,36091,15,,,0,30,,36092,15,,,0,70,,36093,15,,,0,30,,36094,15,,,0,70,,36095,15,,,0,22,,36096,15,,,0,100,,36097,15,,,0
579801,'3',620,,36115,15,,,0,36,,36146,15,,,0,70,,36116,15,,,0,30,,36117,15,,,0,70,,36118,15,,,0,30,,36119,15,,,0,71,,36120,15,,,0,30,,36121,15,,,0,73,,36122,15,,,0,70,,36123,15,,,0,30,,36124,15,,,0,70,,36125,15,,,0,30,,36126,15,,,0,70,,36127,15,,,0,30,,36128,15,,,0,70,,36129,15,,,0,30,,36130,15,,,0,70,,36131,15,,,0,30,,36132,15,,,0,70,,36133,15,,,0,30,,36134,15,,,0,70,,36135,15,,,0,30,,36139,15,,,0,70,,36140,15,,,0,30,,36141,15,,,0,70,,36142,15,,,0,30,,36143,15,,,0,70,,36144,15,,,0,30,,36145,15,,,0,70,,36136,15,,,0,33,,36149,15,,,0,70,,36137,15,,,0,30,,36147,15,,,0,70,,36138,15,,,0,30,,36148,15,,,0
579801,'4',521,,36150,15,,,0,100,,36151,15,,,0,30,,36152,15,,,0,70,,36153,15,,,0,30,,36154,15,,,0,70,,36155,15,,,0,30,,36156,15,,,0,73,,36157,15,,,0,34,,36158,15,,,0,74,,36159,15,,,0,70,,36160,15,,,0,30,,36161,15,,,0,70,,36162,15,,,0,30,,36163,15,,,0,70,,36164,15,,,0,30,,36165,15,,,0,90,,36166,15,,,0,95,,36167,15,,,0,100,,36168,15,,,0,100,,36169,15,,,0,100,,36170,15,,,0,100,,36171,15,,,0,100,,36172,15,,,0
579801,'6',527,,36204,15,,,0,29,,36205,15,,,0,71,,36206,15,,,0,30,,36207,15,,,0,70,,36208,15,,,0,30,,36209,15,,,0,70,,36210,15,,,0,30,,36211,15,,,0,70,,36212,15,,,0,20,,36213,15,,,0,65,,36214,15,,,0,20,,36215,15,,,0,20,,36216,15,,,0,60,,36217,15,,,0,20,,36218,15,,,0,20,,36219,15,,,0,62,,36220,15,,,0,20,,36173,15,,,0,20,,36174,15,,,0,55,,36175,15,,,0,20,,36176,15,,,0,20,,36177,15,,,0,60,,36178,15,,,0,20,,36179,15,,,0,20,,36180,15,,,0,60,,36181,15,,,0,20,,36182,15,,,0,20,,36183,15,,,0,60,,36184,15,,,0,20,,36185,15,,,0,20,,36186,15,,,0,60,,36187,15,,,0,20,,36188,15,,,0,20,,36189,15,,,0,60,,36190,15,,,0,21,,36191,15,,,0,70,,36192,15,,,0,30,,36193,15,,,0,70,,36194,15,,,0,30,,36195,15,,,0,70,,36196,15,,,0,28,,36197,15,,,0,30,,36198,15,,,0,70,,36199,15,,,0,30,,36200,15,,,0,70,,36201,15,,,0,22,,36202,15,,,0,100,,36203,15,,,0
