579100,'1',1242,,32798,18,,,0,70,,32812,18,,,0,30,,32799,18,,,0,70,,32813,18,,,0,31,,32800,18,,,0,70,,32801,18,,,0,30,,32802,18,,,0,60,,32803,18,,,0,30,,32804,18,,,0,70,,32805,18,,,0,30,,32806,18,,,0,75,,32807,18,,,0,30,,32808,18,,,0,70,,32809,18,,,0,34,,32816,18,,,0,70,,32810,18,,,0,30,,32817,18,,,0,70,,32811,18,,,0,30,,32818,18,,,0,70,,32819,18,,,0,30,,32820,18,,,0,70,,32821,18,,,0,30,,32822,18,,,0,70,,32823,18,,,0,30,,32824,18,,,0,70,,32825,18,,,0
579100,'2',1232,,32834,18,,,0,70,,32848,18,,,0,30,,32835,18,,,0,70,,32849,18,,,0,30,,32836,18,,,0,70,,32837,18,,,0,30,,32838,18,,,0,70,,32839,18,,,0,30,,32840,18,,,0,70,,32841,18,,,0,30,,32842,18,,,0,70,,32843,18,,,0,30,,32844,18,,,0,70,,32845,18,,,0,30,,32852,18,,,0,70,,32846,18,,,0,30,,32853,18,,,0,70,,32847,18,,,0,30,,32854,18,,,0,70,,32855,18,,,0,30,,32856,18,,,0,70,,32857,18,,,0,30,,32858,18,,,0,70,,32859,18,,,0,30,,32860,18,,,0
579100,'3',1232,,32869,18,,,0,70,,32883,18,,,0,30,,32870,18,,,0,70,,32884,18,,,0,30,,32871,18,,,0,70,,32872,18,,,0,30,,32873,18,,,0,70,,32874,18,,,0,30,,32875,18,,,0,70,,32876,18,,,0,30,,32877,18,,,0,70,,32878,18,,,0,30,,32879,18,,,0,70,,32880,18,,,0,30,,32887,18,,,0,70,,32881,18,,,0,30,,32888,18,,,0,70,,32882,18,,,0,30,,32889,18,,,0,70,,32890,18,,,0,30,,32891,18,,,0,70,,32892,18,,,0,30,,32893,18,,,0,70,,32894,18,,,0
579100,'4',1232,,32903,18,,,0,70,,32916,18,,,0,30,,32904,18,,,0,70,,32917,18,,,0,30,,32905,18,,,0,70,,32906,18,,,0,30,,32907,18,,,0,70,,32908,18,,,0,30,,32909,18,,,0,70,,32910,18,,,0,30,,32911,18,,,0,70,,32912,18,,,0,30,,32913,18,,,0,70,,32914,18,,,0,30,,32920,18,,,0,70,,32915,18,,,0,30,,32921,18,,,0
579100,'6',1232,,32930,18,,,0,70,,32944,18,,,0,30,,32931,18,,,0,70,,32945,18,,,0,30,,32932,18,,,0,70,,32933,18,,,0,30,,32934,18,,,0,70,,32935,18,,,0,30,,32936,18,,,0,70,,32937,18,,,0,30,,32938,18,,,0,70,,32939,18,,,0,30,,32940,18,,,0,70,,32941,18,,,0,30,,32948,18,,,0,70,,32942,18,,,0,30,,32949,18,,,0,70,,32943,18,,,0,30,,32950,18,,,0,70,,32951,18,,,0,30,,32952,18,,,0,70,,32953,18,,,0,30,,32954,18,,,0,70,,32955,18,,,0,30,,32956,18,,,0
579101,'1',509,,32957,20,,,0,28,,32958,20,,,0,70,,32959,20,,,0,30,,32960,20,,,0,70,,32961,20,,,0,30,,32962,20,,,0,70,,32963,20,,,0,30,,32964,20,,,0,70,,32965,20,,,0,34,,32966,20,,,0,70,,32967,20,,,0,30,,32983,20,,,0,70,,32968,20,,,0,30,,32984,20,,,0,70,,32969,20,,,0
579101,'2',739,,32998,20,,,0,70,,32999,20,,,0,30,,33000,20,,,0,70,,33001,20,,,0,30,,33002,20,,,0,70,,33003,20,,,0,30,,33019,20,,,0,70,,33004,20,,,0,30,,33020,20,,,0,70,,33005,20,,,0
579101,'3',739,,33032,20,,,0,70,,33033,20,,,0,30,,33034,20,,,0,70,,33035,20,,,0,30,,33036,20,,,0,70,,33037,20,,,0,30,,33053,20,,,0,70,,33038,20,,,0,30,,33054,20,,,0,70,,33039,20,,,0
579101,'4',739,,33066,20,,,0,70,,33067,20,,,0,30,,33068,20,,,0,70,,33069,20,,,0,30,,33070,20,,,0,70,,33071,20,,,0,30,,33085,20,,,0,70,,33072,20,,,0,30,,33086,20,,,0,70,,33073,20,,,0
579101,'6',739,,33093,20,,,0,70,,33094,20,,,0,30,,33095,20,,,0,70,,33096,20,,,0,30,,33097,20,,,0,70,,33098,20,,,0,30,,33114,20,,,0,70,,33099,20,,,0,30,,33115,20,,,0,70,,33100,20,,,0
