578200,'1',457,,30152,16,,,0,55,,30182,16,,,0,20,,30189,16,,,0,20,,30188,16,,,0,60,,30187,16,,,0,20,,30186,16,,,0,20,,30185,16,,,0,63,,30184,16,,,0,20,,30183,16,,,0,20,,30190,16,,,0,60,,30153,16,,,0,20,,30154,16,,,0,20,,30155,16,,,0,60,,30156,16,,,0,20,,30157,16,,,0,20,,30158,16,,,0,60,,30159,16,,,0,20,,30162,16,,,0,20,,30163,16,,,0,60,,30164,16,,,0,20,,30165,16,,,0,20,,30166,16,,,0,60,,30167,16,,,0,20,,30160,16,,,0,20,,30161,16,,,0,60,,30136,16,,,0,20,,30168,16,,,0,21,,30169,16,,,0,60,,30170,16,,,0,20,,30171,16,,,0,20,,30172,16,,,0,60,,30173,16,,,0,20,,30174,16,,,0,20,,30175,16,,,0,60,,30176,16,,,0,20,,30177,16,,,0,20,,30178,16,,,0,60,,30179,16,,,0,20,,30180,16,,,0,20,,30181,16,,,0,63,,30151,16,,,0,30,,30150,16,,,0,72,,30149,16,,,0,30,,30148,16,,,0,70,,30147,16,,,0,30,,30146,16,,,0,70,,30145,16,,,0,30,,30137,16,,,0,68,,30138,16,,,0,30,,30139,16,,,0,70,,30140,16,,,0,30,,30141,16,,,0,70,,30142,16,,,0,32,,30143,16,,,0,80,,30144,16,,,0
578200,'2',511,,30191,16,,,0,30,,30192,16,,,0,71,,30193,16,,,0,30,,30194,16,,,0,70,,30195,16,,,0,30,,30196,16,,,0,70,,30197,16,,,0,20,,30239,16,,,0,20,,30198,16,,,0,62,,30199,16,,,0,20,,30200,16,,,0,20,,30201,16,,,0,60,,30202,16,,,0,20,,30203,16,,,0,20,,30204,16,,,0,60,,30205,16,,,0,20,,30206,16,,,0,20,,30207,16,,,0,60,,30208,16,,,0,20,,30209,16,,,0,20,,30210,16,,,0,60,,30211,16,,,0,20,,30212,16,,,0,20,,30213,16,,,0,60,,30214,16,,,0,20,,30215,16,,,0,20,,30216,16,,,0,60,,30217,16,,,0,20,,30218,16,,,0,20,,30219,16,,,0,60,,30220,16,,,0,20,,30221,16,,,0,20,,30222,16,,,0,60,,30223,16,,,0,30,,30224,16,,,0,70,,30225,16,,,0,30,,30226,16,,,0,70,,30227,16,,,0,30,,30228,16,,,0,70,,30229,16,,,0,30,,30230,16,,,0,70,,30231,16,,,0,30,,30232,16,,,0,67,,30233,16,,,0,30,,30234,16,,,0,70,,30235,16,,,0,30,,30236,16,,,0,70,,30237,16,,,0,30,,30240,16,,,0,90,,30238,16,,,0
578200,'3',611,,30276,16,,,0,100,,30275,16,,,0,30,,30274,16,,,0,70,,30273,16,,,0,30,,30272,16,,,0,73,,30271,16,,,0,30,,30270,16,,,0,70,,30269,16,,,0,30,,30268,16,,,0,70,,30267,16,,,0,30,,30266,16,,,0,70,,30265,16,,,0,30,,30264,16,,,0,70,,30263,16,,,0,30,,30262,16,,,0,70,,30261,16,,,0,30,,30260,16,,,0,70,,30259,16,,,0,30,,30258,16,,,0,70,,30257,16,,,0,30,,30256,16,,,0,70,,30255,16,,,0,30,,30254,16,,,0,70,,30253,16,,,0,30,,30252,16,,,0,70,,30251,16,,,0,30,,30250,16,,,0,68,,30249,16,,,0,30,,30248,16,,,0,70,,30247,16,,,0,30,,30246,16,,,0,70,,30245,16,,,0,30,,30244,16,,,0,70,,30243,16,,,0,30,,30242,16,,,0,70,,30241,16,,,0
578200,'4',539,,30277,16,,,0,80,,30278,16,,,0,40,,30279,16,,,0,80,,30280,16,,,0,80,,30281,16,,,0,40,,30282,16,,,0,80,,30283,16,,,0,80,,30284,16,,,0,40,,30285,16,,,0,80,,30286,16,,,0,80,,30287,16,,,0,40,,30288,16,,,0,80,,30289,16,,,0,80,,30290,16,,,0,90,,30291,16,,,0,100,,30292,16,,,0,100,,30293,16,,,0,100,,30294,16,,,0,100,,30295,16,,,0,100,,30296,16,,,0,100,,30297,16,,,0
578200,'6',611,,30333,16,,,0,100,,30332,16,,,0,30,,30331,16,,,0,70,,30330,16,,,0,30,,30329,16,,,0,73,,30328,16,,,0,30,,30327,16,,,0,70,,30326,16,,,0,30,,30325,16,,,0,70,,30324,16,,,0,30,,30323,16,,,0,70,,30322,16,,,0,30,,30321,16,,,0,70,,30320,16,,,0,30,,30319,16,,,0,70,,30318,16,,,0,30,,30317,16,,,0,70,,30316,16,,,0,30,,30315,16,,,0,70,,30314,16,,,0,30,,30313,16,,,0,70,,30312,16,,,0,30,,30311,16,,,0,70,,30310,16,,,0,30,,30309,16,,,0,70,,30308,16,,,0,30,,30307,16,,,0,68,,30306,16,,,0,30,,30305,16,,,0,70,,30304,16,,,0,30,,30303,16,,,0,70,,30302,16,,,0,30,,30301,16,,,0,70,,30300,16,,,0,30,,30299,16,,,0,70,,30298,16,,,0
579301,'1',545,,33902,29,,,0,55,,33903,29,,,0,15,,33833,29,,,0,15,,33904,29,,,0,15,,33832,29,,,0,55,,33905,29,,,0,15,,33835,29,,,0,15,,33836,29,,,0,19,,33837,29,,,0,10,,33847,29,,,0,50,,33875,29,,,0,10,,33846,29,,,0,10,,33845,29,,,0,10,,33876,29,,,0,10,,33844,29,,,0,10,,33843,29,,,0,50,,33877,29,,,0,10,,33842,29,,,0,10,,33841,29,,,0,10,,33878,29,,,0,10,,33840,29,,,0,10,,33839,29,,,0,50,,33879,29,,,0,10,,33838,29,,,0,10,,33913,29,,,0,10,,33892,29,,,0,20,,33893,29,,,0,60,,33894,29,,,0,20,,33895,29,,,0,20,,33896,29,,,0,60,,33897,29,,,0,20,,33898,29,,,0,20,,33899,29,,,0,60,,33900,29,,,0,20,,33901,29,,,0,20,,33834,29,,,0,60,,33880,29,,,0,20,,33867,29,,,0,20,,33866,29,,,0,60,,33881,29,,,0,20,,33865,29,,,0,13,,33882,29,,,0,50,,33864,29,,,0,10,,33863,29,,,0,10,,33883,29,,,0,10,,33862,29,,,0,10,,33861,29,,,0,10,,33884,29,,,0,50,,33860,29,,,0,10,,33859,29,,,0,10,,33885,29,,,0,10,,33858,29,,,0,10,,33857,29,,,0,10,,33886,29,,,0,50,,33856,29,,,0,10,,33855,29,,,0,10,,33887,29,,,0,10,,33854,29,,,0,10,,33888,29,,,0,10,,33853,29,,,0,50,,33852,29,,,0,10,,33889,29,,,0,15,,33851,29,,,0,16,,33850,29,,,0,60,,33910,29,,,0,20,,33911,29,,,0,20,,33849,29,,,0,60,,33848,29,,,0,20,,33906,29,,,0,20,,33868,29,,,0,60,,33869,29,,,0,20,,33907,29,,,0,17,,33870,29,,,0,60,,33871,29,,,0,20,,33908,29,,,0,20,,33872,29,,,0,60,,33873,29,,,0,20,,33909,29,,,0,20,,33874,29,,,0,60,,33891,29,,,0,20,,33890,29,,,0,20,,33912,29,,,0
579301,'2',544,,33984,29,,,0,60,,33914,29,,,0,20,,33974,29,,,0,20,,33915,29,,,0,60,,33916,29,,,0,20,,33975,29,,,0,20,,33917,29,,,0,60,,33918,29,,,0,20,,33919,29,,,0,22,,33920,29,,,0,55,,33921,29,,,0,15,,33922,29,,,0,15,,33923,29,,,0,15,,33924,29,,,0,55,,33925,29,,,0,15,,33926,29,,,0,15,,33927,29,,,0,15,,33928,29,,,0,55,,33929,29,,,0,15,,33930,29,,,0,15,,33931,29,,,0,13,,33932,29,,,0,57,,33933,29,,,0,15,,33934,29,,,0,15,,33935,29,,,0,15,,33936,29,,,0,55,,33937,29,,,0,15,,33938,29,,,0,15,,33939,29,,,0,15,,33940,29,,,0,55,,33941,29,,,0,15,,33942,29,,,0,15,,33943,29,,,0,15,,33944,29,,,0,55,,33945,29,,,0,15,,33946,29,,,0,15,,33947,29,,,0,15,,33948,29,,,0,55,,33949,29,,,0,15,,33950,29,,,0,15,,33951,29,,,0,15,,33952,29,,,0,55,,33953,29,,,0,15,,33954,29,,,0,15,,33955,29,,,0,15,,33956,29,,,0,55,,33957,29,,,0,15,,33958,29,,,0,15,,33959,29,,,0,15,,33960,29,,,0,60,,33961,29,,,0,20,,33976,29,,,0,19,,33962,29,,,0,60,,33977,29,,,0,20,,33963,29,,,0,20,,33964,29,,,0,60,,33978,29,,,0,20,,33965,29,,,0,20,,33966,29,,,0,60,,33979,29,,,0,20,,33967,29,,,0,19,,33968,29,,,0,60,,33980,29,,,0,20,,33969,29,,,0,20,,33970,29,,,0,60,,33981,29,,,0,20,,33971,29,,,0,20,,33972,29,,,0,60,,33973,29,,,0,20,,33982,29,,,0,20,,33983,29,,,0
579301,'3',543,,34030,29,,,0,70,,33985,29,,,0,30,,33986,29,,,0,70,,33987,29,,,0,30,,33988,29,,,0,70,,33989,29,,,0,30,,33990,29,,,0,70,,33991,29,,,0,30,,33992,29,,,0,60,,33993,29,,,0,20,,33994,29,,,0,22,,33995,29,,,0,60,,33996,29,,,0,20,,33997,29,,,0,20,,33998,29,,,0,65,,33999,29,,,0,20,,34000,29,,,0,20,,34001,29,,,0,60,,34002,29,,,0,20,,34003,29,,,0,20,,34004,29,,,0,60,,34005,29,,,0,20,,34006,29,,,0,20,,34007,29,,,0,60,,34008,29,,,0,20,,34009,29,,,0,20,,34010,29,,,0,60,,34011,29,,,0,20,,34012,29,,,0,20,,34013,29,,,0,60,,34014,29,,,0,20,,34015,29,,,0,20,,34016,29,,,0,60,,34017,29,,,0,20,,34018,29,,,0,70,,34019,29,,,0,30,,34020,29,,,0,70,,34021,29,,,0,30,,34022,29,,,0,70,,34023,29,,,0,30,,34024,29,,,0,70,,34025,29,,,0,30,,34026,29,,,0,28,,34027,29,,,0,70,,34028,29,,,0,30,,34029,29,,,0,70,,34031,29,,,0
579301,'4',638,,34069,29,,,0,70,,34068,29,,,0,30,,34067,29,,,0,70,,34066,29,,,0,30,,34065,29,,,0,70,,34064,29,,,0,30,,34063,29,,,0,70,,34062,29,,,0,20,,34061,29,,,0,20,,34060,29,,,0,60,,34059,29,,,0,20,,34058,29,,,0,20,,34057,29,,,0,60,,34056,29,,,0,20,,34055,29,,,0,20,,34054,29,,,0,60,,34053,29,,,0,20,,34052,29,,,0,20,,34051,29,,,0,60,,34050,29,,,0,20,,34049,29,,,0,20,,34048,29,,,0,60,,34047,29,,,0,20,,34046,29,,,0,20,,34045,29,,,0,60,,34044,29,,,0,20,,34043,29,,,0,20,,34042,29,,,0,60,,34041,29,,,0,20,,34040,29,,,0,20,,34039,29,,,0,60,,34038,29,,,0,20,,34037,29,,,0,20,,34036,29,,,0,70,,34035,29,,,0,30,,34034,29,,,0,70,,34033,29,,,0,30,,34032,29,,,0
579301,'6',543,,34115,29,,,0,70,,34070,29,,,0,30,,34071,29,,,0,70,,34072,29,,,0,30,,34073,29,,,0,70,,34074,29,,,0,30,,34075,29,,,0,70,,34076,29,,,0,30,,34077,29,,,0,60,,34078,29,,,0,20,,34079,29,,,0,22,,34080,29,,,0,60,,34081,29,,,0,20,,34082,29,,,0,20,,34083,29,,,0,65,,34084,29,,,0,20,,34085,29,,,0,20,,34086,29,,,0,60,,34087,29,,,0,20,,34088,29,,,0,20,,34089,29,,,0,60,,34090,29,,,0,20,,34091,29,,,0,20,,34092,29,,,0,60,,34093,29,,,0,20,,34094,29,,,0,20,,34095,29,,,0,60,,34096,29,,,0,20,,34097,29,,,0,20,,34098,29,,,0,60,,34099,29,,,0,20,,34100,29,,,0,20,,34101,29,,,0,60,,34102,29,,,0,20,,34103,29,,,0,70,,34104,29,,,0,30,,34105,29,,,0,70,,34106,29,,,0,30,,34107,29,,,0,70,,34108,29,,,0,30,,34109,29,,,0,70,,34110,29,,,0,30,,34111,29,,,0,28,,34112,29,,,0,70,,34113,29,,,0,30,,34114,29,,,0,70,,34116,29,,,0
