579501,'1',512,,34741,17,,,0,20,,34742,17,,,0,20,,34743,17,,,0,60,,34744,17,,,0,18,,34745,17,,,0,15,,34746,17,,,0,55,,34747,17,,,0,11,,34748,17,,,0,15,,34749,17,,,0,15,,34750,17,,,0,15,,34751,17,,,0,55,,34752,17,,,0,15,,34753,17,,,0,15,,34754,17,,,0,15,,34755,17,,,0,56,,34756,17,,,0,15,,34757,17,,,0,15,,34758,17,,,0,15,,34759,17,,,0,57,,34760,17,,,0,20,,34761,17,,,0,20,,34762,17,,,0,60,,34763,17,,,0,20,,34764,17,,,0,20,,34765,17,,,0,60,,34766,17,,,0,20,,34767,17,,,0,20,,34768,17,,,0,60,,34769,17,,,0,20,,34770,17,,,0,21,,34771,17,,,0,59,,34772,17,,,0,14,,34773,17,,,0,16,,34774,17,,,0,14,,34775,17,,,0,55,,34776,17,,,0,15,,34777,17,,,0,15,,34778,17,,,0,15,,34779,17,,,0,55,,34780,17,,,0,15,,34781,17,,,0,15,,34782,17,,,0,15,,34783,17,,,0,55,,34784,17,,,0,15,,34785,17,,,0,15,,34786,17,,,0,60,,34787,17,,,0,30,,34788,17,,,0,69,,34789,17,,,0,30,,34790,17,,,0,70,,34791,17,,,0,30,,34792,17,,,0,70,,34793,17,,,0,30,,34794,17,,,0,70,,34795,17,,,0,30,,34796,17,,,0,70,,34797,17,,,0,30,,34798,17,,,0,70,,34799,17,,,0,47,,34800,17,,,0,73,,34801,17,,,0
579501,'2',554,,34835,17,,,0,74,,34833,17,,,0,30,,34830,17,,,0,70,,34813,17,,,0,30,,34826,17,,,0,70,,34827,17,,,0,30,,34832,17,,,0,64,,34837,17,,,0,30,,34838,17,,,0,70,,34831,17,,,0,30,,34836,17,,,0,70,,34834,17,,,0,30,,34840,17,,,0,70,,34802,17,,,0,30,,34806,17,,,0,70,,34805,17,,,0,30,,34839,17,,,0,70,,34803,17,,,0,30,,34804,17,,,0,70,,34807,17,,,0,30,,34811,17,,,0,70,,34812,17,,,0,30,,34815,17,,,0,70,,34818,17,,,0,30,,34819,17,,,0,75,,34809,17,,,0,30,,34808,17,,,0,70,,34810,17,,,0,30,,34820,17,,,0,70,,34821,17,,,0,30,,34823,17,,,0,70,,34816,17,,,0,30,,34817,17,,,0,70,,34814,17,,,0,30,,34828,17,,,0,70,,34829,17,,,0,30,,34822,17,,,0,70,,34824,17,,,0,30,,34825,17,,,0
579501,'3',557,,34846,17,,,0,75,,34845,17,,,0,73,,34847,17,,,0,30,,34844,17,,,0,70,,34848,17,,,0,30,,34843,17,,,0,70,,34849,17,,,0,28,,34850,17,,,0,70,,34851,17,,,0,30,,34852,17,,,0,70,,34853,17,,,0,30,,34854,17,,,0,70,,34855,17,,,0,30,,34856,17,,,0,70,,34857,17,,,0,30,,34858,17,,,0,70,,34859,17,,,0,30,,34860,17,,,0,70,,34861,17,,,0,30,,34862,17,,,0,70,,34863,17,,,0,30,,34864,17,,,0,70,,34865,17,,,0,30,,34866,17,,,0,70,,34867,17,,,0,30,,34868,17,,,0,70,,34842,17,,,0,30,,34869,17,,,0,70,,34841,17,,,0,30,,34870,17,,,0,70,,34871,17,,,0,30,,34872,17,,,0,70,,34873,17,,,0,32,,34874,17,,,0,70,,34875,17,,,0,30,,34876,17,,,0
579501,'4',637,,34899,17,,,0,100,,34898,17,,,0,70,,34897,17,,,0,30,,34896,17,,,0,70,,34895,17,,,0,30,,34894,17,,,0,70,,34893,17,,,0,30,,34892,17,,,0,70,,34891,17,,,0,30,,34890,17,,,0,70,,34889,17,,,0,30,,34888,17,,,0,70,,34887,17,,,0,30,,34886,17,,,0,70,,34885,17,,,0,30,,34884,17,,,0,70,,34883,17,,,0,30,,34882,17,,,0,70,,34881,17,,,0,45,,34880,17,,,0,85,,34900,17,,,0,85,,34879,17,,,0,85,,34878,17,,,0,45,,34877,17,,,0,85,,34901,17,,,0
579501,'6',557,,34907,17,,,0,75,,34906,17,,,0,73,,34908,17,,,0,30,,34905,17,,,0,70,,34909,17,,,0,30,,34904,17,,,0,70,,34910,17,,,0,28,,34911,17,,,0,70,,34912,17,,,0,30,,34913,17,,,0,70,,34914,17,,,0,30,,34915,17,,,0,70,,34916,17,,,0,30,,34917,17,,,0,70,,34918,17,,,0,30,,34919,17,,,0,70,,34920,17,,,0,30,,34921,17,,,0,70,,34922,17,,,0,30,,34923,17,,,0,70,,34924,17,,,0,30,,34925,17,,,0,70,,34926,17,,,0,30,,34927,17,,,0,70,,34928,17,,,0,30,,34929,17,,,0,70,,34903,17,,,0,30,,34930,17,,,0,70,,34902,17,,,0,30,,34931,17,,,0,70,,34932,17,,,0,30,,34933,17,,,0,70,,34934,17,,,0,32,,34935,17,,,0,70,,34936,17,,,0,30,,34937,17,,,0
583001,'1601',836,,41956,46,,,0,720,,41951,34,,,0
583001,'1',507,,41985,46,,,0,15,,41992,46,,,0,15,,41984,46,,,0,20,,42011,46,,,0,60,,41991,46,,,0,20,,41990,46,,,0,10,,41988,46,,,0,55,,41958,26,,,0,16,,41989,46,,,0,15,,41983,46,,,0,15,,41978,46,,,0,55,,41982,46,,,0,15,,41977,46,,,0,15,,41981,46,,,0,15,,41976,46,,,0,55,,41980,46,,,0,15,,41975,46,,,0,15,,41979,46,,,0,20,,41993,46,,,0,60,,41994,46,,,0,22,,42012,46,,,0,20,,41995,46,,,0,60,,41996,46,,,0,20,,41997,46,,,0,20,,41998,46,,,0,60,,41999,46,,,0,20,,42000,46,,,0,20,,42001,46,,,0,60,,42002,46,,,0,20,,42003,46,,,0,20,,41987,46,,,0,55,,41986,46,,,0,16,,41974,46,,,0,15,,41966,46,,,0,15,,41973,46,,,0,55,,41965,46,,,0,15,,41972,46,,,0,15,,41964,46,,,0,15,,41971,46,,,0,55,,41963,46,,,0,15,,41970,46,,,0,15,,41962,46,,,0,15,,41969,46,,,0,55,,41961,46,,,0,15,,41968,46,,,0,15,,41960,46,,,0,15,,41967,46,,,0,55,,41959,46,,,0,15,,41957,46,,,0,15,,42004,46,,,0,15,,42005,46,,,0,60,,42006,46,,,0,16,,42007,46,,,0,20,,42008,46,,,0,60,,42009,46,,,0,20,,42010,46,,,0,20,,42026,46,,,0,60,,42025,46,,,0,20,,42024,46,,,0,20,,42023,46,,,0,60,,42022,46,,,0,17,,42021,46,,,0,20,,42020,46,,,0,60,,42019,46,,,0,20,,42018,46,,,0,20,,42017,46,,,0,60,,42016,46,,,0,20,,42015,46,,,0,20,,42014,46,,,0
583001,'2',529,,42082,46,,,0,76,,42081,46,,,0,35,,42080,46,,,0,69,,42079,46,,,0,31,,42078,46,,,0,70,,42077,46,,,0,28,,42075,26,,,0,20,,42076,46,,,0,60,,42074,46,,,0,20,,42073,46,,,0,20,,42072,46,,,0,60,,42071,46,,,0,20,,42070,46,,,0,20,,42069,46,,,0,60,,42068,46,,,0,20,,42067,46,,,0,20,,42066,46,,,0,60,,42065,46,,,0,20,,42064,46,,,0,20,,42063,46,,,0,60,,42062,46,,,0,20,,42061,46,,,0,20,,42060,46,,,0,60,,42059,46,,,0,20,,42058,46,,,0,20,,42057,46,,,0,60,,42056,46,,,0,20,,42055,46,,,0,20,,42054,46,,,0,60,,42053,46,,,0,20,,42052,46,,,0,20,,42051,46,,,0,60,,42050,46,,,0,20,,42049,46,,,0,20,,42048,46,,,0,60,,42047,46,,,0,20,,42046,46,,,0,20,,42045,46,,,0,60,,42044,46,,,0,16,,42043,46,,,0,20,,42042,46,,,0,60,,42041,46,,,0,20,,42040,46,,,0,20,,42039,46,,,0,60,,42038,46,,,0,20,,42037,46,,,0,20,,42036,46,,,0,60,,42035,46,,,0,19,,42034,46,,,0,20,,42033,46,,,0,60,,42032,46,,,0,21,,42031,46,,,0,20,,42030,46,,,0,60,,42029,46,,,0,20,,42028,46,,,0,18,,42027,46,,,0
583001,'3',546,,42097,46,,,0,80,,42111,46,,,0,80,,42096,46,,,0,40,,42112,46,,,0,80,,42088,46,,,0,80,,42103,46,,,0,20,,42113,46,,,0,20,,42099,46,,,0,60,,42114,46,,,0,23,,42100,46,,,0,20,,42115,46,,,0,60,,42098,46,,,0,20,,42116,46,,,0,20,,42095,46,,,0,60,,42117,46,,,0,20,,42106,46,,,0,20,,42118,46,,,0,60,,42090,46,,,0,20,,42119,46,,,0,20,,42108,46,,,0,60,,42120,46,,,0,20,,42107,46,,,0,20,,42121,46,,,0,60,,42092,46,,,0,20,,42122,46,,,0,20,,42109,46,,,0,60,,42123,46,,,0,20,,42091,46,,,0,20,,42124,46,,,0,60,,42104,46,,,0,20,,42125,46,,,0,20,,42102,46,,,0,60,,42126,46,,,0,20,,42101,46,,,0,20,,42127,46,,,0,60,,42105,46,,,0,17,,42128,46,,,0,25,,42110,46,,,0,60,,42129,46,,,0,20,,42094,46,,,0,20,,42089,46,,,0,60,,42093,46,,,0,30,,42087,46,,,0,70,,42085,46,,,0,29,,42086,46,,,0,70,,42084,46,,,0,30,,42083,46,,,0
583001,'4',618,,42160,26,,,0,24,,42130,46,,,0,70,,42131,46,,,0,30,,42132,46,,,0,70,,42133,46,,,0,30,,42134,46,,,0,70,,42135,46,,,0,30,,42136,46,,,0,70,,42137,46,,,0,30,,42138,46,,,0,70,,42139,46,,,0,30,,42140,46,,,0,70,,42141,46,,,0,30,,42142,46,,,0,70,,42143,46,,,0,30,,42144,46,,,0,70,,42145,46,,,0,30,,42146,46,,,0,70,,42147,46,,,0,30,,42148,46,,,0,70,,42149,46,,,0,30,,42150,46,,,0,70,,42151,46,,,0,30,,42152,46,,,0,70,,42153,46,,,0,30,,42154,46,,,0,70,,42155,46,,,0,30,,42156,46,,,0,70,,42157,46,,,0,30,,42158,46,,,0,70,,42159,46,,,0
583001,'6',529,,42217,46,,,0,76,,42216,46,,,0,35,,42215,46,,,0,69,,42214,46,,,0,31,,42213,46,,,0,70,,42212,46,,,0,28,,42210,26,,,0,20,,42211,46,,,0,60,,42209,46,,,0,20,,42208,46,,,0,20,,42207,46,,,0,60,,42206,46,,,0,20,,42205,46,,,0,20,,42204,46,,,0,60,,42203,46,,,0,20,,42202,46,,,0,20,,42201,46,,,0,60,,42200,46,,,0,20,,42199,46,,,0,20,,42198,46,,,0,60,,42197,46,,,0,20,,42196,46,,,0,20,,42195,46,,,0,60,,42194,46,,,0,20,,42193,46,,,0,20,,42192,46,,,0,60,,42191,46,,,0,20,,42190,46,,,0,20,,42189,46,,,0,60,,42188,46,,,0,20,,42187,46,,,0,20,,42186,46,,,0,60,,42185,46,,,0,20,,42184,46,,,0,20,,42183,46,,,0,60,,42182,46,,,0,20,,42181,46,,,0,20,,42180,46,,,0,60,,42179,46,,,0,16,,42178,46,,,0,20,,42177,46,,,0,60,,42176,46,,,0,20,,42175,46,,,0,20,,42174,46,,,0,60,,42173,46,,,0,20,,42172,46,,,0,20,,42171,46,,,0,60,,42170,46,,,0,19,,42169,46,,,0,20,,42168,46,,,0,60,,42167,46,,,0,21,,42166,46,,,0,20,,42165,46,,,0,60,,42164,46,,,0,20,,42163,46,,,0,18,,42162,46,,,0
