578301,'1',500,,31014,6,0,33 4 34,0,35,,31017,6,0,33 4 34,0,23,,31020,6,0,33 4 34,0,55,,31022,6,0,33 4 34,0,12,,31024,6,0,33 4 34,0,15,,31026,6,0,33 4 34,0,15,,31028,6,0,33 4 34,0,55,,31030,6,0,33 4 34,0,15,,31032,6,0,33 4 34,0,15,,31034,6,0,33 4 34,0,15,,31036,6,0,33 4 34,0,55,,31038,6,0,33 4 34,0,15,,31040,6,0,33 4 34,0,15,,31042,6,0,33 4 34,0,15,,31044,6,0,33 4 34,0,55,,31046,6,0,33 4 34,0,15,,31048,6,0,17 18 4 19,0,17,,31050,6,0,33 4 34,0,70,,31053,6,0,33 4 34,0,30,,31056,6,0,33 4 34,0,70,,31059,6,0,33 4 34,0,30,,31062,6,0,33 4 34,0,70,,31065,6,0,33 4 34,0,30,,31068,6,0,33 4 34,0,70,,31071,6,0,33 4 34,0,27,,31074,6,0,33 4 34,0,18,,31076,6,0,33 4 34,0,55,,31078,6,0,33 4 34,0,15,,31080,6,0,33 4 34,0,15,,31082,6,0,33 4 34,0,15,,31084,6,0,33 4 34,0,55,,31086,6,0,33 4 34,0,15,,31088,6,0,33 4 34,0,15,,31090,6,0,33 4 34,0,15,,31092,6,0,33 4 34,0,55,,31094,6,0,33 4 34,0,15,,31096,6,0,33 4 34,0,15,,31098,6,0,33 4 34,0,15,,31100,6,0,33 4 34,0,54,,31102,6,0,33 4 34,0,20,,31104,6,0,33 4 34,0,15,,31106,6,0,33 4 34,0,8,,31108,6,0,17 18 4 19,0,63,,31110,6,0,33 4 34,0,10,,31112,6,0,17 18 4 19,0,24,,31114,6,0,33 4 34,0,64,,31117,6,0,33 4 34,0,36,,31121,6,0,33 4 34,0,70,,31124,6,0,33 4 34,0,30,,31127,6,0,33 4 34,0,70,,31130,6,0,33 4 34,0,20,,31132,6,0,33 4 34,0,85,,31135,6,0,33 4 34,0,85,,31139,6,0,33 4 34,0,40,,31142,6,0,33 4 34,0,85,,31144,6,0,33 4 34,0
578301,'2',437,,31151,6,0,33 4 34,0,76,,31154,6,0,33 4 34,0,36,,31157,6,0,33 4 34,0,76,,31160,6,0,33 4 34,0,76,,31163,6,0,33 4 34,0,29,,31166,6,0,33 4 34,0,76,,31169,6,0,33 4 34,0,36,,31172,6,0,33 4 34,0,76,,31175,6,0,33 4 34,0,36,,31178,6,0,33 4 34,0,76,,31181,6,0,33 4 34,0,76,,31184,6,0,33 4 34,0,36,,31187,6,0,33 4 34,0,76,,31190,6,0,33 4 34,0,36,,31193,6,0,33 4 34,0,76,,31196,6,0,33 4 34,0,76,,31199,6,0,33 4 34,0,36,,31202,6,0,33 4 34,0,76,,31205,6,0,33 4 34,0,36,,31208,6,0,33 4 34,0,76,,31211,6,0,33 4 34,0,76,,31214,6,0,33 4 34,0,36,,31217,6,0,33 4 34,0,76,,31220,6,0,33 4 34,0,39,,31223,6,0,33 4 34,0,76,,31226,6,0,33 4 34,0,76,,31229,6,0,33 4 34,0,46,,31232,6,0,33 4 34,0,74,,31234,6,0,33 4 34,0,85,,31237,6,0,33 4 34,0,45,,31240,6,0,33 4 34,0,85,,31243,6,0,33 4 34,0,90,,31246,6,0,33 4 34,0
578301,'3',514,,31254,6,0,33 4 34,0,45,,31258,6,0,33 4 34,0,85,,31261,6,0,33 4 34,0,85,,31264,6,0,33 4 34,0,85,,31267,6,0,33 4 34,0,45,,31270,6,0,33 4 34,0,70,,31273,6,0,33 4 34,0,76,,31276,6,0,33 4 34,0,36,,31279,6,0,33 4 34,0,76,,31282,6,0,33 4 34,0,36,,31285,6,0,33 4 34,0,76,,31288,6,0,33 4 34,0,76,,31291,6,0,33 4 34,0,36,,31294,6,0,33 4 34,0,76,,31297,6,0,33 4 34,0,36,,31300,6,0,33 4 34,0,76,,31303,6,0,33 4 34,0,76,,31306,6,0,33 4 34,0,36,,31309,6,0,33 4 34,0,76,,31312,6,0,33 4 34,0,37,,31315,6,0,33 4 34,0,76,,31318,6,0,33 4 34,0,78,,31321,6,0,33 4 34,0,45,,31324,6,0,33 4 34,0,85,,31327,6,0,33 4 34,0,91,,31330,6,0,33 4 34,0,85,,31333,6,0,33 4 34,0,45,,31336,6,0,33 4 34,0,70,,31338,6,0,33 4 34,0
578301,'4',522,,31407,6,0,33 4 34,0,26,,31344,6,0,33 4 34,0,66,,31347,6,0,33 4 34,0,45,,31350,6,0,33 4 34,0,85,,31353,6,0,33 4 34,0,85,,31356,6,0,33 4 34,0,85,,31359,6,0,33 4 34,0,39,,31362,6,0,33 4 34,0,85,,31365,6,0,33 4 34,0,85,,31368,6,0,33 4 34,0,85,,31371,6,0,33 4 34,0,45,,31374,6,0,33 4 34,0,85,,31377,6,0,33 4 34,0,85,,31380,6,0,33 4 34,0,85,,31383,6,0,33 4 34,0,45,,31386,6,0,33 4 34,0,85,,31389,6,0,33 4 34,0,92,,31392,6,0,33 4 34,0,85,,31395,6,0,33 4 34,0,85,,31398,6,0,33 4 34,0,45,,31401,6,0,33 4 34,0,85,,31405,6,0,33 4 34,0
578301,'6',514,,31411,6,0,33 4 34,0,45,,31415,6,0,33 4 34,0,85,,31418,6,0,33 4 34,0,85,,31421,6,0,33 4 34,0,85,,31424,6,0,33 4 34,0,45,,31427,6,0,33 4 34,0,70,,31430,6,0,33 4 34,0,76,,31433,6,0,33 4 34,0,36,,31436,6,0,33 4 34,0,76,,31439,6,0,33 4 34,0,36,,31442,6,0,33 4 34,0,76,,31445,6,0,33 4 34,0,76,,31448,6,0,33 4 34,0,36,,31451,6,0,33 4 34,0,76,,31454,6,0,33 4 34,0,36,,31457,6,0,33 4 34,0,76,,31460,6,0,33 4 34,0,76,,31463,6,0,33 4 34,0,36,,31466,6,0,33 4 34,0,76,,31469,6,0,33 4 34,0,37,,31472,6,0,33 4 34,0,76,,31475,6,0,33 4 34,0,78,,31478,6,0,33 4 34,0,45,,31481,6,0,33 4 34,0,85,,31484,6,0,33 4 34,0,91,,31487,6,0,33 4 34,0,85,,31490,6,0,33 4 34,0,45,,31493,6,0,33 4 34,0,70,,31495,6,0,33 4 34,0
579100,'1',602,,32787,6,,,0,36,,32788,6,,,0,70,,32789,6,,,0,30,,32790,6,,,0,70,,32791,6,,,0,30,,32792,6,,,0,75,,32793,6,,,0,20,,32794,6,,,0,70,,32795,6,,,0,30,,32796,6,,,0,70,,32815,6,,,0,30,,32797,6,,,0,70,,32814,6,,,0,30,,32798,6,,,0,70,,32812,6,,,0,30,,32799,6,,,0,70,,32813,6,,,0,30,,32800,6,,,0,70,,32801,6,,,0,30,,32802,6,,,0,20,,32803,6,,,0,70,,32804,6,,,0,30,,32805,6,,,0,70,,32806,6,,,0,35,,32807,6,,,0,70,,32808,6,,,0,30,,32809,6,,,0,75,,32816,6,,,0,70,,32810,6,,,0,30,,32817,6,,,0,70,,32811,6,,,0,30,,32818,6,,,0,70,,32819,6,,,0,30,,32820,6,,,0,70,,32821,6,,,0,30,,32822,6,,,0,70,,32823,6,,,0,30,,32824,6,,,0,70,,32825,6,,,0
579100,'2',723,,32826,6,,,0,30,,32827,6,,,0,70,,32828,6,,,0,30,,32829,6,,,0,70,,32830,6,,,0,30,,32831,6,,,0,70,,32832,6,,,0,30,,32851,6,,,0,70,,32833,6,,,0,30,,32850,6,,,0,70,,32834,6,,,0,30,,32848,6,,,0,70,,32835,6,,,0,30,,32849,6,,,0,70,,32836,6,,,0,30,,32837,6,,,0,70,,32838,6,,,0,30,,32839,6,,,0,70,,32840,6,,,0,30,,32841,6,,,0,70,,32842,6,,,0,30,,32843,6,,,0,70,,32844,6,,,0,30,,32845,6,,,0,70,,32852,6,,,0,30,,32846,6,,,0,70,,32853,6,,,0,30,,32847,6,,,0,70,,32854,6,,,0,30,,32855,6,,,0,70,,32856,6,,,0,30,,32857,6,,,0,70,,32858,6,,,0,30,,32859,6,,,0,70,,32860,6,,,0
579100,'3',723,,32861,6,,,0,30,,32862,6,,,0,70,,32863,6,,,0,30,,32864,6,,,0,70,,32865,6,,,0,30,,32866,6,,,0,70,,32867,6,,,0,30,,32886,6,,,0,70,,32868,6,,,0,30,,32885,6,,,0,70,,32869,6,,,0,30,,32883,6,,,0,70,,32870,6,,,0,30,,32884,6,,,0,70,,32871,6,,,0,30,,32872,6,,,0,70,,32873,6,,,0,30,,32874,6,,,0,70,,32875,6,,,0,30,,32876,6,,,0,70,,32877,6,,,0,30,,32878,6,,,0,70,,32879,6,,,0,30,,32880,6,,,0,70,,32887,6,,,0,30,,32881,6,,,0,70,,32888,6,,,0,30,,32882,6,,,0,70,,32889,6,,,0,30,,32890,6,,,0,70,,32891,6,,,0,30,,32892,6,,,0,70,,32893,6,,,0,30,,32894,6,,,0
579100,'4',723,,32895,6,,,0,30,,32896,6,,,0,70,,32897,6,,,0,30,,32898,6,,,0,70,,32899,6,,,0,30,,32900,6,,,0,70,,32901,6,,,0,30,,32919,6,,,0,70,,32902,6,,,0,30,,32918,6,,,0,70,,32903,6,,,0,30,,32916,6,,,0,70,,32904,6,,,0,30,,32917,6,,,0,70,,32905,6,,,0,30,,32906,6,,,0,70,,32907,6,,,0,30,,32908,6,,,0,70,,32909,6,,,0,30,,32910,6,,,0,70,,32911,6,,,0,30,,32912,6,,,0,70,,32913,6,,,0,30,,32914,6,,,0,70,,32920,6,,,0,30,,32915,6,,,0,70,,32921,6,,,0
579100,'6',723,,32922,6,,,0,30,,32923,6,,,0,70,,32924,6,,,0,30,,32925,6,,,0,70,,32926,6,,,0,30,,32927,6,,,0,70,,32928,6,,,0,30,,32947,6,,,0,70,,32929,6,,,0,30,,32946,6,,,0,70,,32930,6,,,0,30,,32944,6,,,0,70,,32931,6,,,0,30,,32945,6,,,0,70,,32932,6,,,0,30,,32933,6,,,0,70,,32934,6,,,0,30,,32935,6,,,0,70,,32936,6,,,0,30,,32937,6,,,0,70,,32938,6,,,0,30,,32939,6,,,0,70,,32940,6,,,0,30,,32941,6,,,0,70,,32948,6,,,0,30,,32942,6,,,0,70,,32949,6,,,0,30,,32943,6,,,0,70,,32950,6,,,0,30,,32951,6,,,0,70,,32952,6,,,0,30,,32953,6,,,0,70,,32954,6,,,0,30,,32955,6,,,0,70,,32956,6,,,0
583501,'8502',1334,,42961,6,,,0,100,,42960,6,,,0,100,,42959,6,,,0,100,,42958,6,,,0,100,,42957,6,,,0,100,,42956,6,,,0,100,,42955,6,,,0,100,,42954,6,,,0
