578300,'1',502,,30532,1,0,23 24,0,30,,30535,1,0,23 24,0,70,,30538,1,0,23 24,0,15,,30540,1,0,23 24,0,14,,30542,1,0,23 24,0,15,,30544,1,0,23 24,0,55,,30546,1,0,23 24,0,15,,30548,1,0,23 24,0,15,,30550,1,0,23 24,0,15,,30552,1,0,23 24,0,55,,30554,1,0,23 24,0,15,,30556,1,0,23 24,0,15,,30558,1,0,23 24,0,15,,30560,1,0,23 24,0,55,,30562,1,0,23 24,0,17,,30564,1,0,17 25 4 26,0,13,,30566,1,0,23 24,0,70,,30569,1,0,23 24,0,30,,30572,1,0,23 24,0,70,,30575,1,0,23 24,0,30,,30578,1,0,23 24,0,70,,30581,1,0,23 24,0,30,,30584,1,0,23 24,0,70,,30587,1,0,23 24,0,29,,30590,1,0,23 24,0,15,,30592,1,0,23 24,0,55,,30594,1,0,23 24,0,15,,30596,1,0,23 24,0,15,,30598,1,0,23 24,0,15,,30600,1,0,23 24,0,55,,30602,1,0,23 24,0,15,,30604,1,0,23 24,0,15,,30606,1,0,23 24,0,15,,30608,1,0,23 24,0,55,,30610,1,0,23 24,0,15,,30612,1,0,23 24,0,15,,30614,1,0,23 24,0,15,,30616,1,0,23 24,0,55,,30618,1,0,23 24,0,15,,30620,1,0,23 24,0,15,,30622,1,0,23 24,0,15,,30624,1,0,23 24,0,56,,30626,1,0,23 24,0,30,,30629,1,0,23 24,0,70,,30632,1,0,23 24,0,30,,30635,1,0,23 24,0,70,,30638,1,0,23 24,0,30,,30641,1,0,23 24,0,70,,30644,1,0,23 24,0,31,,30647,1,0,23 24,0,85,,30650,1,0,23 24,0,85,,30653,1,0,23 24,0,45,,30656,1,0,23 24,0,85,,30659,1,0,23 24,0,21,,30662,1,0,23 24,0
578300,'2',521,,30670,1,0,23 24,0,27,,30672,1,0,23 24,0,76,,30675,1,0,23 24,0,76,,30678,1,0,23 24,0,29,,30682,1,0,23 24,0,76,,30685,1,0,23 24,0,36,,30688,1,0,23 24,0,76,,30691,1,0,23 24,0,36,,30694,1,0,23 24,0,76,,30697,1,0,23 24,0,76,,30700,1,0,23 24,0,36,,30703,1,0,23 24,0,76,,30706,1,0,23 24,0,36,,30709,1,0,23 24,0,76,,30712,1,0,23 24,0,76,,30715,1,0,23 24,0,36,,30718,1,0,23 24,0,76,,30721,1,0,23 24,0,36,,30724,1,0,23 24,0,76,,30727,1,0,23 24,0,79,,30730,1,0,23 24,0,32,,30733,1,0,23 24,0,76,,30736,1,0,23 24,0,38,,30739,1,0,23 24,0,76,,30742,1,0,23 24,0,76,,30745,1,0,23 24,0,36,,30748,1,0,23 24,0,77,,30751,1,0,23 24,0,86,,30754,1,0,23 24,0,30,,30756,1,0,23 24,0,85,,30759,1,0,23 24,0,85,,30762,1,0,23 24,0,50,,30766,1,0,23 24,0
578300,'3',535,,30772,1,0,23 24,0,85,,30776,1,0,23 24,0,85,,30779,1,0,23 24,0,45,,30782,1,0,23 24,0,85,,30785,1,0,23 24,0,76,,30788,1,0,23 24,0,33,,30791,1,0,23 24,0,76,,30794,1,0,23 24,0,36,,30797,1,0,23 24,0,76,,30800,1,0,23 24,0,76,,30803,1,0,23 24,0,36,,30806,1,0,23 24,0,76,,30809,1,0,23 24,0,36,,30812,1,0,23 24,0,76,,30815,1,0,23 24,0,76,,30818,1,0,23 24,0,36,,30821,1,0,23 24,0,76,,30824,1,0,23 24,0,36,,30827,1,0,23 24,0,76,,30830,1,0,23 24,0,85,,30833,1,0,23 24,0,85,,30836,1,0,23 24,0,45,,30839,1,0,23 24,0,85,,30842,1,0,23 24,0,85,,30845,1,0,23 24,0,88,,30848,1,0,23 24,0,45,,30851,1,0,23 24,0,85,,30855,1,0,23 24,0
578300,'4',620,,30860,1,0,23 24,0,85,,30863,1,0,23 24,0,45,,30866,1,0,23 24,0,85,,30869,1,0,23 24,0,85,,30872,1,0,23 24,0,82,,30875,1,0,23 24,0,45,,30878,1,0,23 24,0,85,,30881,1,0,23 24,0,85,,30884,1,0,23 24,0,85,,30887,1,0,23 24,0,45,,30890,1,0,23 24,0,85,,30893,1,0,23 24,0,85,,30896,1,0,23 24,0,85,,30899,1,0,23 24,0,45,,30902,1,0,23 24,0,88,,30905,1,0,23 24,0,85,,30908,1,0,23 24,0,85,,30911,1,0,23 24,0,45,,30914,1,0,23 24,0,85,,30918,1,0,23 24,0
578300,'6',535,,30926,1,0,23 24,0,85,,30930,1,0,23 24,0,85,,30933,1,0,23 24,0,45,,30936,1,0,23 24,0,85,,30939,1,0,23 24,0,76,,30942,1,0,23 24,0,33,,30945,1,0,23 24,0,76,,30948,1,0,23 24,0,36,,30951,1,0,23 24,0,76,,30954,1,0,23 24,0,76,,30957,1,0,23 24,0,36,,30960,1,0,23 24,0,76,,30963,1,0,23 24,0,36,,30966,1,0,23 24,0,76,,30969,1,0,23 24,0,76,,30972,1,0,23 24,0,36,,30975,1,0,23 24,0,76,,30978,1,0,23 24,0,36,,30981,1,0,23 24,0,76,,30984,1,0,23 24,0,85,,30987,1,0,23 24,0,85,,30990,1,0,23 24,0,45,,30993,1,0,23 24,0,85,,30996,1,0,23 24,0,85,,30999,1,0,23 24,0,88,,31002,1,0,23 24,0,45,,31005,1,0,23 24,0,85,,31009,1,0,23 24,0
578301,'1',541,,31012,42,4,,0,60,,31014,90,4,,0,35,,31017,90,4,,0,23,,31020,90,4,,0,55,,31022,90,4,,0,14,,31024,90,4,,0,15,,31026,90,4,,0,15,,31028,90,4,,0,55,,31030,90,4,,0,15,,31032,90,4,,0,15,,31034,90,4,,0,15,,31036,90,4,,0,55,,31038,90,4,,0,15,,31040,90,4,,0,15,,31042,90,4,,0,15,,31044,90,4,,0,55,,31046,90,4,,0,32,,31050,90,4,,0,70,,31053,90,4,,0,30,,31056,90,4,,0,70,,31059,90,4,,0,30,,31062,90,4,,0,70,,31065,90,4,,0,30,,31068,90,4,,0,70,,31071,90,4,,0,33,,31074,90,4,,0,58,,31076,90,4,,0,15,,31078,90,4,,0,15,,31080,90,4,,0,15,,31082,90,4,,0,55,,31084,90,4,,0,15,,31086,90,4,,0,15,,31088,90,4,,0,15,,31090,90,4,,0,55,,31092,90,4,,0,15,,31094,90,4,,0,15,,31096,90,4,,0,15,,31098,90,4,,0,55,,31100,90,4,,0,14,,31102,90,4,,0,10,,31104,90,4,,0,15,,31106,90,4,,0,71,,31110,90,4,,0,34,,31114,90,4,,0,64,,31117,90,4,,0,36,,31121,90,4,,0,70,,31124,90,4,,0,30,,31127,90,4,,0,70,,31130,90,4,,0,18,,31132,90,4,,0,85,,31135,90,4,,0,85,,31139,90,4,,0,40,,31142,90,4,,0,85,,31144,90,4,,0
578301,'2',528,,31151,90,4,,0,76,,31154,90,4,,0,36,,31157,90,4,,0,76,,31160,90,4,,0,36,,31163,90,4,,0,81,,31166,90,4,,0,76,,31169,90,4,,0,36,,31172,90,4,,0,76,,31175,90,4,,0,36,,31178,90,4,,0,76,,31181,90,4,,0,76,,31184,90,4,,0,36,,31187,90,4,,0,76,,31190,90,4,,0,36,,31193,90,4,,0,76,,31196,90,4,,0,76,,31199,90,4,,0,36,,31202,90,4,,0,76,,31205,90,4,,0,36,,31208,90,4,,0,76,,31211,90,4,,0,75,,31214,90,4,,0,36,,31217,90,4,,0,76,,31220,90,4,,0,35,,31223,90,4,,0,76,,31226,90,4,,0,76,,31229,90,4,,0,46,,31232,90,4,,0,68,,31234,90,4,,0,85,,31237,90,4,,0,45,,31240,90,4,,0,85,,31243,90,4,,0,90,,31246,90,4,,0
578301,'3',531,,31252,42,4,,0,75,,31254,90,4,,0,45,,31258,90,4,,0,85,,31261,90,4,,0,85,,31264,90,4,,0,85,,31267,90,4,,0,45,,31270,90,4,,0,80,,31273,90,4,,0,76,,31276,90,4,,0,36,,31279,90,4,,0,76,,31282,90,4,,0,36,,31285,90,4,,0,76,,31288,90,4,,0,76,,31291,90,4,,0,36,,31294,90,4,,0,76,,31297,90,4,,0,36,,31300,90,4,,0,76,,31303,90,4,,0,76,,31306,90,4,,0,36,,31309,90,4,,0,76,,31312,90,4,,0,36,,31315,90,4,,0,76,,31318,90,4,,0,78,,31321,90,4,,0,45,,31324,90,4,,0,85,,31327,90,4,,0,83,,31330,90,4,,0,85,,31333,90,4,,0,45,,31336,90,4,,0,70,,31338,90,4,,0
578301,'4',614,,31407,90,4,,0,26,,31344,90,4,,0,66,,31347,90,4,,0,45,,31350,90,4,,0,85,,31353,90,4,,0,85,,31356,90,4,,0,85,,31359,90,4,,0,47,,31362,90,4,,0,85,,31365,90,4,,0,85,,31368,90,4,,0,85,,31371,90,4,,0,45,,31374,90,4,,0,85,,31377,90,4,,0,85,,31380,90,4,,0,85,,31383,90,4,,0,45,,31386,90,4,,0,85,,31389,90,4,,0,83,,31392,90,4,,0,85,,31395,90,4,,0,45,,31398,90,4,,0,85,,31401,90,4,,0,85,,31405,90,4,,0
578301,'6',531,,31409,42,4,,0,75,,31411,90,4,,0,45,,31415,90,4,,0,85,,31418,90,4,,0,85,,31421,90,4,,0,85,,31424,90,4,,0,45,,31427,90,4,,0,80,,31430,90,4,,0,76,,31433,90,4,,0,36,,31436,90,4,,0,76,,31439,90,4,,0,36,,31442,90,4,,0,76,,31445,90,4,,0,76,,31448,90,4,,0,36,,31451,90,4,,0,76,,31454,90,4,,0,36,,31457,90,4,,0,76,,31460,90,4,,0,76,,31463,90,4,,0,36,,31466,90,4,,0,76,,31469,90,4,,0,36,,31472,90,4,,0,76,,31475,90,4,,0,78,,31478,90,4,,0,45,,31481,90,4,,0,85,,31484,90,4,,0,83,,31487,90,4,,0,85,,31490,90,4,,0,45,,31493,90,4,,0,70,,31495,90,4,,0
