580001,'1',429,,36910,8,,,0,16,,36911,8,,,0,6,,36912,8,,,0,49,,36913,8,,,0,20,,36914,8,,,0,10,,36915,8,,,0,2,,36916,8,,,0,8,,36917,8,,,0,1,,36918,8,,,0,13,,36919,8,,,0,51,,36920,8,,,0,15,,36921,8,,,0,15,,36922,8,,,0,15,,36923,8,,,0,55,,36924,8,,,0,15,,36925,8,,,0,15,,36926,8,,,0,15,,36927,8,,,0,55,,36928,8,,,0,15,,36929,8,,,0,13,,36930,8,,,0,16,,36931,8,,,0,55,,36932,8,,,0,25,,36933,8,,,0,30,,36934,8,,,0,70,,36935,8,,,0,30,,36936,8,,,0,70,,36937,8,,,0,30,,36938,8,,,0,70,,36939,8,,,0,30,,36940,8,,,0,70,,36941,8,,,0,30,,36942,8,,,0,68,,36943,8,,,0,29,,36944,8,,,0,55,,36945,8,,,0,15,,36946,8,,,0,15,,36947,8,,,0,15,,36948,8,,,0,55,,36949,8,,,0,15,,36950,8,,,0,15,,36951,8,,,0,15,,36952,8,,,0,57,,36953,8,,,0,15,,36954,8,,,0,15,,36955,8,,,0,70,,36956,8,,,0,28,,36957,8,,,0,70,,36958,8,,,0,32,,36959,8,,,0,70,,36960,8,,,0,30,,36961,8,,,0,70,,36962,8,,,0,30,,36963,8,,,0,70,,36964,8,,,0,30,,36965,8,,,0,78,,36966,8,,,0,30,,36967,8,,,0,70,,36968,8,,,0,36,,36969,8,,,0
580001,'2',447,,37020,8,,,0,4,,37014,8,,,0,70,,37013,8,,,0,30,,37012,8,,,0,70,,37011,8,,,0,30,,37010,8,,,0,70,,37009,8,,,0,30,,37008,8,,,0,70,,37007,8,,,0,30,,37006,8,,,0,58,,37005,8,,,0,20,,37004,8,,,0,20,,37003,8,,,0,60,,37002,8,,,0,20,,36996,8,,,0,20,,36997,8,,,0,57,,36985,8,,,0,20,,36988,8,,,0,20,,36989,8,,,0,60,,36987,8,,,0,20,,36993,8,,,0,20,,36995,8,,,0,60,,36994,8,,,0,20,,36992,8,,,0,20,,36980,8,,,0,60,,36981,8,,,0,20,,36982,8,,,0,20,,36983,8,,,0,60,,36984,8,,,0,20,,36986,8,,,0,20,,37001,8,,,0,60,,36998,8,,,0,20,,36999,8,,,0,20,,37000,8,,,0,60,,36978,8,,,0,20,,36977,8,,,0,20,,36979,8,,,0,60,,36970,8,,,0,20,,36990,8,,,0,30,,36991,8,,,0,70,,36976,8,,,0,30,,36975,8,,,0,70,,36974,8,,,0,30,,36973,8,,,0,70,,36972,8,,,0,30,,36971,8,,,0,70,,37019,8,,,0,78,,37018,8,,,0,30,,37017,8,,,0,70,,37016,8,,,0,30,,37015,8,,,0
580001,'3',446,,37053,8,,,0,58,,37026,8,,,0,23,,37021,8,,,0,7,,37035,8,,,0,16,,37054,8,,,0,53,,37025,8,,,0,29,,37044,8,,,0,70,,37024,8,,,0,30,,37045,8,,,0,70,,37023,8,,,0,30,,37046,8,,,0,70,,37022,8,,,0,25,,37027,8,,,0,30,,37049,8,,,0,70,,37029,8,,,0,30,,37043,8,,,0,70,,37032,8,,,0,30,,37042,8,,,0,70,,37041,8,,,0,30,,37047,8,,,0,70,,37048,8,,,0,30,,37028,8,,,0,70,,37033,8,,,0,30,,37030,8,,,0,70,,37034,8,,,0,30,,37031,8,,,0,70,,37036,8,,,0,30,,37039,8,,,0,70,,37037,8,,,0,30,,37050,8,,,0,70,,37038,8,,,0,75,,37051,8,,,0,30,,37040,8,,,0,70,,37052,8,,,0,30,,37055,8,,,0,70,,37056,8,,,0,30,,37057,8,,,0,72,,37058,8,,,0,30,,37059,8,,,0,70,,37060,8,,,0,30,,37061,8,,,0
580001,'4',530,,37062,8,,,0,85,,37063,8,,,0,85,,37064,8,,,0,45,,37065,8,,,0,85,,37066,8,,,0,85,,37067,8,,,0,85,,37068,8,,,0,45,,37069,8,,,0,85,,37070,8,,,0,85,,37071,8,,,0,85,,37072,8,,,0,45,,37073,8,,,0,85,,37074,8,,,0,85,,37075,8,,,0,85,,37076,8,,,0,45,,37077,8,,,0,85,,37078,8,,,0,85,,37079,8,,,0,85,,37080,8,,,0,45,,37081,8,,,0,85,,37082,8,,,0
580001,'6',446,,37115,8,,,0,58,,37088,8,,,0,23,,37083,8,,,0,7,,37097,8,,,0,16,,37116,8,,,0,53,,37087,8,,,0,29,,37106,8,,,0,70,,37086,8,,,0,30,,37107,8,,,0,70,,37085,8,,,0,30,,37108,8,,,0,70,,37084,8,,,0,25,,37089,8,,,0,30,,37111,8,,,0,70,,37091,8,,,0,30,,37105,8,,,0,70,,37094,8,,,0,30,,37104,8,,,0,70,,37103,8,,,0,30,,37109,8,,,0,70,,37110,8,,,0,30,,37090,8,,,0,70,,37095,8,,,0,30,,37092,8,,,0,70,,37096,8,,,0,30,,37093,8,,,0,70,,37098,8,,,0,30,,37101,8,,,0,70,,37099,8,,,0,30,,37112,8,,,0,70,,37100,8,,,0,75,,37113,8,,,0,30,,37102,8,,,0,70,,37114,8,,,0,30,,37117,8,,,0,70,,37118,8,,,0,30,,37119,8,,,0,72,,37120,8,,,0,30,,37121,8,,,0,70,,37122,8,,,0,30,,37123,8,,,0
580301,'1',541,,38078,11,,,0,78,,38080,11,,,0,40,,38082,11,,,0,72,,38084,11,,,0,70,,38086,11,,,0,30,,38088,11,,,0,71,,38090,11,,,0,30,,38092,11,,,0,72,,38094,11,,,0,40,,38096,11,,,0,80,,38098,11,,,0,80,,38100,11,,,0,40,,38102,11,,,0,80,,38104,11,,,0,76,,38106,11,,,0,26,,38108,11,,,0,30,,38110,11,,,0,70,,38112,11,,,0,30,,38114,11,,,0,70,,38116,11,,,0,30,,38118,11,,,0,76,,38120,11,,,0,70,,38122,11,,,0,30,,38124,11,,,0,70,,38126,11,,,0,35,,38128,11,,,0,80,,38130,11,,,0,40,,38132,11,,,0,76,,38134,11,,,0,101,,38136,11,,,0,100,,38138,11,,,0,96,,38140,11,,,0
580301,'2',522,,38165,11,,,0,100,,38178,11,,,0,100,,38180,11,,,0,100,,38163,11,,,0,97,,38147,11,,,0,94,,38176,11,,,0,40,,38172,11,,,0,80,,38174,11,,,0,80,,38167,11,,,0,40,,38169,11,,,0,80,,38171,11,,,0,80,,38185,11,,,0,40,,38157,11,,,0,80,,38152,11,,,0,80,,38150,11,,,0,40,,38154,11,,,0,83,,38159,11,,,0,80,,38162,11,,,0,40,,38186,11,,,0,100,,38183,11,,,0,100,,38149,11,,,0,100,,38190,11,,,0,101,,38143,11,,,0,100,,38188,11,,,0,100,,38148,11,,,0
580301,'3',603,,38208,11,,,0,100,,38206,11,,,0,100,,38204,11,,,0,100,,38202,11,,,0,102,,38209,11,,,0,100,,38223,11,,,0,40,,38224,11,,,0,80,,38225,11,,,0,80,,38226,11,,,0,40,,38227,11,,,0,80,,38228,11,,,0,80,,38229,11,,,0,40,,38230,11,,,0,80,,38231,11,,,0,80,,38232,11,,,0,40,,38233,11,,,0,80,,38234,11,,,0,78,,38200,11,,,0,100,,38198,11,,,0,100,,38196,11,,,0,100,,38194,11,,,0,100,,38192,11,,,0
580301,'4',603,,38236,11,,,0,100,,38237,11,,,0,100,,38238,11,,,0,100,,38239,11,,,0,100,,38240,11,,,0,100,,38241,11,,,0,100,,38242,11,,,0,100,,38243,11,,,0,100,,38244,11,,,0,100,,38245,11,,,0,100,,38246,11,,,0,100,,38247,11,,,0,100,,38248,11,,,0,100,,38249,11,,,0,100,,38250,11,,,0
580301,'6',603,,38283,11,,,0,100,,38281,11,,,0,100,,38279,11,,,0,100,,38277,11,,,0,102,,38284,11,,,0,100,,38298,11,,,0,40,,38299,11,,,0,80,,38300,11,,,0,80,,38301,11,,,0,40,,38302,11,,,0,80,,38303,11,,,0,80,,38304,11,,,0,40,,38305,11,,,0,80,,38306,11,,,0,80,,38307,11,,,0,40,,38308,11,,,0,80,,38309,11,,,0,78,,38275,11,,,0,100,,38273,11,,,0,100,,38271,11,,,0,100,,38269,11,,,0,100,,38267,11,,,0
