578201,'1',501,,30350,11,,,0,20,,30336,11,,,0,20,,30349,11,,,0,60,,30348,11,,,0,20,,30351,11,,,0,20,,30352,11,,,0,17,,30353,11,,,0,60,,30354,11,,,0,20,,30355,11,,,0,20,,30356,11,,,0,60,,30357,11,,,0,20,,30358,11,,,0,20,,30359,11,,,0,60,,30360,11,,,0,20,,30361,11,,,0,20,,30362,11,,,0,64,,30363,11,,,0,20,,30364,11,,,0,60,,30365,11,,,0,20,,30366,11,,,0,20,,30367,11,,,0,60,,30368,11,,,0,20,,30369,11,,,0,20,,30370,11,,,0,60,,30371,11,,,0,20,,30372,11,,,0,20,,30373,11,,,0,60,,30374,11,,,0,16,,30375,11,,,0,20,,30376,11,,,0,20,,30377,11,,,0,60,,30378,11,,,0,20,,30379,11,,,0,20,,30380,11,,,0,60,,30381,11,,,0,20,,30382,11,,,0,20,,30383,11,,,0,60,,30384,11,,,0,20,,30385,11,,,0,65,,30386,11,,,0,30,,30337,11,,,0,70,,30338,11,,,0,34,,30339,11,,,0,70,,30340,11,,,0,30,,30341,11,,,0,70,,30342,11,,,0,30,,30343,11,,,0,73,,30344,11,,,0,30,,30345,11,,,0,70,,30335,11,,,0,30,,30346,11,,,0,80,,30334,11,,,0,25,,30347,11,,,0
578201,'2',544,,30388,11,,,0,70,,30389,11,,,0,30,,30390,11,,,0,70,,30391,11,,,0,30,,30392,11,,,0,69,,30393,11,,,0,29,,30394,11,,,0,64,,30395,11,,,0,20,,30396,11,,,0,20,,30397,11,,,0,60,,30398,11,,,0,20,,30399,11,,,0,20,,30400,11,,,0,60,,30401,11,,,0,20,,30402,11,,,0,20,,30403,11,,,0,60,,30404,11,,,0,20,,30405,11,,,0,20,,30406,11,,,0,60,,30407,11,,,0,20,,30408,11,,,0,20,,30409,11,,,0,60,,30410,11,,,0,20,,30411,11,,,0,20,,30412,11,,,0,60,,30413,11,,,0,20,,30414,11,,,0,20,,30415,11,,,0,60,,30416,11,,,0,20,,30417,11,,,0,20,,30418,11,,,0,68,,30419,11,,,0,30,,30420,11,,,0,70,,30421,11,,,0,30,,30422,11,,,0,70,,30423,11,,,0,30,,30424,11,,,0,70,,30425,11,,,0,30,,30426,11,,,0,70,,30427,11,,,0,30,,30428,11,,,0,72,,30429,11,,,0,30,,30430,11,,,0,70,,30431,11,,,0,30,,30432,11,,,0,90,,30433,11,,,0
578201,'3',607,,30469,11,,,0,35,,30468,11,,,0,70,,30467,11,,,0,30,,30466,11,,,0,70,,30465,11,,,0,30,,30464,11,,,0,69,,30463,11,,,0,30,,30462,11,,,0,70,,30461,11,,,0,30,,30460,11,,,0,70,,30459,11,,,0,30,,30458,11,,,0,70,,30457,11,,,0,30,,30456,11,,,0,70,,30455,11,,,0,30,,30454,11,,,0,70,,30453,11,,,0,30,,30452,11,,,0,70,,30451,11,,,0,30,,30450,11,,,0,70,,30449,11,,,0,30,,30448,11,,,0,70,,30447,11,,,0,30,,30446,11,,,0,70,,30445,11,,,0,30,,30444,11,,,0,70,,30443,11,,,0,30,,30442,11,,,0,73,,30441,11,,,0,30,,30440,11,,,0,70,,30439,11,,,0,30,,30438,11,,,0,70,,30437,11,,,0,30,,30436,11,,,0,70,,30435,11,,,0,30,,30434,11,,,0
578201,'4',646,,30471,11,,,0,80,,30472,11,,,0,80,,30473,11,,,0,40,,30474,11,,,0,80,,30475,11,,,0,80,,30476,11,,,0,40,,30477,11,,,0,80,,30478,11,,,0,80,,30479,11,,,0,40,,30480,11,,,0,80,,30481,11,,,0,80,,30482,11,,,0,105,,30483,11,,,0,100,,30484,11,,,0,100,,30485,11,,,0,100,,30486,11,,,0,100,,30487,11,,,0,100,,30488,11,,,0,90,,30489,11,,,0
578201,'6',607,,30525,11,,,0,35,,30524,11,,,0,70,,30523,11,,,0,30,,30522,11,,,0,70,,30521,11,,,0,30,,30520,11,,,0,69,,30519,11,,,0,30,,30518,11,,,0,70,,30517,11,,,0,30,,30516,11,,,0,70,,30515,11,,,0,30,,30514,11,,,0,70,,30513,11,,,0,30,,30512,11,,,0,70,,30511,11,,,0,30,,30510,11,,,0,70,,30509,11,,,0,30,,30508,11,,,0,70,,30507,11,,,0,30,,30506,11,,,0,70,,30505,11,,,0,30,,30504,11,,,0,70,,30503,11,,,0,30,,30502,11,,,0,70,,30501,11,,,0,30,,30500,11,,,0,70,,30499,11,,,0,30,,30498,11,,,0,73,,30497,11,,,0,30,,30496,11,,,0,70,,30495,11,,,0,30,,30494,11,,,0,70,,30493,11,,,0,30,,30492,11,,,0,70,,30491,11,,,0,30,,30490,11,,,0
578300,'1',506,,30533,11,0,31 4 32,0,35,,30536,11,0,31 4 32,0,62,,30539,11,0,31 4 32,0,30,,30543,11,0,31 4 32,0,70,,30547,11,0,31 4 32,0,30,,30551,11,0,31 4 32,0,70,,30555,11,0,31 4 32,0,29,,30559,11,0,31 4 32,0,73,,30563,11,0,31 4 32,0,30,,30567,11,0,31 4 32,0,70,,30570,11,0,31 4 32,0,30,,30573,11,0,31 4 32,0,70,,30576,11,0,31 4 32,0,30,,30579,11,0,31 4 32,0,70,,30582,11,0,31 4 32,0,30,,30585,11,0,31 4 32,0,70,,30588,11,0,31 4 32,0,27,,30591,11,0,31 4 32,0,69,,30595,11,0,31 4 32,0,30,,30599,11,0,31 4 32,0,70,,30603,11,0,31 4 32,0,30,,30607,11,0,31 4 32,0,70,,30611,11,0,31 4 32,0,30,,30615,11,0,31 4 32,0,70,,30619,11,0,31 4 32,0,30,,30623,11,0,31 4 32,0,73,,30627,11,0,31 4 32,0,30,,30630,11,0,31 4 32,0,70,,30633,11,0,31 4 32,0,30,,30636,11,0,31 4 32,0,70,,30639,11,0,31 4 32,0,30,,30642,11,0,31 4 32,0,70,,30645,11,0,31 4 32,0,51,,30649,11,0,31 4 32,0,85,,30652,11,0,31 4 32,0,85,,30655,11,0,31 4 32,0,85,,30658,11,0,31 4 32,0,35,,30660,11,0,17 25 4 26,0
578300,'2',532,,30671,11,0,31 4 32,0,76,,30674,11,0,31 4 32,0,36,,30677,11,0,31 4 32,0,76,,30680,11,0,31 4 32,0,29,,30684,11,0,31 4 32,0,76,,30687,11,0,31 4 32,0,76,,30690,11,0,31 4 32,0,36,,30693,11,0,31 4 32,0,76,,30696,11,0,31 4 32,0,36,,30699,11,0,31 4 32,0,76,,30702,11,0,31 4 32,0,76,,30705,11,0,31 4 32,0,36,,30708,11,0,31 4 32,0,76,,30711,11,0,31 4 32,0,36,,30714,11,0,31 4 32,0,76,,30717,11,0,31 4 32,0,76,,30720,11,0,31 4 32,0,36,,30723,11,0,31 4 32,0,76,,30726,11,0,31 4 32,0,36,,30729,11,0,31 4 32,0,76,,30732,11,0,31 4 32,0,76,,30735,11,0,31 4 32,0,36,,30738,11,0,31 4 32,0,77,,30741,11,0,31 4 32,0,36,,30744,11,0,31 4 32,0,76,,30747,11,0,31 4 32,0,76,,30750,11,0,31 4 32,0,43,,30753,11,0,31 4 32,0,100,,30757,11,0,31 4 32,0,85,,30760,11,0,31 4 32,0,100,,30764,11,0,31 4 32,0
578300,'3',546,,30773,11,0,31 4 32,0,85,,30777,11,0,31 4 32,0,85,,30780,11,0,31 4 32,0,85,,30783,11,0,31 4 32,0,42,,30786,11,0,31 4 32,0,76,,30789,11,0,31 4 32,0,31,,30792,11,0,31 4 32,0,76,,30795,11,0,31 4 32,0,76,,30798,11,0,31 4 32,0,36,,30801,11,0,31 4 32,0,76,,30804,11,0,31 4 32,0,36,,30807,11,0,31 4 32,0,76,,30810,11,0,31 4 32,0,76,,30813,11,0,31 4 32,0,36,,30816,11,0,31 4 32,0,76,,30819,11,0,31 4 32,0,36,,30822,11,0,31 4 32,0,76,,30825,11,0,31 4 32,0,76,,30828,11,0,31 4 32,0,39,,30831,11,0,31 4 32,0,85,,30834,11,0,31 4 32,0,85,,30837,11,0,31 4 32,0,45,,30840,11,0,31 4 32,0,85,,30843,11,0,31 4 32,0,90,,30846,11,0,31 4 32,0,85,,30849,11,0,31 4 32,0,85,,30852,11,0,31 4 32,0,30,,30854,11,0,31 4 32,0
578300,'4',600,,30859,11,0,31 4 32,0,45,,30862,11,0,31 4 32,0,85,,30865,11,0,31 4 32,0,85,,30868,11,0,31 4 32,0,85,,30871,11,0,31 4 32,0,40,,30874,11,0,31 4 32,0,85,,30877,11,0,31 4 32,0,85,,30880,11,0,31 4 32,0,45,,30883,11,0,31 4 32,0,85,,30886,11,0,31 4 32,0,85,,30889,11,0,31 4 32,0,85,,30892,11,0,31 4 32,0,45,,30895,11,0,31 4 32,0,85,,30898,11,0,31 4 32,0,85,,30901,11,0,31 4 32,0,85,,30904,11,0,31 4 32,0,90,,30907,11,0,31 4 32,0,45,,30910,11,0,31 4 32,0,85,,30913,11,0,31 4 32,0,85,,30916,11,0,31 4 32,0
578300,'6',546,,30927,11,0,31 4 32,0,85,,30931,11,0,31 4 32,0,85,,30934,11,0,31 4 32,0,85,,30937,11,0,31 4 32,0,42,,30940,11,0,31 4 32,0,76,,30943,11,0,31 4 32,0,31,,30946,11,0,31 4 32,0,76,,30949,11,0,31 4 32,0,76,,30952,11,0,31 4 32,0,36,,30955,11,0,31 4 32,0,76,,30958,11,0,31 4 32,0,36,,30961,11,0,31 4 32,0,76,,30964,11,0,31 4 32,0,76,,30967,11,0,31 4 32,0,36,,30970,11,0,31 4 32,0,76,,30973,11,0,31 4 32,0,36,,30976,11,0,31 4 32,0,76,,30979,11,0,31 4 32,0,76,,30982,11,0,31 4 32,0,39,,30985,11,0,31 4 32,0,85,,30988,11,0,31 4 32,0,85,,30991,11,0,31 4 32,0,45,,30994,11,0,31 4 32,0,85,,30997,11,0,31 4 32,0,90,,31000,11,0,31 4 32,0,85,,31003,11,0,31 4 32,0,85,,31006,11,0,31 4 32,0,30,,31008,11,0,31 4 32,0
