580301,'1',539,,38078,6,,,0,77,,38080,6,,,0,40,,38082,6,,,0,72,,38084,6,,,0,30,,38086,6,,,0,70,,38088,6,,,0,72,,38090,6,,,0,30,,38092,6,,,0,72,,38094,6,,,0,40,,38096,6,,,0,80,,38098,6,,,0,80,,38100,6,,,0,40,,38102,6,,,0,80,,38104,6,,,0,36,,38106,6,,,0,64,,38108,6,,,0,30,,38110,6,,,0,70,,38112,6,,,0,30,,38114,6,,,0,70,,38116,6,,,0,30,,38118,6,,,0,78,,38120,6,,,0,70,,38122,6,,,0,30,,38124,6,,,0,70,,38126,6,,,0,35,,38128,6,,,0,80,,38130,6,,,0,40,,38132,6,,,0,76,,38134,6,,,0,101,,38136,6,,,0,100,,38138,6,,,0,96,,38140,6,,,0
580301,'2',520,,38165,6,,,0,100,,38178,6,,,0,100,,38180,6,,,0,100,,38163,6,,,0,95,,38147,6,,,0,94,,38176,6,,,0,40,,38172,6,,,0,80,,38174,6,,,0,80,,38167,6,,,0,40,,38169,6,,,0,80,,38171,6,,,0,80,,38185,6,,,0,40,,38157,6,,,0,80,,38152,6,,,0,80,,38150,6,,,0,40,,38154,6,,,0,84,,38159,6,,,0,80,,38162,6,,,0,40,,38186,6,,,0,100,,38183,6,,,0,100,,38149,6,,,0,100,,38190,6,,,0,102,,38143,6,,,0,100,,38188,6,,,0,100,,38148,6,,,0
580301,'3',601,,38208,6,,,0,100,,38206,6,,,0,100,,38204,6,,,0,100,,38202,6,,,0,102,,38209,6,,,0,100,,38223,6,,,0,40,,38224,6,,,0,80,,38225,6,,,0,80,,38226,6,,,0,40,,38227,6,,,0,80,,38228,6,,,0,80,,38229,6,,,0,40,,38230,6,,,0,80,,38231,6,,,0,80,,38232,6,,,0,40,,38233,6,,,0,80,,38234,6,,,0,78,,38200,6,,,0,100,,38198,6,,,0,100,,38196,6,,,0,100,,38194,6,,,0,100,,38192,6,,,0
580301,'4',601,,38236,6,,,0,100,,38237,6,,,0,100,,38238,6,,,0,100,,38239,6,,,0,100,,38240,6,,,0,100,,38241,6,,,0,100,,38242,6,,,0,100,,38243,6,,,0,100,,38244,6,,,0,100,,38245,6,,,0,100,,38246,6,,,0,100,,38247,6,,,0,100,,38248,6,,,0,100,,38249,6,,,0,100,,38250,6,,,0
580301,'6',601,,38283,6,,,0,100,,38281,6,,,0,100,,38279,6,,,0,100,,38277,6,,,0,102,,38284,6,,,0,100,,38298,6,,,0,40,,38299,6,,,0,80,,38300,6,,,0,80,,38301,6,,,0,40,,38302,6,,,0,80,,38303,6,,,0,80,,38304,6,,,0,40,,38305,6,,,0,80,,38306,6,,,0,80,,38307,6,,,0,40,,38308,6,,,0,80,,38309,6,,,0,78,,38275,6,,,0,100,,38273,6,,,0,100,,38271,6,,,0,100,,38269,6,,,0,100,,38267,6,,,0
580701,'1601',811,,38961,8,0,21 22,0
580701,'1',540,,39019,33,,,0,70,,39017,33,,,0,24,,39015,33,,,0,22,,39013,33,,,0,51,,39012,33,,,0,15,,39011,33,,,0,15,,39010,33,,,0,15,,39009,33,,,0,55,,39008,33,,,0,15,,39007,33,,,0,15,,39006,33,,,0,15,,39005,33,,,0,55,,39004,33,,,0,15,,39003,33,,,0,25,,39002,33,,,0,70,,39001,33,,,0,30,,39000,33,,,0,70,,38999,33,,,0,30,,38998,33,,,0,70,,38997,33,,,0,30,,38996,33,,,0,70,,38994,33,,,0,30,,38992,33,,,0,65,,38991,33,,,0,15,,38990,33,,,0,15,,38989,33,,,0,15,,38988,33,,,0,55,,38987,33,,,0,15,,38986,33,,,0,15,,38985,33,,,0,15,,38984,33,,,0,55,,38983,33,,,0,15,,38982,33,,,0,15,,38981,33,,,0,15,,38980,33,,,0,55,,38979,33,,,0,15,,38978,33,,,0,15,,38977,33,,,0,15,,38976,33,,,0,60,,38975,33,,,0,30,,38974,33,,,0,76,,38973,33,,,0,30,,38972,33,,,0,70,,38971,33,,,0,30,,38970,33,,,0,70,,38969,33,,,0,30,,38968,33,,,0,70,,38967,33,,,0,30,,38966,33,,,0,70,,38963,33,,,0,30,,38965,33,,,0,70,,38962,33,,,0,30,,38964,33,,,0
580701,'2',528,,39063,33,,,0,30,,39024,33,,,0,70,,39025,33,,,0,30,,39026,33,,,0,65,,39038,33,,,0,30,,39027,33,,,0,70,,39039,33,,,0,30,,39028,33,,,0,70,,39040,33,,,0,30,,39029,33,,,0,70,,39041,33,,,0,30,,39030,33,,,0,70,,39042,33,,,0,30,,39043,33,,,0,70,,39044,33,,,0,30,,39045,33,,,0,70,,39046,33,,,0,30,,39047,33,,,0,70,,39048,33,,,0,30,,39031,33,,,0,70,,39049,33,,,0,30,,39032,33,,,0,70,,39050,33,,,0,30,,39033,33,,,0,70,,39051,33,,,0,30,,39052,33,,,0,70,,39053,33,,,0,30,,39034,33,,,0,70,,39054,33,,,0,30,,39055,33,,,0,70,,39056,33,,,0,30,,39057,33,,,0,70,,39058,33,,,0,30,,39059,33,,,0,70,,39060,33,,,0,30,,39035,33,,,0,70,,39036,33,,,0,30,,39061,33,,,0,70,,39037,33,,,0,85,,39062,33,,,0
580701,'3',649,,39101,33,,,0,70,,39067,33,,,0,36,,39084,33,,,0,64,,39068,33,,,0,36,,39085,33,,,0,70,,39069,33,,,0,30,,39086,33,,,0,70,,39070,33,,,0,30,,39087,33,,,0,70,,39071,33,,,0,30,,39088,33,,,0,70,,39072,33,,,0,30,,39089,33,,,0,70,,39073,33,,,0,30,,39090,33,,,0,70,,39074,33,,,0,30,,39091,33,,,0,70,,39075,33,,,0,30,,39092,33,,,0,70,,39076,33,,,0,30,,39093,33,,,0,70,,39077,33,,,0,30,,39094,33,,,0,70,,39078,33,,,0,30,,39095,33,,,0,70,,39079,33,,,0,30,,39096,33,,,0,70,,39080,33,,,0,30,,39097,33,,,0,70,,39081,33,,,0,30,,39098,33,,,0,70,,39082,33,,,0,30,,39099,33,,,0,70,,39083,33,,,0,30,,39100,33,,,0,70,,39064,33,0,7 4 8 9 10,0
580701,'4',637,,39131,33,,,0,70,,39132,33,,,0,30,,39115,33,,,0,70,,39117,33,,,0,30,,39114,33,,,0,70,,39118,33,,,0,30,,39113,33,,,0,70,,39119,33,,,0,30,,39112,33,,,0,70,,39120,33,,,0,30,,39111,33,,,0,70,,39121,33,,,0,30,,39110,33,,,0,70,,39122,33,,,0,30,,39109,33,,,0,70,,39123,33,,,0,30,,39108,33,,,0,70,,39124,33,,,0,30,,39107,33,,,0,70,,39125,33,,,0,30,,39106,33,,,0,70,,39126,33,,,0,30,,39105,33,,,0,70,,39127,33,,,0,30,,39104,33,,,0,70,,39128,33,,,0,30,,39103,33,,,0,70,,39129,33,,,0,30,,39102,33,,,0,70,,39130,33,,,0,29,,39116,33,0,7 4 8 9 10,0
580701,'6',649,,39170,33,,,0,70,,39136,33,,,0,36,,39153,33,,,0,64,,39137,33,,,0,36,,39154,33,,,0,70,,39138,33,,,0,30,,39155,33,,,0,70,,39139,33,,,0,30,,39156,33,,,0,70,,39140,33,,,0,30,,39157,33,,,0,70,,39141,33,,,0,30,,39158,33,,,0,70,,39142,33,,,0,30,,39159,33,,,0,70,,39143,33,,,0,30,,39160,33,,,0,70,,39144,33,,,0,30,,39161,33,,,0,70,,39145,33,,,0,30,,39162,33,,,0,70,,39146,33,,,0,30,,39163,33,,,0,70,,39147,33,,,0,30,,39164,33,,,0,70,,39148,33,,,0,30,,39165,33,,,0,70,,39149,33,,,0,30,,39166,33,,,0,70,,39150,33,,,0,30,,39167,33,,,0,70,,39151,33,,,0,30,,39168,33,,,0,70,,39152,33,,,0,30,,39169,33,,,0,70,,39133,33,0,7 4 8 9 10,0
