578000,'1',459,,28797,43,,,0,55,,28798,43,,,0,15,,28799,43,,,0,10,,28800,43,,,0,10,,28801,43,,,0,10,,28802,43,,,0,50,,28803,43,,,0,10,,28804,43,,,0,10,,28805,43,,,0,10,,28806,43,,,0,10,,28807,43,,,0,10,,28808,43,,,0,50,,28809,43,,,0,10,,28810,43,,,0,13,,28811,43,,,0,8,,28812,43,,,0,7,,28813,43,,,0,8,,28814,43,,,0,47,,28815,43,,,0,8,,28816,43,,,0,7,,28817,43,,,0,8,,28818,43,,,0,7,,28819,43,,,0,8,,28820,43,,,0,7,,28821,43,,,0,8,,28822,43,,,0,47,,28823,43,,,0,8,,28824,43,,,0,7,,28825,43,,,0,8,,28826,43,,,0,7,,28827,43,,,0,8,,28828,43,,,0,7,,28829,43,,,0,8,,28830,43,,,0,47,,28831,43,,,0,8,,28832,43,,,0,9,,28833,43,,,0,6,,28834,43,,,0,9,,28835,43,,,0,8,,28836,43,,,0,7,,28837,43,,,0,8,,28838,43,,,0,47,,28839,43,,,0,8,,28840,43,,,0,7,,28841,43,,,0,8,,28842,43,,,0,7,,28843,43,,,0,6,,28844,43,,,0,6,,28845,43,,,0,6,,28846,43,,,0,6,,28847,43,,,0,46,,28848,43,,,0,6,,28849,43,,,0,6,,28850,43,,,0,6,,28851,43,,,0,6,,28852,43,,,0,6,,28853,43,,,0,6,,28854,43,,,0,6,,28855,43,,,0,6,,28856,43,,,0,6,,28857,43,,,0,46,,28858,43,,,0,6,,28859,43,,,0,6,,28860,43,,,0,6,,28861,43,,,0,6,,28862,43,,,0,6,,28863,43,,,0,6,,28864,43,,,0,6,,28865,43,,,0,6,,28866,43,,,0,6,,28867,43,,,0,46,,28868,43,,,0,6,,28869,43,,,0,6,,28870,43,,,0,6,,28871,43,,,0,6,,28872,43,,,0,8,,28873,43,,,0,6,,28874,43,,,0,6,,28875,43,,,0,6,,28876,43,,,0,46,,28877,43,,,0,6,,28878,43,,,0,6,,28879,43,,,0,6,,28880,43,,,0,6,,28881,43,,,0,6,,28882,43,,,0,6,,28883,43,,,0,6,,28884,43,,,0,6,,28885,43,,,0,6,,28886,43,,,0,46,,28887,43,,,0,6,,28888,43,,,0,6,,28889,43,,,0,6,,28890,43,,,0,6,,28891,43,,,0,6,,28892,43,,,0,6,,28893,43,,,0,6,,28894,43,,,0,6,,28895,43,,,0,6,,28896,43,,,0,46,,28897,43,,,0,6,,28898,43,,,0,6,,28899,43,,,0,6,,28900,43,,,0,6,,28901,43,,,0,6,,28902,43,,,0,6,,28903,43,,,0,6,,28904,43,,,0,6,,28905,43,,,0,6,,28906,43,,,0,46,,28907,43,,,0,6,,28908,43,,,0,6,,28909,43,,,0,6,,28910,43,,,0,6,,28911,43,,,0,6,,28912,43,,,0,6,,28913,43,,,0,7,,28914,43,,,0,8,,28915,43,,,0,7,,28916,43,,,0,48,,28917,43,,,0,7,,28918,43,,,0,8,,28919,43,,,0,7,,28920,43,,,0,5,,28921,43,,,0,15,,28922,43,,,0,55,,28923,43,,,0,15,,28924,43,,,0,15,,28925,43,,,0,15,,28926,43,,,0,55,,28927,43,,,0,15,,28928,43,,,0,15,,28929,43,,,0,15,,28930,43,,,0,55,,28931,43,,,0,15,,28932,43,,,0,10,,28933,43,,,0,20,,28934,43,,,0,60,,28935,43,,,0,20,,28936,43,,,0,20,,28937,43,,,0,60,,28938,43,,,0,20,,28939,43,,,0,20,,28942,43,,,0,60,,28943,43,,,0,20,,28940,43,,,0,20,,28941,43,,,0
578000,'2',528,,28944,43,,,0,15,,28945,43,,,0,15,,28946,43,,,0,55,,28947,43,,,0,15,,28948,43,,,0,15,,28949,43,,,0,15,,28950,43,,,0,55,,28951,43,,,0,15,,28952,43,,,0,10,,28953,43,,,0,10,,28954,43,,,0,10,,28955,43,,,0,50,,28956,43,,,0,10,,28957,43,,,0,10,,28958,43,,,0,8,,28959,43,,,0,8,,28960,43,,,0,8,,28961,43,,,0,48,,28962,43,,,0,8,,28963,43,,,0,8,,28964,43,,,0,8,,28965,43,,,0,12,,28966,43,,,0,8,,28967,43,,,0,8,,28968,43,,,0,48,,28969,43,,,0,8,,28970,43,,,0,8,,28971,43,,,0,8,,28972,43,,,0,8,,28973,43,,,0,8,,28974,43,,,0,8,,28975,43,,,0,8,,28976,43,,,0,48,,28977,43,,,0,8,,28978,43,,,0,8,,28979,43,,,0,8,,28980,43,,,0,8,,28981,43,,,0,8,,28982,43,,,0,8,,28983,43,,,0,48,,28984,43,,,0,8,,28985,43,,,0,8,,28986,43,,,0,8,,28987,43,,,0,10,,28988,43,,,0,8,,28989,43,,,0,8,,28990,43,,,0,8,,28991,43,,,0,48,,28992,43,,,0,8,,28993,43,,,0,8,,28994,43,,,0,8,,28995,43,,,0,8,,28996,43,,,0,8,,28997,43,,,0,8,,28998,43,,,0,48,,28999,43,,,0,8,,29000,43,,,0,8,,29001,43,,,0,8,,29002,43,,,0,8,,29003,43,,,0,8,,29004,43,,,0,8,,29005,43,,,0,8,,29006,43,,,0,48,,29007,43,,,0,8,,29008,43,,,0,8,,29009,43,,,0,8,,29010,43,,,0,8,,29011,43,,,0,8,,29012,43,,,0,8,,29013,43,,,0,48,,29014,43,,,0,8,,29015,43,,,0,8,,29016,43,,,0,8,,29017,43,,,0,8,,29018,43,,,0,8,,29019,43,,,0,8,,29020,43,,,0,8,,29021,43,,,0,48,,29022,43,,,0,8,,29023,43,,,0,8,,29024,43,,,0,8,,29025,43,,,0,8,,29026,43,,,0,8,,29027,43,,,0,8,,29028,43,,,0,48,,29029,43,,,0,8,,29030,43,,,0,8,,29031,43,,,0,8,,29032,43,,,0,6,,29033,43,,,0,10,,29034,43,,,0,10,,29035,43,,,0,50,,29036,43,,,0,10,,29037,43,,,0,10,,29038,43,,,0,10,,29039,43,,,0,15,,29040,43,,,0,55,,29041,43,,,0,15,,29042,43,,,0,15,,29043,43,,,0,15,,29044,43,,,0,55,,29045,43,,,0,15,,29046,43,,,0,15,,29047,43,,,0,20,,29048,43,,,0,56,,29049,43,,,0,20,,29050,43,,,0,20,,29051,43,,,0,60,,29052,43,,,0,20,,29053,43,,,0,20,,29054,43,,,0,60,,29055,43,,,0,20,,29056,43,,,0,20,,29057,43,,,0,60,,29058,43,,,0,20,,29059,43,,,0,20,,29060,43,,,0
578000,'3',527,,29061,43,,,0,30,,29062,43,,,0,70,,29063,43,,,0,30,,29064,43,,,0,70,,29065,43,,,0,30,,29066,43,,,0,70,,29067,43,,,0,30,,29068,43,,,0,79,,29069,43,,,0,70,,29070,43,,,0,30,,29071,43,,,0,10,,29072,43,,,0,10,,29073,43,,,0,50,,29074,43,,,0,10,,29075,43,,,0,10,,29076,43,,,0,10,,29077,43,,,0,10,,29078,43,,,0,10,,29079,43,,,0,50,,29080,43,,,0,10,,29081,43,,,0,10,,29082,43,,,0,10,,29083,43,,,0,10,,29084,43,,,0,10,,29085,43,,,0,50,,29086,43,,,0,10,,29087,43,,,0,10,,29088,43,,,0,10,,29089,43,,,0,10,,29090,43,,,0,10,,29091,43,,,0,50,,29092,43,,,0,10,,29093,43,,,0,10,,29094,43,,,0,10,,29095,43,,,0,10,,29096,43,,,0,10,,29097,43,,,0,50,,29098,43,,,0,10,,29099,43,,,0,10,,29100,43,,,0,10,,29101,43,,,0,10,,29102,43,,,0,10,,29103,43,,,0,50,,29104,43,,,0,10,,29105,43,,,0,10,,29106,43,,,0,10,,29107,43,,,0,10,,29108,43,,,0,10,,29109,43,,,0,50,,29110,43,,,0,10,,29111,43,,,0,10,,29112,43,,,0,10,,29113,43,,,0,10,,29114,43,,,0,10,,29115,43,,,0,50,,29116,43,,,0,10,,29117,43,,,0,10,,29118,43,,,0,10,,29119,43,,,0,10,,29120,43,,,0,10,,29121,43,,,0,50,,29122,43,,,0,10,,29123,43,,,0,16,,29124,43,,,0,20,,29125,43,,,0,60,,29126,43,,,0,20,,29127,43,,,0,20,,29128,43,,,0,60,,29129,43,,,0,20,,29130,43,,,0,20,,29131,43,,,0,60,,29132,43,,,0,19,,29133,43,,,0,20,,29134,43,,,0,60,,29135,43,,,0,20,,29136,43,,,0,20,,29137,43,,,0,60,,29138,43,,,0,20,,29139,43,,,0
578000,'4',542,,29140,43,,,0,70,,29141,43,,,0,15,,29142,43,,,0,30,,29143,43,,,0,70,,29144,43,,,0,30,,29145,43,,,0,70,,29146,43,,,0,30,,29147,43,,,0,70,,29148,43,,,0,75,,29149,43,,,0,30,,29150,43,,,0,70,,29151,43,,,0,30,,29152,43,,,0,70,,29153,43,,,0,30,,29154,43,,,0,70,,29155,43,,,0,30,,29156,43,,,0,70,,29157,43,,,0,30,,29158,43,,,0,70,,29159,43,,,0,30,,29160,43,,,0,70,,29161,43,,,0,30,,29162,43,,,0,70,,29163,43,,,0,30,,29164,43,,,0,70,,29165,43,,,0,26,,29166,43,,,0,30,,29167,43,,,0,70,,29168,43,,,0,30,,29169,43,,,0,70,,29170,43,,,0,30,,29171,43,,,0,70,,29172,43,,,0
578000,'6',528,,29173,43,,,0,15,,29174,43,,,0,15,,29175,43,,,0,55,,29176,43,,,0,15,,29177,43,,,0,15,,29178,43,,,0,15,,29179,43,,,0,55,,29180,43,,,0,15,,29181,43,,,0,10,,29182,43,,,0,10,,29183,43,,,0,10,,29184,43,,,0,50,,29185,43,,,0,10,,29186,43,,,0,10,,29187,43,,,0,8,,29188,43,,,0,8,,29189,43,,,0,8,,29190,43,,,0,48,,29191,43,,,0,8,,29192,43,,,0,8,,29193,43,,,0,8,,29194,43,,,0,12,,29195,43,,,0,8,,29196,43,,,0,8,,29197,43,,,0,48,,29198,43,,,0,8,,29199,43,,,0,8,,29200,43,,,0,8,,29201,43,,,0,8,,29202,43,,,0,8,,29203,43,,,0,8,,29204,43,,,0,8,,29205,43,,,0,48,,29206,43,,,0,8,,29207,43,,,0,8,,29208,43,,,0,8,,29209,43,,,0,8,,29210,43,,,0,8,,29211,43,,,0,8,,29212,43,,,0,48,,29213,43,,,0,8,,29214,43,,,0,8,,29215,43,,,0,8,,29216,43,,,0,10,,29217,43,,,0,8,,29218,43,,,0,8,,29219,43,,,0,8,,29220,43,,,0,48,,29221,43,,,0,8,,29222,43,,,0,8,,29223,43,,,0,8,,29224,43,,,0,8,,29225,43,,,0,8,,29226,43,,,0,8,,29227,43,,,0,48,,29228,43,,,0,8,,29229,43,,,0,8,,29230,43,,,0,8,,29231,43,,,0,8,,29232,43,,,0,8,,29233,43,,,0,8,,29234,43,,,0,8,,29235,43,,,0,48,,29236,43,,,0,8,,29237,43,,,0,8,,29238,43,,,0,8,,29239,43,,,0,8,,29240,43,,,0,8,,29241,43,,,0,8,,29242,43,,,0,48,,29243,43,,,0,8,,29244,43,,,0,8,,29245,43,,,0,8,,29246,43,,,0,8,,29247,43,,,0,8,,29248,43,,,0,8,,29249,43,,,0,8,,29250,43,,,0,48,,29251,43,,,0,8,,29252,43,,,0,8,,29253,43,,,0,8,,29254,43,,,0,8,,29255,43,,,0,8,,29256,43,,,0,8,,29257,43,,,0,48,,29258,43,,,0,8,,29259,43,,,0,8,,29260,43,,,0,8,,29261,43,,,0,6,,29262,43,,,0,10,,29263,43,,,0,10,,29264,43,,,0,50,,29265,43,,,0,10,,29266,43,,,0,10,,29267,43,,,0,10,,29268,43,,,0,15,,29269,43,,,0,55,,29270,43,,,0,15,,29271,43,,,0,15,,29272,43,,,0,15,,29273,43,,,0,55,,29274,43,,,0,15,,29275,43,,,0,15,,29276,43,,,0,20,,29277,43,,,0,56,,29278,43,,,0,20,,29279,43,,,0,20,,29280,43,,,0,60,,29281,43,,,0,20,,29282,43,,,0,20,,29283,43,,,0,60,,29284,43,,,0,20,,29285,43,,,0,20,,29286,43,,,0,60,,29287,43,,,0,20,,29288,43,,,0,20,,29289,43,,,0
578200,'1',522,,30152,59,,,0,15,,30182,59,,,0,20,,30189,59,,,0,60,,30188,59,,,0,20,,30187,59,,,0,20,,30186,59,,,0,60,,30185,59,,,0,23,,30184,59,,,0,60,,30183,59,,,0,20,,30190,59,,,0,24,,30153,62,,,0,60,,30154,62,,,0,20,,30155,62,,,0,20,,30156,62,,,0,60,,30157,62,,,0,20,,30158,62,,,0,20,,30159,62,,,0,60,,30162,62,,,0,20,,30163,62,,,0,20,,30164,62,,,0,60,,30165,62,,,0,20,,30166,62,,,0,20,,30167,62,,,0,60,,30160,62,,,0,20,,30161,62,,,0,20,,30136,62,,,0,60,,30168,62,,,0,24,,30169,62,,,0,20,,30170,62,,,0,60,,30171,62,,,0,20,,30172,62,,,0,20,,30173,62,,,0,60,,30174,62,,,0,20,,30175,62,,,0,20,,30176,62,,,0,60,,30177,62,,,0,20,,30178,62,,,0,20,,30179,62,,,0,60,,30180,62,,,0,20,,30181,62,,,0,23,,30151,62,,,0,70,,30150,62,,,0,26,,30149,62,,,0,70,,30148,62,,,0,30,,30147,62,,,0,70,,30146,62,,,0,30,,30145,62,,,0,70,,30137,62,,,0,25,,30138,59,,,0,70,,30139,59,,,0,30,,30140,59,,,0,70,,30141,59,,,0,30,,30142,59,,,0,72,,30143,59,,,0,40,,30144,59,,,0
578200,'2',534,,30191,59,,,0,70,,30192,59,,,0,32,,30193,59,,,0,70,,30194,59,,,0,30,,30195,59,,,0,70,,30196,59,,,0,30,,30197,59,,,0,21,,30239,62,,,0,60,,30198,62,,,0,24,,30199,62,,,0,60,,30200,62,,,0,20,,30201,62,,,0,20,,30202,62,,,0,60,,30203,62,,,0,20,,30204,62,,,0,20,,30205,62,,,0,60,,30206,62,,,0,20,,30207,62,,,0,20,,30208,62,,,0,60,,30209,62,,,0,19,,30210,59,,,0,20,,30211,59,,,0,60,,30212,59,,,0,20,,30213,59,,,0,20,,30214,59,,,0,60,,30215,59,,,0,20,,30216,59,,,0,20,,30217,59,,,0,60,,30218,59,,,0,20,,30219,59,,,0,20,,30220,59,,,0,60,,30221,59,,,0,20,,30222,59,,,0,20,,30223,59,,,0,70,,30224,59,,,0,25,,30225,59,,,0,70,,30226,59,,,0,30,,30227,59,,,0,70,,30228,59,,,0,30,,30229,59,,,0,70,,30230,59,,,0,30,,30231,59,,,0,70,,30232,59,,,0,27,,30233,59,,,0,70,,30234,59,,,0,30,,30235,59,,,0,70,,30236,59,,,0,30,,30237,59,,,0,70,,30240,59,,,0,50,,30238,59,,,0
578200,'3',634,,30276,59,,,0,100,,30275,59,,,0,70,,30274,59,,,0,30,,30273,59,,,0,70,,30272,59,,,0,33,,30271,59,,,0,70,,30270,59,,,0,30,,30269,59,,,0,70,,30268,59,,,0,30,,30267,59,,,0,70,,30266,59,,,0,30,,30265,59,,,0,70,,30264,59,,,0,30,,30263,59,,,0,70,,30262,59,,,0,30,,30261,59,,,0,70,,30260,59,,,0,30,,30259,59,,,0,70,,30258,59,,,0,30,,30257,59,,,0,70,,30256,59,,,0,30,,30255,59,,,0,70,,30254,59,,,0,30,,30253,59,,,0,70,,30252,59,,,0,30,,30251,59,,,0,70,,30250,59,,,0,25,,30249,59,,,0,70,,30248,59,,,0,30,,30247,59,,,0,70,,30246,59,,,0,30,,30245,59,,,0,70,,30244,59,,,0,30,,30243,59,,,0,70,,30242,59,,,0,30,,30241,59,,,0
578200,'4',601,,30277,59,,,0,40,,30278,59,,,0,80,,30279,59,,,0,80,,30280,59,,,0,40,,30281,59,,,0,80,,30282,59,,,0,80,,30283,59,,,0,40,,30284,59,,,0,80,,30285,59,,,0,80,,30286,59,,,0,40,,30287,59,,,0,80,,30288,59,,,0,80,,30289,59,,,0,40,,30290,59,,,0,90,,30291,59,,,0,100,,30292,59,,,0,100,,30293,59,,,0,100,,30294,59,,,0,100,,30295,59,,,0,100,,30296,59,,,0,100,,30297,59,,,0
578200,'6',634,,30333,59,,,0,100,,30332,59,,,0,70,,30331,59,,,0,30,,30330,59,,,0,70,,30329,59,,,0,33,,30328,59,,,0,70,,30327,59,,,0,30,,30326,59,,,0,70,,30325,59,,,0,30,,30324,59,,,0,70,,30323,59,,,0,30,,30322,59,,,0,70,,30321,59,,,0,30,,30320,59,,,0,70,,30319,59,,,0,30,,30318,59,,,0,70,,30317,59,,,0,30,,30316,59,,,0,70,,30315,59,,,0,30,,30314,59,,,0,70,,30313,59,,,0,30,,30312,59,,,0,70,,30311,59,,,0,30,,30310,59,,,0,70,,30309,59,,,0,30,,30308,59,,,0,70,,30307,59,,,0,25,,30306,59,,,0,70,,30305,59,,,0,30,,30304,59,,,0,70,,30303,59,,,0,30,,30302,59,,,0,70,,30301,59,,,0,30,,30300,59,,,0,70,,30299,59,,,0,30,,30298,59,,,0
