578200,'1',535,,30152,80,,,0,15,,30182,80,,,0,60,,30189,80,,,0,20,,30188,80,,,0,20,,30187,80,,,0,60,,30186,80,,,0,20,,30185,80,,,0,25,,30184,80,,,0,60,,30183,80,,,0,20,,30190,80,,,0,24,,30153,83,,,0,60,,30154,83,,,0,20,,30155,83,,,0,20,,30156,83,,,0,60,,30157,83,,,0,20,,30158,83,,,0,20,,30159,83,,,0,60,,30162,83,,,0,20,,30163,83,,,0,20,,30164,83,,,0,60,,30165,83,,,0,20,,30166,83,,,0,20,,30167,83,,,0,60,,30160,83,,,0,20,,30161,83,,,0,20,,30136,83,,,0,60,,30168,83,,,0,24,,30169,83,,,0,60,,30170,83,,,0,20,,30171,83,,,0,20,,30172,83,,,0,60,,30173,83,,,0,20,,30174,83,,,0,20,,30175,83,,,0,60,,30176,83,,,0,20,,30177,83,,,0,20,,30178,83,,,0,60,,30179,83,,,0,20,,30180,83,,,0,20,,30181,83,,,0,63,,30151,83,,,0,30,,30150,83,,,0,64,,30149,83,,,0,30,,30148,83,,,0,70,,30147,83,,,0,30,,30146,83,,,0,70,,30145,83,,,0,30,,30137,83,,,0,24,,30138,80,,,0,70,,30139,80,,,0,30,,30140,80,,,0,70,,30141,80,,,0,30,,30142,80,,,0,72,,30143,80,,,0,80,,30144,80,,,0
578200,'2',544,,30191,80,,,0,70,,30192,80,,,0,34,,30193,80,,,0,70,,30194,80,,,0,30,,30195,80,,,0,70,,30196,80,,,0,30,,30197,80,,,0,61,,30239,83,,,0,20,,30198,83,,,0,27,,30199,83,,,0,60,,30200,83,,,0,20,,30201,83,,,0,20,,30202,83,,,0,60,,30203,83,,,0,20,,30204,83,,,0,20,,30205,83,,,0,60,,30206,83,,,0,20,,30207,83,,,0,20,,30208,83,,,0,60,,30209,83,,,0,19,,30210,80,,,0,20,,30211,80,,,0,60,,30212,80,,,0,20,,30213,80,,,0,20,,30214,80,,,0,60,,30215,80,,,0,20,,30216,80,,,0,20,,30217,80,,,0,60,,30218,80,,,0,20,,30219,80,,,0,20,,30220,80,,,0,60,,30221,80,,,0,20,,30222,80,,,0,20,,30223,80,,,0,70,,30224,80,,,0,22,,30225,80,,,0,70,,30226,80,,,0,30,,30227,80,,,0,70,,30228,80,,,0,30,,30229,80,,,0,70,,30230,80,,,0,30,,30231,80,,,0,70,,30232,80,,,0,27,,30233,80,,,0,70,,30234,80,,,0,30,,30235,80,,,0,70,,30236,80,,,0,30,,30237,80,,,0,70,,30240,80,,,0,90,,30238,80,,,0
578200,'3',646,,30276,80,,,0,100,,30275,80,,,0,70,,30274,80,,,0,30,,30273,80,,,0,70,,30272,80,,,0,35,,30271,80,,,0,70,,30270,80,,,0,30,,30269,80,,,0,70,,30268,80,,,0,30,,30267,80,,,0,70,,30266,80,,,0,30,,30265,80,,,0,70,,30264,80,,,0,30,,30263,80,,,0,70,,30262,80,,,0,30,,30261,80,,,0,70,,30260,80,,,0,30,,30259,80,,,0,70,,30258,80,,,0,30,,30257,80,,,0,70,,30256,80,,,0,30,,30255,80,,,0,70,,30254,80,,,0,30,,30253,80,,,0,70,,30252,80,,,0,30,,30251,80,,,0,70,,30250,80,,,0,23,,30249,80,,,0,70,,30248,80,,,0,30,,30247,80,,,0,70,,30246,80,,,0,30,,30245,80,,,0,70,,30244,80,,,0,30,,30243,80,,,0,70,,30242,80,,,0,30,,30241,80,,,0
578200,'4',613,,30277,80,,,0,40,,30278,80,,,0,80,,30279,80,,,0,80,,30280,80,,,0,40,,30281,80,,,0,80,,30282,80,,,0,80,,30283,80,,,0,40,,30284,80,,,0,80,,30285,80,,,0,80,,30286,80,,,0,40,,30287,80,,,0,80,,30288,80,,,0,80,,30289,80,,,0,40,,30290,80,,,0,90,,30291,80,,,0,100,,30292,80,,,0,100,,30293,80,,,0,100,,30294,80,,,0,100,,30295,80,,,0,100,,30296,80,,,0,100,,30297,80,,,0
578200,'6',646,,30333,80,,,0,100,,30332,80,,,0,70,,30331,80,,,0,30,,30330,80,,,0,70,,30329,80,,,0,35,,30328,80,,,0,70,,30327,80,,,0,30,,30326,80,,,0,70,,30325,80,,,0,30,,30324,80,,,0,70,,30323,80,,,0,30,,30322,80,,,0,70,,30321,80,,,0,30,,30320,80,,,0,70,,30319,80,,,0,30,,30318,80,,,0,70,,30317,80,,,0,30,,30316,80,,,0,70,,30315,80,,,0,30,,30314,80,,,0,70,,30313,80,,,0,30,,30312,80,,,0,70,,30311,80,,,0,30,,30310,80,,,0,70,,30309,80,,,0,30,,30308,80,,,0,70,,30307,80,,,0,23,,30306,80,,,0,70,,30305,80,,,0,30,,30304,80,,,0,70,,30303,80,,,0,30,,30302,80,,,0,70,,30301,80,,,0,30,,30300,80,,,0,70,,30299,80,,,0,30,,30298,80,,,0
578301,'1',530,,31011,57,0,29 30 6,0,89,,31015,93,0,29 30 6,0,29,,31018,93,0,29 30 6,0,67,,31021,93,0,29 30 6,0,31,,31025,93,0,29 30 6,0,70,,31029,93,0,29 30 6,0,30,,31033,93,0,29 30 6,0,70,,31037,93,0,29 30 6,0,30,,31041,93,0,29 30 6,0,70,,31045,93,0,29 30 6,0,31,,31049,93,0,29 30 6,0,68,,31052,93,0,29 30 6,0,30,,31055,93,0,29 30 6,0,70,,31058,93,0,29 30 6,0,30,,31061,93,0,29 30 6,0,70,,31064,93,0,29 30 6,0,30,,31067,93,0,29 30 6,0,70,,31070,93,0,29 30 6,0,33,,31073,93,0,29 30 6,0,76,,31077,93,0,29 30 6,0,30,,31081,93,0,29 30 6,0,70,,31085,93,0,29 30 6,0,30,,31089,93,0,29 30 6,0,70,,31093,93,0,29 30 6,0,30,,31097,93,0,29 30 6,0,69,,31101,93,0,29 30 6,0,27,,31105,93,0,29 30 6,0,67,,31109,93,0,29 30 6,0,34,,31113,93,0,29 30 6,0,64,,31116,93,0,29 30 6,0,34,,31120,93,0,29 30 6,0,70,,31123,93,0,29 30 6,0,20,,31125,93,0,29 30 6,0,80,,31129,93,0,29 30 6,0,81,,31133,93,0,29 30 6,0,45,,31137,93,0,29 30 6,0,85,,31140,93,0,29 30 6,0,120,,31145,93,0,29 30 6,0
578301,'2',522,,31149,57,0,29 30 6,0,80,,31153,93,0,29 30 6,0,36,,31156,93,0,29 30 6,0,76,,31159,93,0,29 30 6,0,36,,31162,93,0,29 30 6,0,76,,31165,93,0,29 30 6,0,81,,31168,93,0,29 30 6,0,36,,31171,93,0,29 30 6,0,76,,31174,93,0,29 30 6,0,36,,31177,93,0,29 30 6,0,76,,31180,93,0,29 30 6,0,76,,31183,93,0,29 30 6,0,36,,31186,93,0,29 30 6,0,76,,31189,93,0,29 30 6,0,36,,31192,93,0,29 30 6,0,76,,31195,93,0,29 30 6,0,76,,31198,93,0,29 30 6,0,36,,31201,93,0,29 30 6,0,76,,31204,93,0,29 30 6,0,36,,31207,93,0,29 30 6,0,76,,31210,93,0,29 30 6,0,72,,31213,93,0,29 30 6,0,36,,31216,93,0,29 30 6,0,76,,31219,93,0,29 30 6,0,36,,31222,93,0,29 30 6,0,75,,31225,93,0,29 30 6,0,76,,31228,93,0,29 30 6,0,43,,31231,93,0,29 30 6,0,98,,31235,93,0,29 30 6,0,85,,31238,93,0,29 30 6,0,85,,31241,93,0,29 30 6,0,45,,31244,93,0,29 30 6,0,90,,31247,93,0,29 30 6,0
578301,'3',556,,31253,57,0,29 30 6,0,90,,31257,93,0,29 30 6,0,85,,31260,93,0,29 30 6,0,85,,31263,93,0,29 30 6,0,85,,31266,93,0,29 30 6,0,45,,31269,93,0,29 30 6,0,80,,31272,93,0,29 30 6,0,81,,31275,93,0,29 30 6,0,36,,31278,93,0,29 30 6,0,76,,31281,93,0,29 30 6,0,36,,31284,93,0,29 30 6,0,76,,31287,93,0,29 30 6,0,76,,31290,93,0,29 30 6,0,36,,31293,93,0,29 30 6,0,76,,31296,93,0,29 30 6,0,36,,31299,93,0,29 30 6,0,76,,31302,93,0,29 30 6,0,76,,31305,93,0,29 30 6,0,36,,31308,93,0,29 30 6,0,76,,31311,93,0,29 30 6,0,36,,31314,93,0,29 30 6,0,76,,31317,93,0,29 30 6,0,75,,31320,93,0,29 30 6,0,45,,31323,93,0,29 30 6,0,85,,31326,93,0,29 30 6,0,85,,31329,93,0,29 30 6,0,81,,31332,93,0,29 30 6,0,45,,31335,93,0,29 30 6,0,85,,31339,93,0,29 30 6,0
578301,'4',549,,31406,57,0,29 30 6,0,71,,31343,57,0,29 30 6,0,80,,31346,93,0,29 30 6,0,45,,31349,93,0,29 30 6,0,85,,31352,93,0,29 30 6,0,85,,31355,93,0,29 30 6,0,85,,31358,93,0,29 30 6,0,50,,31361,93,0,29 30 6,0,85,,31364,93,0,29 30 6,0,85,,31367,93,0,29 30 6,0,85,,31370,93,0,29 30 6,0,45,,31373,93,0,29 30 6,0,85,,31376,93,0,29 30 6,0,85,,31379,93,0,29 30 6,0,85,,31382,93,0,29 30 6,0,45,,31385,93,0,29 30 6,0,85,,31388,93,0,29 30 6,0,85,,31391,93,0,29 30 6,0,81,,31394,93,0,29 30 6,0,45,,31397,93,0,29 30 6,0,85,,31400,93,0,29 30 6,0,85,,31403,93,0,29 30 6,0
578301,'6',556,,31410,57,0,29 30 6,0,90,,31414,93,0,29 30 6,0,85,,31417,93,0,29 30 6,0,85,,31420,93,0,29 30 6,0,85,,31423,93,0,29 30 6,0,45,,31426,93,0,29 30 6,0,80,,31429,93,0,29 30 6,0,81,,31432,93,0,29 30 6,0,36,,31435,93,0,29 30 6,0,76,,31438,93,0,29 30 6,0,36,,31441,93,0,29 30 6,0,76,,31444,93,0,29 30 6,0,76,,31447,93,0,29 30 6,0,36,,31450,93,0,29 30 6,0,76,,31453,93,0,29 30 6,0,36,,31456,93,0,29 30 6,0,76,,31459,93,0,29 30 6,0,76,,31462,93,0,29 30 6,0,36,,31465,93,0,29 30 6,0,76,,31468,93,0,29 30 6,0,36,,31471,93,0,29 30 6,0,76,,31474,93,0,29 30 6,0,75,,31477,93,0,29 30 6,0,45,,31480,93,0,29 30 6,0,85,,31483,93,0,29 30 6,0,85,,31486,93,0,29 30 6,0,81,,31489,93,0,29 30 6,0,45,,31492,93,0,29 30 6,0,85,,31496,93,0,29 30 6,0
