578201,'1',504,,30350,14,,,0,20,,30336,14,,,0,20,,30349,14,,,0,60,,30348,14,,,0,20,,30351,14,,,0,20,,30352,14,,,0,57,,30353,14,,,0,20,,30354,14,,,0,20,,30355,14,,,0,60,,30356,14,,,0,20,,30357,14,,,0,20,,30358,14,,,0,60,,30359,14,,,0,20,,30360,14,,,0,20,,30361,14,,,0,60,,30362,14,,,0,23,,30363,14,,,0,20,,30364,14,,,0,60,,30365,14,,,0,20,,30366,14,,,0,20,,30367,14,,,0,60,,30368,14,,,0,20,,30369,14,,,0,20,,30370,14,,,0,60,,30371,14,,,0,20,,30372,14,,,0,20,,30373,14,,,0,60,,30374,14,,,0,17,,30375,14,,,0,20,,30376,14,,,0,60,,30377,14,,,0,20,,30378,14,,,0,20,,30379,14,,,0,60,,30380,14,,,0,20,,30381,14,,,0,20,,30382,14,,,0,60,,30383,14,,,0,20,,30384,14,,,0,20,,30385,14,,,0,65,,30386,14,,,0,30,,30337,14,,,0,70,,30338,14,,,0,34,,30339,14,,,0,70,,30340,14,,,0,30,,30341,14,,,0,70,,30342,14,,,0,30,,30343,14,,,0,72,,30344,14,,,0,30,,30345,14,,,0,70,,30335,14,,,0,30,,30346,14,,,0,80,,30334,14,,,0,25,,30347,14,,,0
578201,'2',545,,30388,14,,,0,70,,30389,14,,,0,30,,30390,14,,,0,70,,30391,14,,,0,30,,30392,14,,,0,69,,30393,14,,,0,29,,30394,14,,,0,65,,30395,14,,,0,20,,30396,14,,,0,20,,30397,14,,,0,60,,30398,14,,,0,20,,30399,14,,,0,20,,30400,14,,,0,60,,30401,14,,,0,20,,30402,14,,,0,20,,30403,14,,,0,60,,30404,14,,,0,20,,30405,14,,,0,20,,30406,14,,,0,60,,30407,14,,,0,20,,30408,14,,,0,20,,30409,14,,,0,60,,30410,14,,,0,20,,30411,14,,,0,20,,30412,14,,,0,60,,30413,14,,,0,20,,30414,14,,,0,20,,30415,14,,,0,60,,30416,14,,,0,20,,30417,14,,,0,20,,30418,14,,,0,68,,30419,14,,,0,30,,30420,14,,,0,70,,30421,14,,,0,30,,30422,14,,,0,70,,30423,14,,,0,30,,30424,14,,,0,70,,30425,14,,,0,30,,30426,14,,,0,70,,30427,14,,,0,30,,30428,14,,,0,72,,30429,14,,,0,30,,30430,14,,,0,70,,30431,14,,,0,30,,30432,14,,,0,90,,30433,14,,,0
578201,'3',609,,30469,14,,,0,35,,30468,14,,,0,70,,30467,14,,,0,30,,30466,14,,,0,70,,30465,14,,,0,30,,30464,14,,,0,69,,30463,14,,,0,30,,30462,14,,,0,70,,30461,14,,,0,30,,30460,14,,,0,70,,30459,14,,,0,30,,30458,14,,,0,70,,30457,14,,,0,30,,30456,14,,,0,70,,30455,14,,,0,30,,30454,14,,,0,70,,30453,14,,,0,30,,30452,14,,,0,70,,30451,14,,,0,30,,30450,14,,,0,70,,30449,14,,,0,30,,30448,14,,,0,70,,30447,14,,,0,30,,30446,14,,,0,70,,30445,14,,,0,30,,30444,14,,,0,70,,30443,14,,,0,30,,30442,14,,,0,73,,30441,14,,,0,30,,30440,14,,,0,70,,30439,14,,,0,30,,30438,14,,,0,70,,30437,14,,,0,30,,30436,14,,,0,70,,30435,14,,,0,30,,30434,14,,,0
578201,'4',648,,30471,14,,,0,80,,30472,14,,,0,80,,30473,14,,,0,40,,30474,14,,,0,80,,30475,14,,,0,80,,30476,14,,,0,40,,30477,14,,,0,80,,30478,14,,,0,80,,30479,14,,,0,40,,30480,14,,,0,80,,30481,14,,,0,80,,30482,14,,,0,105,,30483,14,,,0,100,,30484,14,,,0,100,,30485,14,,,0,100,,30486,14,,,0,100,,30487,14,,,0,100,,30488,14,,,0,90,,30489,14,,,0
578201,'6',609,,30525,14,,,0,35,,30524,14,,,0,70,,30523,14,,,0,30,,30522,14,,,0,70,,30521,14,,,0,30,,30520,14,,,0,69,,30519,14,,,0,30,,30518,14,,,0,70,,30517,14,,,0,30,,30516,14,,,0,70,,30515,14,,,0,30,,30514,14,,,0,70,,30513,14,,,0,30,,30512,14,,,0,70,,30511,14,,,0,30,,30510,14,,,0,70,,30509,14,,,0,30,,30508,14,,,0,70,,30507,14,,,0,30,,30506,14,,,0,70,,30505,14,,,0,30,,30504,14,,,0,70,,30503,14,,,0,30,,30502,14,,,0,70,,30501,14,,,0,30,,30500,14,,,0,70,,30499,14,,,0,30,,30498,14,,,0,73,,30497,14,,,0,30,,30496,14,,,0,70,,30495,14,,,0,30,,30494,14,,,0,70,,30493,14,,,0,30,,30492,14,,,0,70,,30491,14,,,0,30,,30490,14,,,0
578300,'1',508,,30533,14,0,31 4 32,0,35,,30536,14,0,31 4 32,0,62,,30539,14,0,31 4 32,0,30,,30543,14,0,31 4 32,0,70,,30547,14,0,31 4 32,0,30,,30551,14,0,31 4 32,0,70,,30555,14,0,31 4 32,0,29,,30559,14,0,31 4 32,0,73,,30563,14,0,31 4 32,0,30,,30567,14,0,31 4 32,0,70,,30570,14,0,31 4 32,0,30,,30573,14,0,31 4 32,0,70,,30576,14,0,31 4 32,0,30,,30579,14,0,31 4 32,0,70,,30582,14,0,31 4 32,0,30,,30585,14,0,31 4 32,0,70,,30588,14,0,31 4 32,0,27,,30591,14,0,31 4 32,0,69,,30595,14,0,31 4 32,0,30,,30599,14,0,31 4 32,0,70,,30603,14,0,31 4 32,0,30,,30607,14,0,31 4 32,0,70,,30611,14,0,31 4 32,0,30,,30615,14,0,31 4 32,0,70,,30619,14,0,31 4 32,0,30,,30623,14,0,31 4 32,0,73,,30627,14,0,31 4 32,0,30,,30630,14,0,31 4 32,0,70,,30633,14,0,31 4 32,0,30,,30636,14,0,31 4 32,0,70,,30639,14,0,31 4 32,0,30,,30642,14,0,31 4 32,0,70,,30645,14,0,31 4 32,0,51,,30649,14,0,31 4 32,0,85,,30652,14,0,31 4 32,0,85,,30655,14,0,31 4 32,0,85,,30658,14,0,31 4 32,0,35,,30660,14,0,17 25 4 26,0
578300,'2',533,,30671,14,0,31 4 32,0,76,,30674,14,0,31 4 32,0,36,,30677,14,0,31 4 32,0,76,,30680,14,0,31 4 32,0,29,,30684,14,0,31 4 32,0,76,,30687,14,0,31 4 32,0,76,,30690,14,0,31 4 32,0,36,,30693,14,0,31 4 32,0,76,,30696,14,0,31 4 32,0,36,,30699,14,0,31 4 32,0,76,,30702,14,0,31 4 32,0,76,,30705,14,0,31 4 32,0,36,,30708,14,0,31 4 32,0,76,,30711,14,0,31 4 32,0,36,,30714,14,0,31 4 32,0,76,,30717,14,0,31 4 32,0,76,,30720,14,0,31 4 32,0,36,,30723,14,0,31 4 32,0,76,,30726,14,0,31 4 32,0,36,,30729,14,0,31 4 32,0,76,,30732,14,0,31 4 32,0,76,,30735,14,0,31 4 32,0,36,,30738,14,0,31 4 32,0,77,,30741,14,0,31 4 32,0,36,,30744,14,0,31 4 32,0,76,,30747,14,0,31 4 32,0,76,,30750,14,0,31 4 32,0,43,,30753,14,0,31 4 32,0,100,,30757,14,0,31 4 32,0,85,,30760,14,0,31 4 32,0,100,,30764,14,0,31 4 32,0
578300,'3',547,,30773,14,0,31 4 32,0,85,,30777,14,0,31 4 32,0,85,,30780,14,0,31 4 32,0,85,,30783,14,0,31 4 32,0,42,,30786,14,0,31 4 32,0,76,,30789,14,0,31 4 32,0,32,,30792,14,0,31 4 32,0,76,,30795,14,0,31 4 32,0,76,,30798,14,0,31 4 32,0,36,,30801,14,0,31 4 32,0,76,,30804,14,0,31 4 32,0,36,,30807,14,0,31 4 32,0,76,,30810,14,0,31 4 32,0,76,,30813,14,0,31 4 32,0,36,,30816,14,0,31 4 32,0,76,,30819,14,0,31 4 32,0,36,,30822,14,0,31 4 32,0,76,,30825,14,0,31 4 32,0,76,,30828,14,0,31 4 32,0,39,,30831,14,0,31 4 32,0,85,,30834,14,0,31 4 32,0,85,,30837,14,0,31 4 32,0,45,,30840,14,0,31 4 32,0,85,,30843,14,0,31 4 32,0,89,,30846,14,0,31 4 32,0,85,,30849,14,0,31 4 32,0,85,,30852,14,0,31 4 32,0,30,,30854,14,0,31 4 32,0
578300,'4',602,,30859,14,0,31 4 32,0,45,,30862,14,0,31 4 32,0,85,,30865,14,0,31 4 32,0,85,,30868,14,0,31 4 32,0,85,,30871,14,0,31 4 32,0,40,,30874,14,0,31 4 32,0,85,,30877,14,0,31 4 32,0,85,,30880,14,0,31 4 32,0,45,,30883,14,0,31 4 32,0,85,,30886,14,0,31 4 32,0,85,,30889,14,0,31 4 32,0,85,,30892,14,0,31 4 32,0,45,,30895,14,0,31 4 32,0,85,,30898,14,0,31 4 32,0,85,,30901,14,0,31 4 32,0,85,,30904,14,0,31 4 32,0,90,,30907,14,0,31 4 32,0,45,,30910,14,0,31 4 32,0,85,,30913,14,0,31 4 32,0,85,,30916,14,0,31 4 32,0
578300,'6',547,,30927,14,0,31 4 32,0,85,,30931,14,0,31 4 32,0,85,,30934,14,0,31 4 32,0,85,,30937,14,0,31 4 32,0,42,,30940,14,0,31 4 32,0,76,,30943,14,0,31 4 32,0,32,,30946,14,0,31 4 32,0,76,,30949,14,0,31 4 32,0,76,,30952,14,0,31 4 32,0,36,,30955,14,0,31 4 32,0,76,,30958,14,0,31 4 32,0,36,,30961,14,0,31 4 32,0,76,,30964,14,0,31 4 32,0,76,,30967,14,0,31 4 32,0,36,,30970,14,0,31 4 32,0,76,,30973,14,0,31 4 32,0,36,,30976,14,0,31 4 32,0,76,,30979,14,0,31 4 32,0,76,,30982,14,0,31 4 32,0,39,,30985,14,0,31 4 32,0,85,,30988,14,0,31 4 32,0,85,,30991,14,0,31 4 32,0,45,,30994,14,0,31 4 32,0,85,,30997,14,0,31 4 32,0,89,,31000,14,0,31 4 32,0,85,,31003,14,0,31 4 32,0,85,,31006,14,0,31 4 32,0,30,,31008,14,0,31 4 32,0
