578300,'1601',1532,,30527,27,0,27 28,0
578300,'1',504,,30528,27,0,27 28,0,26,,30530,27,0,27 28,0,4,,30531,27,0,31 4 32,0,66,,30533,85,0,31 4 32,0,10,,30534,92,0,27 28,0,25,,30536,85,0,31 4 32,0,7,,30537,92,0,27 28,0,15,,30539,85,0,31 4 32,0,55,,30541,92,0,27 28,0,17,,30543,85,0,31 4 32,0,15,,30545,92,0,27 28,0,15,,30547,85,0,31 4 32,0,55,,30549,92,0,27 28,0,15,,30551,85,0,31 4 32,0,15,,30553,92,0,27 28,0,15,,30555,85,0,31 4 32,0,55,,30557,92,0,27 28,0,18,,30559,85,0,31 4 32,0,15,,30561,92,0,27 28,0,58,,30563,85,0,31 4 32,0,10,,30565,92,0,27 28,0,20,,30567,85,0,31 4 32,0,10,,30568,92,0,27 28,0,60,,30570,85,0,31 4 32,0,10,,30571,92,0,27 28,0,20,,30573,85,0,31 4 32,0,10,,30574,92,0,27 28,0,60,,30576,85,0,31 4 32,0,10,,30577,92,0,27 28,0,20,,30579,85,0,31 4 32,0,10,,30580,92,0,27 28,0,60,,30582,85,0,31 4 32,0,10,,30583,92,0,27 28,0,20,,30585,85,0,31 4 32,0,10,,30586,92,0,27 28,0,60,,30588,85,0,31 4 32,0,10,,30589,92,0,27 28,0,17,,30591,85,0,31 4 32,0,17,,30593,92,0,27 28,0,55,,30595,85,0,31 4 32,0,15,,30597,92,0,27 28,0,15,,30599,85,0,31 4 32,0,15,,30601,92,0,27 28,0,55,,30603,85,0,31 4 32,0,15,,30605,92,0,27 28,0,15,,30607,85,0,31 4 32,0,15,,30609,92,0,27 28,0,55,,30611,85,0,31 4 32,0,15,,30613,92,0,27 28,0,15,,30615,85,0,31 4 32,0,15,,30617,92,0,27 28,0,55,,30619,85,0,31 4 32,0,15,,30621,92,0,27 28,0,15,,30623,85,0,31 4 32,0,16,,30625,92,0,27 28,0,51,,30627,85,0,31 4 32,0,10,,30628,92,0,27 28,0,20,,30630,85,0,31 4 32,0,10,,30631,92,0,27 28,0,60,,30633,85,0,31 4 32,0,10,,30634,92,0,27 28,0,20,,30636,85,0,31 4 32,0,10,,30637,92,0,27 28,0,60,,30639,85,0,31 4 32,0,10,,30640,92,0,27 28,0,20,,30642,85,0,31 4 32,0,10,,30643,92,0,27 28,0,60,,30645,85,0,31 4 32,0,10,,30646,92,0,27 28,0,23,,30648,92,0,27 28,0,15,,30649,85,0,31 4 32,0,70,,30651,92,0,27 28,0,15,,30652,85,0,31 4 32,0,70,,30654,92,0,27 28,0,15,,30655,85,0,31 4 32,0,30,,30657,92,0,27 28,0,55,,30658,85,0,31 4 32,0,35,,30661,92,0,27 28,0
578300,'2',509,,30666,27,0,27 28,0,15,,30668,27,0,31 4 32,0,20,,30669,27,0,27 28,0,75,,30671,85,0,31 4 32,0,24,,30673,92,0,27 28,0,12,,30674,85,0,31 4 32,0,64,,30676,92,0,27 28,0,12,,30677,85,0,31 4 32,0,24,,30679,92,0,27 28,0,52,,30680,85,0,31 4 32,0,30,,30683,92,0,27 28,0,12,,30684,85,0,31 4 32,0,64,,30686,92,0,27 28,0,12,,30687,85,0,31 4 32,0,24,,30689,92,0,27 28,0,52,,30690,85,0,31 4 32,0,24,,30692,92,0,27 28,0,12,,30693,85,0,31 4 32,0,64,,30695,92,0,27 28,0,12,,30696,85,0,31 4 32,0,24,,30698,92,0,27 28,0,12,,30699,85,0,31 4 32,0,64,,30701,92,0,27 28,0,12,,30702,85,0,31 4 32,0,24,,30704,92,0,27 28,0,52,,30705,85,0,31 4 32,0,24,,30707,92,0,27 28,0,12,,30708,85,0,31 4 32,0,64,,30710,92,0,27 28,0,12,,30711,85,0,31 4 32,0,24,,30713,92,0,27 28,0,12,,30714,85,0,31 4 32,0,64,,30716,92,0,27 28,0,12,,30717,85,0,31 4 32,0,24,,30719,92,0,27 28,0,52,,30720,85,0,31 4 32,0,24,,30722,92,0,27 28,0,12,,30723,85,0,31 4 32,0,64,,30725,92,0,27 28,0,12,,30726,85,0,31 4 32,0,24,,30728,92,0,27 28,0,12,,30729,85,0,31 4 32,0,62,,30731,92,0,27 28,0,10,,30732,85,0,31 4 32,0,24,,30734,92,0,27 28,0,12,,30735,85,0,31 4 32,0,64,,30737,92,0,27 28,0,12,,30738,85,0,31 4 32,0,23,,30740,92,0,27 28,0,52,,30741,85,0,31 4 32,0,24,,30743,92,0,27 28,0,12,,30744,85,0,31 4 32,0,64,,30746,92,0,27 28,0,12,,30747,85,0,31 4 32,0,24,,30749,92,0,27 28,0,12,,30750,85,0,31 4 32,0,66,,30752,92,0,27 28,0,15,,30753,85,0,31 4 32,0,70,,30755,92,0,27 28,0,30,,30757,85,0,31 4 32,0,15,,30758,92,0,27 28,0,70,,30760,85,0,31 4 32,0,15,,30761,92,0,27 28,0,70,,30763,92,0,27 28,0,15,,30764,85,0,31 4 32,0
578300,'3',511,,30768,27,0,27 28,0,23,,30770,27,0,31 4 32,0,23,,30771,27,0,27 28,0,77,,30773,85,0,31 4 32,0,15,,30775,92,0,27 28,0,70,,30777,85,0,31 4 32,0,15,,30778,92,0,27 28,0,70,,30780,85,0,31 4 32,0,15,,30781,92,0,27 28,0,30,,30783,85,0,31 4 32,0,55,,30784,92,0,27 28,0,27,,30786,85,0,31 4 32,0,12,,30787,92,0,27 28,0,64,,30789,85,0,31 4 32,0,20,,30790,92,0,27 28,0,24,,30792,85,0,31 4 32,0,52,,30793,92,0,27 28,0,24,,30795,85,0,31 4 32,0,12,,30796,92,0,27 28,0,64,,30798,85,0,31 4 32,0,12,,30799,92,0,27 28,0,24,,30801,85,0,31 4 32,0,12,,30802,92,0,27 28,0,64,,30804,85,0,31 4 32,0,12,,30805,92,0,27 28,0,24,,30807,85,0,31 4 32,0,52,,30808,92,0,27 28,0,24,,30810,85,0,31 4 32,0,12,,30811,92,0,27 28,0,64,,30813,85,0,31 4 32,0,12,,30814,92,0,27 28,0,24,,30816,85,0,31 4 32,0,12,,30817,92,0,27 28,0,64,,30819,85,0,31 4 32,0,12,,30820,92,0,27 28,0,24,,30822,85,0,31 4 32,0,52,,30823,92,0,27 28,0,24,,30825,85,0,31 4 32,0,12,,30826,92,0,27 28,0,64,,30828,85,0,31 4 32,0,12,,30829,92,0,27 28,0,24,,30831,85,0,31 4 32,0,15,,30832,92,0,27 28,0,70,,30834,85,0,31 4 32,0,15,,30835,92,0,27 28,0,70,,30837,85,0,31 4 32,0,15,,30838,92,0,27 28,0,30,,30840,85,0,31 4 32,0,55,,30841,92,0,27 28,0,30,,30843,85,0,31 4 32,0,15,,30844,92,0,27 28,0,67,,30846,85,0,31 4 32,0,15,,30847,92,0,27 28,0,70,,30849,85,0,31 4 32,0,15,,30850,92,0,27 28,0,30,,30852,85,0,31 4 32,0,55,,30853,92,0,27 28,0,15,,30854,85,0,31 4 32,0
578300,'4',548,,30919,27,0,31 4 32,0,55,,30920,27,0,27 28,0,15,,30856,27,0,31 4 32,0,20,,30858,27,0,27 28,0,10,,30859,85,0,31 4 32,0,70,,30861,92,0,27 28,0,15,,30862,85,0,31 4 32,0,70,,30864,92,0,27 28,0,15,,30865,85,0,31 4 32,0,30,,30867,92,0,27 28,0,55,,30868,85,0,31 4 32,0,30,,30870,92,0,27 28,0,15,,30871,85,0,31 4 32,0,74,,30873,92,0,27 28,0,17,,30874,85,0,31 4 32,0,68,,30876,92,0,27 28,0,17,,30877,85,0,31 4 32,0,28,,30879,92,0,27 28,0,57,,30880,85,0,31 4 32,0,28,,30882,92,0,27 28,0,17,,30883,85,0,31 4 32,0,68,,30885,92,0,27 28,0,17,,30886,85,0,31 4 32,0,68,,30888,92,0,27 28,0,17,,30889,85,0,31 4 32,0,28,,30891,92,0,27 28,0,57,,30892,85,0,31 4 32,0,28,,30894,92,0,27 28,0,17,,30895,85,0,31 4 32,0,68,,30897,92,0,27 28,0,17,,30898,85,0,31 4 32,0,68,,30900,92,0,27 28,0,17,,30901,85,0,31 4 32,0,28,,30903,92,0,27 28,0,57,,30904,85,0,31 4 32,0,24,,30906,92,0,27 28,0,15,,30907,85,0,31 4 32,0,70,,30909,92,0,27 28,0,15,,30910,85,0,31 4 32,0,70,,30912,92,0,27 28,0,15,,30913,85,0,31 4 32,0,30,,30915,92,0,27 28,0,55,,30916,85,0,31 4 32,0
578300,'6',511,,30922,27,0,27 28,0,23,,30924,27,0,31 4 32,0,23,,30925,27,0,27 28,0,77,,30927,85,0,31 4 32,0,15,,30929,92,0,27 28,0,70,,30931,85,0,31 4 32,0,15,,30932,92,0,27 28,0,70,,30934,85,0,31 4 32,0,15,,30935,92,0,27 28,0,30,,30937,85,0,31 4 32,0,55,,30938,92,0,27 28,0,27,,30940,85,0,31 4 32,0,12,,30941,92,0,27 28,0,64,,30943,85,0,31 4 32,0,20,,30944,92,0,27 28,0,24,,30946,85,0,31 4 32,0,52,,30947,92,0,27 28,0,24,,30949,85,0,31 4 32,0,12,,30950,92,0,27 28,0,64,,30952,85,0,31 4 32,0,12,,30953,92,0,27 28,0,24,,30955,85,0,31 4 32,0,12,,30956,92,0,27 28,0,64,,30958,85,0,31 4 32,0,12,,30959,92,0,27 28,0,24,,30961,85,0,31 4 32,0,52,,30962,92,0,27 28,0,24,,30964,85,0,31 4 32,0,12,,30965,92,0,27 28,0,64,,30967,85,0,31 4 32,0,12,,30968,92,0,27 28,0,24,,30970,85,0,31 4 32,0,12,,30971,92,0,27 28,0,64,,30973,85,0,31 4 32,0,12,,30974,92,0,27 28,0,24,,30976,85,0,31 4 32,0,52,,30977,92,0,27 28,0,24,,30979,85,0,31 4 32,0,12,,30980,92,0,27 28,0,64,,30982,85,0,31 4 32,0,12,,30983,92,0,27 28,0,24,,30985,85,0,31 4 32,0,15,,30986,92,0,27 28,0,70,,30988,85,0,31 4 32,0,15,,30989,92,0,27 28,0,70,,30991,85,0,31 4 32,0,15,,30992,92,0,27 28,0,30,,30994,85,0,31 4 32,0,55,,30995,92,0,27 28,0,30,,30997,85,0,31 4 32,0,15,,30998,92,0,27 28,0,67,,31000,85,0,31 4 32,0,15,,31001,92,0,27 28,0,70,,31003,85,0,31 4 32,0,15,,31004,92,0,27 28,0,30,,31006,85,0,31 4 32,0,55,,31007,92,0,27 28,0,15,,31008,85,0,31 4 32,0
580901,'1',521,,39811,7,,,0,80,,39812,7,,,0,40,,39813,7,,,0,80,,39814,7,,,0,80,,39815,7,,,0,40,,39816,7,,,0,80,,39817,7,,,0,80,,39818,7,,,0,40,,39819,7,,,0,80,,39820,7,,,0,80,,39821,7,,,0,40,,39822,7,,,0,80,,39823,7,,,0,80,,39824,7,,,0,40,,39825,7,,,0,80,,39826,7,,,0,80,,39827,7,,,0,40,,39828,7,,,0,80,,39829,7,,,0,80,,39830,7,,,0,40,,39831,7,,,0,80,,39832,7,,,0,80,,39833,7,,,0,40,,39834,7,,,0,80,,39835,7,,,0,81,,39836,7,,,0,40,,39837,7,,,0,80,,39838,7,,,0,80,,39839,7,,,0,40,,39840,7,,,0,80,,39841,7,,,0
580901,'2',522,,39842,7,,,0,80,,39843,7,,,0,40,,39844,7,,,0,80,,39845,7,,,0,81,,39846,7,,,0,40,,39847,7,,,0,80,,39848,7,,,0,80,,39849,7,,,0,40,,39850,7,,,0,80,,39851,7,,,0,80,,39852,7,,,0,40,,39853,7,,,0,80,,39854,7,,,0,80,,39855,7,,,0,40,,39856,7,,,0,80,,39857,7,,,0,80,,39858,7,,,0,40,,39859,7,,,0,80,,39860,7,,,0,80,,39861,7,,,0,40,,39862,7,,,0,80,,39863,7,,,0,80,,39864,7,,,0,40,,39865,7,,,0,80,,39866,7,,,0,79,,39867,7,,,0,40,,39868,7,,,0,80,,39869,7,,,0,80,,39870,7,,,0,40,,39871,7,,,0,80,,39872,7,,,0
580901,'3',622,,39873,7,,,0,80,,39874,7,,,0,40,,39875,7,,,0,80,,39876,7,,,0,80,,39877,7,,,0,40,,39878,7,,,0,80,,39879,7,,,0,80,,39880,7,,,0,40,,39881,7,,,0,80,,39882,7,,,0,80,,39883,7,,,0,40,,39884,7,,,0,80,,39885,7,,,0,80,,39886,7,,,0,40,,39887,7,,,0,80,,39888,7,,,0,80,,39889,7,,,0,40,,39890,7,,,0,80,,39891,7,,,0,79,,39892,7,,,0,40,,39893,7,,,0,80,,39894,7,,,0,80,,39895,7,,,0,40,,39896,7,,,0,80,,39897,7,,,0,80,,39898,7,,,0,40,,39899,7,,,0
580901,'4',702,,39900,7,,,0,40,,39901,7,,,0,80,,39902,7,,,0,80,,39903,7,,,0,40,,39904,7,,,0,80,,39905,7,,,0,80,,39906,7,,,0,40,,39907,7,,,0,80,,39908,7,,,0,80,,39909,7,,,0,40,,39910,7,,,0,80,,39911,7,,,0,80,,39912,7,,,0,40,,39913,7,,,0,80,,39914,7,,,0,80,,39915,7,,,0,40,,39916,7,,,0,80,,39917,7,,,0,80,,39918,7,,,0,40,,39919,7,,,0
580901,'6',622,,39920,7,,,0,80,,39921,7,,,0,40,,39922,7,,,0,80,,39923,7,,,0,80,,39924,7,,,0,40,,39925,7,,,0,80,,39926,7,,,0,80,,39927,7,,,0,40,,39928,7,,,0,80,,39929,7,,,0,80,,39930,7,,,0,40,,39931,7,,,0,80,,39932,7,,,0,80,,39933,7,,,0,40,,39934,7,,,0,80,,39935,7,,,0,80,,39936,7,,,0,40,,39937,7,,,0,80,,39938,7,,,0,79,,39939,7,,,0,40,,39940,7,,,0,80,,39941,7,,,0,80,,39942,7,,,0,40,,39943,7,,,0,80,,39944,7,,,0,80,,39945,7,,,0,40,,39946,7,,,0
