580200,'1601',748,,37504,36,0,5 6,0,8,,37505,36,0,5 6,0
580200,'1',602,,37507,36,0,5 6,0,100,,37509,36,0,5 6,0,28,,37510,36,0,5 6,0,70,,37512,36,0,5 6,0,30,,37514,36,0,5 6,0,70,,37516,36,0,5 6,0,30,,37518,36,0,5 6,0,85,,37520,36,0,5 6,0,99,,37522,36,0,5 6,0,100,,37524,36,0,5 6,0,100,,37526,36,0,5 6,0,100,,37528,36,0,5 6,0,91,,37530,36,0,5 6,0,30,,37532,36,0,5 6,0,70,,37534,36,0,5 6,0,30,,37536,36,0,5 6,0,70,,37538,36,0,5 6,0,30,,37540,36,0,5 6,0,70,,37542,36,0,5 6,0,31,,37544,36,0,5 6,0,100,,37546,36,0,5 6,0,100,,37548,36,0,5 6,0,100,,37550,36,0,5 6,0,204,,37552,47,0,5 3 8 35 36,0,115,,37553,47,0,5 3 8 35 36,0
580200,'2',710,,37577,36,0,5 6,0,96,,37559,36,0,5 6,0,100,,37585,36,0,5 6,0,101,,37574,36,0,5 6,0,100,,37572,36,0,5 6,0,100,,37557,36,0,5 6,0,100,,37561,36,0,5 6,0,102,,37568,36,0,5 6,0,100,,37566,36,0,5 6,0,100,,37575,36,0,5 6,0,100,,37584,36,0,5 6,0,100,,37555,36,0,5 6,0,105,,37588,36,0,5 6,0,100,,37582,36,0,5 6,0,98,,37580,36,0,5 6,0,100,,37564,36,0,5 6,0,100,,37562,36,0,5 6,0,113,,37578,47,0,5 3 8 35 36,0
580200,'3',722,,37600,36,0,5 6,0,100,,37601,36,0,5 6,0,100,,37602,36,0,5 6,0,100,,37603,36,0,5 6,0,100,,37604,36,0,5 6,0,100,,37605,36,0,5 6,0,100,,37606,36,0,5 6,0,100,,37607,36,0,5 6,0,100,,37608,36,0,5 6,0,100,,37609,36,0,5 6,0,100,,37610,36,0,5 6,0,100,,37611,36,0,5 6,0,100,,37617,36,0,5 6,0,100,,37618,36,0,5 6,0,100,,37619,36,0,5 6,0,100,,37620,36,0,5 6,0,100,,37621,36,0,5 6,0,100,,37623,36,0,5 6,0
580200,'4',722,,37625,36,0,5 6,0,200,,37627,36,0,5 6,0,200,,37629,36,0,5 6,0,200,,37631,36,0,5 6,0,200,,37633,36,0,5 6,0,200,,37635,36,0,5 6,0,200,,37637,36,0,5 6,0,200,,37639,36,0,5 6,0
580200,'6',722,,37651,36,0,5 6,0,100,,37652,36,0,5 6,0,100,,37653,36,0,5 6,0,100,,37654,36,0,5 6,0,100,,37655,36,0,5 6,0,100,,37656,36,0,5 6,0,100,,37657,36,0,5 6,0,100,,37658,36,0,5 6,0,100,,37659,36,0,5 6,0,100,,37660,36,0,5 6,0,100,,37661,36,0,5 6,0,100,,37662,36,0,5 6,0,100,,37668,36,0,5 6,0,100,,37669,36,0,5 6,0,100,,37670,36,0,5 6,0,100,,37671,36,0,5 6,0,100,,37672,36,0,5 6,0,100,,37674,36,0,5 6,0
580700,'1601',1515,,38749,21,0,5 6,0
580700,'1',452,,38815,11,,,0,70,,38814,11,,,0,24,,38813,11,,,0,62,,38812,11,,,0,7,,38811,11,,,0,4,,38810,66,,,0,27,,38809,11,,,0,3,,38808,66,,,0,57,,38807,11,,,0,5,,38806,66,,,0,15,,38805,66,,,0,15,,38804,66,,,0,15,,38803,66,,,0,55,,38802,66,,,0,15,,38801,66,,,0,15,,38800,66,,,0,15,,38799,66,,,0,55,,38798,66,,,0,15,,38797,66,,,0,15,,38796,66,,,0,15,,38795,66,,,0,59,,38794,66,,,0,20,,38793,66,,,0,70,,38792,66,,,0,30,,38791,66,,,0,70,,38790,66,,,0,30,,38789,66,,,0,70,,38788,66,,,0,30,,38787,66,,,0,24,,38786,11,,,0,47,,38785,66,,,0,7,,38784,11,,,0,23,,38783,66,,,0,7,,38782,11,,,0,58,,38781,66,,,0,15,,38780,66,,,0,15,,38779,66,,,0,15,,38778,66,,,0,55,,38777,66,,,0,15,,38776,66,,,0,15,,38775,66,,,0,15,,38774,66,,,0,55,,38773,66,,,0,15,,38772,66,,,0,15,,38771,66,,,0,15,,38770,66,,,0,55,,38769,66,,,0,15,,38768,66,,,0,15,,38767,66,,,0,15,,38766,66,,,0,55,,38765,66,,,0,23,,38764,66,,,0,30,,38763,66,,,0,70,,38762,66,,,0,30,,38761,66,,,0,70,,38760,66,,,0,30,,38759,66,,,0,70,,38758,66,,,0,30,,38757,66,,,0,70,,38756,66,,,0,30,,38755,66,,,0,70,,38754,66,,,0,30,,38750,66,,,0,70,,38753,66,,,0,26,,38752,66,0,5 6,0
580700,'2',601,,38854,66,,,0,30,,38816,66,,,0,70,,38817,66,,,0,35,,38818,66,,,0,70,,38819,66,,,0,30,,38820,66,,,0,70,,38821,66,,,0,30,,38822,66,,,0,70,,38823,66,,,0,30,,38824,66,,,0,70,,38825,66,,,0,30,,38826,66,,,0,70,,38827,66,,,0,30,,38828,66,,,0,70,,38829,66,,,0,30,,38830,66,,,0,70,,38831,66,,,0,30,,38832,66,,,0,70,,38833,66,,,0,30,,38834,66,,,0,70,,38835,66,,,0,30,,38836,66,,,0,70,,38837,66,,,0,30,,38838,66,,,0,70,,38839,66,,,0,30,,38840,66,,,0,70,,38841,66,,,0,30,,38842,66,,,0,70,,38843,66,,,0,30,,38844,66,,,0,70,,38845,66,,,0,30,,38846,66,,,0,70,,38847,66,,,0,30,,38848,66,,,0,70,,38849,66,,,0,30,,38850,66,,,0,70,,38851,66,,,0,30,,38852,66,,,0,83,,38853,66,,,0
580700,'3',652,,38855,66,,,0,70,,38868,66,,,0,80,,38856,66,,,0,30,,38869,66,,,0,70,,38857,66,,,0,30,,38870,66,,,0,70,,38858,66,,,0,30,,38871,66,,,0,74,,38859,66,,,0,30,,38872,66,,,0,70,,38860,66,,,0,30,,38873,66,,,0,70,,38861,66,,,0,30,,38874,66,,,0,70,,38862,66,,,0,30,,38875,66,,,0,70,,38863,66,,,0,30,,38876,66,,,0,70,,38864,66,,,0,30,,38877,66,,,0,70,,38865,66,,,0,30,,38878,66,,,0,70,,38866,66,,,0,30,,38879,66,,,0,70,,38867,66,,,0,30,,38889,66,,,0,70,,38880,66,,,0,30,,38886,66,,,0,70,,38881,66,,,0,30,,38887,66,,,0,70,,38882,66,,,0,30,,38888,66,,,0,70,,38883,66,,,0,30,,38890,66,,,0,70,,38884,66,,,0,30,,38891,66,,,0
580700,'4',620,,38922,11,,,0,30,,38923,11,,,0,61,,38907,66,,,0,30,,38892,66,,,0,70,,38908,66,,,0,30,,38893,66,,,0,70,,38909,66,,,0,30,,38894,66,,,0,70,,38910,66,,,0,30,,38895,66,,,0,70,,38911,66,,,0,30,,38896,66,,,0,70,,38912,66,,,0,30,,38897,66,,,0,70,,38913,66,,,0,30,,38898,66,,,0,70,,38914,66,,,0,30,,38899,66,,,0,70,,38915,66,,,0,30,,38900,66,,,0,70,,38916,66,,,0,30,,38901,66,,,0,70,,38917,66,,,0,30,,38902,66,,,0,70,,38918,66,,,0,30,,38903,66,,,0,70,,38919,66,,,0,30,,38904,66,,,0,70,,38920,66,,,0,30,,38905,66,,,0,70,,38921,66,,,0
580700,'6',652,,38924,66,,,0,70,,38937,66,,,0,80,,38925,66,,,0,30,,38938,66,,,0,70,,38926,66,,,0,30,,38939,66,,,0,70,,38927,66,,,0,30,,38940,66,,,0,74,,38928,66,,,0,30,,38941,66,,,0,70,,38929,66,,,0,30,,38942,66,,,0,70,,38930,66,,,0,30,,38943,66,,,0,70,,38931,66,,,0,30,,38944,66,,,0,70,,38932,66,,,0,30,,38945,66,,,0,70,,38933,66,,,0,30,,38946,66,,,0,70,,38934,66,,,0,30,,38947,66,,,0,70,,38935,66,,,0,30,,38948,66,,,0,70,,38936,66,,,0,30,,38958,66,,,0,70,,38949,66,,,0,30,,38955,66,,,0,70,,38950,66,,,0,30,,38956,66,,,0,70,,38951,66,,,0,30,,38957,66,,,0,70,,38952,66,,,0,30,,38959,66,,,0,70,,38953,66,,,0,30,,38960,66,,,0
