578300,'1601',1523,,30527,16,0,27 28,0
578300,'1',458,,30528,16,0,27 28,0,66,,30530,16,0,27 28,0,4,,30531,16,0,31 4 32,0,26,,30533,74,0,31 4 32,0,50,,30534,81,0,27 28,0,25,,30536,74,0,31 4 32,0,7,,30537,81,0,27 28,0,15,,30539,74,0,31 4 32,0,55,,30541,81,0,27 28,0,16,,30543,74,0,31 4 32,0,15,,30545,81,0,27 28,0,15,,30547,74,0,31 4 32,0,55,,30549,81,0,27 28,0,15,,30551,74,0,31 4 32,0,15,,30553,81,0,27 28,0,15,,30555,74,0,31 4 32,0,55,,30557,81,0,27 28,0,17,,30559,74,0,31 4 32,0,15,,30561,81,0,27 28,0,18,,30563,74,0,31 4 32,0,50,,30565,81,0,27 28,0,20,,30567,74,0,31 4 32,0,10,,30568,81,0,27 28,0,20,,30570,74,0,31 4 32,0,50,,30571,81,0,27 28,0,20,,30573,74,0,31 4 32,0,10,,30574,81,0,27 28,0,20,,30576,74,0,31 4 32,0,50,,30577,81,0,27 28,0,20,,30579,74,0,31 4 32,0,10,,30580,81,0,27 28,0,20,,30582,74,0,31 4 32,0,50,,30583,81,0,27 28,0,20,,30585,74,0,31 4 32,0,10,,30586,81,0,27 28,0,20,,30588,74,0,31 4 32,0,50,,30589,81,0,27 28,0,17,,30591,74,0,31 4 32,0,16,,30593,81,0,27 28,0,15,,30595,74,0,31 4 32,0,55,,30597,81,0,27 28,0,15,,30599,74,0,31 4 32,0,15,,30601,81,0,27 28,0,15,,30603,74,0,31 4 32,0,55,,30605,81,0,27 28,0,15,,30607,74,0,31 4 32,0,15,,30609,81,0,27 28,0,15,,30611,74,0,31 4 32,0,55,,30613,81,0,27 28,0,15,,30615,74,0,31 4 32,0,15,,30617,81,0,27 28,0,15,,30619,74,0,31 4 32,0,55,,30621,81,0,27 28,0,15,,30623,74,0,31 4 32,0,16,,30625,81,0,27 28,0,13,,30627,74,0,31 4 32,0,50,,30628,81,0,27 28,0,20,,30630,74,0,31 4 32,0,10,,30631,81,0,27 28,0,20,,30633,74,0,31 4 32,0,50,,30634,81,0,27 28,0,20,,30636,74,0,31 4 32,0,10,,30637,81,0,27 28,0,20,,30639,74,0,31 4 32,0,50,,30640,81,0,27 28,0,20,,30642,74,0,31 4 32,0,10,,30643,81,0,27 28,0,20,,30645,74,0,31 4 32,0,50,,30646,81,0,27 28,0,23,,30648,81,0,27 28,0,15,,30649,74,0,31 4 32,0,70,,30651,81,0,27 28,0,15,,30652,74,0,31 4 32,0,30,,30654,81,0,27 28,0,55,,30655,74,0,31 4 32,0,30,,30657,81,0,27 28,0,15,,30658,74,0,31 4 32,0,75,,30661,81,0,27 28,0
578300,'2',503,,30666,16,0,27 28,0,15,,30668,16,0,31 4 32,0,20,,30669,16,0,27 28,0,75,,30671,74,0,31 4 32,0,24,,30673,81,0,27 28,0,12,,30674,74,0,31 4 32,0,64,,30676,81,0,27 28,0,12,,30677,74,0,31 4 32,0,24,,30679,81,0,27 28,0,52,,30680,74,0,31 4 32,0,28,,30683,81,0,27 28,0,12,,30684,74,0,31 4 32,0,64,,30686,81,0,27 28,0,12,,30687,74,0,31 4 32,0,24,,30689,81,0,27 28,0,12,,30690,74,0,31 4 32,0,64,,30692,81,0,27 28,0,12,,30693,74,0,31 4 32,0,24,,30695,81,0,27 28,0,52,,30696,74,0,31 4 32,0,24,,30698,81,0,27 28,0,12,,30699,74,0,31 4 32,0,64,,30701,81,0,27 28,0,12,,30702,74,0,31 4 32,0,24,,30704,81,0,27 28,0,12,,30705,74,0,31 4 32,0,64,,30707,81,0,27 28,0,12,,30708,74,0,31 4 32,0,24,,30710,81,0,27 28,0,52,,30711,74,0,31 4 32,0,24,,30713,81,0,27 28,0,12,,30714,74,0,31 4 32,0,64,,30716,81,0,27 28,0,12,,30717,74,0,31 4 32,0,24,,30719,81,0,27 28,0,12,,30720,74,0,31 4 32,0,64,,30722,81,0,27 28,0,12,,30723,74,0,31 4 32,0,24,,30725,81,0,27 28,0,52,,30726,74,0,31 4 32,0,24,,30728,81,0,27 28,0,12,,30729,74,0,31 4 32,0,62,,30731,81,0,27 28,0,10,,30732,74,0,31 4 32,0,24,,30734,81,0,27 28,0,12,,30735,74,0,31 4 32,0,64,,30737,81,0,27 28,0,12,,30738,74,0,31 4 32,0,23,,30740,81,0,27 28,0,52,,30741,74,0,31 4 32,0,24,,30743,81,0,27 28,0,12,,30744,74,0,31 4 32,0,64,,30746,81,0,27 28,0,12,,30747,74,0,31 4 32,0,24,,30749,81,0,27 28,0,12,,30750,74,0,31 4 32,0,66,,30752,81,0,27 28,0,15,,30753,74,0,31 4 32,0,30,,30755,81,0,27 28,0,70,,30757,74,0,31 4 32,0,15,,30758,81,0,27 28,0,70,,30760,74,0,31 4 32,0,15,,30761,81,0,27 28,0,30,,30763,81,0,27 28,0,55,,30764,74,0,31 4 32,0
578300,'3',505,,30768,16,0,27 28,0,23,,30770,16,0,31 4 32,0,23,,30771,16,0,27 28,0,77,,30773,74,0,31 4 32,0,15,,30775,81,0,27 28,0,70,,30777,74,0,31 4 32,0,15,,30778,81,0,27 28,0,30,,30780,74,0,31 4 32,0,55,,30781,81,0,27 28,0,30,,30783,74,0,31 4 32,0,15,,30784,81,0,27 28,0,67,,30786,74,0,31 4 32,0,12,,30787,81,0,27 28,0,64,,30789,74,0,31 4 32,0,17,,30790,81,0,27 28,0,24,,30792,74,0,31 4 32,0,12,,30793,81,0,27 28,0,64,,30795,74,0,31 4 32,0,12,,30796,81,0,27 28,0,24,,30798,74,0,31 4 32,0,52,,30799,81,0,27 28,0,24,,30801,74,0,31 4 32,0,12,,30802,81,0,27 28,0,64,,30804,74,0,31 4 32,0,12,,30805,81,0,27 28,0,24,,30807,74,0,31 4 32,0,12,,30808,81,0,27 28,0,64,,30810,74,0,31 4 32,0,12,,30811,81,0,27 28,0,24,,30813,74,0,31 4 32,0,52,,30814,81,0,27 28,0,24,,30816,74,0,31 4 32,0,12,,30817,81,0,27 28,0,64,,30819,74,0,31 4 32,0,12,,30820,81,0,27 28,0,24,,30822,74,0,31 4 32,0,12,,30823,81,0,27 28,0,64,,30825,74,0,31 4 32,0,12,,30826,81,0,27 28,0,24,,30828,74,0,31 4 32,0,52,,30829,81,0,27 28,0,25,,30831,74,0,31 4 32,0,15,,30832,81,0,27 28,0,70,,30834,74,0,31 4 32,0,15,,30835,81,0,27 28,0,70,,30837,74,0,31 4 32,0,15,,30838,81,0,27 28,0,30,,30840,74,0,31 4 32,0,55,,30841,81,0,27 28,0,30,,30843,74,0,31 4 32,0,15,,30844,81,0,27 28,0,68,,30846,74,0,31 4 32,0,15,,30847,81,0,27 28,0,30,,30849,74,0,31 4 32,0,55,,30850,81,0,27 28,0,30,,30852,74,0,31 4 32,0,15,,30853,81,0,27 28,0,55,,30854,74,0,31 4 32,0
578300,'4',542,,30919,16,0,31 4 32,0,15,,30920,16,0,27 28,0,55,,30856,16,0,31 4 32,0,20,,30858,16,0,27 28,0,10,,30859,74,0,31 4 32,0,70,,30861,81,0,27 28,0,15,,30862,74,0,31 4 32,0,30,,30864,81,0,27 28,0,55,,30865,74,0,31 4 32,0,30,,30867,81,0,27 28,0,15,,30868,74,0,31 4 32,0,70,,30870,81,0,27 28,0,15,,30871,74,0,31 4 32,0,73,,30873,81,0,27 28,0,16,,30874,74,0,31 4 32,0,69,,30876,81,0,27 28,0,16,,30877,74,0,31 4 32,0,29,,30879,81,0,27 28,0,56,,30880,74,0,31 4 32,0,29,,30882,81,0,27 28,0,16,,30883,74,0,31 4 32,0,69,,30885,81,0,27 28,0,16,,30886,74,0,31 4 32,0,69,,30888,81,0,27 28,0,16,,30889,74,0,31 4 32,0,29,,30891,81,0,27 28,0,56,,30892,74,0,31 4 32,0,29,,30894,81,0,27 28,0,16,,30895,74,0,31 4 32,0,69,,30897,81,0,27 28,0,16,,30898,74,0,31 4 32,0,69,,30900,81,0,27 28,0,16,,30901,74,0,31 4 32,0,29,,30903,81,0,27 28,0,56,,30904,74,0,31 4 32,0,26,,30906,81,0,27 28,0,15,,30907,74,0,31 4 32,0,70,,30909,81,0,27 28,0,15,,30910,74,0,31 4 32,0,30,,30912,81,0,27 28,0,55,,30913,74,0,31 4 32,0,30,,30915,81,0,27 28,0,15,,30916,74,0,31 4 32,0
578300,'6',505,,30922,16,0,27 28,0,23,,30924,16,0,31 4 32,0,23,,30925,16,0,27 28,0,77,,30927,74,0,31 4 32,0,15,,30929,81,0,27 28,0,70,,30931,74,0,31 4 32,0,15,,30932,81,0,27 28,0,30,,30934,74,0,31 4 32,0,55,,30935,81,0,27 28,0,30,,30937,74,0,31 4 32,0,15,,30938,81,0,27 28,0,67,,30940,74,0,31 4 32,0,12,,30941,81,0,27 28,0,64,,30943,74,0,31 4 32,0,17,,30944,81,0,27 28,0,24,,30946,74,0,31 4 32,0,12,,30947,81,0,27 28,0,64,,30949,74,0,31 4 32,0,12,,30950,81,0,27 28,0,24,,30952,74,0,31 4 32,0,52,,30953,81,0,27 28,0,24,,30955,74,0,31 4 32,0,12,,30956,81,0,27 28,0,64,,30958,74,0,31 4 32,0,12,,30959,81,0,27 28,0,24,,30961,74,0,31 4 32,0,12,,30962,81,0,27 28,0,64,,30964,74,0,31 4 32,0,12,,30965,81,0,27 28,0,24,,30967,74,0,31 4 32,0,52,,30968,81,0,27 28,0,24,,30970,74,0,31 4 32,0,12,,30971,81,0,27 28,0,64,,30973,74,0,31 4 32,0,12,,30974,81,0,27 28,0,24,,30976,74,0,31 4 32,0,12,,30977,81,0,27 28,0,64,,30979,74,0,31 4 32,0,12,,30980,81,0,27 28,0,24,,30982,74,0,31 4 32,0,52,,30983,81,0,27 28,0,25,,30985,74,0,31 4 32,0,15,,30986,81,0,27 28,0,70,,30988,74,0,31 4 32,0,15,,30989,81,0,27 28,0,70,,30991,74,0,31 4 32,0,15,,30992,81,0,27 28,0,30,,30994,74,0,31 4 32,0,55,,30995,81,0,27 28,0,30,,30997,74,0,31 4 32,0,15,,30998,81,0,27 28,0,68,,31000,74,0,31 4 32,0,15,,31001,81,0,27 28,0,30,,31003,74,0,31 4 32,0,55,,31004,81,0,27 28,0,30,,31006,74,0,31 4 32,0,15,,31007,81,0,27 28,0,55,,31008,74,0,31 4 32,0
582801,'1',642,,40617,60,,,0,60,,40619,60,,,0,20,,40621,60,,,0,15,,40623,60,,,0,17,,40625,60,,,0,54,,40627,60,,,0,16,,40629,60,,,0,15,,40631,60,,,0,15,,40633,60,,,0,55,,40635,60,,,0,12,,40637,60,,,0,12,,40639,60,,,0,12,,40641,60,,,0,12,,40643,60,,,0,52,,40645,60,,,0,12,,40647,60,,,0,12,,40649,60,,,0,12,,40651,60,,,0,12,,40653,60,,,0,52,,40655,60,,,0,13,,40657,60,,,0,12,,40659,60,,,0,12,,40661,60,,,0,12,,40663,60,,,0,52,,40665,60,,,0,12,,40667,60,,,0,12,,40669,60,,,0,12,,40671,60,,,0,12,,40673,60,,,0,52,,40675,60,,,0,12,,40677,60,,,0,12,,40679,60,,,0,12,,40681,60,,,0,12,,40683,60,,,0,52,,40685,60,,,0,12,,40687,60,,,0,12,,40689,60,,,0,12,,40691,60,,,0,12,,40693,60,,,0,52,,40695,60,,,0,14,,40697,60,,,0,12,,40699,60,,,0,12,,40701,60,,,0,52,,40703,60,,,0,13,,40705,60,,,0,12,,40707,60,,,0,12,,40709,60,,,0,12,,40711,60,,,0,52,,40713,60,,,0,12,,40715,60,,,0,12,,40717,60,,,0,14,,40719,60,,,0,12,,40721,60,,,0,52,,40723,60,,,0,12,,40725,60,,,0,8,,40727,60,,,0
582901,'1601',839,,41339,16,,,0,12,,41338,16,,,0
582901,'1',609,,41340,16,,,0,18,,41341,16,,,0,15,,41342,16,,,0,15,,41343,16,,,0,55,,41344,16,,,0,18,,41345,16,,,0,15,,41346,16,,,0,10,,41347,16,,,0,50,,41348,16,,,0,10,,41349,16,,,0,10,,41350,16,,,0,10,,41351,16,,,0,10,,41352,16,,,0,10,,41353,16,,,0,50,,41354,16,,,0,10,,41355,16,,,0,10,,41356,16,,,0,10,,41357,16,,,0,10,,41358,16,,,0,10,,41359,16,,,0,50,,41360,16,,,0,10,,41361,16,,,0,10,,41362,16,,,0,10,,41363,16,,,0,12,,41364,16,,,0,12,,41365,16,,,0,52,,41366,16,,,0,12,,41367,16,,,0,12,,41368,16,,,0,12,,41369,16,,,0,12,,41370,16,,,0,52,,41371,16,,,0,12,,41372,16,,,0,12,,41373,16,,,0,12,,41374,16,,,0,12,,41375,16,,,0,52,,41376,16,,,0,12,,41377,16,,,0,12,,41378,16,,,0,12,,41379,16,,,0,12,,41380,16,,,0,52,,41381,16,,,0,12,,41382,16,,,0,12,,41383,16,,,0,11,,41384,16,,,0,10,,41385,16,,,0,50,,41386,16,,,0,10,,41387,16,,,0,10,,41388,16,,,0,10,,41389,16,,,0,10,,41390,16,,,0,10,,41391,16,,,0,50,,41392,16,,,0,10,,41393,16,,,0,10,,41394,16,,,0,10,,41395,16,,,0,10,,41396,16,,,0,10,,41397,16,,,0,50,,41398,16,,,0,10,,41399,16,,,0,10,,41400,16,,,0,10,,41401,16,,,0,10,,41402,16,,,0,10,,41403,16,,,0,50,,41404,16,,,0,10,,41405,16,,,0,10,,41406,16,,,0,10,,41407,16,,,0,10,,41408,16,,,0,10,,41409,16,,,0,50,,41410,16,,,0,8,,41411,16,,,0,10,,41412,16,,,0,10,,41413,16,,,0,10,,41414,16,,,0,10,,41415,16,,,0,50,,41416,16,,,0,11,,41417,16,,,0,12,,41418,16,,,0,12,,41419,16,,,0,12,,41420,16,,,0,52,,41421,16,,,0,12,,41422,16,,,0,12,,41423,16,,,0,12,,41424,16,,,0,12,,41425,16,,,0,52,,41426,16,,,0,12,,41427,16,,,0,22,,41428,16,,,0,70,,41429,16,,,0,30,,41430,16,,,0,70,,41431,16,,,0,30,,41432,16,,,0,70,,41434,16,,,0,25,,41433,16,,,0
582901,'2',827,,41521,6,,,0,10,,41520,6,,,0,10,,41522,16,,,0,10,,41519,16,,,0,50,,41518,16,,,0,10,,41517,16,,,0,10,,41516,16,,,0,10,,41515,16,,,0,10,,41514,16,,,0,10,,41513,16,,,0,50,,41512,16,,,0,10,,41511,16,,,0,10,,41510,16,,,0,10,,41509,16,,,0,10,,41508,16,,,0,10,,41507,16,,,0,50,,41506,16,,,0,10,,41505,16,,,0,10,,41504,16,,,0,12,,41503,16,,,0,10,,41502,16,,,0,10,,41501,16,,,0,50,,41500,16,,,0,10,,41499,16,,,0,10,,41498,16,,,0,10,,41497,16,,,0,10,,41496,16,,,0,10,,41495,16,,,0,50,,41494,16,,,0,10,,41493,16,,,0,10,,41492,16,,,0,10,,41491,16,,,0,10,,41490,16,,,0,10,,41489,16,,,0,50,,41488,16,,,0,10,,41487,16,,,0,10,,41486,16,,,0,10,,41485,16,,,0,10,,41484,16,,,0,10,,41483,16,,,0,50,,41482,16,,,0,10,,41481,16,,,0,10,,41480,16,,,0,10,,41479,16,,,0,10,,41478,16,,,0,10,,41477,16,,,0,50,,41476,16,,,0,10,,41475,16,,,0,10,,41474,16,,,0,10,,41473,16,,,0,10,,41472,16,,,0,10,,41471,16,,,0,50,,41470,16,,,0,10,,41469,16,,,0,10,,41468,16,,,0,10,,41467,16,,,0,10,,41466,16,,,0,10,,41465,16,,,0,50,,41464,16,,,0,10,,41463,16,,,0,10,,41462,16,,,0,10,,41461,16,,,0,10,,41460,16,,,0,10,,41459,16,,,0,50,,41458,16,,,0,10,,41457,16,,,0,10,,41456,16,,,0,8,,41455,16,,,0,10,,41454,16,,,0,12,,41453,16,,,0,52,,41452,16,,,0,12,,41451,16,,,0,12,,41450,16,,,0,12,,41449,16,,,0,12,,41448,16,,,0,52,,41447,16,,,0,12,,41446,16,,,0,12,,41445,16,,,0,12,,41444,16,,,0,12,,41443,16,,,0,52,,41442,16,,,0,20,,41441,16,,,0,70,,41440,16,,,0,30,,41439,16,,,0,70,,41438,16,,,0,30,,41437,16,,,0,70,,41436,16,,,0,38,,41435,16,,,0
582901,'3',812,,41523,6,,,0,15,,41524,6,,,0,17,,41525,16,,,0,15,,41526,16,,,0,55,,41527,16,,,0,15,,41528,16,,,0,15,,41529,16,,,0,15,,41530,16,,,0,56,,41531,16,,,0,15,,41532,16,,,0,15,,41533,16,,,0,55,,41534,16,,,0,15,,41535,16,,,0,15,,41536,16,,,0,15,,41537,16,,,0,55,,41538,16,,,0,15,,41539,16,,,0,15,,41540,16,,,0,15,,41541,16,,,0,55,,41542,16,,,0,15,,41543,16,,,0,15,,41544,16,,,0,15,,41545,16,,,0,55,,41546,16,,,0,15,,41547,16,,,0,15,,41548,16,,,0,15,,41549,16,,,0,55,,41550,16,,,0,15,,41551,16,,,0,15,,41552,16,,,0,15,,41553,16,,,0,55,,41554,16,,,0,15,,41555,16,,,0,15,,41556,16,,,0,15,,41557,16,,,0,55,,41558,16,,,0,15,,41559,16,,,0,15,,41560,16,,,0,15,,41561,16,,,0,55,,41562,16,,,0,15,,41563,16,,,0,15,,41564,16,,,0,15,,41565,16,,,0,55,,41566,16,,,0,14,,41567,16,,,0,15,,41568,16,,,0,20,,41569,16,,,0,60,,41570,16,,,0,20,,41571,16,,,0,20,,41572,16,,,0,60,,41573,16,,,0,20,,41574,16,,,0,20,,41575,16,,,0,64,,41576,16,,,0,30,,41577,16,,,0,70,,41578,16,,,0,30,,41579,16,,,0,70,,41580,16,,,0
582901,'4',812,,41581,16,,,0,30,,41582,16,,,0,70,,41583,16,,,0,30,,41584,16,,,0,70,,41585,16,,,0,32,,41586,16,,,0,60,,41587,16,,,0,20,,41588,16,,,0,20,,41589,16,,,0,60,,41590,16,,,0,20,,41591,16,,,0,20,,41592,16,,,0,60,,41593,16,,,0,20,,41594,16,,,0,20,,41595,16,,,0,60,,41596,16,,,0,20,,41597,16,,,0,20,,41598,16,,,0,60,,41599,16,,,0,20,,41600,16,,,0,20,,41601,16,,,0,60,,41602,16,,,0,20,,41603,16,,,0,20,,41604,16,,,0,60,,41605,16,,,0,20,,41606,16,,,0,20,,41607,16,,,0,60,,41608,16,,,0,20,,41609,16,,,0,20,,41610,16,,,0,67,,41611,16,,,0,30,,41612,16,,,0,70,,41613,16,,,0,30,,41614,16,,,0,70,,41615,16,,,0
582901,'6',812,,41616,6,,,0,15,,41617,6,,,0,17,,41618,16,,,0,15,,41619,16,,,0,55,,41620,16,,,0,15,,41621,16,,,0,15,,41622,16,,,0,15,,41623,16,,,0,56,,41624,16,,,0,15,,41625,16,,,0,15,,41626,16,,,0,55,,41627,16,,,0,15,,41628,16,,,0,15,,41629,16,,,0,15,,41630,16,,,0,55,,41631,16,,,0,15,,41632,16,,,0,15,,41633,16,,,0,15,,41634,16,,,0,55,,41635,16,,,0,15,,41636,16,,,0,15,,41637,16,,,0,15,,41638,16,,,0,55,,41639,16,,,0,15,,41640,16,,,0,15,,41641,16,,,0,15,,41642,16,,,0,55,,41643,16,,,0,15,,41644,16,,,0,15,,41645,16,,,0,15,,41646,16,,,0,55,,41647,16,,,0,15,,41648,16,,,0,15,,41649,16,,,0,15,,41650,16,,,0,55,,41651,16,,,0,15,,41652,16,,,0,15,,41653,16,,,0,15,,41654,16,,,0,55,,41655,16,,,0,15,,41656,16,,,0,15,,41657,16,,,0,15,,41658,16,,,0,55,,41659,16,,,0,14,,41660,16,,,0,15,,41661,16,,,0,20,,41662,16,,,0,60,,41663,16,,,0,20,,41664,16,,,0,20,,41665,16,,,0,60,,41666,16,,,0,20,,41667,16,,,0,20,,41668,16,,,0,64,,41669,16,,,0,30,,41670,16,,,0,70,,41671,16,,,0,30,,41672,16,,,0,70,,41673,16,,,0
583601,'8202',910,,42989,3,,,0,130,,42990,3,,,0,470,,42991,3,,,0,130,,42992,3,,,0,585,,42993,3,,,0
583601,'8203',910,,42994,3,,,0,130,,42995,3,,,0,470,,42996,3,,,0,130,,42997,3,,,0,485,,42998,3,,,0
583601,'8303',910,,42999,3,,,0,130,,43000,3,,,0,615,,43001,3,,,0
