579600,'1601',1540,,34938,7,,,0
579600,'1',539,,34939,7,,,0,20,,34940,7,,,0,57,,34941,7,,,0,15,,34942,7,,,0,15,,34943,7,,,0,55,,34944,7,,,0,15,,34945,7,,,0,15,,34946,7,,,0,15,,34947,7,,,0,55,,34948,7,,,0,15,,34949,7,,,0,15,,34950,7,,,0,15,,34951,7,,,0,55,,34952,7,,,0,18,,34953,7,,,0,20,,34954,7,,,0,20,,34955,7,,,0,60,,34956,7,,,0,20,,34957,7,,,0,20,,34958,7,,,0,60,,34959,7,,,0,20,,34960,7,,,0,20,,34961,7,,,0,60,,34962,7,,,0,20,,34963,7,,,0,20,,34964,7,,,0,60,,34965,7,,,0,21,,34966,7,,,0,60,,34967,7,,,0,15,,34968,7,,,0,15,,34969,7,,,0,15,,34970,7,,,0,55,,34971,7,,,0,15,,34972,7,,,0,15,,34973,7,,,0,15,,34974,7,,,0,55,,34975,7,,,0,15,,34976,7,,,0,15,,34977,7,,,0,15,,34978,7,,,0,55,,34979,7,,,0,15,,34980,7,,,0,15,,34981,7,,,0,15,,34982,7,,,0,60,,34983,7,,,0,25,,34984,7,,,0,25,,34985,7,,,0,69,,34986,7,,,0,30,,34987,7,,,0,70,,34988,7,,,0,30,,34989,7,,,0,70,,34990,7,,,0,29,,34991,7,,,0,70,,34992,7,,,0,30,,34993,7,,,0,70,,34994,7,,,0,30,,34995,7,,,0,70,,34996,7,,,0,35,,34997,7,,,0,70,,34998,7,,,0
579600,'2',547,,35010,7,,,0,70,,35011,7,,,0,30,,35012,7,,,0,70,,35013,7,,,0,30,,35014,7,,,0,70,,35015,7,,,0,32,,35016,7,,,0,60,,35017,7,,,0,20,,35018,7,,,0,20,,35019,7,,,0,60,,35020,7,,,0,20,,35021,7,,,0,20,,35022,7,,,0,60,,35023,7,,,0,20,,35024,7,,,0,20,,35025,7,,,0,60,,35026,7,,,0,20,,35027,7,,,0,20,,35028,7,,,0,60,,35029,7,,,0,20,,35030,7,,,0,20,,35031,7,,,0,60,,35032,7,,,0,20,,35033,7,,,0,20,,35034,7,,,0,60,,35035,7,,,0,20,,35036,7,,,0,20,,35037,7,,,0,60,,35038,7,,,0,20,,35039,7,,,0,20,,35040,7,,,0,59,,35041,7,,,0,20,,35042,7,,,0,25,,35043,7,,,0,70,,35044,7,,,0,30,,35045,7,,,0,70,,35046,7,,,0,30,,35047,7,,,0,70,,34999,7,,,0,30,,35000,7,,,0,70,,35001,7,,,0,30,,35002,7,,,0,70,,35003,7,,,0,30,,35004,7,,,0,70,,35005,7,,,0,30,,35006,7,,,0,70,,35007,7,,,0,30,,35008,7,,,0,75,,35009,7,,,0
579600,'3',647,,35071,7,,,0,70,,35072,7,,,0,30,,35070,7,,,0,70,,35073,7,,,0,30,,35069,7,,,0,72,,35068,7,,,0,30,,35067,7,,,0,70,,35066,7,,,0,30,,35065,7,,,0,70,,35064,7,,,0,30,,35063,7,,,0,70,,35062,7,,,0,30,,35061,7,,,0,70,,35060,7,,,0,30,,35059,7,,,0,70,,35058,7,,,0,30,,35057,7,,,0,70,,35056,7,,,0,30,,35055,7,,,0,70,,35054,7,,,0,30,,35053,7,,,0,70,,35052,7,,,0,29,,35051,7,,,0,70,,35074,7,,,0,30,,35050,7,,,0,70,,35075,7,,,0,30,,35049,7,,,0,70,,35076,7,,,0,30,,35048,7,,,0,70,,35077,7,,,0,30,,35078,7,,,0,70,,35079,7,,,0,30,,35080,7,,,0,70,,35081,7,,,0,30,,35082,7,,,0,60,,35083,7,,,0
579600,'4',707,,35106,7,,,0,30,,35084,7,,,0,70,,35085,7,,,0,30,,35086,7,,,0,71,,35087,7,,,0,30,,35088,7,,,0,70,,35089,7,,,0,30,,35090,7,,,0,70,,35091,7,,,0,30,,35092,7,,,0,70,,35093,7,,,0,30,,35094,7,,,0,70,,35095,7,,,0,30,,35096,7,,,0,70,,35097,7,,,0,30,,35098,7,,,0,70,,35099,7,,,0,100,,35100,7,,,0,100,,35101,7,,,0,99,,35102,7,,,0,100,,35103,7,,,0,100,,35104,7,,,0,100,,35105,7,,,0
579600,'6',647,,35130,7,,,0,70,,35131,7,,,0,30,,35129,7,,,0,70,,35132,7,,,0,30,,35128,7,,,0,72,,35127,7,,,0,30,,35126,7,,,0,70,,35125,7,,,0,30,,35124,7,,,0,70,,35123,7,,,0,30,,35122,7,,,0,70,,35121,7,,,0,30,,35120,7,,,0,70,,35119,7,,,0,30,,35118,7,,,0,70,,35117,7,,,0,30,,35116,7,,,0,70,,35115,7,,,0,30,,35114,7,,,0,70,,35113,7,,,0,30,,35112,7,,,0,70,,35111,7,,,0,29,,35110,7,,,0,70,,35133,7,,,0,30,,35109,7,,,0,70,,35134,7,,,0,30,,35108,7,,,0,70,,35135,7,,,0,30,,35107,7,,,0,70,,35136,7,,,0,30,,35137,7,,,0,70,,35138,7,,,0,30,,35139,7,,,0,70,,35140,7,,,0,30,,35141,7,,,0,60,,35142,7,,,0
579700,'1601',1608,,35351,7,,,0
579700,'1',529,,35352,7,,,0,20,,35353,7,,,0,60,,35354,7,,,0,20,,35355,7,,,0,20,,35356,7,,,0,60,,35357,7,,,0,15,,35358,7,,,0,15,,35359,7,,,0,15,,35360,7,,,0,55,,35361,7,,,0,15,,35362,7,,,0,15,,35363,7,,,0,15,,35364,7,,,0,55,,35365,7,,,0,20,,35366,7,,,0,20,,35367,7,,,0,60,,35368,7,,,0,20,,35369,7,,,0,20,,35370,7,,,0,60,,35371,7,,,0,20,,35372,7,,,0,20,,35373,7,,,0,60,,35374,7,,,0,20,,35375,7,,,0,20,,35376,7,,,0,60,,35377,7,,,0,20,,35378,7,,,0,21,,35379,7,,,0,60,,35380,7,,,0,15,,35381,7,,,0,15,,35382,7,,,0,15,,35383,7,,,0,55,,35384,7,,,0,15,,35385,7,,,0,15,,35386,7,,,0,15,,35387,7,,,0,55,,35388,7,,,0,15,,35389,7,,,0,15,,35390,7,,,0,15,,35391,7,,,0,55,,35392,7,,,0,15,,35393,7,,,0,15,,35394,7,,,0,15,,35395,7,,,0,55,,35396,7,,,0,29,,35397,7,,,0,70,,35398,7,,,0,30,,35399,7,,,0,70,,35400,7,,,0,30,,35401,7,,,0,70,,35402,7,,,0,29,,35403,7,,,0,70,,35404,7,,,0,30,,35405,7,,,0,70,,35406,7,,,0,30,,35407,7,,,0,70,,35408,7,,,0,30,,35409,7,,,0,70,,35410,7,,,0
579700,'2',602,,35416,7,,,0,30,,35417,7,,,0,70,,35418,7,,,0,30,,35419,7,,,0,70,,35420,7,,,0,30,,35421,7,,,0,27,,35422,7,,,0,60,,35423,7,,,0,20,,35424,7,,,0,20,,35425,7,,,0,60,,35426,7,,,0,20,,35427,7,,,0,20,,35428,7,,,0,60,,35429,7,,,0,20,,35430,7,,,0,20,,35431,7,,,0,60,,35432,7,,,0,20,,35433,7,,,0,20,,35434,7,,,0,60,,35435,7,,,0,20,,35436,7,,,0,20,,35437,7,,,0,60,,35438,7,,,0,20,,35439,7,,,0,20,,35440,7,,,0,60,,35441,7,,,0,20,,35442,7,,,0,20,,35443,7,,,0,60,,35444,7,,,0,20,,35445,7,,,0,20,,35446,7,,,0,59,,35447,7,,,0,20,,35448,7,,,0,70,,35449,7,,,0,30,,35450,7,,,0,70,,35451,7,,,0,30,,35452,7,,,0,70,,35453,7,,,0,30,,35454,7,,,0,70,,35455,7,,,0,30,,35456,7,,,0,70,,35457,7,,,0,30,,35458,7,,,0,70,,35411,7,,,0,30,,35412,7,,,0,70,,35413,7,,,0,30,,35414,7,,,0,70,,35415,7,,,0
579700,'3',627,,35464,7,,,0,30,,35463,7,,,0,70,,35465,7,,,0,30,,35462,7,,,0,70,,35466,7,,,0,30,,35461,7,,,0,72,,35467,7,,,0,30,,35468,7,,,0,70,,35469,7,,,0,30,,35470,7,,,0,70,,35471,7,,,0,30,,35472,7,,,0,70,,35473,7,,,0,30,,35474,7,,,0,70,,35475,7,,,0,30,,35476,7,,,0,70,,35477,7,,,0,30,,35478,7,,,0,70,,35479,7,,,0,30,,35480,7,,,0,70,,35481,7,,,0,30,,35482,7,,,0,70,,35483,7,,,0,29,,35484,7,,,0,70,,35485,7,,,0,30,,35460,7,,,0,70,,35486,7,,,0,30,,35459,7,,,0,70,,35487,7,,,0,30,,35488,7,,,0,70,,35489,7,,,0,30,,35490,7,,,0,70,,35491,7,,,0,30,,35492,7,,,0,80,,35493,7,,,0
579700,'4',637,,35494,7,,,0,85,,35495,7,,,0,30,,35496,7,,,0,70,,35497,7,,,0,30,,35498,7,,,0,71,,35499,7,,,0,30,,35500,7,,,0,70,,35501,7,,,0,30,,35502,7,,,0,70,,35503,7,,,0,30,,35504,7,,,0,70,,35505,7,,,0,30,,35506,7,,,0,70,,35507,7,,,0,30,,35508,7,,,0,70,,35509,7,,,0,30,,35510,7,,,0,85,,35511,7,,,0,100,,35512,7,,,0,99,,35513,7,,,0,100,,35514,7,,,0,100,,35515,7,,,0,100,,35516,7,,,0
579700,'6',627,,35522,7,,,0,30,,35521,7,,,0,70,,35523,7,,,0,30,,35520,7,,,0,70,,35524,7,,,0,30,,35519,7,,,0,72,,35525,7,,,0,30,,35526,7,,,0,70,,35527,7,,,0,30,,35528,7,,,0,70,,35529,7,,,0,30,,35530,7,,,0,70,,35531,7,,,0,30,,35532,7,,,0,70,,35533,7,,,0,30,,35534,7,,,0,70,,35535,7,,,0,30,,35536,7,,,0,70,,35537,7,,,0,30,,35538,7,,,0,70,,35539,7,,,0,30,,35540,7,,,0,70,,35541,7,,,0,29,,35542,7,,,0,70,,35543,7,,,0,30,,35518,7,,,0,70,,35544,7,,,0,30,,35517,7,,,0,70,,35545,7,,,0,30,,35546,7,,,0,70,,35547,7,,,0,30,,35548,7,,,0,70,,35549,7,,,0,30,,35550,7,,,0,80,,35551,7,,,0
579800,'1',527,,35757,7,,,0,20,,35758,7,,,0,60,,35759,7,,,0,21,,35760,7,,,0,12,,35761,7,,,0,15,,35762,7,,,0,52,,35763,7,,,0,12,,35764,7,,,0,12,,35765,7,,,0,12,,35766,7,,,0,12,,35767,7,,,0,52,,35768,7,,,0,12,,35769,7,,,0,12,,35770,7,,,0,11,,35771,7,,,0,12,,35772,7,,,0,55,,35773,7,,,0,15,,35774,7,,,0,15,,35775,7,,,0,15,,35776,7,,,0,55,,35777,7,,,0,15,,35778,7,,,0,15,,35779,7,,,0,15,,35780,7,,,0,55,,35781,7,,,0,15,,35782,7,,,0,15,,35783,7,,,0,15,,35784,7,,,0,55,,35785,7,,,0,15,,35786,7,,,0,15,,35787,7,,,0,15,,35788,7,,,0,55,,35789,7,,,0,15,,35790,7,,,0,15,,35791,7,,,0,16,,35792,7,,,0,55,,35793,7,,,0,15,,35794,7,,,0,12,,35795,7,,,0,12,,35796,7,,,0,52,,35797,7,,,0,12,,35798,7,,,0,12,,35799,7,,,0,12,,35800,7,,,0,12,,35801,7,,,0,52,,35802,7,,,0,12,,35803,7,,,0,12,,35804,7,,,0,12,,35805,7,,,0,12,,35806,7,,,0,52,,35807,7,,,0,12,,35808,7,,,0,12,,35809,7,,,0,12,,35810,7,,,0,12,,35811,7,,,0,52,,35812,7,,,0,12,,35813,7,,,0,12,,35814,7,,,0,15,,35815,7,,,0,15,,35816,7,,,0,55,,35817,7,,,0,15,,35818,7,,,0,15,,35819,7,,,0,14,,35820,7,,,0,55,,35821,7,,,0,20,,35822,7,,,0,20,,35823,7,,,0,60,,35824,7,,,0,30,,35825,7,,,0,69,,35826,7,,,0,30,,35827,7,,,0,70,,35828,7,,,0,30,,35829,7,,,0,70,,35830,7,,,0,30,,35831,7,,,0,90,,35832,7,,,0
579800,'2',542,,35842,7,,,0,71,,35843,7,,,0,30,,35844,7,,,0,70,,35845,7,,,0,30,,35846,7,,,0,70,,35847,7,,,0,25,,35848,7,,,0,20,,35849,7,,,0,60,,35850,7,,,0,20,,35851,7,,,0,20,,35852,7,,,0,60,,35853,7,,,0,20,,35854,7,,,0,20,,35855,7,,,0,60,,35856,7,,,0,20,,35857,7,,,0,20,,35858,7,,,0,61,,35859,7,,,0,20,,35860,7,,,0,20,,35861,7,,,0,60,,35862,7,,,0,20,,35863,7,,,0,20,,35864,7,,,0,60,,35865,7,,,0,20,,35866,7,,,0,20,,35867,7,,,0,60,,35868,7,,,0,20,,35869,7,,,0,20,,35870,7,,,0,60,,35871,7,,,0,20,,35872,7,,,0,20,,35873,7,,,0,60,,35874,7,,,0,20,,35875,7,,,0,70,,35876,7,,,0,30,,35877,7,,,0,70,,35878,7,,,0,30,,35879,7,,,0,70,,35833,7,,,0,30,,35834,7,,,0,69,,35835,7,,,0,30,,35836,7,,,0,70,,35837,7,,,0,30,,35838,7,,,0,70,,35839,7,,,0,30,,35840,7,,,0,70,,35880,7,,,0,30,,35841,7,,,0
579800,'3',607,,35914,7,,,0,30,,35881,7,,,0,70,,35882,7,,,0,30,,35883,7,,,0,70,,35884,7,,,0,30,,35885,7,,,0,72,,35886,7,,,0,30,,35887,7,,,0,70,,35888,7,,,0,30,,35889,7,,,0,70,,35890,7,,,0,30,,35891,7,,,0,70,,35892,7,,,0,30,,35893,7,,,0,70,,35894,7,,,0,30,,35895,7,,,0,70,,35896,7,,,0,30,,35897,7,,,0,70,,35898,7,,,0,30,,35899,7,,,0,70,,35900,7,,,0,30,,35901,7,,,0,70,,35902,7,,,0,30,,35903,7,,,0,70,,35904,7,,,0,30,,35911,7,,,0,70,,35905,7,,,0,30,,35912,7,,,0,70,,35906,7,,,0,30,,35913,7,,,0,69,,35907,7,,,0,30,,35915,7,,,0,70,,35908,7,,,0,30,,35916,7,,,0,70,,35909,7,,,0,30,,35917,7,,,0,70,,35910,7,,,0
579800,'4',537,,35918,7,,,0,70,,35919,7,,,0,30,,35920,7,,,0,70,,35921,7,,,0,30,,35922,7,,,0,70,,35923,7,,,0,30,,35924,7,,,0,71,,35925,7,,,0,30,,35926,7,,,0,70,,35927,7,,,0,30,,35928,7,,,0,70,,35929,7,,,0,30,,35930,7,,,0,70,,35931,7,,,0,30,,35932,7,,,0,70,,35933,7,,,0,30,,35934,7,,,0,70,,35935,7,,,0,100,,35936,7,,,0,100,,35937,7,,,0,100,,35938,7,,,0,100,,35939,7,,,0,100,,35940,7,,,0,100,,35941,7,,,0,100,,35942,7,,,0
579800,'6',542,,35952,7,,,0,71,,35953,7,,,0,30,,35954,7,,,0,70,,35955,7,,,0,30,,35956,7,,,0,70,,35957,7,,,0,25,,35958,7,,,0,20,,35959,7,,,0,60,,35960,7,,,0,20,,35961,7,,,0,20,,35962,7,,,0,60,,35963,7,,,0,20,,35964,7,,,0,20,,35965,7,,,0,60,,35966,7,,,0,20,,35967,7,,,0,20,,35968,7,,,0,61,,35969,7,,,0,20,,35970,7,,,0,20,,35971,7,,,0,60,,35972,7,,,0,20,,35973,7,,,0,20,,35974,7,,,0,60,,35975,7,,,0,20,,35976,7,,,0,20,,35977,7,,,0,60,,35978,7,,,0,20,,35979,7,,,0,20,,35980,7,,,0,60,,35981,7,,,0,20,,35982,7,,,0,20,,35983,7,,,0,60,,35984,7,,,0,20,,35985,7,,,0,70,,35986,7,,,0,30,,35987,7,,,0,70,,35988,7,,,0,30,,35989,7,,,0,70,,35943,7,,,0,30,,35944,7,,,0,69,,35945,7,,,0,30,,35946,7,,,0,70,,35947,7,,,0,30,,35948,7,,,0,70,,35949,7,,,0,30,,35950,7,,,0,70,,35990,7,,,0,30,,35951,7,,,0
