578000,'1',434,,28797,4,,,0,15,,28798,4,,,0,55,,28799,4,,,0,10,,28800,4,,,0,10,,28801,4,,,0,10,,28802,4,,,0,10,,28803,4,,,0,10,,28804,4,,,0,50,,28805,4,,,0,10,,28806,4,,,0,10,,28807,4,,,0,10,,28808,4,,,0,10,,28809,4,,,0,10,,28810,4,,,0,50,,28811,4,,,0,8,,28812,4,,,0,7,,28813,4,,,0,8,,28814,4,,,0,7,,28815,4,,,0,8,,28816,4,,,0,7,,28817,4,,,0,8,,28818,4,,,0,47,,28819,4,,,0,8,,28820,4,,,0,7,,28821,4,,,0,8,,28822,4,,,0,7,,28823,4,,,0,8,,28824,4,,,0,7,,28825,4,,,0,8,,28826,4,,,0,47,,28827,4,,,0,8,,28828,4,,,0,7,,28829,4,,,0,8,,28830,4,,,0,7,,28831,4,,,0,8,,28832,4,,,0,7,,28833,4,,,0,8,,28834,4,,,0,47,,28835,4,,,0,8,,28836,4,,,0,7,,28837,4,,,0,8,,28838,4,,,0,7,,28839,4,,,0,8,,28840,4,,,0,7,,28841,4,,,0,8,,28842,4,,,0,47,,28843,4,,,0,6,,28844,4,,,0,6,,28845,4,,,0,6,,28846,4,,,0,6,,28847,4,,,0,6,,28848,4,,,0,6,,28849,4,,,0,6,,28850,4,,,0,6,,28851,4,,,0,6,,28852,4,,,0,46,,28853,4,,,0,6,,28854,4,,,0,6,,28855,4,,,0,6,,28856,4,,,0,6,,28857,4,,,0,6,,28858,4,,,0,6,,28859,4,,,0,6,,28860,4,,,0,6,,28861,4,,,0,6,,28862,4,,,0,46,,28863,4,,,0,6,,28864,4,,,0,6,,28865,4,,,0,6,,28866,4,,,0,6,,28867,4,,,0,6,,28868,4,,,0,6,,28869,4,,,0,6,,28870,4,,,0,6,,28871,4,,,0,6,,28872,4,,,0,46,,28873,4,,,0,6,,28874,4,,,0,6,,28875,4,,,0,6,,28876,4,,,0,6,,28877,4,,,0,6,,28878,4,,,0,6,,28879,4,,,0,6,,28880,4,,,0,6,,28881,4,,,0,6,,28882,4,,,0,46,,28883,4,,,0,6,,28884,4,,,0,6,,28885,4,,,0,6,,28886,4,,,0,6,,28887,4,,,0,6,,28888,4,,,0,6,,28889,4,,,0,6,,28890,4,,,0,6,,28891,4,,,0,6,,28892,4,,,0,46,,28893,4,,,0,6,,28894,4,,,0,6,,28895,4,,,0,6,,28896,4,,,0,6,,28897,4,,,0,6,,28898,4,,,0,6,,28899,4,,,0,6,,28900,4,,,0,6,,28901,4,,,0,6,,28902,4,,,0,46,,28903,4,,,0,6,,28904,4,,,0,6,,28905,4,,,0,6,,28906,4,,,0,6,,28907,4,,,0,6,,28908,4,,,0,6,,28909,4,,,0,6,,28910,4,,,0,6,,28911,4,,,0,6,,28912,4,,,0,46,,28913,4,,,0,7,,28914,4,,,0,8,,28915,4,,,0,7,,28916,4,,,0,8,,28917,4,,,0,7,,28918,4,,,0,8,,28919,4,,,0,7,,28920,4,,,0,48,,28921,4,,,0,15,,28922,4,,,0,15,,28923,4,,,0,15,,28924,4,,,0,55,,28925,4,,,0,15,,28926,4,,,0,15,,28927,4,,,0,15,,28928,4,,,0,55,,28929,4,,,0,15,,28930,4,,,0,15,,28931,4,,,0,15,,28932,4,,,0,55,,28933,4,,,0,20,,28934,4,,,0,20,,28935,4,,,0,60,,28936,4,,,0,20,,28937,4,,,0,20,,28938,4,,,0,60,,28939,4,,,0,20,,28942,4,,,0,20,,28943,4,,,0,60,,28940,4,,,0,20,,28941,4,,,0
578000,'2',503,,28944,4,,,0,15,,28945,4,,,0,15,,28946,4,,,0,15,,28947,4,,,0,55,,28948,4,,,0,15,,28949,4,,,0,15,,28950,4,,,0,15,,28951,4,,,0,55,,28952,4,,,0,10,,28953,4,,,0,10,,28954,4,,,0,10,,28955,4,,,0,10,,28956,4,,,0,10,,28957,4,,,0,50,,28958,4,,,0,8,,28959,4,,,0,8,,28960,4,,,0,8,,28961,4,,,0,8,,28962,4,,,0,8,,28963,4,,,0,8,,28964,4,,,0,8,,28965,4,,,0,48,,28966,4,,,0,8,,28967,4,,,0,8,,28968,4,,,0,8,,28969,4,,,0,8,,28970,4,,,0,8,,28971,4,,,0,8,,28972,4,,,0,48,,28973,4,,,0,8,,28974,4,,,0,8,,28975,4,,,0,8,,28976,4,,,0,8,,28977,4,,,0,8,,28978,4,,,0,8,,28979,4,,,0,8,,28980,4,,,0,48,,28981,4,,,0,8,,28982,4,,,0,8,,28983,4,,,0,8,,28984,4,,,0,8,,28985,4,,,0,8,,28986,4,,,0,8,,28987,4,,,0,49,,28988,4,,,0,8,,28989,4,,,0,8,,28990,4,,,0,8,,28991,4,,,0,8,,28992,4,,,0,8,,28993,4,,,0,8,,28994,4,,,0,48,,28995,4,,,0,8,,28996,4,,,0,8,,28997,4,,,0,8,,28998,4,,,0,8,,28999,4,,,0,8,,29000,4,,,0,8,,29001,4,,,0,8,,29002,4,,,0,48,,29003,4,,,0,8,,29004,4,,,0,8,,29005,4,,,0,8,,29006,4,,,0,8,,29007,4,,,0,8,,29008,4,,,0,8,,29009,4,,,0,48,,29010,4,,,0,8,,29011,4,,,0,8,,29012,4,,,0,8,,29013,4,,,0,8,,29014,4,,,0,8,,29015,4,,,0,8,,29016,4,,,0,8,,29017,4,,,0,48,,29018,4,,,0,8,,29019,4,,,0,8,,29020,4,,,0,8,,29021,4,,,0,8,,29022,4,,,0,8,,29023,4,,,0,8,,29024,4,,,0,48,,29025,4,,,0,8,,29026,4,,,0,8,,29027,4,,,0,8,,29028,4,,,0,8,,29029,4,,,0,8,,29030,4,,,0,8,,29031,4,,,0,8,,29032,4,,,0,48,,29033,4,,,0,10,,29034,4,,,0,10,,29035,4,,,0,10,,29036,4,,,0,10,,29037,4,,,0,10,,29038,4,,,0,50,,29039,4,,,0,15,,29040,4,,,0,15,,29041,4,,,0,15,,29042,4,,,0,55,,29043,4,,,0,15,,29044,4,,,0,15,,29045,4,,,0,15,,29046,4,,,0,55,,29047,4,,,0,20,,29048,4,,,0,19,,29049,4,,,0,60,,29050,4,,,0,20,,29051,4,,,0,20,,29052,4,,,0,60,,29053,4,,,0,20,,29054,4,,,0,20,,29055,4,,,0,60,,29056,4,,,0,20,,29057,4,,,0,20,,29058,4,,,0,60,,29059,4,,,0,20,,29060,4,,,0
578000,'3',502,,29061,4,,,0,30,,29062,4,,,0,70,,29063,4,,,0,30,,29064,4,,,0,70,,29065,4,,,0,30,,29066,4,,,0,70,,29067,4,,,0,30,,29068,4,,,0,73,,29069,4,,,0,30,,29070,4,,,0,70,,29071,4,,,0,10,,29072,4,,,0,10,,29073,4,,,0,10,,29074,4,,,0,10,,29075,4,,,0,10,,29076,4,,,0,50,,29077,4,,,0,10,,29078,4,,,0,10,,29079,4,,,0,10,,29080,4,,,0,10,,29081,4,,,0,10,,29082,4,,,0,50,,29083,4,,,0,10,,29084,4,,,0,10,,29085,4,,,0,10,,29086,4,,,0,10,,29087,4,,,0,10,,29088,4,,,0,50,,29089,4,,,0,10,,29090,4,,,0,10,,29091,4,,,0,10,,29092,4,,,0,10,,29093,4,,,0,10,,29094,4,,,0,50,,29095,4,,,0,10,,29096,4,,,0,10,,29097,4,,,0,10,,29098,4,,,0,10,,29099,4,,,0,10,,29100,4,,,0,50,,29101,4,,,0,10,,29102,4,,,0,10,,29103,4,,,0,10,,29104,4,,,0,10,,29105,4,,,0,10,,29106,4,,,0,50,,29107,4,,,0,10,,29108,4,,,0,10,,29109,4,,,0,10,,29110,4,,,0,10,,29111,4,,,0,10,,29112,4,,,0,50,,29113,4,,,0,10,,29114,4,,,0,10,,29115,4,,,0,10,,29116,4,,,0,10,,29117,4,,,0,10,,29118,4,,,0,50,,29119,4,,,0,10,,29120,4,,,0,10,,29121,4,,,0,10,,29122,4,,,0,10,,29123,4,,,0,59,,29124,4,,,0,20,,29125,4,,,0,20,,29126,4,,,0,60,,29127,4,,,0,20,,29128,4,,,0,20,,29129,4,,,0,60,,29130,4,,,0,20,,29131,4,,,0,20,,29132,4,,,0,59,,29133,4,,,0,20,,29134,4,,,0,20,,29135,4,,,0,60,,29136,4,,,0,20,,29137,4,,,0,20,,29138,4,,,0,60,,29139,4,,,0
578000,'4',517,,29140,4,,,0,30,,29141,4,,,0,55,,29142,4,,,0,30,,29143,4,,,0,70,,29144,4,,,0,30,,29145,4,,,0,70,,29146,4,,,0,30,,29147,4,,,0,70,,29148,4,,,0,32,,29149,4,,,0,70,,29150,4,,,0,30,,29151,4,,,0,70,,29152,4,,,0,30,,29153,4,,,0,70,,29154,4,,,0,30,,29155,4,,,0,70,,29156,4,,,0,30,,29157,4,,,0,70,,29158,4,,,0,30,,29159,4,,,0,70,,29160,4,,,0,30,,29161,4,,,0,70,,29162,4,,,0,30,,29163,4,,,0,70,,29164,4,,,0,30,,29165,4,,,0,68,,29166,4,,,0,30,,29167,4,,,0,70,,29168,4,,,0,30,,29169,4,,,0,70,,29170,4,,,0,30,,29171,4,,,0,70,,29172,4,,,0
578000,'6',503,,29173,4,,,0,15,,29174,4,,,0,15,,29175,4,,,0,15,,29176,4,,,0,55,,29177,4,,,0,15,,29178,4,,,0,15,,29179,4,,,0,15,,29180,4,,,0,55,,29181,4,,,0,10,,29182,4,,,0,10,,29183,4,,,0,10,,29184,4,,,0,10,,29185,4,,,0,10,,29186,4,,,0,50,,29187,4,,,0,8,,29188,4,,,0,8,,29189,4,,,0,8,,29190,4,,,0,8,,29191,4,,,0,8,,29192,4,,,0,8,,29193,4,,,0,8,,29194,4,,,0,48,,29195,4,,,0,8,,29196,4,,,0,8,,29197,4,,,0,8,,29198,4,,,0,8,,29199,4,,,0,8,,29200,4,,,0,8,,29201,4,,,0,48,,29202,4,,,0,8,,29203,4,,,0,8,,29204,4,,,0,8,,29205,4,,,0,8,,29206,4,,,0,8,,29207,4,,,0,8,,29208,4,,,0,8,,29209,4,,,0,48,,29210,4,,,0,8,,29211,4,,,0,8,,29212,4,,,0,8,,29213,4,,,0,8,,29214,4,,,0,8,,29215,4,,,0,8,,29216,4,,,0,49,,29217,4,,,0,8,,29218,4,,,0,8,,29219,4,,,0,8,,29220,4,,,0,8,,29221,4,,,0,8,,29222,4,,,0,8,,29223,4,,,0,48,,29224,4,,,0,8,,29225,4,,,0,8,,29226,4,,,0,8,,29227,4,,,0,8,,29228,4,,,0,8,,29229,4,,,0,8,,29230,4,,,0,8,,29231,4,,,0,48,,29232,4,,,0,8,,29233,4,,,0,8,,29234,4,,,0,8,,29235,4,,,0,8,,29236,4,,,0,8,,29237,4,,,0,8,,29238,4,,,0,48,,29239,4,,,0,8,,29240,4,,,0,8,,29241,4,,,0,8,,29242,4,,,0,8,,29243,4,,,0,8,,29244,4,,,0,8,,29245,4,,,0,8,,29246,4,,,0,48,,29247,4,,,0,8,,29248,4,,,0,8,,29249,4,,,0,8,,29250,4,,,0,8,,29251,4,,,0,8,,29252,4,,,0,8,,29253,4,,,0,48,,29254,4,,,0,8,,29255,4,,,0,8,,29256,4,,,0,8,,29257,4,,,0,8,,29258,4,,,0,8,,29259,4,,,0,8,,29260,4,,,0,8,,29261,4,,,0,48,,29262,4,,,0,10,,29263,4,,,0,10,,29264,4,,,0,10,,29265,4,,,0,10,,29266,4,,,0,10,,29267,4,,,0,50,,29268,4,,,0,15,,29269,4,,,0,15,,29270,4,,,0,15,,29271,4,,,0,55,,29272,4,,,0,15,,29273,4,,,0,15,,29274,4,,,0,15,,29275,4,,,0,55,,29276,4,,,0,20,,29277,4,,,0,19,,29278,4,,,0,60,,29279,4,,,0,20,,29280,4,,,0,20,,29281,4,,,0,60,,29282,4,,,0,20,,29283,4,,,0,20,,29284,4,,,0,60,,29285,4,,,0,20,,29286,4,,,0,20,,29287,4,,,0,60,,29288,4,,,0,20,,29289,4,,,0
578100,'1',618,,29782,4,,,0,15,,29783,4,,,0,15,,29784,4,,,0,55,,29785,4,,,0,15,,29786,4,,,0,15,,29787,4,,,0,15,,29788,4,,,0,55,,29789,4,,,0,15,,29790,4,,,0,15,,29791,4,,,0,15,,29792,4,,,0,55,,29793,4,,,0,30,,29794,4,,,0,70,,29795,4,,,0,30,,29796,4,,,0,70,,29797,4,,,0,30,,29798,4,,,0,70,,29799,4,,,0,30,,29800,4,,,0,70,,29801,4,,,0,30,,29802,4,,,0,25,,29803,4,,,0,55,,29804,4,,,0,15,,29805,4,,,0,15,,29806,4,,,0,14,,29807,4,,,0,55,,29808,4,,,0,15,,29809,4,,,0,15,,29810,4,,,0,15,,29811,4,,,0,55,,29812,4,,,0,15,,29813,4,,,0,15,,29814,4,,,0,15,,29815,4,,,0,55,,29816,4,,,0,15,,29817,4,,,0,15,,29834,4,,,0,65,,29818,4,,,0,26,,29819,4,,,0,70,,29820,4,,,0,30,,29821,4,,,0,70,,29822,4,,,0,30,,29823,4,,,0,70,,29824,4,,,0,29,,29825,4,,,0,70,,29826,4,,,0,30,,29827,4,,,0,70,,29828,4,,,0,30,,29829,4,,,0,70,,29830,4,,,0,30,,29831,4,,,0,70,,29832,4,,,0,20,,29833,4,,,0
578100,'2',633,,29848,4,,,0,70,,29849,4,,,0,30,,29839,4,,,0,70,,29840,4,,,0,30,,29841,4,,,0,70,,29842,4,,,0,31,,29845,4,,,0,70,,29846,4,,,0,40,,29847,4,,,0,70,,29843,4,,,0,30,,29844,4,,,0,70,,29838,4,,,0,30,,29852,4,,,0,70,,29850,4,,,0,30,,29851,4,,,0,70,,29855,4,,,0,30,,29856,4,,,0,70,,29853,4,,,0,30,,29854,4,,,0,70,,29858,4,,,0,30,,29857,4,,,0,70,,29859,4,,,0,30,,29864,4,,,0,69,,29860,4,,,0,30,,29863,4,,,0,70,,29861,4,,,0,30,,29865,4,,,0,70,,29862,4,,,0,30,,29835,4,,,0,70,,29836,4,,,0,30,,29837,4,,,0,70,,29866,4,,,0,30,,29867,4,,,0,70,,29868,4,,,0,30,,29869,4,,,0,70,,29870,4,,,0,30,,29871,4,,,0,80,,29872,4,,,0
578100,'3',833,,29892,4,,,0,70,,29891,4,,,0,30,,29890,4,,,0,70,,29889,4,,,0,30,,29888,4,,,0,70,,29887,4,,,0,30,,29886,4,,,0,71,,29885,4,,,0,30,,29884,4,,,0,70,,29883,4,,,0,30,,29882,4,,,0,70,,29881,4,,,0,30,,29880,4,,,0,70,,29879,4,,,0,30,,29878,4,,,0,70,,29877,4,,,0,30,,29876,4,,,0,70,,29875,4,,,0,30,,29874,4,,,0,70,,29873,4,,,0,30,,29893,4,,,0,70,,29894,4,,,0,30,,29895,4,,,0,69,,29896,4,,,0,30,,29897,4,,,0,70,,29898,4,,,0,30,,29899,4,,,0,70,,29900,4,,,0,30,,29901,4,,,0,70,,29902,4,,,0,30,,29903,4,,,0,70,,29904,4,,,0
578100,'4',832,,29905,4,,,0,70,,29906,4,,,0,30,,29907,4,,,0,70,,29908,4,,,0,30,,29909,4,,,0,70,,29910,4,,,0,30,,29911,4,,,0,70,,29912,4,,,0,30,,29913,4,,,0,70,,29914,4,,,0,30,,29915,4,,,0,70,,29916,4,,,0,30,,29917,4,,,0,70,,29918,4,,,0,30,,29919,4,,,0,70,,29920,4,,,0,30,,29921,4,,,0,70,,29922,4,,,0,30,,29923,4,,,0,70,,29924,4,,,0,30,,29925,4,,,0,70,,29926,4,,,0,100,,29927,4,,,0,100,,29928,4,,,0
578100,'6',833,,29948,4,,,0,70,,29947,4,,,0,30,,29946,4,,,0,70,,29945,4,,,0,30,,29944,4,,,0,70,,29943,4,,,0,30,,29942,4,,,0,71,,29941,4,,,0,30,,29940,4,,,0,70,,29939,4,,,0,30,,29938,4,,,0,70,,29937,4,,,0,30,,29936,4,,,0,70,,29935,4,,,0,30,,29934,4,,,0,70,,29933,4,,,0,30,,29932,4,,,0,70,,29931,4,,,0,30,,29930,4,,,0,70,,29929,4,,,0,30,,29949,4,,,0,70,,29950,4,,,0,30,,29951,4,,,0,69,,29952,4,,,0,30,,29953,4,,,0,70,,29954,4,,,0,30,,29955,4,,,0,70,,29956,4,,,0,30,,29957,4,,,0,70,,29958,4,,,0,30,,29959,4,,,0,70,,29960,4,,,0
