579300,'1',542,,33626,23,,,0,60,,33603,23,,,0,15,,33616,23,,,0,15,,33617,23,,,0,15,,33604,23,,,0,55,,33554,23,,,0,15,,33618,23,,,0,17,,33555,23,,,0,15,,33619,23,,,0,55,,33556,23,,,0,15,,33557,23,,,0,15,,33559,23,,,0,15,,33558,23,,,0,10,,33581,23,,,0,50,,33553,23,,,0,10,,33552,23,,,0,10,,33582,23,,,0,10,,33551,23,,,0,10,,33550,23,,,0,55,,33583,23,,,0,10,,33549,23,,,0,10,,33548,23,,,0,10,,33584,23,,,0,10,,33580,23,,,0,10,,33547,23,,,0,50,,33585,23,,,0,20,,33605,23,,,0,20,,33606,23,,,0,60,,33607,23,,,0,20,,33608,23,,,0,20,,33609,23,,,0,60,,33610,23,,,0,20,,33611,23,,,0,20,,33612,23,,,0,60,,33613,23,,,0,20,,33614,23,,,0,20,,33615,23,,,0,60,,33544,23,,,0,20,,33586,23,,,0,20,,33579,23,,,0,10,,33578,23,,,0,50,,33587,23,,,0,10,,33577,23,,,0,10,,33576,23,,,0,10,,33588,23,,,0,10,,33575,23,,,0,10,,33574,23,,,0,50,,33589,23,,,0,10,,33573,23,,,0,10,,33572,23,,,0,10,,33590,23,,,0,10,,33571,23,,,0,10,,33570,23,,,0,50,,33591,23,,,0,10,,33569,23,,,0,10,,33568,23,,,0,10,,33592,23,,,0,10,,33567,23,,,0,10,,33566,23,,,0,48,,33593,23,,,0,10,,33565,23,,,0,10,,33564,23,,,0,10,,33594,23,,,0,10,,33563,23,,,0,15,,33602,23,,,0,55,,33562,23,,,0,20,,33561,23,,,0,20,,33560,23,,,0,60,,33620,23,,,0,20,,33546,23,,,0,20,,33621,23,,,0,55,,33545,23,,,0,20,,33595,23,,,0,20,,33622,23,,,0,60,,33596,23,,,0,20,,33597,23,,,0,20,,33623,23,,,0,60,,33598,23,,,0,20,,33599,23,,,0,20,,33624,23,,,0,60,,33600,23,,,0,20,,33625,23,,,0,13,,33601,23,,,0
579300,'2',551,,33687,23,,,0,60,,33627,23,,,0,20,,33688,23,,,0,20,,33628,23,,,0,60,,33689,23,,,0,20,,33629,23,,,0,20,,33630,23,,,0,60,,33690,23,,,0,24,,33631,23,,,0,20,,33632,23,,,0,60,,33633,23,,,0,15,,33634,23,,,0,15,,33635,23,,,0,55,,33636,23,,,0,15,,33637,23,,,0,15,,33638,23,,,0,15,,33639,23,,,0,55,,33640,23,,,0,15,,33641,23,,,0,15,,33642,23,,,0,17,,33643,23,,,0,55,,33644,23,,,0,15,,33645,23,,,0,15,,33646,23,,,0,15,,33647,23,,,0,55,,33648,23,,,0,15,,33649,23,,,0,15,,33650,23,,,0,15,,33651,23,,,0,55,,33652,23,,,0,15,,33653,23,,,0,15,,33654,23,,,0,15,,33655,23,,,0,55,,33656,23,,,0,15,,33657,23,,,0,15,,33658,23,,,0,15,,33659,23,,,0,55,,33660,23,,,0,15,,33661,23,,,0,15,,33662,23,,,0,15,,33663,23,,,0,55,,33664,23,,,0,15,,33665,23,,,0,15,,33666,23,,,0,15,,33667,23,,,0,55,,33668,23,,,0,15,,33669,23,,,0,15,,33670,23,,,0,15,,33671,23,,,0,55,,33672,23,,,0,15,,33673,23,,,0,15,,33674,23,,,0,19,,33691,23,,,0,60,,33675,23,,,0,20,,33676,23,,,0,20,,33692,23,,,0,60,,33677,23,,,0,20,,33678,23,,,0,20,,33693,23,,,0,60,,33679,23,,,0,20,,33680,23,,,0,15,,33694,23,,,0,60,,33681,23,,,0,20,,33682,23,,,0,20,,33695,23,,,0,60,,33683,23,,,0,20,,33684,23,,,0,20,,33696,23,,,0,60,,33685,23,,,0,20,,33686,23,,,0,20,,33697,23,,,0
579300,'3',601,,33744,23,,,0,30,,33728,23,,,0,70,,33729,23,,,0,30,,33730,23,,,0,70,,33731,23,,,0,30,,33732,23,,,0,70,,33733,23,,,0,33,,33734,23,,,0,70,,33735,23,,,0,30,,33736,23,,,0,70,,33737,23,,,0,20,,33738,23,,,0,20,,33739,23,,,0,60,,33740,23,,,0,20,,33741,23,,,0,20,,33742,23,,,0,60,,33743,23,,,0,20,,33698,23,,,0,20,,33699,23,,,0,60,,33700,23,,,0,20,,33701,23,,,0,20,,33702,23,,,0,60,,33703,23,,,0,20,,33704,23,,,0,20,,33705,23,,,0,60,,33706,23,,,0,20,,33707,23,,,0,20,,33708,23,,,0,60,,33709,23,,,0,20,,33710,23,,,0,20,,33711,23,,,0,60,,33712,23,,,0,20,,33713,23,,,0,20,,33714,23,,,0,60,,33715,23,,,0,20,,33716,23,,,0,20,,33717,23,,,0,70,,33718,23,,,0,30,,33719,23,,,0,70,,33720,23,,,0,27,,33721,23,,,0,70,,33722,23,,,0,30,,33723,23,,,0,70,,33724,23,,,0,30,,33725,23,,,0,70,,33726,23,,,0,30,,33727,23,,,0
579300,'4',608,,33784,23,,,0,50,,33783,23,,,0,70,,33782,23,,,0,30,,33781,23,,,0,70,,33780,23,,,0,30,,33779,23,,,0,70,,33778,23,,,0,30,,33777,23,,,0,70,,33776,23,,,0,30,,33775,23,,,0,70,,33774,23,,,0,20,,33773,23,,,0,60,,33772,23,,,0,20,,33771,23,,,0,20,,33770,23,,,0,60,,33769,23,,,0,20,,33768,23,,,0,20,,33767,23,,,0,60,,33766,23,,,0,20,,33765,23,,,0,20,,33764,23,,,0,60,,33763,23,,,0,20,,33762,23,,,0,20,,33761,23,,,0,60,,33760,23,,,0,20,,33759,23,,,0,20,,33758,23,,,0,60,,33757,23,,,0,20,,33756,23,,,0,20,,33755,23,,,0,60,,33754,23,,,0,20,,33753,23,,,0,20,,33752,23,,,0,60,,33751,23,,,0,20,,33750,23,,,0,20,,33749,23,,,0,60,,33748,23,,,0,25,,33747,23,,,0,70,,33746,23,,,0,30,,33745,23,,,0
579300,'6',601,,33831,23,,,0,30,,33815,23,,,0,70,,33816,23,,,0,30,,33817,23,,,0,70,,33818,23,,,0,30,,33819,23,,,0,70,,33820,23,,,0,33,,33821,23,,,0,70,,33822,23,,,0,30,,33823,23,,,0,70,,33824,23,,,0,20,,33825,23,,,0,20,,33826,23,,,0,60,,33827,23,,,0,20,,33828,23,,,0,20,,33829,23,,,0,60,,33830,23,,,0,20,,33785,23,,,0,20,,33786,23,,,0,60,,33787,23,,,0,20,,33788,23,,,0,20,,33789,23,,,0,60,,33790,23,,,0,20,,33791,23,,,0,20,,33792,23,,,0,60,,33793,23,,,0,20,,33794,23,,,0,20,,33795,23,,,0,60,,33796,23,,,0,20,,33797,23,,,0,20,,33798,23,,,0,60,,33799,23,,,0,20,,33800,23,,,0,20,,33801,23,,,0,60,,33802,23,,,0,20,,33803,23,,,0,20,,33804,23,,,0,70,,33805,23,,,0,30,,33806,23,,,0,70,,33807,23,,,0,27,,33808,23,,,0,70,,33809,23,,,0,30,,33810,23,,,0,70,,33811,23,,,0,30,,33812,23,,,0,70,,33813,23,,,0,30,,33814,23,,,0
580000,'1',521,,36693,36,,,0,35,,36695,36,,,0,60,,36696,36,,,0,20,,36697,36,,,0,20,,36698,36,,,0,57,,36699,36,,,0,15,,36700,36,,,0,15,,36701,36,,,0,15,,36702,36,,,0,55,,36703,36,,,0,15,,36704,36,,,0,15,,36705,36,,,0,15,,36706,36,,,0,74,,36707,36,,,0,70,,36708,36,,,0,30,,36709,36,,,0,70,,36710,36,,,0,30,,36711,36,,,0,70,,36712,36,,,0,30,,36713,36,,,0,70,,36714,36,,,0,30,,36715,36,,,0,70,,36716,36,,,0,30,,36717,36,,,0,74,,36718,36,,,0,15,,36719,36,,,0,15,,36720,36,,,0,15,,36721,36,,,0,55,,36722,36,,,0,15,,36723,36,,,0,15,,36724,36,,,0,15,,36725,36,,,0,55,,36726,36,,,0,15,,36727,36,,,0,15,,36728,36,,,0,15,,36729,36,,,0,55,,36730,36,,,0,15,,36731,36,,,0,15,,36732,36,,,0,15,,36733,36,,,0,70,,36734,36,,,0,27,,36735,36,,,0,70,,36736,36,,,0,30,,36737,36,,,0,70,,36738,36,,,0,30,,36739,36,,,0,70,,36740,36,,,0,30,,36741,36,,,0,70,,36742,36,,,0,21,,36743,36,,,0,70,,36744,36,,,0,30,,36745,36,,,0,70,,36746,36,,,0,35,,36747,36,,,0
580000,'2',553,,36750,36,,,0,70,,36796,36,,,0,15,,36748,36,,,0,15,,36795,36,,,0,70,,36794,36,,,0,30,,36793,36,,,0,70,,36792,36,,,0,30,,36791,36,,,0,74,,36779,36,,,0,20,,36782,36,,,0,60,,36780,36,,,0,20,,36781,36,,,0,20,,36785,36,,,0,60,,36789,36,,,0,23,,36790,36,,,0,20,,36778,36,,,0,60,,36775,36,,,0,20,,36776,36,,,0,20,,36777,36,,,0,60,,36767,36,,,0,20,,36765,36,,,0,20,,36770,36,,,0,60,,36768,36,,,0,20,,36769,36,,,0,20,,36774,36,,,0,60,,36761,36,,,0,20,,36763,36,,,0,20,,36766,36,,,0,60,,36764,36,,,0,20,,36798,36,,,0,20,,36797,36,,,0,60,,36760,36,,,0,20,,36762,36,,,0,20,,36773,36,,,0,60,,36759,36,,,0,20,,36758,36,,,0,20,,36757,36,,,0,60,,36749,36,,,0,20,,36772,36,,,0,70,,36771,36,,,0,30,,36756,36,,,0,70,,36755,36,,,0,30,,36788,36,,,0,70,,36787,36,,,0,30,,36786,36,,,0,70,,36784,36,,,0,24,,36783,36,,,0,30,,36754,36,,,0,70,,36753,36,,,0,30,,36752,36,,,0,70,,36751,36,,,0
580000,'3',551,,36808,36,,,0,72,,36825,36,,,0,30,,36807,36,,,0,70,,36826,36,,,0,30,,36806,36,,,0,70,,36827,36,,,0,30,,36805,36,,,0,77,,36828,36,,,0,70,,36804,36,,,0,30,,36830,36,,,0,70,,36813,36,,,0,30,,36820,36,,,0,70,,36824,36,,,0,30,,36821,36,,,0,70,,36810,36,,,0,30,,36809,36,,,0,70,,36831,36,,,0,30,,36822,36,,,0,70,,36814,36,,,0,30,,36823,36,,,0,70,,36816,36,,,0,30,,36815,36,,,0,70,,36829,36,,,0,30,,36817,36,,,0,70,,36818,36,,,0,30,,36819,36,,,0,70,,36832,36,,,0,25,,36811,36,,,0,30,,36833,36,,,0,70,,36812,36,,,0,30,,36838,36,,,0,70,,36839,36,,,0,30,,36840,36,,,0,67,,36841,36,,,0,30,,36842,36,,,0,70,,36843,36,,,0,30,,36844,36,,,0,70,,36845,36,,,0
580000,'4',622,,36846,36,,,0,85,,36847,36,,,0,45,,36848,36,,,0,85,,36849,36,,,0,85,,36850,36,,,0,85,,36851,36,,,0,46,,36852,36,,,0,85,,36853,36,,,0,85,,36854,36,,,0,85,,36855,36,,,0,45,,36856,36,,,0,85,,36857,36,,,0,85,,36858,36,,,0,85,,36859,36,,,0,45,,36860,36,,,0,85,,36861,36,,,0,84,,36862,36,,,0,85,,36863,36,,,0,45,,36864,36,,,0,85,,36865,36,,,0,85,,36866,36,,,0
580000,'6',551,,36872,36,,,0,72,,36889,36,,,0,30,,36871,36,,,0,70,,36890,36,,,0,30,,36870,36,,,0,70,,36891,36,,,0,30,,36869,36,,,0,77,,36892,36,,,0,70,,36868,36,,,0,30,,36894,36,,,0,70,,36877,36,,,0,30,,36884,36,,,0,70,,36888,36,,,0,30,,36885,36,,,0,70,,36874,36,,,0,30,,36873,36,,,0,70,,36895,36,,,0,30,,36886,36,,,0,70,,36878,36,,,0,30,,36887,36,,,0,70,,36880,36,,,0,30,,36879,36,,,0,70,,36893,36,,,0,30,,36881,36,,,0,70,,36882,36,,,0,30,,36883,36,,,0,70,,36896,36,,,0,25,,36875,36,,,0,30,,36897,36,,,0,70,,36876,36,,,0,30,,36902,36,,,0,70,,36903,36,,,0,30,,36904,36,,,0,67,,36905,36,,,0,30,,36906,36,,,0,70,,36907,36,,,0,30,,36908,36,,,0,70,,36909,36,,,0
