578000,'1',501,,28797,44,,,0,15,,28798,44,,,0,15,,28799,44,,,0,10,,28800,44,,,0,10,,28801,44,,,0,50,,28802,44,,,0,10,,28803,44,,,0,10,,28804,44,,,0,10,,28805,44,,,0,10,,28806,44,,,0,10,,28807,44,,,0,50,,28808,44,,,0,10,,28809,44,,,0,10,,28810,44,,,0,13,,28811,44,,,0,8,,28812,44,,,0,7,,28813,44,,,0,8,,28814,44,,,0,47,,28815,44,,,0,8,,28816,44,,,0,7,,28817,44,,,0,8,,28818,44,,,0,7,,28819,44,,,0,8,,28820,44,,,0,7,,28821,44,,,0,8,,28822,44,,,0,47,,28823,44,,,0,8,,28824,44,,,0,7,,28825,44,,,0,8,,28826,44,,,0,7,,28827,44,,,0,8,,28828,44,,,0,7,,28829,44,,,0,8,,28830,44,,,0,47,,28831,44,,,0,8,,28832,44,,,0,9,,28833,44,,,0,6,,28834,44,,,0,9,,28835,44,,,0,8,,28836,44,,,0,7,,28837,44,,,0,8,,28838,44,,,0,47,,28839,44,,,0,8,,28840,44,,,0,7,,28841,44,,,0,8,,28842,44,,,0,7,,28843,44,,,0,6,,28844,44,,,0,6,,28845,44,,,0,6,,28846,44,,,0,46,,28847,44,,,0,6,,28848,44,,,0,6,,28849,44,,,0,6,,28850,44,,,0,6,,28851,44,,,0,6,,28852,44,,,0,6,,28853,44,,,0,6,,28854,44,,,0,6,,28855,44,,,0,6,,28856,44,,,0,46,,28857,44,,,0,6,,28858,44,,,0,6,,28859,44,,,0,6,,28860,44,,,0,6,,28861,44,,,0,6,,28862,44,,,0,6,,28863,44,,,0,6,,28864,44,,,0,6,,28865,44,,,0,6,,28866,44,,,0,46,,28867,44,,,0,6,,28868,44,,,0,6,,28869,44,,,0,6,,28870,44,,,0,6,,28871,44,,,0,6,,28872,44,,,0,8,,28873,44,,,0,6,,28874,44,,,0,6,,28875,44,,,0,6,,28876,44,,,0,46,,28877,44,,,0,6,,28878,44,,,0,6,,28879,44,,,0,6,,28880,44,,,0,6,,28881,44,,,0,6,,28882,44,,,0,6,,28883,44,,,0,6,,28884,44,,,0,6,,28885,44,,,0,6,,28886,44,,,0,46,,28887,44,,,0,6,,28888,44,,,0,6,,28889,44,,,0,6,,28890,44,,,0,6,,28891,44,,,0,6,,28892,44,,,0,6,,28893,44,,,0,6,,28894,44,,,0,6,,28895,44,,,0,6,,28896,44,,,0,46,,28897,44,,,0,6,,28898,44,,,0,6,,28899,44,,,0,6,,28900,44,,,0,6,,28901,44,,,0,6,,28902,44,,,0,6,,28903,44,,,0,6,,28904,44,,,0,6,,28905,44,,,0,6,,28906,44,,,0,46,,28907,44,,,0,6,,28908,44,,,0,6,,28909,44,,,0,6,,28910,44,,,0,6,,28911,44,,,0,6,,28912,44,,,0,6,,28913,44,,,0,7,,28914,44,,,0,8,,28915,44,,,0,47,,28916,44,,,0,8,,28917,44,,,0,7,,28918,44,,,0,8,,28919,44,,,0,7,,28920,44,,,0,5,,28921,44,,,0,15,,28922,44,,,0,55,,28923,44,,,0,15,,28924,44,,,0,15,,28925,44,,,0,15,,28926,44,,,0,55,,28927,44,,,0,15,,28928,44,,,0,15,,28929,44,,,0,15,,28930,44,,,0,55,,28931,44,,,0,15,,28932,44,,,0,10,,28933,44,,,0,20,,28934,44,,,0,60,,28935,44,,,0,20,,28936,44,,,0,20,,28937,44,,,0,60,,28938,44,,,0,20,,28939,44,,,0,20,,28942,44,,,0,60,,28943,44,,,0,20,,28940,44,,,0,20,,28941,44,,,0
578000,'2',530,,28944,44,,,0,15,,28945,44,,,0,55,,28946,44,,,0,15,,28947,44,,,0,15,,28948,44,,,0,15,,28949,44,,,0,55,,28950,44,,,0,15,,28951,44,,,0,15,,28952,44,,,0,10,,28953,44,,,0,10,,28954,44,,,0,50,,28955,44,,,0,10,,28956,44,,,0,10,,28957,44,,,0,10,,28958,44,,,0,8,,28959,44,,,0,8,,28960,44,,,0,8,,28961,44,,,0,48,,28962,44,,,0,8,,28963,44,,,0,8,,28964,44,,,0,8,,28965,44,,,0,12,,28966,44,,,0,8,,28967,44,,,0,8,,28968,44,,,0,48,,28969,44,,,0,8,,28970,44,,,0,8,,28971,44,,,0,8,,28972,44,,,0,8,,28973,44,,,0,8,,28974,44,,,0,8,,28975,44,,,0,8,,28976,44,,,0,48,,28977,44,,,0,8,,28978,44,,,0,8,,28979,44,,,0,8,,28980,44,,,0,8,,28981,44,,,0,8,,28982,44,,,0,8,,28983,44,,,0,48,,28984,44,,,0,8,,28985,44,,,0,8,,28986,44,,,0,8,,28987,44,,,0,10,,28988,44,,,0,8,,28989,44,,,0,8,,28990,44,,,0,48,,28991,44,,,0,8,,28992,44,,,0,8,,28993,44,,,0,8,,28994,44,,,0,8,,28995,44,,,0,8,,28996,44,,,0,8,,28997,44,,,0,8,,28998,44,,,0,48,,28999,44,,,0,8,,29000,44,,,0,8,,29001,44,,,0,8,,29002,44,,,0,8,,29003,44,,,0,8,,29004,44,,,0,8,,29005,44,,,0,48,,29006,44,,,0,8,,29007,44,,,0,8,,29008,44,,,0,8,,29009,44,,,0,8,,29010,44,,,0,8,,29011,44,,,0,8,,29012,44,,,0,8,,29013,44,,,0,48,,29014,44,,,0,8,,29015,44,,,0,8,,29016,44,,,0,8,,29017,44,,,0,8,,29018,44,,,0,8,,29019,44,,,0,8,,29020,44,,,0,48,,29021,44,,,0,8,,29022,44,,,0,8,,29023,44,,,0,8,,29024,44,,,0,8,,29025,44,,,0,8,,29026,44,,,0,8,,29027,44,,,0,8,,29028,44,,,0,48,,29029,44,,,0,8,,29030,44,,,0,8,,29031,44,,,0,8,,29032,44,,,0,6,,29033,44,,,0,10,,29034,44,,,0,10,,29035,44,,,0,50,,29036,44,,,0,10,,29037,44,,,0,10,,29038,44,,,0,10,,29039,44,,,0,15,,29040,44,,,0,55,,29041,44,,,0,15,,29042,44,,,0,15,,29043,44,,,0,15,,29044,44,,,0,55,,29045,44,,,0,15,,29046,44,,,0,15,,29047,44,,,0,20,,29048,44,,,0,56,,29049,44,,,0,20,,29050,44,,,0,20,,29051,44,,,0,60,,29052,44,,,0,20,,29053,44,,,0,20,,29054,44,,,0,60,,29055,44,,,0,20,,29056,44,,,0,20,,29057,44,,,0,60,,29058,44,,,0,20,,29059,44,,,0,20,,29060,44,,,0
578000,'3',529,,29061,44,,,0,30,,29062,44,,,0,70,,29063,44,,,0,30,,29064,44,,,0,70,,29065,44,,,0,30,,29066,44,,,0,70,,29067,44,,,0,30,,29068,44,,,0,79,,29069,44,,,0,70,,29070,44,,,0,30,,29071,44,,,0,10,,29072,44,,,0,10,,29073,44,,,0,50,,29074,44,,,0,10,,29075,44,,,0,10,,29076,44,,,0,10,,29077,44,,,0,10,,29078,44,,,0,10,,29079,44,,,0,50,,29080,44,,,0,10,,29081,44,,,0,10,,29082,44,,,0,10,,29083,44,,,0,10,,29084,44,,,0,10,,29085,44,,,0,50,,29086,44,,,0,10,,29087,44,,,0,10,,29088,44,,,0,10,,29089,44,,,0,10,,29090,44,,,0,10,,29091,44,,,0,50,,29092,44,,,0,10,,29093,44,,,0,10,,29094,44,,,0,10,,29095,44,,,0,10,,29096,44,,,0,10,,29097,44,,,0,50,,29098,44,,,0,10,,29099,44,,,0,10,,29100,44,,,0,10,,29101,44,,,0,10,,29102,44,,,0,10,,29103,44,,,0,50,,29104,44,,,0,10,,29105,44,,,0,10,,29106,44,,,0,10,,29107,44,,,0,10,,29108,44,,,0,10,,29109,44,,,0,50,,29110,44,,,0,10,,29111,44,,,0,10,,29112,44,,,0,10,,29113,44,,,0,10,,29114,44,,,0,10,,29115,44,,,0,50,,29116,44,,,0,10,,29117,44,,,0,10,,29118,44,,,0,10,,29119,44,,,0,10,,29120,44,,,0,10,,29121,44,,,0,50,,29122,44,,,0,10,,29123,44,,,0,16,,29124,44,,,0,20,,29125,44,,,0,60,,29126,44,,,0,20,,29127,44,,,0,20,,29128,44,,,0,60,,29129,44,,,0,20,,29130,44,,,0,20,,29131,44,,,0,60,,29132,44,,,0,19,,29133,44,,,0,20,,29134,44,,,0,60,,29135,44,,,0,20,,29136,44,,,0,20,,29137,44,,,0,60,,29138,44,,,0,20,,29139,44,,,0
578000,'4',544,,29140,44,,,0,70,,29141,44,,,0,15,,29142,44,,,0,30,,29143,44,,,0,70,,29144,44,,,0,30,,29145,44,,,0,70,,29146,44,,,0,30,,29147,44,,,0,70,,29148,44,,,0,75,,29149,44,,,0,30,,29150,44,,,0,70,,29151,44,,,0,30,,29152,44,,,0,70,,29153,44,,,0,30,,29154,44,,,0,70,,29155,44,,,0,30,,29156,44,,,0,70,,29157,44,,,0,30,,29158,44,,,0,70,,29159,44,,,0,30,,29160,44,,,0,70,,29161,44,,,0,30,,29162,44,,,0,70,,29163,44,,,0,30,,29164,44,,,0,70,,29165,44,,,0,26,,29166,44,,,0,70,,29167,44,,,0,30,,29168,44,,,0,70,,29169,44,,,0,30,,29170,44,,,0,70,,29171,44,,,0,30,,29172,44,,,0
578000,'6',530,,29173,44,,,0,15,,29174,44,,,0,55,,29175,44,,,0,15,,29176,44,,,0,15,,29177,44,,,0,15,,29178,44,,,0,55,,29179,44,,,0,15,,29180,44,,,0,15,,29181,44,,,0,10,,29182,44,,,0,10,,29183,44,,,0,50,,29184,44,,,0,10,,29185,44,,,0,10,,29186,44,,,0,10,,29187,44,,,0,8,,29188,44,,,0,8,,29189,44,,,0,8,,29190,44,,,0,48,,29191,44,,,0,8,,29192,44,,,0,8,,29193,44,,,0,8,,29194,44,,,0,12,,29195,44,,,0,8,,29196,44,,,0,8,,29197,44,,,0,48,,29198,44,,,0,8,,29199,44,,,0,8,,29200,44,,,0,8,,29201,44,,,0,8,,29202,44,,,0,8,,29203,44,,,0,8,,29204,44,,,0,8,,29205,44,,,0,48,,29206,44,,,0,8,,29207,44,,,0,8,,29208,44,,,0,8,,29209,44,,,0,8,,29210,44,,,0,8,,29211,44,,,0,8,,29212,44,,,0,48,,29213,44,,,0,8,,29214,44,,,0,8,,29215,44,,,0,8,,29216,44,,,0,10,,29217,44,,,0,8,,29218,44,,,0,8,,29219,44,,,0,48,,29220,44,,,0,8,,29221,44,,,0,8,,29222,44,,,0,8,,29223,44,,,0,8,,29224,44,,,0,8,,29225,44,,,0,8,,29226,44,,,0,8,,29227,44,,,0,48,,29228,44,,,0,8,,29229,44,,,0,8,,29230,44,,,0,8,,29231,44,,,0,8,,29232,44,,,0,8,,29233,44,,,0,8,,29234,44,,,0,48,,29235,44,,,0,8,,29236,44,,,0,8,,29237,44,,,0,8,,29238,44,,,0,8,,29239,44,,,0,8,,29240,44,,,0,8,,29241,44,,,0,8,,29242,44,,,0,48,,29243,44,,,0,8,,29244,44,,,0,8,,29245,44,,,0,8,,29246,44,,,0,8,,29247,44,,,0,8,,29248,44,,,0,8,,29249,44,,,0,48,,29250,44,,,0,8,,29251,44,,,0,8,,29252,44,,,0,8,,29253,44,,,0,8,,29254,44,,,0,8,,29255,44,,,0,8,,29256,44,,,0,8,,29257,44,,,0,48,,29258,44,,,0,8,,29259,44,,,0,8,,29260,44,,,0,8,,29261,44,,,0,6,,29262,44,,,0,10,,29263,44,,,0,10,,29264,44,,,0,50,,29265,44,,,0,10,,29266,44,,,0,10,,29267,44,,,0,10,,29268,44,,,0,15,,29269,44,,,0,55,,29270,44,,,0,15,,29271,44,,,0,15,,29272,44,,,0,15,,29273,44,,,0,55,,29274,44,,,0,15,,29275,44,,,0,15,,29276,44,,,0,20,,29277,44,,,0,56,,29278,44,,,0,20,,29279,44,,,0,20,,29280,44,,,0,60,,29281,44,,,0,20,,29282,44,,,0,20,,29283,44,,,0,60,,29284,44,,,0,20,,29285,44,,,0,20,,29286,44,,,0,60,,29287,44,,,0,20,,29288,44,,,0,20,,29289,44,,,0
578200,'1',524,,30152,60,,,0,15,,30182,60,,,0,20,,30189,60,,,0,60,,30188,60,,,0,20,,30187,60,,,0,20,,30186,60,,,0,60,,30185,60,,,0,23,,30184,60,,,0,60,,30183,60,,,0,20,,30190,60,,,0,24,,30153,63,,,0,60,,30154,63,,,0,20,,30155,63,,,0,20,,30156,63,,,0,60,,30157,63,,,0,20,,30158,63,,,0,20,,30159,63,,,0,60,,30162,63,,,0,20,,30163,63,,,0,20,,30164,63,,,0,60,,30165,63,,,0,20,,30166,63,,,0,20,,30167,63,,,0,60,,30160,63,,,0,20,,30161,63,,,0,20,,30136,63,,,0,60,,30168,63,,,0,24,,30169,63,,,0,20,,30170,63,,,0,60,,30171,63,,,0,20,,30172,63,,,0,20,,30173,63,,,0,60,,30174,63,,,0,20,,30175,63,,,0,20,,30176,63,,,0,60,,30177,63,,,0,20,,30178,63,,,0,20,,30179,63,,,0,60,,30180,63,,,0,20,,30181,63,,,0,23,,30151,63,,,0,70,,30150,63,,,0,25,,30149,63,,,0,70,,30148,63,,,0,30,,30147,63,,,0,70,,30146,63,,,0,30,,30145,63,,,0,70,,30137,63,,,0,25,,30138,60,,,0,70,,30139,60,,,0,30,,30140,60,,,0,70,,30141,60,,,0,30,,30142,60,,,0,72,,30143,60,,,0,40,,30144,60,,,0
578200,'2',535,,30191,60,,,0,70,,30192,60,,,0,32,,30193,60,,,0,70,,30194,60,,,0,30,,30195,60,,,0,70,,30196,60,,,0,30,,30197,60,,,0,21,,30239,63,,,0,60,,30198,63,,,0,25,,30199,63,,,0,60,,30200,63,,,0,20,,30201,63,,,0,20,,30202,63,,,0,60,,30203,63,,,0,20,,30204,63,,,0,20,,30205,63,,,0,60,,30206,63,,,0,20,,30207,63,,,0,20,,30208,63,,,0,60,,30209,63,,,0,19,,30210,60,,,0,20,,30211,60,,,0,60,,30212,60,,,0,20,,30213,60,,,0,20,,30214,60,,,0,60,,30215,60,,,0,20,,30216,60,,,0,20,,30217,60,,,0,60,,30218,60,,,0,20,,30219,60,,,0,20,,30220,60,,,0,60,,30221,60,,,0,20,,30222,60,,,0,20,,30223,60,,,0,70,,30224,60,,,0,25,,30225,60,,,0,70,,30226,60,,,0,30,,30227,60,,,0,70,,30228,60,,,0,30,,30229,60,,,0,70,,30230,60,,,0,30,,30231,60,,,0,70,,30232,60,,,0,26,,30233,60,,,0,70,,30234,60,,,0,30,,30235,60,,,0,70,,30236,60,,,0,30,,30237,60,,,0,70,,30240,60,,,0,50,,30238,60,,,0
578200,'3',636,,30276,60,,,0,100,,30275,60,,,0,70,,30274,60,,,0,30,,30273,60,,,0,70,,30272,60,,,0,33,,30271,60,,,0,70,,30270,60,,,0,30,,30269,60,,,0,70,,30268,60,,,0,30,,30267,60,,,0,70,,30266,60,,,0,30,,30265,60,,,0,70,,30264,60,,,0,30,,30263,60,,,0,70,,30262,60,,,0,30,,30261,60,,,0,70,,30260,60,,,0,30,,30259,60,,,0,70,,30258,60,,,0,30,,30257,60,,,0,70,,30256,60,,,0,30,,30255,60,,,0,70,,30254,60,,,0,30,,30253,60,,,0,70,,30252,60,,,0,30,,30251,60,,,0,70,,30250,60,,,0,25,,30249,60,,,0,70,,30248,60,,,0,30,,30247,60,,,0,70,,30246,60,,,0,30,,30245,60,,,0,70,,30244,60,,,0,30,,30243,60,,,0,70,,30242,60,,,0,30,,30241,60,,,0
578200,'4',602,,30277,60,,,0,40,,30278,60,,,0,80,,30279,60,,,0,80,,30280,60,,,0,40,,30281,60,,,0,80,,30282,60,,,0,80,,30283,60,,,0,40,,30284,60,,,0,80,,30285,60,,,0,80,,30286,60,,,0,40,,30287,60,,,0,80,,30288,60,,,0,80,,30289,60,,,0,40,,30290,60,,,0,90,,30291,60,,,0,100,,30292,60,,,0,100,,30293,60,,,0,100,,30294,60,,,0,100,,30295,60,,,0,100,,30296,60,,,0,100,,30297,60,,,0
578200,'6',636,,30333,60,,,0,100,,30332,60,,,0,70,,30331,60,,,0,30,,30330,60,,,0,70,,30329,60,,,0,33,,30328,60,,,0,70,,30327,60,,,0,30,,30326,60,,,0,70,,30325,60,,,0,30,,30324,60,,,0,70,,30323,60,,,0,30,,30322,60,,,0,70,,30321,60,,,0,30,,30320,60,,,0,70,,30319,60,,,0,30,,30318,60,,,0,70,,30317,60,,,0,30,,30316,60,,,0,70,,30315,60,,,0,30,,30314,60,,,0,70,,30313,60,,,0,30,,30312,60,,,0,70,,30311,60,,,0,30,,30310,60,,,0,70,,30309,60,,,0,30,,30308,60,,,0,70,,30307,60,,,0,25,,30306,60,,,0,70,,30305,60,,,0,30,,30304,60,,,0,70,,30303,60,,,0,30,,30302,60,,,0,70,,30301,60,,,0,30,,30300,60,,,0,70,,30299,60,,,0,30,,30298,60,,,0
