578300,'1',517,,30529,14,0,23 24,0,25,,30532,57,0,23 24,0,70,,30535,57,0,23 24,0,30,,30538,57,0,23 24,0,15,,30540,57,0,23 24,0,55,,30542,57,0,23 24,0,15,,30544,57,0,23 24,0,15,,30546,57,0,23 24,0,15,,30548,57,0,23 24,0,55,,30550,57,0,23 24,0,15,,30552,57,0,23 24,0,15,,30554,57,0,23 24,0,15,,30556,57,0,23 24,0,58,,30558,57,0,23 24,0,15,,30560,57,0,23 24,0,15,,30562,57,0,23 24,0,70,,30566,57,0,23 24,0,30,,30569,57,0,23 24,0,70,,30572,57,0,23 24,0,30,,30575,57,0,23 24,0,70,,30578,57,0,23 24,0,30,,30581,57,0,23 24,0,70,,30584,57,0,23 24,0,30,,30587,57,0,23 24,0,71,,30590,57,0,23 24,0,15,,30592,57,0,23 24,0,15,,30594,57,0,23 24,0,55,,30596,57,0,23 24,0,15,,30598,57,0,23 24,0,15,,30600,57,0,23 24,0,15,,30602,57,0,23 24,0,55,,30604,57,0,23 24,0,15,,30606,57,0,23 24,0,15,,30608,57,0,23 24,0,15,,30610,57,0,23 24,0,55,,30612,57,0,23 24,0,15,,30614,57,0,23 24,0,15,,30616,57,0,23 24,0,15,,30618,57,0,23 24,0,55,,30620,57,0,23 24,0,15,,30622,57,0,23 24,0,15,,30624,57,0,23 24,0,11,,30626,57,0,23 24,0,70,,30629,57,0,23 24,0,30,,30632,57,0,23 24,0,70,,30635,57,0,23 24,0,30,,30638,57,0,23 24,0,70,,30641,57,0,23 24,0,30,,30644,57,0,23 24,0,67,,30647,57,0,23 24,0,45,,30650,57,0,23 24,0,85,,30653,57,0,23 24,0,85,,30656,57,0,23 24,0,85,,30659,57,0,23 24,0,21,,30662,57,0,23 24,0
578300,'2',441,,30665,14,0,23 24,0,70,,30667,14,0,23 24,0,45,,30670,57,0,23 24,0,67,,30672,57,0,23 24,0,36,,30675,57,0,23 24,0,76,,30678,57,0,23 24,0,70,,30681,14,0,23 24,0,10,,30682,57,0,23 24,0,36,,30685,57,0,23 24,0,76,,30688,57,0,23 24,0,76,,30691,57,0,23 24,0,36,,30694,57,0,23 24,0,76,,30697,57,0,23 24,0,36,,30700,57,0,23 24,0,76,,30703,57,0,23 24,0,76,,30706,57,0,23 24,0,36,,30709,57,0,23 24,0,76,,30712,57,0,23 24,0,36,,30715,57,0,23 24,0,76,,30718,57,0,23 24,0,76,,30721,57,0,23 24,0,36,,30724,57,0,23 24,0,76,,30727,57,0,23 24,0,36,,30730,57,0,23 24,0,72,,30733,57,0,23 24,0,36,,30736,57,0,23 24,0,74,,30739,57,0,23 24,0,76,,30742,57,0,23 24,0,36,,30745,57,0,23 24,0,76,,30748,57,0,23 24,0,37,,30751,57,0,23 24,0,84,,30754,57,0,23 24,0,70,,30756,57,0,23 24,0,45,,30759,57,0,23 24,0,85,,30762,57,0,23 24,0,90,,30766,57,0,23 24,0
578300,'3',526,,30769,14,0,23 24,0,85,,30772,57,0,23 24,0,23,,30774,14,0,23 24,0,22,,30776,57,0,23 24,0,85,,30779,57,0,23 24,0,85,,30782,57,0,23 24,0,85,,30785,57,0,23 24,0,36,,30788,57,0,23 24,0,81,,30791,57,0,23 24,0,76,,30794,57,0,23 24,0,36,,30797,57,0,23 24,0,76,,30800,57,0,23 24,0,36,,30803,57,0,23 24,0,76,,30806,57,0,23 24,0,76,,30809,57,0,23 24,0,36,,30812,57,0,23 24,0,76,,30815,57,0,23 24,0,36,,30818,57,0,23 24,0,76,,30821,57,0,23 24,0,76,,30824,57,0,23 24,0,36,,30827,57,0,23 24,0,73,,30830,57,0,23 24,0,45,,30833,57,0,23 24,0,85,,30836,57,0,23 24,0,85,,30839,57,0,23 24,0,85,,30842,57,0,23 24,0,45,,30845,57,0,23 24,0,84,,30848,57,0,23 24,0,85,,30851,57,0,23 24,0,85,,30855,57,0,23 24,0
578300,'4',541,,30921,14,0,23 24,0,80,,30857,14,0,23 24,0,35,,30860,57,0,23 24,0,85,,30863,57,0,23 24,0,85,,30866,57,0,23 24,0,85,,30869,57,0,23 24,0,45,,30872,57,0,23 24,0,88,,30875,57,0,23 24,0,85,,30878,57,0,23 24,0,85,,30881,57,0,23 24,0,45,,30884,57,0,23 24,0,85,,30887,57,0,23 24,0,85,,30890,57,0,23 24,0,85,,30893,57,0,23 24,0,45,,30896,57,0,23 24,0,85,,30899,57,0,23 24,0,85,,30902,57,0,23 24,0,82,,30905,57,0,23 24,0,45,,30908,57,0,23 24,0,85,,30911,57,0,23 24,0,85,,30914,57,0,23 24,0,85,,30918,57,0,23 24,0
578300,'6',526,,30923,14,0,23 24,0,85,,30926,57,0,23 24,0,23,,30928,14,0,23 24,0,22,,30930,57,0,23 24,0,85,,30933,57,0,23 24,0,85,,30936,57,0,23 24,0,85,,30939,57,0,23 24,0,36,,30942,57,0,23 24,0,81,,30945,57,0,23 24,0,76,,30948,57,0,23 24,0,36,,30951,57,0,23 24,0,76,,30954,57,0,23 24,0,36,,30957,57,0,23 24,0,76,,30960,57,0,23 24,0,76,,30963,57,0,23 24,0,36,,30966,57,0,23 24,0,76,,30969,57,0,23 24,0,36,,30972,57,0,23 24,0,76,,30975,57,0,23 24,0,76,,30978,57,0,23 24,0,36,,30981,57,0,23 24,0,73,,30984,57,0,23 24,0,45,,30987,57,0,23 24,0,85,,30990,57,0,23 24,0,85,,30993,57,0,23 24,0,85,,30996,57,0,23 24,0,45,,30999,57,0,23 24,0,84,,31002,57,0,23 24,0,85,,31005,57,0,23 24,0,85,,31009,57,0,23 24,0
580800,'14601',518,,39276,17,,,0,20,,39270,17,,,0,20,,39271,17,,,0,60,,39272,17,,,0,20,,39273,17,,,0,20,,39274,17,,,0,60,,39275,17,,,0,20,,39174,17,,,0,18,,39175,17,,,0,47,,39188,17,,,0,7,,39189,17,,,0,8,,39196,17,,,0,7,,39190,17,,,0,8,,39197,17,,,0,7,,39191,17,,,0,8,,39198,17,,,0,7,,39192,17,,,0,48,,39199,17,,,0,7,,39193,17,,,0,9,,39200,17,,,0,7,,39194,17,,,0,8,,39201,17,,,0,7,,39195,17,,,0,10,,39202,17,,,0,50,,39203,17,,,0,10,,39204,17,,,0,10,,39205,17,,,0,10,,39206,17,,,0,10,,39207,17,,,0,10,,39208,17,,,0,50,,39209,17,,,0,10,,39210,17,,,0,10,,39211,17,,,0,10,,39212,17,,,0,10,,39213,17,,,0,10,,39214,17,,,0,50,,39215,17,,,0,10,,39216,17,,,0,10,,39217,17,,,0,10,,39218,17,,,0,10,,39219,17,,,0,10,,39220,17,,,0,50,,39221,17,,,0,10,,39222,17,,,0,10,,39223,17,,,0,10,,39224,17,,,0,10,,39225,17,,,0,10,,39226,17,,,0,50,,39227,17,,,0,10,,39228,17,,,0,10,,39229,17,,,0,10,,39230,17,,,0,10,,39231,17,,,0,10,,39232,17,,,0,50,,39233,17,,,0,10,,39247,17,,,0,7,,39234,17,,,0,8,,39248,17,,,0,7,,39235,17,,,0,8,,39249,17,,,0,7,,39236,17,,,0,8,,39250,17,,,0,47,,39237,17,,,0,8,,39251,17,,,0,7,,39238,17,,,0,8,,39252,17,,,0,7,,39239,17,,,0,8,,39253,17,,,0,7,,39240,17,,,0,8,,39254,17,,,0,47,,39241,17,,,0,8,,39255,17,,,0,7,,39242,17,,,0,8,,39256,17,,,0,7,,39243,17,,,0,8,,39257,17,,,0,7,,39244,17,,,0,8,,39258,17,,,0,47,,39245,17,,,0,8,,39259,17,,,0,7,,39246,17,,,0,8,,39260,17,,,0,11,,39261,17,,,0,15,,39176,17,,,0,55,,39177,17,,,0,13,,39178,17,,,0,15,,39171,17,,,0,15,,39172,17,,,0,55,,39173,17,,,0,15,,39262,17,,,0,15,,39263,17,,,0,15,,39264,17,,,0,55,,39265,17,,,0,15,,39266,17,,,0,15,,39267,17,,,0,15,,39268,17,,,0,63,,39269,17,,,0,27,,39179,17,,,0,70,,39180,17,,,0,30,,39181,17,,,0,70,,39182,17,,,0,30,,39183,17,,,0,70,,39184,17,,,0,30,,39185,17,,,0,70,,39186,17,,,0,30,,39187,17,,,0
580800,'14602',518,,39308,17,,,0,30,,39309,17,,,0,70,,39310,17,,,0,30,,39311,17,,,0,70,,39312,17,,,0,30,,39313,17,,,0,70,,39314,17,,,0,30,,39315,17,,,0,71,,39316,17,,,0,30,,39317,17,,,0,70,,39318,17,,,0,30,,39319,17,,,0,70,,39320,17,,,0,30,,39291,17,,,0,70,,39292,17,,,0,30,,39293,17,,,0,70,,39294,17,,,0,30,,39295,17,,,0,70,,39296,17,,,0,30,,39297,17,,,0,70,,39298,17,,,0,30,,39299,17,,,0,70,,39300,17,,,0,30,,39301,17,,,0,70,,39302,17,,,0,30,,39303,17,,,0,70,,39304,17,,,0,30,,39305,17,,,0,68,,39306,17,,,0,30,,39307,17,,,0,70,,39290,17,,,0,30,,39289,17,,,0,70,,39288,17,,,0,30,,39287,17,,,0,67,,39286,17,,,0,30,,39285,17,,,0,70,,39284,17,,,0,30,,39283,17,,,0,70,,39282,17,,,0,30,,39281,17,,,0,70,,39280,17,,,0,30,,39279,17,,,0,70,,39278,17,,,0,30,,39277,17,,,0
580800,'14603',618,,39346,17,,,0,30,,39347,17,,,0,70,,39348,17,,,0,30,,39349,17,,,0,70,,39350,17,,,0,30,,39351,17,,,0,71,,39352,17,,,0,30,,39353,17,,,0,70,,39354,17,,,0,30,,39355,17,,,0,70,,39356,17,,,0,30,,39337,17,,,0,70,,39336,17,,,0,30,,39335,17,,,0,70,,39334,17,,,0,30,,39333,17,,,0,70,,39332,17,,,0,30,,39331,17,,,0,70,,39330,17,,,0,30,,39329,17,,,0,70,,39328,17,,,0,30,,39327,17,,,0,70,,39326,17,,,0,30,,39325,17,,,0,70,,39324,17,,,0,30,,39323,17,,,0,68,,39322,17,,,0,30,,39321,17,,,0,70,,39338,17,,,0,30,,39339,17,,,0,70,,39340,17,,,0,30,,39341,17,,,0,67,,39342,17,,,0,30,,39343,17,,,0,70,,39344,17,,,0,30,,39345,17,,,0
580800,'14604',618,,39376,17,,,0,30,,39377,17,,,0,70,,39378,17,,,0,30,,39379,17,,,0,70,,39380,17,,,0,30,,39381,17,,,0,71,,39382,17,,,0,30,,39383,17,,,0,70,,39384,17,,,0,30,,39385,17,,,0,70,,39386,17,,,0,30,,39373,17,,,0,70,,39372,17,,,0,30,,39371,17,,,0,70,,39370,17,,,0,30,,39369,17,,,0,70,,39368,17,,,0,30,,39367,17,,,0,70,,39366,17,,,0,30,,39365,17,,,0,70,,39364,17,,,0,30,,39363,17,,,0,70,,39362,17,,,0,30,,39361,17,,,0,70,,39360,17,,,0,30,,39359,17,,,0,68,,39358,17,,,0,30,,39357,17,,,0,70,,39374,17,,,0,30,,39375,17,,,0
580800,'14606',618,,39412,17,,,0,30,,39413,17,,,0,70,,39414,17,,,0,30,,39415,17,,,0,70,,39416,17,,,0,30,,39417,17,,,0,71,,39418,17,,,0,30,,39419,17,,,0,70,,39420,17,,,0,30,,39421,17,,,0,70,,39422,17,,,0,30,,39403,17,,,0,70,,39402,17,,,0,30,,39401,17,,,0,70,,39400,17,,,0,30,,39399,17,,,0,70,,39398,17,,,0,30,,39397,17,,,0,70,,39396,17,,,0,30,,39395,17,,,0,70,,39394,17,,,0,30,,39393,17,,,0,70,,39392,17,,,0,30,,39391,17,,,0,70,,39390,17,,,0,30,,39389,17,,,0,68,,39388,17,,,0,30,,39387,17,,,0,70,,39404,17,,,0,30,,39405,17,,,0,70,,39406,17,,,0,30,,39407,17,,,0,67,,39408,17,,,0,30,,39409,17,,,0,70,,39410,17,,,0,30,,39411,17,,,0
582801,'1',638,,40617,55,,,0,20,,40619,55,,,0,60,,40621,55,,,0,15,,40623,55,,,0,17,,40625,55,,,0,54,,40627,55,,,0,16,,40629,55,,,0,15,,40631,55,,,0,15,,40633,55,,,0,55,,40635,55,,,0,12,,40637,55,,,0,12,,40639,55,,,0,11,,40641,55,,,0,12,,40643,55,,,0,52,,40645,55,,,0,12,,40647,55,,,0,12,,40649,55,,,0,12,,40651,55,,,0,12,,40653,55,,,0,52,,40655,55,,,0,13,,40657,55,,,0,12,,40659,55,,,0,12,,40661,55,,,0,12,,40663,55,,,0,52,,40665,55,,,0,12,,40667,55,,,0,12,,40669,55,,,0,12,,40671,55,,,0,12,,40673,55,,,0,52,,40675,55,,,0,12,,40677,55,,,0,12,,40679,55,,,0,12,,40681,55,,,0,12,,40683,55,,,0,52,,40685,55,,,0,12,,40687,55,,,0,12,,40689,55,,,0,12,,40691,55,,,0,12,,40693,55,,,0,52,,40695,55,,,0,14,,40697,55,,,0,12,,40699,55,,,0,12,,40701,55,,,0,12,,40703,55,,,0,53,,40705,55,,,0,12,,40707,55,,,0,12,,40709,55,,,0,12,,40711,55,,,0,12,,40713,55,,,0,52,,40715,55,,,0,12,,40717,55,,,0,14,,40719,55,,,0,12,,40721,55,,,0,12,,40723,55,,,0,52,,40725,55,,,0,9,,40727,55,,,0
