578301,'1',456,,31011,3,0,29 30 6,0,60,,31012,3,0,33 4 34,0,10,,31013,45,0,20 4 12 13,0,10,,31014,51,0,33 4 34,0,10,,31015,39,0,29 30 6,0,55,,31016,45,0,20 4 12 13,0,10,,31017,51,0,33 4 34,0,4,,31018,39,0,29 30 6,0,12,,31019,45,0,20 4 12 13,0,7,,31020,51,0,33 4 34,0,8,,31021,39,0,29 30 6,0,7,,31022,51,0,33 4 34,0,8,,31023,45,0,20 4 12 13,0,47,,31024,51,0,33 4 34,0,8,,31025,39,0,29 30 6,0,7,,31026,51,0,33 4 34,0,8,,31027,45,0,20 4 12 13,0,7,,31028,51,0,33 4 34,0,8,,31029,39,0,29 30 6,0,7,,31030,51,0,33 4 34,0,8,,31031,45,0,20 4 12 13,0,47,,31032,51,0,33 4 34,0,8,,31033,39,0,29 30 6,0,7,,31034,51,0,33 4 34,0,8,,31035,45,0,20 4 12 13,0,7,,31036,51,0,33 4 34,0,8,,31037,39,0,29 30 6,0,7,,31038,51,0,33 4 34,0,8,,31039,45,0,20 4 12 13,0,47,,31040,51,0,33 4 34,0,8,,31041,39,0,29 30 6,0,7,,31042,51,0,33 4 34,0,8,,31043,45,0,20 4 12 13,0,7,,31044,51,0,33 4 34,0,8,,31045,39,0,29 30 6,0,7,,31046,51,0,33 4 34,0,8,,31047,45,0,20 4 12 13,0,55,,31049,39,0,29 30 6,0,8,,31050,51,0,33 4 34,0,10,,31051,45,0,20 4 12 13,0,10,,31052,39,0,29 30 6,0,10,,31053,51,0,33 4 34,0,50,,31054,45,0,20 4 12 13,0,10,,31055,39,0,29 30 6,0,10,,31056,51,0,33 4 34,0,10,,31057,45,0,20 4 12 13,0,10,,31058,39,0,29 30 6,0,10,,31059,51,0,33 4 34,0,50,,31060,45,0,20 4 12 13,0,10,,31061,39,0,29 30 6,0,10,,31062,51,0,33 4 34,0,10,,31063,45,0,20 4 12 13,0,10,,31064,39,0,29 30 6,0,10,,31065,51,0,33 4 34,0,50,,31066,45,0,20 4 12 13,0,10,,31067,39,0,29 30 6,0,10,,31068,51,0,33 4 34,0,10,,31069,45,0,20 4 12 13,0,10,,31070,39,0,29 30 6,0,10,,31071,51,0,33 4 34,0,50,,31072,45,0,20 4 12 13,0,10,,31073,39,0,29 30 6,0,10,,31074,51,0,33 4 34,0,10,,31075,45,0,20 4 12 13,0,8,,31076,51,0,33 4 34,0,8,,31077,39,0,29 30 6,0,7,,31078,51,0,33 4 34,0,48,,31079,45,0,20 4 12 13,0,7,,31080,51,0,33 4 34,0,8,,31081,39,0,29 30 6,0,7,,31082,51,0,33 4 34,0,8,,31083,45,0,20 4 12 13,0,7,,31084,51,0,33 4 34,0,8,,31085,39,0,29 30 6,0,7,,31086,51,0,33 4 34,0,48,,31087,45,0,20 4 12 13,0,7,,31088,51,0,33 4 34,0,8,,31089,39,0,29 30 6,0,7,,31090,51,0,33 4 34,0,8,,31091,45,0,20 4 12 13,0,7,,31092,51,0,33 4 34,0,8,,31093,39,0,29 30 6,0,7,,31094,51,0,33 4 34,0,48,,31095,45,0,20 4 12 13,0,7,,31096,51,0,33 4 34,0,8,,31097,39,0,29 30 6,0,7,,31098,51,0,33 4 34,0,8,,31099,45,0,20 4 12 13,0,7,,31100,51,0,33 4 34,0,7,,31101,39,0,29 30 6,0,7,,31102,51,0,33 4 34,0,7,,31103,45,0,20 4 12 13,0,47,,31104,51,0,33 4 34,0,6,,31105,39,0,29 30 6,0,9,,31106,51,0,33 4 34,0,7,,31107,45,0,20 4 12 13,0,16,,31109,39,0,29 30 6,0,8,,31110,51,0,33 4 34,0,49,,31111,45,0,20 4 12 13,0,17,,31113,39,0,29 30 6,0,8,,31114,51,0,33 4 34,0,8,,31115,45,0,20 4 12 13,0,8,,31116,39,0,29 30 6,0,8,,31117,51,0,33 4 34,0,8,,31118,45,0,20 4 12 13,0,58,,31120,39,0,29 30 6,0,10,,31121,51,0,33 4 34,0,10,,31122,45,0,20 4 12 13,0,10,,31123,39,0,29 30 6,0,10,,31124,51,0,33 4 34,0,50,,31125,39,0,29 30 6,0,10,,31126,45,0,20 4 12 13,0,10,,31127,51,0,33 4 34,0,10,,31128,45,0,20 4 12 13,0,10,,31129,39,0,29 30 6,0,10,,31130,51,0,33 4 34,0,50,,31131,45,0,20 4 12 13,0,10,,31132,51,0,33 4 34,0,15,,31133,39,0,29 30 6,0,15,,31134,45,0,20 4 12 13,0,55,,31135,51,0,33 4 34,0,15,,31137,39,0,29 30 6,0,15,,31138,45,0,20 4 12 13,0,15,,31139,51,0,33 4 34,0,55,,31140,39,0,29 30 6,0,15,,31141,45,0,20 4 12 13,0,10,,31142,51,0,33 4 34,0,30,,31143,45,0,20 4 12 13,0,55,,31144,51,0,33 4 34,0,10,,31145,39,0,29 30 6,0
578301,'2',451,,31149,3,0,29 30 6,0,6,,31150,45,0,20 4 12 13,0,50,,31151,51,0,33 4 34,0,12,,31152,45,0,20 4 12 13,0,12,,31153,39,0,29 30 6,0,12,,31154,51,0,33 4 34,0,12,,31155,45,0,20 4 12 13,0,52,,31156,39,0,29 30 6,0,12,,31157,51,0,33 4 34,0,12,,31158,45,0,20 4 12 13,0,12,,31159,39,0,29 30 6,0,12,,31160,51,0,33 4 34,0,52,,31161,45,0,20 4 12 13,0,12,,31162,39,0,29 30 6,0,12,,31163,51,0,33 4 34,0,12,,31164,45,0,20 4 12 13,0,12,,31165,39,0,29 30 6,0,52,,31166,51,0,33 4 34,0,12,,31167,45,0,20 4 12 13,0,12,,31168,39,0,29 30 6,0,12,,31169,51,0,33 4 34,0,12,,31170,45,0,20 4 12 13,0,52,,31171,39,0,29 30 6,0,12,,31172,51,0,33 4 34,0,12,,31173,45,0,20 4 12 13,0,12,,31174,39,0,29 30 6,0,12,,31175,51,0,33 4 34,0,52,,31176,45,0,20 4 12 13,0,12,,31177,39,0,29 30 6,0,12,,31178,51,0,33 4 34,0,12,,31179,45,0,20 4 12 13,0,12,,31180,39,0,29 30 6,0,52,,31181,51,0,33 4 34,0,12,,31182,45,0,20 4 12 13,0,12,,31183,39,0,29 30 6,0,12,,31184,51,0,33 4 34,0,12,,31185,45,0,20 4 12 13,0,52,,31186,39,0,29 30 6,0,12,,31187,51,0,33 4 34,0,12,,31188,45,0,20 4 12 13,0,12,,31189,39,0,29 30 6,0,12,,31190,51,0,33 4 34,0,52,,31191,45,0,20 4 12 13,0,12,,31192,39,0,29 30 6,0,12,,31193,51,0,33 4 34,0,12,,31194,45,0,20 4 12 13,0,12,,31195,39,0,29 30 6,0,52,,31196,51,0,33 4 34,0,12,,31197,45,0,20 4 12 13,0,12,,31198,39,0,29 30 6,0,12,,31199,51,0,33 4 34,0,12,,31200,45,0,20 4 12 13,0,52,,31201,39,0,29 30 6,0,12,,31202,51,0,33 4 34,0,12,,31203,45,0,20 4 12 13,0,12,,31204,39,0,29 30 6,0,12,,31205,51,0,33 4 34,0,52,,31206,45,0,20 4 12 13,0,12,,31207,39,0,29 30 6,0,12,,31208,51,0,33 4 34,0,12,,31209,45,0,20 4 12 13,0,12,,31210,39,0,29 30 6,0,52,,31211,51,0,33 4 34,0,12,,31212,45,0,20 4 12 13,0,12,,31213,39,0,29 30 6,0,12,,31214,51,0,33 4 34,0,12,,31215,45,0,20 4 12 13,0,52,,31216,39,0,29 30 6,0,12,,31217,51,0,33 4 34,0,12,,31218,45,0,20 4 12 13,0,12,,31219,39,0,29 30 6,0,12,,31220,51,0,33 4 34,0,52,,31221,45,0,20 4 12 13,0,12,,31222,39,0,29 30 6,0,14,,31223,51,0,33 4 34,0,12,,31224,45,0,20 4 12 13,0,12,,31225,39,0,29 30 6,0,52,,31226,51,0,33 4 34,0,12,,31227,45,0,20 4 12 13,0,12,,31228,39,0,29 30 6,0,12,,31229,51,0,33 4 34,0,56,,31230,45,0,20 4 12 13,0,15,,31231,39,0,29 30 6,0,15,,31232,51,0,33 4 34,0,15,,31233,45,0,20 4 12 13,0,55,,31234,51,0,33 4 34,0,15,,31235,39,0,29 30 6,0,15,,31236,45,0,20 4 12 13,0,15,,31237,51,0,33 4 34,0,55,,31238,39,0,29 30 6,0,15,,31239,45,0,20 4 12 13,0,15,,31240,51,0,33 4 34,0,15,,31241,39,0,29 30 6,0,55,,31242,45,0,20 4 12 13,0,15,,31243,51,0,33 4 34,0,15,,31244,39,0,29 30 6,0,15,,31245,45,0,20 4 12 13,0,60,,31246,51,0,33 4 34,0,15,,31247,39,0,29 30 6,0
578301,'3',506,,31251,3,0,20 4 12 13,0,5,,31252,3,0,33 4 34,0,15,,31253,3,0,29 30 6,0,20,,31254,51,0,33 4 34,0,5,,31255,3,0,20 4 12 13,0,50,,31256,45,0,20 4 12 13,0,15,,31257,39,0,29 30 6,0,15,,31258,51,0,33 4 34,0,15,,31259,45,0,20 4 12 13,0,55,,31260,39,0,29 30 6,0,15,,31261,51,0,33 4 34,0,15,,31262,45,0,20 4 12 13,0,15,,31263,39,0,29 30 6,0,55,,31264,51,0,33 4 34,0,15,,31265,45,0,20 4 12 13,0,15,,31266,39,0,29 30 6,0,15,,31267,51,0,33 4 34,0,55,,31268,45,0,20 4 12 13,0,15,,31269,39,0,29 30 6,0,15,,31270,51,0,33 4 34,0,13,,31271,45,0,20 4 12 13,0,12,,31272,39,0,29 30 6,0,52,,31273,51,0,33 4 34,0,12,,31274,45,0,20 4 12 13,0,12,,31275,39,0,29 30 6,0,12,,31276,51,0,33 4 34,0,12,,31277,45,0,20 4 12 13,0,52,,31278,39,0,29 30 6,0,12,,31279,51,0,33 4 34,0,12,,31280,45,0,20 4 12 13,0,12,,31281,39,0,29 30 6,0,12,,31282,51,0,33 4 34,0,52,,31283,45,0,20 4 12 13,0,12,,31284,39,0,29 30 6,0,12,,31285,51,0,33 4 34,0,12,,31286,45,0,20 4 12 13,0,12,,31287,39,0,29 30 6,0,52,,31288,51,0,33 4 34,0,12,,31289,45,0,20 4 12 13,0,12,,31290,39,0,29 30 6,0,12,,31291,51,0,33 4 34,0,12,,31292,45,0,20 4 12 13,0,52,,31293,39,0,29 30 6,0,12,,31294,51,0,33 4 34,0,12,,31295,45,0,20 4 12 13,0,12,,31296,39,0,29 30 6,0,12,,31297,51,0,33 4 34,0,52,,31298,45,0,20 4 12 13,0,12,,31299,39,0,29 30 6,0,12,,31300,51,0,33 4 34,0,12,,31301,45,0,20 4 12 13,0,12,,31302,39,0,29 30 6,0,52,,31303,51,0,33 4 34,0,12,,31304,45,0,20 4 12 13,0,12,,31305,39,0,29 30 6,0,12,,31306,51,0,33 4 34,0,12,,31307,45,0,20 4 12 13,0,52,,31308,39,0,29 30 6,0,12,,31309,51,0,33 4 34,0,12,,31310,45,0,20 4 12 13,0,12,,31311,39,0,29 30 6,0,12,,31312,51,0,33 4 34,0,52,,31313,45,0,20 4 12 13,0,12,,31314,39,0,29 30 6,0,12,,31315,51,0,33 4 34,0,12,,31316,45,0,20 4 12 13,0,12,,31317,39,0,29 30 6,0,52,,31318,51,0,33 4 34,0,11,,31319,45,0,20 4 12 13,0,12,,31320,39,0,29 30 6,0,15,,31321,51,0,33 4 34,0,55,,31322,45,0,20 4 12 13,0,15,,31323,39,0,29 30 6,0,15,,31324,51,0,33 4 34,0,15,,31325,45,0,20 4 12 13,0,55,,31326,39,0,29 30 6,0,15,,31327,51,0,33 4 34,0,15,,31328,45,0,20 4 12 13,0,15,,31329,39,0,29 30 6,0,55,,31330,51,0,33 4 34,0,15,,31331,45,0,20 4 12 13,0,15,,31332,39,0,29 30 6,0,15,,31333,51,0,33 4 34,0,55,,31334,45,0,20 4 12 13,0,15,,31335,39,0,29 30 6,0,15,,31336,51,0,33 4 34,0,15,,31337,45,0,20 4 12 13,0,55,,31338,51,0,33 4 34,0
578301,'4',520,,31406,3,0,29 30 6,0,21,,31342,3,0,20 4 12 13,0,10,,31343,3,0,29 30 6,0,3,,31407,51,0,33 4 34,0,62,,31345,45,0,20 4 12 13,0,4,,31344,51,0,33 4 34,0,11,,31346,39,0,29 30 6,0,15,,31347,51,0,33 4 34,0,55,,31348,45,0,20 4 12 13,0,15,,31349,39,0,29 30 6,0,15,,31350,51,0,33 4 34,0,15,,31351,45,0,20 4 12 13,0,55,,31352,39,0,29 30 6,0,15,,31353,51,0,33 4 34,0,15,,31354,45,0,20 4 12 13,0,15,,31355,39,0,29 30 6,0,55,,31356,51,0,33 4 34,0,15,,31357,45,0,20 4 12 13,0,15,,31358,39,0,29 30 6,0,15,,31359,51,0,33 4 34,0,55,,31360,45,0,20 4 12 13,0,15,,31361,39,0,29 30 6,0,15,,31362,51,0,33 4 34,0,15,,31363,45,0,20 4 12 13,0,55,,31364,39,0,29 30 6,0,15,,31365,51,0,33 4 34,0,15,,31366,45,0,20 4 12 13,0,15,,31367,39,0,29 30 6,0,55,,31368,51,0,33 4 34,0,15,,31369,45,0,20 4 12 13,0,15,,31370,39,0,29 30 6,0,15,,31371,51,0,33 4 34,0,55,,31372,45,0,20 4 12 13,0,15,,31373,39,0,29 30 6,0,15,,31374,51,0,33 4 34,0,15,,31375,45,0,20 4 12 13,0,55,,31376,39,0,29 30 6,0,15,,31377,51,0,33 4 34,0,15,,31378,45,0,20 4 12 13,0,15,,31379,39,0,29 30 6,0,55,,31380,51,0,33 4 34,0,15,,31381,45,0,20 4 12 13,0,15,,31382,39,0,29 30 6,0,15,,31383,51,0,33 4 34,0,55,,31384,45,0,20 4 12 13,0,15,,31385,39,0,29 30 6,0,15,,31386,51,0,33 4 34,0,15,,31387,45,0,20 4 12 13,0,55,,31388,39,0,29 30 6,0,15,,31389,51,0,33 4 34,0,15,,31390,45,0,20 4 12 13,0,15,,31391,39,0,29 30 6,0,55,,31392,51,0,33 4 34,0,15,,31393,45,0,20 4 12 13,0,15,,31394,39,0,29 30 6,0,15,,31395,51,0,33 4 34,0,55,,31396,45,0,20 4 12 13,0,15,,31397,39,0,29 30 6,0,15,,31398,51,0,33 4 34,0,15,,31399,45,0,20 4 12 13,0,55,,31400,39,0,29 30 6,0,15,,31401,51,0,33 4 34,0,15,,31402,45,0,20 4 12 13,0,15,,31403,39,0,29 30 6,0,55,,31405,51,0,33 4 34,0
578301,'6',506,,31408,3,0,20 4 12 13,0,5,,31409,3,0,33 4 34,0,15,,31410,3,0,29 30 6,0,20,,31411,51,0,33 4 34,0,5,,31412,3,0,20 4 12 13,0,50,,31413,45,0,20 4 12 13,0,15,,31414,39,0,29 30 6,0,15,,31415,51,0,33 4 34,0,15,,31416,45,0,20 4 12 13,0,55,,31417,39,0,29 30 6,0,15,,31418,51,0,33 4 34,0,15,,31419,45,0,20 4 12 13,0,15,,31420,39,0,29 30 6,0,55,,31421,51,0,33 4 34,0,15,,31422,45,0,20 4 12 13,0,15,,31423,39,0,29 30 6,0,15,,31424,51,0,33 4 34,0,55,,31425,45,0,20 4 12 13,0,15,,31426,39,0,29 30 6,0,15,,31427,51,0,33 4 34,0,13,,31428,45,0,20 4 12 13,0,12,,31429,39,0,29 30 6,0,52,,31430,51,0,33 4 34,0,12,,31431,45,0,20 4 12 13,0,12,,31432,39,0,29 30 6,0,12,,31433,51,0,33 4 34,0,12,,31434,45,0,20 4 12 13,0,52,,31435,39,0,29 30 6,0,12,,31436,51,0,33 4 34,0,12,,31437,45,0,20 4 12 13,0,12,,31438,39,0,29 30 6,0,12,,31439,51,0,33 4 34,0,52,,31440,45,0,20 4 12 13,0,12,,31441,39,0,29 30 6,0,12,,31442,51,0,33 4 34,0,12,,31443,45,0,20 4 12 13,0,12,,31444,39,0,29 30 6,0,52,,31445,51,0,33 4 34,0,12,,31446,45,0,20 4 12 13,0,12,,31447,39,0,29 30 6,0,12,,31448,51,0,33 4 34,0,12,,31449,45,0,20 4 12 13,0,52,,31450,39,0,29 30 6,0,12,,31451,51,0,33 4 34,0,12,,31452,45,0,20 4 12 13,0,12,,31453,39,0,29 30 6,0,12,,31454,51,0,33 4 34,0,52,,31455,45,0,20 4 12 13,0,12,,31456,39,0,29 30 6,0,12,,31457,51,0,33 4 34,0,12,,31458,45,0,20 4 12 13,0,12,,31459,39,0,29 30 6,0,52,,31460,51,0,33 4 34,0,12,,31461,45,0,20 4 12 13,0,12,,31462,39,0,29 30 6,0,12,,31463,51,0,33 4 34,0,12,,31464,45,0,20 4 12 13,0,52,,31465,39,0,29 30 6,0,12,,31466,51,0,33 4 34,0,12,,31467,45,0,20 4 12 13,0,12,,31468,39,0,29 30 6,0,12,,31469,51,0,33 4 34,0,52,,31470,45,0,20 4 12 13,0,12,,31471,39,0,29 30 6,0,12,,31472,51,0,33 4 34,0,12,,31473,45,0,20 4 12 13,0,12,,31474,39,0,29 30 6,0,52,,31475,51,0,33 4 34,0,11,,31476,45,0,20 4 12 13,0,12,,31477,39,0,29 30 6,0,15,,31478,51,0,33 4 34,0,55,,31479,45,0,20 4 12 13,0,15,,31480,39,0,29 30 6,0,15,,31481,51,0,33 4 34,0,15,,31482,45,0,20 4 12 13,0,55,,31483,39,0,29 30 6,0,15,,31484,51,0,33 4 34,0,15,,31485,45,0,20 4 12 13,0,15,,31486,39,0,29 30 6,0,55,,31487,51,0,33 4 34,0,15,,31488,45,0,20 4 12 13,0,15,,31489,39,0,29 30 6,0,15,,31490,51,0,33 4 34,0,55,,31491,45,0,20 4 12 13,0,15,,31492,39,0,29 30 6,0,15,,31493,51,0,33 4 34,0,15,,31494,45,0,20 4 12 13,0,55,,31495,51,0,33 4 34,0
582000,'21903',1245,,40194,2,4,,0,60,,40195,2,4,,0,20,,40196,2,4,,0,20,,40197,2,4,,0,55,,40205,1,4,,0,5,,40198,2,4,,0,5,,40188,1,4,,0,10,,40192,1,4,,0,5,,40199,2,4,,0
582900,'1',620,,41003,8,,,0,10,,41004,8,,,0,10,,41005,8,,,0,10,,41006,8,,,0,50,,41007,8,,,0,10,,41008,8,,,0,10,,41009,8,,,0,10,,41010,8,,,0,10,,41011,8,,,0,10,,41012,8,,,0,50,,41013,8,,,0,10,,41014,8,,,0,10,,41015,8,,,0,10,,41016,8,,,0,10,,41017,8,,,0,10,,41018,8,,,0,50,,41019,8,,,0,10,,41020,8,,,0,10,,41021,8,,,0,10,,41022,8,,,0,10,,41023,8,,,0,10,,41024,8,,,0,50,,41025,8,,,0,10,,41026,8,,,0,10,,41027,8,,,0,11,,41028,8,,,0,12,,41029,8,,,0,12,,41030,8,,,0,52,,41031,8,,,0,12,,41032,8,,,0,12,,41033,8,,,0,12,,41034,8,,,0,12,,41035,8,,,0,52,,41036,8,,,0,12,,41037,8,,,0,12,,41038,8,,,0,12,,41039,8,,,0,12,,41040,8,,,0,52,,41041,8,,,0,12,,41042,8,,,0,12,,41043,8,,,0,12,,41044,8,,,0,12,,41045,8,,,0,52,,41046,8,,,0,12,,41047,8,,,0,12,,41048,8,,,0,10,,41049,8,,,0,10,,41050,8,,,0,50,,41051,8,,,0,10,,41052,8,,,0,10,,41053,8,,,0,10,,41054,8,,,0,10,,41055,8,,,0,10,,41056,8,,,0,50,,41057,8,,,0,10,,41058,8,,,0,10,,41059,8,,,0,10,,41060,8,,,0,10,,41061,8,,,0,10,,41062,8,,,0,50,,41063,8,,,0,10,,41064,8,,,0,10,,41065,8,,,0,10,,41066,8,,,0,10,,41067,8,,,0,10,,41068,8,,,0,50,,41069,8,,,0,10,,41070,8,,,0,10,,41071,8,,,0,10,,41072,8,,,0,10,,41073,8,,,0,10,,41074,8,,,0,50,,41075,8,,,0,10,,41076,8,,,0,10,,41077,8,,,0,12,,41078,8,,,0,12,,41079,8,,,0,12,,41080,8,,,0,52,,41081,8,,,0,12,,41082,8,,,0,12,,41083,8,,,0,12,,41084,8,,,0,12,,41085,8,,,0,52,,41086,8,,,0,12,,41087,8,,,0,12,,41088,8,,,0,12,,41089,8,,,0,12,,41090,8,,,0,56,,41091,8,,,0,30,,41092,8,,,0,70,,41093,8,,,0,30,,41094,8,,,0,70,,41095,8,,,0,30,,41096,8,,,0,79,,41097,8,,,0
582900,'2',809,,41185,1,,,0,10,,41184,1,,,0,10,,41186,8,,,0,10,,41183,8,,,0,10,,41182,8,,,0,10,,41181,8,,,0,50,,41180,8,,,0,10,,41179,8,,,0,10,,41178,8,,,0,10,,41177,8,,,0,10,,41176,8,,,0,10,,41175,8,,,0,50,,41174,8,,,0,10,,41173,8,,,0,10,,41172,8,,,0,10,,41171,8,,,0,10,,41170,8,,,0,10,,41169,8,,,0,50,,41168,8,,,0,10,,41167,8,,,0,10,,41166,8,,,0,10,,41165,8,,,0,10,,41164,8,,,0,10,,41163,8,,,0,50,,41162,8,,,0,10,,41161,8,,,0,10,,41160,8,,,0,10,,41159,8,,,0,10,,41158,8,,,0,10,,41157,8,,,0,50,,41156,8,,,0,10,,41155,8,,,0,10,,41154,8,,,0,10,,41153,8,,,0,10,,41152,8,,,0,10,,41151,8,,,0,50,,41150,8,,,0,10,,41149,8,,,0,10,,41148,8,,,0,10,,41147,8,,,0,10,,41146,8,,,0,10,,41145,8,,,0,50,,41144,8,,,0,10,,41143,8,,,0,10,,41142,8,,,0,10,,41141,8,,,0,10,,41140,8,,,0,10,,41139,8,,,0,50,,41138,8,,,0,10,,41137,8,,,0,10,,41136,8,,,0,10,,41135,8,,,0,10,,41134,8,,,0,10,,41133,8,,,0,50,,41132,8,,,0,10,,41131,8,,,0,10,,41130,8,,,0,10,,41129,8,,,0,10,,41128,8,,,0,10,,41127,8,,,0,50,,41126,8,,,0,10,,41125,8,,,0,10,,41124,8,,,0,10,,41123,8,,,0,10,,41122,8,,,0,10,,41121,8,,,0,50,,41120,8,,,0,10,,41119,8,,,0,10,,41118,8,,,0,10,,41117,8,,,0,10,,41116,8,,,0,52,,41115,8,,,0,12,,41114,8,,,0,12,,41113,8,,,0,12,,41112,8,,,0,12,,41111,8,,,0,52,,41110,8,,,0,12,,41109,8,,,0,12,,41108,8,,,0,12,,41107,8,,,0,12,,41106,8,,,0,52,,41105,8,,,0,12,,41104,8,,,0,30,,41103,8,,,0,70,,41102,8,,,0,30,,41101,8,,,0,70,,41100,8,,,0,30,,41099,8,,,0,65,,41098,8,,,0
582900,'3',800,,41187,1,,,0,15,,41188,1,,,0,12,,41189,8,,,0,15,,41190,8,,,0,15,,41191,8,,,0,55,,41192,8,,,0,15,,41193,8,,,0,15,,41194,8,,,0,15,,41195,8,,,0,55,,41196,8,,,0,15,,41197,8,,,0,15,,41198,8,,,0,15,,41199,8,,,0,55,,41200,8,,,0,15,,41201,8,,,0,15,,41202,8,,,0,15,,41203,8,,,0,55,,41204,8,,,0,15,,41205,8,,,0,15,,41206,8,,,0,15,,41207,8,,,0,55,,41208,8,,,0,15,,41209,8,,,0,15,,41210,8,,,0,15,,41211,8,,,0,55,,41212,8,,,0,15,,41213,8,,,0,15,,41214,8,,,0,15,,41215,8,,,0,55,,41216,8,,,0,15,,41217,8,,,0,15,,41218,8,,,0,15,,41219,8,,,0,55,,41220,8,,,0,15,,41221,8,,,0,15,,41222,8,,,0,15,,41223,8,,,0,55,,41224,8,,,0,15,,41225,8,,,0,15,,41226,8,,,0,15,,41227,8,,,0,55,,41228,8,,,0,15,,41229,8,,,0,15,,41230,8,,,0,58,,41231,8,,,0,20,,41232,8,,,0,20,,41233,8,,,0,60,,41234,8,,,0,20,,41235,8,,,0,20,,41236,8,,,0,60,,41237,8,,,0,20,,41238,8,,,0,20,,41239,8,,,0,62,,41240,8,,,0,30,,41241,8,,,0,70,,41242,8,,,0,30,,41243,8,,,0,70,,41244,8,4,,0
582900,'4',809,,41245,8,,,0,30,,41246,8,,,0,70,,41247,8,,,0,30,,41248,8,,,0,70,,41249,8,,,0,30,,41250,8,,,0,20,,41251,8,,,0,60,,41252,8,,,0,20,,41253,8,,,0,20,,41254,8,,,0,60,,41255,8,,,0,20,,41256,8,,,0,20,,41257,8,,,0,60,,41258,8,,,0,20,,41259,8,,,0,20,,41260,8,,,0,60,,41261,8,,,0,20,,41262,8,,,0,20,,41263,8,,,0,60,,41264,8,,,0,20,,41265,8,,,0,20,,41266,8,,,0,60,,41267,8,,,0,20,,41268,8,,,0,20,,41269,8,,,0,60,,41270,8,,,0,20,,41271,8,,,0,20,,41272,8,,,0,60,,41273,8,,,0,20,,41274,8,,,0,70,,41275,8,,,0,30,,41276,8,,,0,70,,41277,8,,,0,30,,41278,8,,,0,70,,41279,8,,,0
582900,'6',800,,41280,1,,,0,15,,41281,1,,,0,12,,41282,8,,,0,15,,41283,8,,,0,15,,41284,8,,,0,55,,41285,8,,,0,15,,41286,8,,,0,15,,41287,8,,,0,15,,41288,8,,,0,55,,41289,8,,,0,15,,41290,8,,,0,15,,41291,8,,,0,15,,41292,8,,,0,55,,41293,8,,,0,15,,41294,8,,,0,15,,41295,8,,,0,15,,41296,8,,,0,55,,41297,8,,,0,15,,41298,8,,,0,15,,41299,8,,,0,15,,41300,8,,,0,55,,41301,8,,,0,15,,41302,8,,,0,15,,41303,8,,,0,15,,41304,8,,,0,55,,41305,8,,,0,15,,41306,8,,,0,15,,41307,8,,,0,15,,41308,8,,,0,55,,41309,8,,,0,15,,41310,8,,,0,15,,41311,8,,,0,15,,41312,8,,,0,55,,41313,8,,,0,15,,41314,8,,,0,15,,41315,8,,,0,15,,41316,8,,,0,55,,41317,8,,,0,15,,41318,8,,,0,15,,41319,8,,,0,15,,41320,8,,,0,55,,41321,8,,,0,15,,41322,8,,,0,15,,41323,8,,,0,58,,41324,8,,,0,20,,41325,8,,,0,20,,41326,8,,,0,60,,41327,8,,,0,20,,41328,8,,,0,20,,41329,8,,,0,60,,41330,8,,,0,20,,41331,8,,,0,20,,41332,8,,,0,62,,41333,8,,,0,30,,41334,8,,,0,70,,41335,8,,,0,30,,41336,8,,,0,70,,41337,8,4,,0
583200,'24202',1315,,42860,2,4,,0,20,,42859,2,4,,0,20,,42858,2,4,,0,60,,42857,2,4,,0,15,,42849,1,4,,0,5,,42856,2,4,,0,5,,42866,1,4,,0,10,,42862,1,4,,0,5,,42855,2,4,,0
583300,'1401',1715,,42884,2,4,,0,20,,42883,2,4,,0,20,,42882,2,4,,0,60,,42881,2,4,,0,15,,42873,1,4,,0,5,,42880,2,4,,0,5,,42890,1,4,,0,10,,42886,1,4,,0,5,,42879,2,4,,0
583400,'1501',1745,,42908,2,4,,0,60,,42907,2,4,,0,20,,42906,2,4,,0,20,,42905,2,4,,0,55,,42897,1,4,,0,5,,42904,2,4,,0,5,,42914,1,4,,0,10,,42910,1,4,,0,5,,42903,2,4,,0
