578900,'1',552,,32428,52,,,0,70,,32462,52,,,0,30,,32455,52,,,0,70,,32458,52,,,0,33,,32457,52,,,0,70,,32456,52,,,0,30,,32461,52,,,0,70,,32460,52,,,0,30,,32459,52,,,0,70,,32452,52,,,0,30,,32451,52,,,0,70,,32450,52,,,0,30,,32449,52,,,0,70,,32448,52,,,0,30,,32447,52,,,0,70,,32446,52,,,0,30,,32445,52,,,0,70,,32454,52,,,0,30,,32453,52,,,0,70,,32441,52,,,0,30,,32435,52,,,0,70,,32440,52,,,0,30,,32444,52,,,0,70,,32443,52,,,0,30,,32442,52,,,0,70,,32433,52,,,0,26,,32439,52,,,0,70,,32431,52,,,0,30,,32430,52,,,0,70,,32429,52,,,0,30,,32432,52,,,0,70,,32426,52,,,0,30,,32436,52,,,0,70,,32425,52,,,0,31,,32434,52,,,0,70,,32424,52,,,0,80,,32438,52,,,0,50,,32437,52,,,0,100,,32427,52,,,0
578900,'2',536,,32498,50,,,0,70,,32499,50,,,0,30,,32470,50,,,0,70,,32500,50,,,0,30,,32494,50,,,0,70,,32493,50,,,0,33,,32488,50,,,0,70,,32487,50,,,0,30,,32491,50,,,0,70,,32490,50,,,0,30,,32489,50,,,0,70,,32481,50,,,0,30,,32476,50,,,0,70,,32486,50,,,0,30,,32473,50,,,0,70,,32472,50,,,0,30,,32471,50,,,0,70,,32475,50,,,0,30,,32474,50,,,0,70,,32477,50,,,0,30,,32485,50,,,0,70,,32484,50,,,0,30,,32483,50,,,0,70,,32482,50,,,0,30,,32497,50,,,0,70,,32496,50,,,0,27,,32495,50,,,0,70,,32492,50,,,0,30,,32480,50,,,0,70,,32479,50,,,0,30,,32478,50,,,0,70,,32468,50,,,0,30,,32467,50,,,0,70,,32464,50,,,0,30,,32463,50,,,0,100,,32466,50,,,0,100,,32465,50,,,0,100,,32469,50,,,0
578900,'3',536,,32535,50,,,0,70,,32536,50,,,0,30,,32507,50,,,0,70,,32537,50,,,0,30,,32531,50,,,0,70,,32530,50,,,0,33,,32525,50,,,0,70,,32524,50,,,0,30,,32528,50,,,0,70,,32527,50,,,0,30,,32526,50,,,0,70,,32518,50,,,0,30,,32513,50,,,0,70,,32523,50,,,0,30,,32510,50,,,0,70,,32509,50,,,0,30,,32508,50,,,0,70,,32512,50,,,0,30,,32511,50,,,0,70,,32514,50,,,0,30,,32522,50,,,0,70,,32521,50,,,0,30,,32520,50,,,0,70,,32519,50,,,0,30,,32534,50,,,0,70,,32533,50,,,0,27,,32532,50,,,0,70,,32529,50,,,0,30,,32517,50,,,0,70,,32516,50,,,0,30,,32515,50,,,0,70,,32506,50,,,0,30,,32505,50,,,0,70,,32502,50,,,0,30,,32501,50,,,0,100,,32504,50,,,0,100,,32503,50,,,0
578900,'4',655,,32538,50,,,0,100,,32539,50,,,0,100,,32540,50,,,0,103,,32541,50,,,0,100,,32542,50,,,0,100,,32543,50,,,0,100,,32544,50,,,0,100,,32545,50,,,0,100,,32546,50,,,0,100,,32547,50,,,0,100,,32548,50,,,0,100,,32549,50,,,0,97,,32550,50,,,0,100,,32551,50,,,0,100,,32552,50,,,0,100,,32553,50,,,0
578900,'6',536,,32588,50,,,0,70,,32589,50,,,0,30,,32560,50,,,0,70,,32590,50,,,0,30,,32584,50,,,0,70,,32583,50,,,0,33,,32578,50,,,0,70,,32577,50,,,0,30,,32581,50,,,0,70,,32580,50,,,0,30,,32579,50,,,0,70,,32571,50,,,0,30,,32566,50,,,0,70,,32576,50,,,0,30,,32563,50,,,0,70,,32562,50,,,0,30,,32561,50,,,0,70,,32565,50,,,0,30,,32564,50,,,0,70,,32567,50,,,0,30,,32575,50,,,0,70,,32574,50,,,0,30,,32573,50,,,0,70,,32572,50,,,0,30,,32587,50,,,0,70,,32586,50,,,0,27,,32585,50,,,0,70,,32582,50,,,0,30,,32570,50,,,0,70,,32569,50,,,0,30,,32568,50,,,0,70,,32559,50,,,0,30,,32558,50,,,0,70,,32555,50,,,0,30,,32554,50,,,0,100,,32557,50,,,0,100,,32556,50,,,0
579400,'1',534,,34117,50,,,0,25,,34118,50,,,0,60,,34119,50,,,0,20,,34120,50,,,0,20,,34121,50,,,0,55,,34122,50,,,0,22,,34123,50,,,0,15,,34124,50,,,0,55,,34125,50,,,0,15,,34126,50,,,0,15,,34127,50,,,0,15,,34128,50,,,0,55,,34129,50,,,0,15,,34130,50,,,0,15,,34131,50,,,0,15,,34132,50,,,0,55,,34133,50,,,0,15,,34134,50,,,0,17,,34135,50,,,0,15,,34136,50,,,0,55,,34137,50,,,0,15,,34138,50,,,0,15,,34139,50,,,0,15,,34140,50,,,0,55,,34141,50,,,0,15,,34142,50,,,0,15,,34143,50,,,0,15,,34144,50,,,0,55,,34145,50,,,0,15,,34146,50,,,0,15,,34147,50,,,0,15,,34148,50,,,0,55,,34149,50,,,0,15,,34150,50,,,0,20,,34151,50,,,0,15,,34152,50,,,0,55,,34153,50,,,0,15,,34154,50,,,0,15,,34155,50,,,0,15,,34156,50,,,0,55,,34157,50,,,0,15,,34158,50,,,0,15,,34159,50,,,0,15,,34160,50,,,0,55,,34161,50,,,0,15,,34162,50,,,0,15,,34163,50,,,0,15,,34164,50,,,0,55,,34165,50,,,0,15,,34166,50,,,0,15,,34167,50,,,0,70,,34168,50,,,0,22,,34169,50,,,0,70,,34170,50,,,0,30,,34171,50,,,0,70,,34172,50,,,0,30,,34173,50,,,0,70,,34174,50,,,0,26,,34175,50,,,0,70,,34176,50,,,0,30,,34177,50,,,0,70,,34178,50,,,0,30,,34179,50,,,0,70,,34180,50,,,0,30,,34181,50,,,0,20,,34182,50,,,0
579400,'2',634,,34216,50,,,0,70,,34215,50,,,0,30,,34214,50,,,0,70,,34210,50,,,0,30,,34209,50,,,0,70,,34213,50,,,0,36,,34212,50,,,0,70,,34211,50,,,0,30,,34218,50,,,0,70,,34217,50,,,0,30,,34198,50,,,0,70,,34197,50,,,0,30,,34195,50,,,0,70,,34208,50,,,0,30,,34207,50,,,0,70,,34206,50,,,0,30,,34205,50,,,0,70,,34204,50,,,0,30,,34200,50,,,0,70,,34199,50,,,0,30,,34196,50,,,0,70,,34194,50,,,0,30,,34188,50,,,0,70,,34187,50,,,0,30,,34186,50,,,0,66,,34193,50,,,0,30,,34192,50,,,0,70,,34191,50,,,0,30,,34184,50,,,0,70,,34183,50,,,0,30,,34220,50,,,0,66,,34185,50,,,0,30,,34203,50,,,0,70,,34202,50,,,0,30,,34201,50,,,0,70,,34219,50,,,0,30,,34190,50,,,0,100,,34189,50,,,0
579400,'3',617,,34228,50,,,0,30,,34248,50,,,0,70,,34251,50,,,0,30,,34250,50,,,0,70,,34249,50,,,0,30,,34246,50,,,0,70,,34247,50,,,0,33,,34254,50,,,0,70,,34253,50,,,0,30,,34256,50,,,0,70,,34255,50,,,0,30,,34258,50,,,0,70,,34257,50,,,0,30,,34241,50,,,0,70,,34245,50,,,0,30,,34244,50,,,0,70,,34243,50,,,0,30,,34242,50,,,0,70,,34236,50,,,0,30,,34240,50,,,0,70,,34239,50,,,0,30,,34238,50,,,0,70,,34237,50,,,0,30,,34234,50,,,0,70,,34226,50,,,0,30,,34233,50,,,0,70,,34232,50,,,0,25,,34235,50,,,0,70,,34225,50,,,0,30,,34252,50,,,0,70,,34224,50,,,0,30,,34231,50,,,0,70,,34223,50,,,0,30,,34230,50,,,0,70,,34222,50,,,0,30,,34229,50,,,0,65,,34221,50,,,0,20,,34227,50,,,0
579400,'4',633,,34259,50,,,0,70,,34260,50,,,0,30,,34261,50,,,0,70,,34262,50,,,0,30,,34263,50,,,0,70,,34264,50,,,0,32,,34265,50,,,0,70,,34266,50,,,0,30,,34267,50,,,0,70,,34268,50,,,0,30,,34269,50,,,0,70,,34270,50,,,0,30,,34271,50,,,0,70,,34272,50,,,0,30,,34273,50,,,0,70,,34274,50,,,0,30,,34275,50,,,0,70,,34276,50,,,0,30,,34277,50,,,0,70,,34278,50,,,0,30,,34279,50,,,0,70,,34280,50,,,0,30,,34281,50,,,0,70,,34282,50,,,0,27,,34283,50,,,0,70,,34284,50,,,0,30,,34285,50,,,0,70,,34286,50,,,0,30,,34287,50,,,0,70,,34288,50,,,0,30,,34289,50,,,0
579400,'6',634,,34323,50,,,0,70,,34322,50,,,0,30,,34321,50,,,0,70,,34317,50,,,0,30,,34316,50,,,0,70,,34320,50,,,0,36,,34319,50,,,0,70,,34318,50,,,0,30,,34325,50,,,0,70,,34324,50,,,0,30,,34305,50,,,0,70,,34304,50,,,0,30,,34302,50,,,0,70,,34315,50,,,0,30,,34314,50,,,0,70,,34313,50,,,0,30,,34312,50,,,0,70,,34311,50,,,0,30,,34307,50,,,0,70,,34306,50,,,0,30,,34303,50,,,0,70,,34301,50,,,0,30,,34295,50,,,0,70,,34294,50,,,0,30,,34293,50,,,0,66,,34300,50,,,0,30,,34299,50,,,0,70,,34298,50,,,0,30,,34291,50,,,0,70,,34290,50,,,0,30,,34327,50,,,0,66,,34292,50,,,0,30,,34310,50,,,0,70,,34309,50,,,0,30,,34308,50,,,0,70,,34326,50,,,0,30,,34297,50,,,0,100,,34296,50,,,0
580600,'1',451,,38395,18,,,0,87,,38394,39,,,0,72,,38393,39,,,0,30,,38392,39,,,0,70,,38391,39,,,0,25,,38390,39,,,0,20,,38389,39,,,0,55,,38388,39,,,0,15,,38387,39,,,0,15,,38386,39,,,0,15,,38385,39,,,0,55,,38384,39,,,0,15,,38383,39,,,0,15,,38382,39,,,0,15,,38381,39,,,0,64,,38380,39,,,0,30,,38379,39,,,0,70,,38378,39,,,0,30,,38377,39,,,0,70,,38376,39,,,0,30,,38375,39,,,0,70,,38374,39,,,0,30,,38373,39,,,0,70,,38372,39,,,0,25,,38371,39,,,0,65,,38370,39,,,0,15,,38369,39,,,0,15,,38368,39,,,0,15,,38367,39,,,0,55,,38366,39,,,0,15,,38365,39,,,0,15,,38364,39,,,0,15,,38363,39,,,0,55,,38362,39,,,0,15,,38361,39,,,0,15,,38360,39,,,0,15,,38359,39,,,0,55,,38358,39,,,0,15,,38357,39,,,0,15,,38356,39,,,0,10,,38355,39,,,0,71,,38354,39,,,0,30,,38353,39,,,0,70,,38352,39,,,0,30,,38351,39,,,0,70,,38350,39,,,0,30,,38349,39,,,0,70,,38348,39,,,0,30,,38347,39,,,0,70,,38345,39,,,0,30,,38344,39,,,0,70,,38346,39,,,0,30,,38343,39,,,0,70,,38342,39,,,0
580600,'2',541,,38397,39,,,0,70,,38434,39,,,0,30,,38417,39,,,0,70,,38418,39,,,0,30,,38416,39,,,0,70,,38419,39,,,0,30,,38403,39,,,0,70,,38420,39,,,0,30,,38414,39,,,0,70,,38421,39,,,0,30,,38406,39,,,0,70,,38422,39,,,0,30,,38407,39,,,0,70,,38423,39,,,0,30,,38408,39,,,0,70,,38424,39,,,0,30,,38409,39,,,0,70,,38425,39,,,0,30,,38410,39,,,0,70,,38426,39,,,0,30,,38411,39,,,0,70,,38427,39,,,0,30,,38412,39,,,0,70,,38428,39,,,0,30,,38413,39,,,0,70,,38429,39,,,0,30,,38415,39,,,0,70,,38405,39,,,0,30,,38404,39,,,0,70,,38402,39,,,0,30,,38401,39,,,0,70,,38400,39,,,0,30,,38399,39,,,0,70,,38430,39,,,0,30,,38431,39,,,0,70,,38432,39,,,0,30,,38433,39,,,0,70,,38398,39,,,0,25,,38435,39,,,0,70,,38436,39,,,0
580600,'3',641,,38457,39,,,0,70,,38458,39,,,0,30,,38456,39,,,0,70,,38459,39,,,0,30,,38443,39,,,0,70,,38460,39,,,0,30,,38454,39,,,0,70,,38461,39,,,0,30,,38446,39,,,0,70,,38462,39,,,0,30,,38447,39,,,0,70,,38463,39,,,0,30,,38448,39,,,0,70,,38464,39,,,0,30,,38449,39,,,0,70,,38465,39,,,0,30,,38450,39,,,0,70,,38466,39,,,0,30,,38451,39,,,0,70,,38467,39,,,0,30,,38452,39,,,0,70,,38468,39,,,0,30,,38453,39,,,0,70,,38469,39,,,0,30,,38455,39,,,0,70,,38445,39,,,0,30,,38444,39,,,0,70,,38442,39,,,0,30,,38441,39,,,0,70,,38440,39,,,0,30,,38439,39,,,0,70,,38470,39,,,0,29,,38471,39,,,0,70,,38472,39,,,0,30,,38473,39,,,0,70,,38438,39,,,0
580600,'4',641,,38491,39,,,0,70,,38492,39,,,0,30,,38490,39,,,0,70,,38493,39,,,0,30,,38477,39,,,0,70,,38494,39,,,0,30,,38488,39,,,0,70,,38495,39,,,0,30,,38480,39,,,0,70,,38496,39,,,0,30,,38481,39,,,0,70,,38497,39,,,0,30,,38482,39,,,0,70,,38498,39,,,0,30,,38483,39,,,0,70,,38499,39,,,0,30,,38484,39,,,0,70,,38500,39,,,0,30,,38485,39,,,0,70,,38501,39,,,0,30,,38486,39,,,0,70,,38502,39,,,0,30,,38487,39,,,0,70,,38503,39,,,0,30,,38489,39,,,0,70,,38479,39,,,0,30,,38478,39,,,0,70,,38476,39,,,0,30,,38475,39,,,0,70,,38474,39,,,0
580600,'6',541,,38505,39,,,0,70,,38542,39,,,0,30,,38525,39,,,0,70,,38526,39,,,0,30,,38524,39,,,0,70,,38527,39,,,0,30,,38511,39,,,0,70,,38528,39,,,0,30,,38522,39,,,0,70,,38529,39,,,0,30,,38514,39,,,0,70,,38530,39,,,0,30,,38515,39,,,0,70,,38531,39,,,0,30,,38516,39,,,0,70,,38532,39,,,0,30,,38517,39,,,0,70,,38533,39,,,0,30,,38518,39,,,0,70,,38534,39,,,0,30,,38519,39,,,0,70,,38535,39,,,0,30,,38520,39,,,0,70,,38536,39,,,0,30,,38521,39,,,0,70,,38537,39,,,0,30,,38523,39,,,0,70,,38513,39,,,0,30,,38512,39,,,0,70,,38510,39,,,0,30,,38509,39,,,0,70,,38508,39,,,0,30,,38507,39,,,0,70,,38538,39,,,0,30,,38539,39,,,0,70,,38540,39,,,0,30,,38541,39,,,0,70,,38506,39,,,0,25,,38543,39,,,0,70,,38544,39,,,0
580700,'1',554,,38810,32,,,0,70,,38808,32,,,0,17,,38806,32,,,0,15,,38805,32,,,0,55,,38804,32,,,0,15,,38803,32,,,0,15,,38802,32,,,0,15,,38801,32,,,0,55,,38800,32,,,0,15,,38799,32,,,0,15,,38798,32,,,0,15,,38797,32,,,0,55,,38796,32,,,0,15,,38795,32,,,0,21,,38794,32,,,0,60,,38793,32,,,0,30,,38792,32,,,0,70,,38791,32,,,0,30,,38790,32,,,0,70,,38789,32,,,0,30,,38788,32,,,0,70,,38787,32,,,0,28,,38785,32,,,0,70,,38783,32,,,0,25,,38781,32,,,0,15,,38780,32,,,0,55,,38779,32,,,0,15,,38778,32,,,0,15,,38777,32,,,0,15,,38776,32,,,0,55,,38775,32,,,0,15,,38774,32,,,0,15,,38773,32,,,0,15,,38772,32,,,0,55,,38771,32,,,0,15,,38770,32,,,0,15,,38769,32,,,0,15,,38768,32,,,0,55,,38767,32,,,0,15,,38766,32,,,0,15,,38765,32,,,0,70,,38764,32,,,0,30,,38763,32,,,0,70,,38762,32,,,0,30,,38761,32,,,0,70,,38760,32,,,0,30,,38759,32,,,0,71,,38758,32,,,0,30,,38757,32,,,0,70,,38756,32,,,0,30,,38755,32,,,0,70,,38754,32,,,0,30,,38750,32,,,0,70,,38753,32,,,0,25,,38752,32,0,5 6,0,97,,38751,32,0,7 4 8 9 10,0
580700,'2',536,,38854,32,,,0,70,,38816,32,,,0,30,,38817,32,,,0,75,,38818,32,,,0,30,,38819,32,,,0,70,,38820,32,,,0,30,,38821,32,,,0,70,,38822,32,,,0,30,,38823,32,,,0,70,,38824,32,,,0,29,,38825,32,,,0,70,,38826,32,,,0,30,,38827,32,,,0,70,,38828,32,,,0,30,,38829,32,,,0,70,,38830,32,,,0,30,,38831,32,,,0,70,,38832,32,,,0,30,,38833,32,,,0,70,,38834,32,,,0,30,,38835,32,,,0,70,,38836,32,,,0,30,,38837,32,,,0,70,,38838,32,,,0,30,,38839,32,,,0,70,,38840,32,,,0,30,,38841,32,,,0,72,,38842,32,,,0,30,,38843,32,,,0,70,,38844,32,,,0,30,,38845,32,,,0,70,,38846,32,,,0,30,,38847,32,,,0,70,,38848,32,,,0,30,,38849,32,,,0,70,,38850,32,,,0,30,,38851,32,,,0,70,,38852,32,,,0,43,,38853,32,,,0
580700,'3',629,,38855,32,,,0,30,,38868,32,,,0,80,,38856,32,,,0,70,,38869,32,,,0,30,,38857,32,,,0,70,,38870,32,,,0,30,,38858,32,,,0,70,,38871,32,,,0,31,,38859,32,,,0,70,,38872,32,,,0,30,,38860,32,,,0,70,,38873,32,,,0,30,,38861,32,,,0,70,,38874,32,,,0,30,,38862,32,,,0,70,,38875,32,,,0,30,,38863,32,,,0,70,,38876,32,,,0,30,,38864,32,,,0,70,,38877,32,,,0,30,,38865,32,,,0,70,,38878,32,,,0,30,,38866,32,,,0,70,,38879,32,,,0,33,,38867,32,,,0,70,,38889,32,,,0,30,,38880,32,,,0,70,,38886,32,,,0,30,,38881,32,,,0,70,,38887,32,,,0,30,,38882,32,,,0,70,,38888,32,,,0,30,,38883,32,,,0,70,,38890,32,,,0,30,,38884,32,,,0,70,,38891,32,,,0,30,,38885,32,0,7 4 8 9 10,0
580700,'4',651,,38907,32,,,0,70,,38892,32,,,0,30,,38908,32,,,0,70,,38893,32,,,0,30,,38909,32,,,0,70,,38894,32,,,0,30,,38910,32,,,0,70,,38895,32,,,0,30,,38911,32,,,0,70,,38896,32,,,0,30,,38912,32,,,0,70,,38897,32,,,0,30,,38913,32,,,0,70,,38898,32,,,0,30,,38914,32,,,0,70,,38899,32,,,0,30,,38915,32,,,0,70,,38900,32,,,0,30,,38916,32,,,0,70,,38901,32,,,0,30,,38917,32,,,0,70,,38902,32,,,0,30,,38918,32,,,0,70,,38903,32,,,0,30,,38919,32,,,0,70,,38904,32,,,0,30,,38920,32,,,0,70,,38905,32,,,0,30,,38921,32,,,0,70,,38906,32,0,7 4 8 9 10,0
580700,'6',629,,38924,32,,,0,30,,38937,32,,,0,80,,38925,32,,,0,70,,38938,32,,,0,30,,38926,32,,,0,70,,38939,32,,,0,30,,38927,32,,,0,70,,38940,32,,,0,31,,38928,32,,,0,70,,38941,32,,,0,30,,38929,32,,,0,70,,38942,32,,,0,30,,38930,32,,,0,70,,38943,32,,,0,30,,38931,32,,,0,70,,38944,32,,,0,30,,38932,32,,,0,70,,38945,32,,,0,30,,38933,32,,,0,70,,38946,32,,,0,30,,38934,32,,,0,70,,38947,32,,,0,30,,38935,32,,,0,70,,38948,32,,,0,33,,38936,32,,,0,70,,38958,32,,,0,30,,38949,32,,,0,70,,38955,32,,,0,30,,38950,32,,,0,70,,38956,32,,,0,30,,38951,32,,,0,70,,38957,32,,,0,30,,38952,32,,,0,70,,38959,32,,,0,30,,38953,32,,,0,70,,38960,32,,,0,30,,38954,32,0,7 4 8 9 10,0
