578000,355415,1,0,0
578000,1790,2,0,0
578000,355762,3,0,0
578000,355427,4,0,0
578000,355428,5,0,0
578000,355429,6,0,0
578000,356011,7,0,0
578000,1093,8,0,0
578000,1069,9,0,0
578000,1125,10,0,0
578000,355505,11,0,0
578000,1066,12,0,0
578000,1111,13,0,0
578000,1127,14,0,0
578000,1108,15,0,0
578000,1051,16,0,0
578000,1060,17,0,0
578000,1109,18,0,0
578000,1045,19,0,0
578000,355811,20,0,0
578000,1087,21,0,0
578000,1073,22,0,0
578000,1056,23,0,0
578000,1050,24,0,0
578000,1105,25,0,0
578000,356102,26,0,0
578000,1044,27,0,0
578000,1071,28,0,0
578000,1103,29,0,0
578000,1081,30,0,0
578000,1077,31,0,0
578000,356117,32,0,0
578000,1067,33,0,0
578000,1113,34,0,0
578000,1116,35,0,0
578000,2208,36,0,0
578000,356094,37,0,0
578000,2203,38,0,0
578000,2207,39,0,0
578000,2205,40,0,0
578000,3197,41,0,0
578000,356217,42,0,0
578000,1115,43,0,0
578000,1095,44,0,0
578000,1083,45,0,0
578000,1058,46,0,0
578000,1102,47,0,0
578000,1041,48,0,0
578000,1085,49,0,0
578000,1053,50,0,0
578000,1117,51,0,0
578000,1042,52,0,0
578000,356055,53,1,1
578001,356055,1,0,0
578001,355288,2,0,0
578001,1055,3,0,0
578001,1054,4,0,0
578001,1086,5,0,0
578001,1040,6,0,0
578001,1063,7,0,0
578001,1059,8,0,0
578001,356218,9,0,0
578001,1084,10,0,0
578001,1096,11,0,0
578001,356288,12,0,0
578001,3196,13,0,0
578001,2209,14,0,0
578001,2206,15,0,0
578001,2204,16,0,0
578001,2210,17,0,0
578001,1101,18,0,0
578001,1043,19,0,0
578001,1120,20,0,0
578001,1114,21,0,0
578001,355413,22,0,0
578001,1062,23,0,0
578001,1078,24,0,0
578001,1082,25,0,0
578001,1104,26,0,0
578001,1072,27,0,0
578001,1070,28,0,0
578001,1099,29,0,0
578001,1106,30,0,0
578001,1089,31,0,0
578001,1057,32,0,0
578001,1074,33,0,0
578001,1088,34,0,0
578001,1091,35,0,0
578001,1046,36,0,0
578001,1110,37,0,0
578001,1064,38,0,0
578001,1052,39,0,0
578001,1094,40,0,0
578001,1107,41,0,0
578001,1126,42,0,0
578001,1112,43,0,0
578001,1065,44,0,0
578001,1118,45,0,0
578001,1124,46,0,0
578001,1068,47,0,0
578001,1092,48,0,0
578001,1079,49,0,0
578001,1737,50,0,0
578001,1736,51,0,0
578001,1744,52,0,0
578001,356219,53,0,0
578001,1771,54,0,0
578001,355415,55,1,1
578100,355432,1,0,0
578100,1790,2,0,0
578100,355762,3,0,0
578100,355427,4,0,0
578100,3128,5,0,0
578100,3129,6,0,0
578100,3139,7,0,0
578100,3138,8,0,0
578100,3130,9,0,0
578100,3136,10,0,0
578100,3140,11,0,0
578100,3133,12,0,0
578100,3137,13,0,0
578100,3131,14,0,0
578100,3135,15,0,0
578100,2641,16,0,0
578100,1247,17,0,0
578100,1267,18,0,0
578100,356100,19,0,0
578100,1261,20,0,0
578100,1254,21,0,0
578100,1249,22,0,0
578100,355831,23,0,0
578100,1269,24,0,0
578100,1256,25,0,0
578100,1259,26,0,0
578100,1271,27,0,0
578100,1265,28,0,0
578100,1252,29,0,0
578100,1193,30,0,0
578100,1190,31,0,0
578100,1192,32,0,0
578100,355690,33,0,0
578100,2572,34,0,0
578100,2567,35,0,0
578100,2563,36,0,0
578100,2569,37,0,0
578100,2561,38,0,0
578100,2565,39,0,0
578100,1182,40,0,0
578100,2543,41,1,1
578101,2543,1,0,0
578101,2544,2,0,0
578101,2562,3,0,0
578101,2570,4,0,0
578101,2566,5,0,0
578101,2573,6,0,0
578101,2571,7,0,0
578101,2728,8,0,0
578101,1191,9,0,0
578101,356053,10,0,0
578101,1253,11,0,0
578101,1266,12,0,0
578101,1272,13,0,0
578101,1260,14,0,0
578101,1257,15,0,0
578101,355830,16,0,0
578101,1273,17,0,0
578101,1250,18,0,0
578101,1255,19,0,0
578101,1262,20,0,0
578101,356099,21,0,0
578101,1268,22,0,0
578101,1248,23,0,0
578101,1275,24,0,0
578101,1263,25,0,0
578101,1251,26,0,0
578101,1274,27,0,0
578101,1278,28,0,0
578101,1276,29,0,0
578101,1258,30,0,0
578101,1277,31,0,0
578101,355437,32,0,0
578101,355438,33,0,0
578101,355439,34,0,0
578101,355440,35,0,0
578101,1736,36,0,0
578101,1744,37,0,0
578101,356219,38,0,0
578101,1771,39,0,0
578101,355432,40,1,1
578200,1768,1,0,0
578200,1758,2,0,0
578200,1711,3,0,0
578200,1712,4,0,0
578200,1707,5,0,0
578200,1147,6,0,0
578200,355565,7,0,0
578200,3218,8,0,0
578200,355727,9,0,0
578200,355309,10,0,0
578200,356227,11,0,0
578200,1740,12,0,0
578200,1746,13,0,0
578200,1742,14,0,0
578200,1748,15,0,0
578200,1735,16,0,0
578200,1214,17,0,0
578200,356274,18,0,0
578200,1207,19,0,0
578200,1232,20,0,0
578200,3083,21,0,0
578200,1478,22,0,0
578200,3078,23,0,0
578200,1231,24,0,0
578200,1239,25,0,0
578200,1235,26,0,0
578200,1211,27,0,0
578200,1218,28,0,0
578200,1202,29,0,0
578200,1225,30,0,0
578200,1215,31,0,0
578200,1237,32,0,0
578200,1204,33,0,0
578200,1498,34,0,0
578200,1494,35,0,0
578200,1496,36,0,0
578200,1175,37,0,0
578200,1180,38,0,0
578200,1376,39,0,0
578200,1373,40,0,0
578200,1223,41,0,0
578200,1220,42,0,0
578200,1196,43,0,0
578200,1197,44,0,0
578200,1226,45,0,0
578200,1209,46,0,0
578200,355945,47,0,0
578200,1228,48,0,0
578200,355291,49,0,0
578200,1200,50,0,0
578200,1221,51,0,0
578200,1562,52,0,0
578200,1556,53,0,0
578200,1560,54,0,0
578200,1558,55,0,0
578200,1564,56,0,0
578200,356162,57,0,0
578200,3198,58,0,0
578200,355284,59,0,0
578200,3192,60,0,0
578200,356217,61,0,0
578200,1115,62,0,0
578200,1095,63,0,0
578200,2321,64,0,0
578200,2320,65,0,0
578200,2322,66,0,0
578200,2331,67,0,0
578200,2327,68,0,0
578200,2317,69,0,0
578200,2332,70,0,0
578200,2329,71,0,0
578200,1893,72,0,0
578200,2534,73,0,0
578200,2536,74,0,0
578200,2529,75,0,0
578200,2527,76,0,0
578200,2537,77,0,0
578200,2540,78,0,0
578200,2531,79,0,0
578200,1632,80,0,0
578200,1628,81,0,0
578200,1631,82,0,0
578200,2307,83,0,0
578200,2301,84,0,0
578200,2299,85,0,0
578200,2309,86,1,1
578201,2309,1,0,0
578201,2300,2,0,0
578201,2302,3,0,0
578201,2308,4,0,0
578201,1630,5,0,0
578201,1627,6,0,0
578201,1638,7,0,0
578201,1625,8,0,0
578201,2530,9,0,0
578201,2539,10,0,0
578201,2538,11,0,0
578201,2526,12,0,0
578201,2528,13,0,0
578201,2535,14,0,0
578201,2533,15,0,0
578201,2330,16,0,0
578201,355258,17,0,0
578201,2318,18,0,0
578201,2326,19,0,0
578201,2328,20,0,0
578201,2325,21,0,0
578201,2323,22,0,0
578201,2324,23,0,0
578201,2315,24,0,0
578201,1096,25,0,0
578201,356288,26,0,0
578201,3200,27,0,0
578201,355280,28,0,0
578201,3199,29,0,0
578201,3194,30,0,0
578201,1559,31,0,0
578201,1561,32,0,0
578201,1557,33,0,0
578201,1563,34,0,0
578201,1222,35,0,0
578201,1201,36,0,0
578201,1199,37,0,0
578201,1229,38,0,0
578201,1212,39,0,0
578201,1208,40,0,0
578201,1227,41,0,0
578201,356057,42,0,0
578201,1721,43,0,0
578201,1377,44,0,0
578201,1374,45,0,0
578201,1375,46,0,0
578201,1372,47,0,0
578201,1176,48,0,0
578201,1497,49,0,0
578201,1495,50,0,0
578201,1500,51,0,0
578201,1720,52,0,0
578201,1236,53,0,0
578201,1224,54,0,0
578201,1203,55,0,0
578201,1219,56,0,0
578201,1210,57,0,0
578201,1234,58,0,0
578201,1238,59,0,0
578201,1230,60,0,0
578201,3080,61,0,0
578201,3083,62,0,0
578201,1478,63,0,0
578201,3078,64,0,0
578201,1233,65,0,0
578201,356085,66,0,0
578201,1216,67,0,0
578201,1213,68,0,0
578201,1749,69,0,0
578201,1743,70,0,0
578201,1747,71,0,0
578201,1741,72,0,0
578201,1737,73,0,0
578201,1736,74,0,0
578201,1744,75,0,0
578201,1768,76,1,1
578300,1866,1,0,0
578300,1879,2,0,0
578300,1880,3,0,0
578300,1867,4,0,0
578300,1872,5,0,0
578300,1888,6,0,0
578300,1877,7,0,0
578300,1874,8,0,0
578300,1884,9,0,0
578300,1890,10,0,0
578300,1885,11,0,0
578300,1881,12,0,0
578300,1891,13,0,0
578300,1869,14,0,0
578300,356271,15,0,0
578300,355942,16,0,0
578300,1931,17,0,0
578300,2653,18,0,0
578300,2652,19,0,0
578300,1927,20,0,0
578300,1893,21,0,0
578300,2309,22,0,0
578300,2300,23,0,0
578300,2302,24,0,0
578300,2308,25,0,0
578300,1630,26,0,0
578300,1627,27,0,0
578300,1638,28,0,0
578300,1625,29,0,0
578300,2530,30,0,0
578300,2539,31,0,0
578300,2538,32,0,0
578300,2526,33,0,0
578300,2528,34,0,0
578300,2535,35,0,0
578300,1937,36,0,0
578300,1908,37,0,0
578300,1934,38,0,0
578300,1926,39,0,0
578300,355297,40,0,0
578300,1932,41,0,0
578300,1912,42,0,0
578300,1948,43,0,0
578300,1626,44,0,0
578300,1321,45,0,0
578300,1325,46,0,0
578300,1322,47,0,0
578300,1324,48,0,0
578300,1323,49,0,0
578300,1900,50,0,0
578300,1939,51,0,0
578300,1941,52,0,0
578300,1897,53,0,0
578300,1919,54,0,0
578300,1952,55,0,0
578300,2445,56,0,0
578300,1803,57,0,0
578300,1806,58,0,0
578300,1801,59,0,0
578300,2007,60,0,0
578300,2008,61,0,0
578300,2003,62,0,0
578300,2001,63,0,0
578300,1504,64,0,0
578300,1502,65,0,0
578300,2172,66,0,0
578300,2168,67,0,0
578300,2174,68,0,0
578300,2176,69,0,0
578300,2170,70,0,0
578300,2175,71,0,0
578300,1365,72,0,0
578300,1363,73,0,0
578300,1368,74,0,0
578300,1370,75,0,0
578300,2669,76,0,0
578300,2667,77,0,0
578300,2665,78,0,0
578300,2670,79,0,0
578300,2672,80,0,0
578300,1705,81,0,0
578300,1706,82,0,0
578300,1704,83,0,0
578300,1790,84,0,0
578300,1916,85,0,0
578300,356209,86,0,0
578300,1917,87,0,0
578300,1964,88,0,0
578300,1955,89,0,0
578300,1960,90,0,0
578300,356108,91,0,0
578300,1976,92,0,0
578300,1979,93,0,0
578300,1962,94,0,0
578300,1969,95,0,0
578300,2371,96,0,0
578300,2147,97,0,0
578300,2155,98,0,0
578300,2153,99,0,0
578300,2141,100,0,0
578300,2133,101,0,0
578300,2126,102,0,0
578300,2138,103,0,0
578300,2154,104,0,0
578300,2143,105,0,0
578300,355954,106,0,0
578300,2164,107,0,0
578300,2163,108,0,0
578300,355969,109,0,0
578300,2352,110,0,0
578300,355970,111,0,0
578300,2646,112,0,0
578300,2644,113,0,0
578300,2343,114,0,0
578300,2339,115,0,0
578300,1603,116,0,0
578300,1381,117,0,0
578300,1385,118,0,0
578300,1383,119,0,0
578300,1359,120,0,0
578300,1360,121,0,0
578300,1843,122,0,0
578300,1839,123,0,0
578300,1852,124,0,0
578300,1844,125,0,0
578300,1845,126,0,0
578300,1854,127,0,0
578300,1855,128,0,0
578300,1851,129,0,0
578300,3087,130,0,0
578300,3086,131,0,0
578300,3088,132,0,0
578300,2212,133,0,0
578300,1644,134,0,0
578300,1645,135,1,1
578300,1608,136,0,0
578300,1593,137,0,0
578300,1596,138,0,0
578300,356039,139,0,0
578300,1595,140,0,0
578300,1606,141,0,0
578300,1598,142,0,0
578300,356037,143,1,1
578300,1967,144,0,0
578300,1959,145,0,0
578300,1972,146,0,0
578300,1978,147,0,0
578300,2660,148,0,0
578300,2655,149,0,0
578300,356184,150,0,0
578300,2663,151,0,0
578300,2186,152,0,0
578300,2189,153,0,0
578300,355742,154,0,0
578300,1416,155,0,0
578300,1412,156,0,0
578300,355743,157,0,0
578300,3120,158,0,0
578300,3127,159,0,0
578300,3118,160,0,0
578300,3122,161,0,0
578300,3125,162,0,0
578300,3123,163,0,0
578300,356396,164,0,0
578300,2115,165,0,0
578300,2118,166,0,0
578300,2120,167,0,0
578300,3145,168,0,0
578300,3180,169,0,0
578300,3165,170,0,0
578300,3170,171,0,0
578300,2560,172,0,0
578300,2557,173,0,0
578300,2276,174,0,0
578300,2193,175,0,0
578300,2191,176,0,0
578300,356387,177,0,0
578300,1568,178,0,0
578300,1574,179,0,0
578300,1570,180,0,0
578300,2338,181,0,0
578300,2180,182,0,0
578300,2184,183,1,1
578301,356037,1,0,0
578301,2432,2,0,0
578301,2430,3,0,0
578301,1361,4,0,0
578301,1605,5,0,0
578301,1594,6,0,0
578301,355972,7,0,0
578301,356040,8,0,0
578301,1597,9,0,0
578301,1592,10,0,0
578301,1607,11,0,0
578301,1645,12,0,0
578301,2213,13,0,0
578301,1643,14,0,0
578301,1185,15,0,0
578301,1856,16,0,0
578301,1850,17,0,0
578301,1847,18,0,0
578301,1846,19,0,0
578301,1848,20,0,0
578301,1849,21,0,0
578301,1840,22,0,0
578301,1842,23,0,0
578301,1841,24,0,0
578301,1358,25,0,0
578301,1382,26,0,0
578301,1384,27,0,0
578301,355943,28,0,0
578301,2340,29,0,0
578301,356393,30,0,0
578301,2643,31,0,0
578301,356268,32,0,0
578301,355971,33,0,0
578301,2130,34,0,0
578301,2139,35,0,0
578301,2123,36,0,0
578301,2144,37,0,0
578301,2162,38,0,0
578301,2145,39,0,0
578301,2137,40,0,0
578301,2125,41,0,0
578301,2132,42,0,0
578301,2140,43,0,0
578301,2134,44,0,0
578301,2124,45,0,0
578301,2184,46,0,0
578301,1569,47,0,0
578301,1567,48,0,0
578301,1575,49,0,0
578301,1573,50,0,0
578301,2194,51,0,0
578301,2192,52,0,0
578301,2558,53,0,0
578301,3173,54,0,0
578301,3169,55,0,0
578301,3166,56,0,0
578301,355765,57,0,0
578301,356208,58,0,0
578301,2119,59,0,0
578301,2117,60,0,0
578301,2116,61,0,0
578301,2165,62,0,0
578301,3113,63,0,0
578301,3124,64,0,0
578301,3121,65,0,0
578301,3117,66,0,0
578301,3126,67,0,0
578301,3114,68,0,0
578301,3119,69,0,0
578301,3115,70,0,0
578301,1413,71,0,0
578301,1417,72,0,0
578301,1415,73,0,0
578301,1411,74,0,0
578301,2190,75,0,0
578301,2185,76,0,0
578301,2661,77,0,0
578301,2658,78,0,0
578301,2654,79,0,0
578301,2659,80,0,0
578301,1973,81,0,0
578301,1971,82,0,0
578301,2041,83,0,0
578301,2045,84,0,0
578301,2146,85,0,0
578301,2148,86,0,0
578301,2136,87,0,0
578301,356275,88,0,0
578301,2156,89,0,0
578301,2159,90,0,0
578301,2127,91,0,0
578301,2121,92,0,0
578301,2151,93,0,0
578301,2088,94,0,0
578301,2093,95,0,0
578301,356262,96,0,0
578301,2112,97,0,0
578301,3089,98,0,0
578301,2671,99,0,0
578301,2666,100,0,0
578301,2668,101,0,0
578301,2673,102,0,0
578301,1366,103,0,0
578301,356013,104,0,0
578301,1364,105,0,0
578301,1369,106,0,0
578301,2169,107,0,0
578301,2177,108,0,0
578301,2173,109,0,0
578301,2167,110,0,0
578301,356154,111,0,0
578301,1501,112,0,0
578301,1503,113,0,0
578301,2002,114,0,0
578301,2006,115,0,0
578301,2005,116,0,0
578301,2556,117,0,0
578301,1800,118,0,0
578301,1805,119,0,0
578301,1802,120,0,0
578301,1804,121,0,0
578301,1953,122,0,0
578301,1921,123,0,0
578301,1920,124,0,0
578301,356098,125,0,0
578301,1940,126,0,0
578301,2554,127,0,0
578301,2552,128,0,0
578301,2555,129,0,0
578301,2551,130,0,0
578301,2550,131,0,0
578301,2553,132,0,0
578301,355567,133,0,0
578301,1626,134,1,1
578301,1954,135,0,0
578301,1901,136,0,0
578301,1949,137,0,0
578301,1923,138,0,0
578301,1933,139,0,0
578301,355298,140,0,0
578301,1925,141,0,0
578301,1935,142,0,0
578301,1909,143,0,0
578301,1938,144,0,0
578301,1928,145,0,0
578301,2653,146,0,0
578301,2652,147,0,0
578301,1910,148,0,0
578301,1629,149,0,0
578301,1636,150,0,0
578301,1637,151,0,0
578301,1635,152,0,0
578301,1634,153,0,0
578301,1624,154,0,0
578301,355973,155,0,0
578301,1632,156,0,0
578301,1628,157,0,0
578301,1631,158,0,0
578301,2307,159,0,0
578301,2301,160,0,0
578301,2299,161,0,0
578301,2309,162,1,1
578301,1899,163,0,0
578301,1876,164,0,0
578301,1870,165,0,0
578301,1892,166,0,0
578301,1882,167,0,0
578301,1886,168,0,0
578301,1887,169,1,0
578301,1883,170,0,0
578301,1871,171,0,0
578301,1878,172,0,0
578301,1889,173,0,0
578301,1873,174,0,0
578301,1868,175,0,0
578301,1621,176,0,0
578301,1620,177,0,0
578301,1685,178,0,0
578301,1866,179,1,1
578400,1739,1,0,0
578400,1771,2,0,0
578400,1751,3,0,0
578400,356210,4,0,0
578400,1380,5,0,0
578400,2400,6,0,0
578400,1300,7,0,0
578400,1301,8,0,0
578400,1303,9,0,0
578400,2452,10,0,0
578400,2454,11,0,0
578400,1006,12,0,0
578400,1008,13,0,0
578400,1003,14,0,0
578400,1004,15,0,0
578400,1011,16,0,0
578400,1014,17,0,0
578400,355939,18,0,0
578400,2044,19,0,0
578400,2046,20,0,0
578400,2042,21,0,0
578400,2035,22,0,0
578400,2037,23,0,0
578400,2036,24,0,0
578400,2038,25,1,1
578401,2038,1,0,0
578401,2049,2,0,0
578401,2047,3,0,0
578401,355941,4,0,0
578401,355262,5,0,0
578401,2041,6,0,0
578401,2045,7,0,0
578401,355940,8,0,0
578401,1013,9,0,0
578401,1001,10,0,0
578401,1005,11,0,0
578401,1002,12,0,0
578401,1015,13,0,0
578401,1007,14,0,0
578401,1012,15,0,0
578401,1651,16,0,0
578401,1654,17,0,0
578401,1649,18,0,0
578401,1648,19,0,0
578401,1650,20,0,0
578401,2062,21,0,0
578401,2065,22,0,0
578401,2063,23,0,0
578401,2061,24,0,0
578401,1184,25,0,0
578401,1037,26,0,0
578401,355925,27,0,0
578401,1790,28,0,0
578401,355762,29,0,0
578401,2541,30,0,0
578401,1739,31,1,1
578500,1739,1,0,0
578500,1758,2,0,0
578500,1711,3,0,0
578500,1712,4,0,0
578500,1707,5,0,0
578500,1709,6,0,0
578500,1714,7,0,0
578500,1713,8,0,0
578500,1710,9,0,0
578500,2034,10,0,0
578500,2032,11,0,0
578500,1299,12,0,0
578500,1302,13,0,0
578500,355720,14,0,0
578500,1390,15,0,0
578500,1392,16,0,0
578500,1394,17,0,0
578500,1395,18,1,1
578501,1395,1,0,0
578501,1393,2,0,0
578501,1396,3,0,0
578501,1389,4,0,0
578501,1397,5,0,0
578501,355760,6,0,0
578501,1304,7,0,0
578501,1306,8,0,0
578501,355734,9,0,0
578501,2033,10,0,0
578501,2156,11,0,0
578501,2159,12,0,0
578501,2127,13,0,0
578501,1147,14,0,0
578501,355565,15,0,0
578501,3218,16,0,0
578501,355727,17,0,0
578501,1739,18,0,0
578501,1768,19,1,1
578600,1768,1,0,0
578600,1758,2,0,0
578600,1711,3,0,0
578600,1712,4,0,0
578600,1707,5,0,0
578600,1147,6,0,0
578600,355565,7,0,0
578600,1149,8,0,0
578600,1264,9,0,0
578600,356296,10,0,0
578600,356294,11,0,0
578600,3215,12,0,0
578600,1387,13,0,0
578600,1388,14,0,0
578600,2726,15,1,1
578601,2726,1,0,0
578601,2724,2,0,0
578601,356362,3,0,0
578601,356360,4,0,0
578601,356361,5,0,0
578601,356160,6,0,0
578601,3214,7,0,0
578601,3203,8,0,0
578601,3218,9,0,0
578601,355727,10,0,0
578601,1739,11,1,1
578700,1768,1,0,0
578700,1758,2,0,0
578700,1711,3,0,0
578700,1712,4,0,0
578700,1707,5,0,0
578700,1147,6,0,0
578700,355565,7,0,0
578700,1149,8,0,0
578700,1264,9,0,0
578700,356296,10,0,0
578700,356294,11,0,0
578700,3215,12,0,0
578700,356297,13,0,0
578700,356298,14,0,0
578700,356295,15,0,0
578700,3207,16,0,0
578700,3224,17,0,0
578700,3202,18,0,0
578700,2436,19,0,0
578700,2434,20,0,0
578700,1188,21,0,0
578700,2648,22,0,0
578700,3189,23,0,0
578700,1695,24,0,0
578700,1694,25,1,1
578701,1694,1,0,0
578701,2433,2,0,0
578701,2647,3,0,0
578701,2435,4,0,0
578701,2437,5,0,0
578701,2438,6,0,0
578701,3223,7,0,0
578701,3206,8,0,0
578701,3208,9,0,0
578701,356300,10,0,0
578701,3226,11,0,0
578701,356360,12,0,0
578701,356361,13,0,0
578701,356160,14,0,0
578701,3214,15,0,0
578701,3203,16,0,0
578701,3218,17,0,0
578701,355727,18,0,0
578701,1744,19,0,0
578701,1768,20,1,1
578900,1781,1,0,0
578900,1409,2,0,0
578900,1984,3,0,0
578900,1986,4,0,0
578900,1994,5,0,0
578900,1990,6,0,0
578900,1988,7,0,0
578900,356171,8,0,0
578900,1982,9,0,0
578900,1243,10,0,0
578900,1242,11,0,0
578900,1407,12,0,0
578900,355457,13,0,0
578900,1153,14,0,0
578900,1170,15,0,0
578900,1160,16,0,0
578900,1164,17,0,0
578900,1166,18,0,0
578900,1161,19,0,0
578900,356111,20,0,0
578900,1171,21,0,0
578900,355964,22,0,0
578900,355938,23,0,0
578900,1150,24,0,0
578900,1174,25,0,0
578900,3190,26,0,0
578900,1559,27,0,0
578900,1561,28,0,0
578900,1557,29,0,0
578900,1563,30,0,0
578900,2416,31,0,0
578900,2404,32,0,0
578900,2408,33,0,0
578900,2411,34,0,0
578900,2402,35,0,0
578900,2417,36,0,0
578900,2406,37,0,0
578900,2422,38,0,0
578900,2409,39,0,0
578900,2413,40,0,0
578900,2420,41,0,0
578900,2424,42,0,0
578900,2427,43,0,0
578900,2426,44,0,0
578900,355298,45,0,0
578900,2305,46,0,0
578900,2298,47,0,0
578900,2295,48,0,0
578900,2303,49,0,0
578900,356215,50,0,0
578900,2396,51,0,0
578900,356014,52,0,0
578900,2385,53,0,0
578900,2387,54,0,0
578900,2390,55,0,0
578900,356281,56,1,1
578901,356281,1,0,0
578901,356151,2,0,0
578901,356150,3,0,0
578901,2384,4,0,0
578901,356375,5,0,0
578901,2382,6,0,0
578901,2375,7,0,0
578901,2378,8,0,0
578901,2389,9,0,0
578901,3183,10,0,0
578901,3186,11,0,0
578901,3188,12,0,0
578901,2373,13,0,0
578901,2395,14,0,0
578901,355896,15,0,0
578901,355295,16,0,0
578901,2304,17,0,0
578901,2296,18,0,0
578901,2297,19,0,0
578901,2306,20,0,0
578901,355297,21,0,0
578901,1932,22,0,0
578901,2428,23,0,0
578901,2425,24,0,0
578901,2429,25,0,0
578901,2414,26,0,0
578901,2410,27,0,0
578901,2423,28,0,0
578901,2407,29,0,0
578901,2418,30,0,0
578901,356302,31,0,0
578901,2412,32,0,0
578901,2421,33,0,0
578901,2419,34,0,0
578901,2405,35,0,0
578901,2415,36,0,0
578901,1562,37,0,0
578901,1556,38,0,0
578901,1560,39,0,0
578901,1558,40,0,0
578901,1564,41,0,0
578901,3191,42,0,0
578901,1173,43,0,0
578901,1154,44,0,0
578901,1152,45,0,0
578901,1172,46,0,0
578901,1167,47,0,0
578901,1156,48,0,0
578901,1162,49,0,0
578901,1163,50,0,0
578901,1159,51,0,0
578901,1169,52,0,0
578901,1165,53,0,0
578901,1158,54,0,0
578901,1408,55,0,0
578901,1243,56,0,0
578901,1242,57,0,0
578901,356167,58,0,0
578901,1997,59,0,0
578901,356168,60,0,0
578901,1989,61,0,0
578901,1991,62,0,0
578901,355903,63,0,0
578901,1995,64,0,0
578901,1987,65,0,0
578901,1985,66,0,0
578901,1781,67,1,1
579000,355315,1,0,0
579000,355316,2,0,0
579000,355317,3,0,0
579000,355318,4,0,0
579000,355319,5,0,0
579000,3078,6,0,0
579000,1231,7,0,0
579000,1239,8,0,0
579000,1235,9,0,0
579000,356119,10,0,0
579000,355321,11,1,1
579001,355321,1,0,0
579001,355322,2,0,0
579001,355323,3,0,0
579001,355324,4,0,0
579001,355325,5,0,0
579001,355326,6,0,0
579001,355327,7,0,0
579001,2669,8,0,0
579001,2667,9,0,0
579001,2665,10,0,0
579001,2670,11,0,0
579001,355315,12,1,1
579100,355962,1,0,0
579100,1569,2,0,0
579100,1567,3,0,0
579100,1575,4,0,0
579100,1573,5,0,0
579100,2194,6,0,0
579100,2192,7,0,0
579100,2558,8,0,0
579100,3174,9,0,0
579100,3149,10,0,0
579100,3177,11,0,0
579100,3147,12,0,0
579100,3156,13,0,0
579100,3167,14,0,0
579100,3158,15,0,0
579100,3160,16,0,0
579100,3161,17,0,0
579100,3157,18,0,0
579100,3142,19,0,0
579100,3153,20,0,0
579100,1483,21,0,0
579100,1485,22,0,0
579100,1481,23,0,0
579100,1027,24,0,0
579100,355479,25,0,0
579100,1482,26,0,0
579100,1480,27,0,0
579100,1017,28,0,0
579100,1022,29,0,0
579100,1024,30,0,0
579100,1018,31,0,0
579100,1025,32,0,0
579100,3179,33,0,0
579100,3168,34,0,0
579100,2200,35,0,0
579100,2196,36,0,0
579100,2202,37,0,0
579100,2198,38,0,0
579100,1776,39,0,0
579100,1780,40,0,0
579100,1778,41,0,0
579100,2634,42,0,0
579100,2638,43,0,0
579100,2639,44,0,0
579100,355411,45,0,0
579100,2635,46,0,0
579100,1509,47,0,0
579100,356386,48,1,1
579101,356386,1,0,0
579101,356028,2,0,0
579101,355775,3,0,0
579101,3152,4,0,0
579101,356084,5,0,0
579101,2633,6,0,0
579101,2632,7,0,0
579101,1779,8,0,0
579101,1777,9,0,0
579101,2197,10,0,0
579101,2201,11,0,0
579101,2195,12,0,0
579101,2199,13,0,0
579101,3164,14,0,0
579101,3150,15,0,0
579101,3154,16,0,0
579101,3175,17,0,0
579101,3178,18,0,0
579101,3162,19,0,0
579101,1019,20,0,0
579101,1023,21,0,0
579101,1020,22,0,0
579101,1021,23,0,0
579101,1481,24,0,0
579101,1027,25,0,0
579101,355479,26,0,0
579101,1482,27,0,0
579101,1480,28,0,0
579101,1486,29,0,0
579101,1484,30,0,0
579101,1488,31,0,0
579101,3159,32,0,0
579101,356166,33,0,0
579101,3151,34,0,0
579101,356172,35,0,0
579101,3163,36,0,0
579101,3155,37,0,0
579101,3148,38,0,0
579101,3172,39,0,0
579101,2560,40,0,0
579101,2557,41,0,0
579101,2276,42,0,0
579101,2193,43,0,0
579101,2191,44,0,0
579101,356387,45,0,0
579101,1568,46,0,0
579101,1574,47,0,0
579101,1570,48,0,0
579101,2338,49,0,0
579101,2180,50,0,0
579101,355962,51,1,1
579200,355873,1,0,0
579200,356205,2,0,0
579200,355909,3,0,0
579200,356029,4,0,0
579200,356285,5,0,0
579200,355352,6,0,0
579200,355353,7,0,0
579200,356394,8,0,0
579200,355355,9,0,0
579200,355356,10,0,0
579200,356207,11,0,0
579200,355878,12,0,0
579200,355879,13,0,0
579200,355366,14,0,0
579200,355367,15,0,0
579200,355829,16,0,0
579200,355825,17,0,0
579200,355823,18,0,0
579200,355821,19,0,0
579200,356107,20,0,0
579200,356069,21,0,0
579200,356068,22,0,0
579200,356070,23,0,0
579200,355340,24,1,1
579201,355340,1,0,0
579201,356106,2,0,0
579201,355820,3,0,0
579201,355822,4,0,0
579201,355824,5,0,0
579201,355828,6,0,0
579201,355341,7,0,0
579201,355342,8,0,0
579201,355343,9,0,0
579201,356202,10,0,0
579201,356206,11,0,0
579201,355864,12,0,0
579201,355865,13,0,0
579201,355866,14,0,0
579201,355867,15,0,0
579201,356041,16,0,0
579201,356284,17,0,0
579201,356283,18,0,0
579201,356282,19,0,0
579201,355906,20,0,0
579201,356204,21,0,0
579201,355873,22,1,1
579300,356112,1,0,0
579300,356126,2,0,0
579300,356228,3,0,0
579300,1749,4,0,0
579300,1743,5,0,0
579300,1747,6,0,0
579300,1741,7,0,0
579300,1737,8,0,0
579300,1736,9,0,0
579300,1744,10,0,0
579300,355443,11,0,0
579300,1771,12,0,0
579300,1751,13,0,0
579300,356261,14,0,0
579300,3094,15,0,0
579300,3096,16,0,0
579300,355571,17,0,0
579300,355490,18,0,0
579300,2821,19,0,0
579300,2809,20,0,0
579300,2835,21,0,0
579300,2831,22,0,0
579300,2837,23,0,0
579300,355798,24,0,0
579300,356127,25,0,0
579300,356128,26,0,0
579300,355462,27,0,0
579300,356291,28,0,0
579300,356385,29,1,1
579301,356385,1,0,0
579301,356071,2,0,0
579301,356292,3,0,0
579301,355463,4,0,0
579301,356123,5,0,0
579301,356124,6,0,0
579301,355797,7,0,0
579301,355977,8,0,0
579301,2830,9,0,0
579301,2834,10,0,0
579301,2812,11,0,0
579301,2820,12,0,0
579301,355491,13,0,0
579301,355573,14,0,0
579301,3097,15,0,0
579301,3098,16,0,0
579301,3099,17,0,0
579301,356223,18,0,0
579301,356224,19,0,0
579301,356225,20,0,0
579301,356226,21,0,0
579301,356229,22,0,0
579301,355309,23,0,0
579301,356227,24,0,0
579301,1740,25,0,0
579301,1746,26,0,0
579301,1742,27,0,0
579301,1748,28,0,0
579301,1735,29,0,0
579301,355458,30,0,0
579301,356112,31,1,1
579400,356196,1,0,0
579400,1771,2,0,0
579400,1751,3,0,0
579400,356261,4,0,0
579400,3094,5,0,0
579400,3096,6,0,0
579400,355571,7,0,0
579400,1475,8,0,0
579400,1473,9,0,0
579400,1448,10,0,0
579400,1466,11,0,0
579400,1447,12,0,0
579400,1462,13,0,0
579400,1420,14,0,0
579400,1422,15,0,0
579400,1424,16,0,0
579400,1464,17,0,0
579400,1426,18,0,0
579400,1428,19,0,0
579400,1452,20,0,0
579400,1460,21,0,0
579400,1431,22,0,0
579400,1433,23,0,0
579400,1435,24,0,0
579400,1455,25,0,0
579400,1437,26,0,0
579400,1439,27,0,0
579400,1418,28,0,0
579400,1459,29,0,0
579400,1443,30,0,0
579400,1446,31,0,0
579400,1450,32,0,0
579400,1453,33,0,0
579400,2846,34,0,0
579400,2851,35,0,0
579400,2840,36,0,0
579400,2844,37,0,0
579400,2856,38,0,0
579400,2852,39,0,0
579400,2842,40,0,0
579400,2848,41,0,0
579400,2854,42,0,0
579400,2858,43,0,0
579400,2019,44,0,0
579400,356176,45,0,0
579400,355851,46,0,0
579400,356075,47,0,0
579400,355853,48,0,0
579400,2396,49,0,0
579400,356014,50,0,0
579400,3187,51,0,0
579400,355596,52,1,1
579401,355596,1,0,0
579401,2395,2,0,0
579401,355896,3,0,0
579401,355850,4,0,0
579401,355848,5,0,0
579401,356175,6,0,0
579401,356392,7,0,0
579401,2859,8,0,0
579401,2855,9,0,0
579401,2849,10,0,0
579401,2843,11,0,0
579401,2853,12,0,0
579401,2857,13,0,0
579401,2845,14,0,0
579401,2841,15,0,0
579401,2850,16,0,0
579401,2847,17,0,0
579401,1454,18,0,0
579401,1449,19,0,0
579401,1445,20,0,0
579401,1444,21,0,0
579401,1458,22,0,0
579401,1451,23,0,0
579401,1440,24,0,0
579401,1438,25,0,0
579401,1456,26,0,0
579401,1436,27,0,0
579401,1434,28,0,0
579401,1432,29,0,0
579401,1461,30,0,0
579401,1430,31,0,0
579401,1429,32,0,0
579401,1427,33,0,0
579401,1465,34,0,0
579401,1425,35,0,0
579401,1423,36,0,0
579401,1421,37,0,0
579401,1419,38,0,0
579401,1463,39,0,0
579401,1442,40,0,0
579401,1441,41,0,0
579401,1457,42,0,0
579401,1474,43,0,0
579401,355573,44,0,0
579401,3097,45,0,0
579401,3098,46,0,0
579401,3099,47,0,0
579401,2649,48,0,0
579401,355510,49,0,0
579401,355805,50,0,0
579401,355925,51,0,0
579401,1790,52,0,0
579401,356196,53,1,1
579500,356190,1,0,0
579500,1771,2,0,0
579500,1751,3,0,0
579500,356261,4,0,0
579500,2650,5,0,0
579500,1030,6,0,0
579500,2998,7,0,0
579500,3007,8,0,0
579500,2482,9,0,0
579500,2455,10,0,0
579500,356251,11,0,0
579500,2483,12,0,0
579500,2461,13,0,0
579500,2464,14,0,0
579500,2465,15,0,0
579500,2480,16,0,0
579500,2467,17,0,0
579500,2469,18,0,0
579500,2477,19,0,0
579500,2471,20,0,0
579500,2473,21,0,0
579500,2474,22,0,0
579500,2479,23,0,0
579500,2871,24,0,0
579500,2877,25,0,0
579500,2864,26,0,0
579500,2866,27,0,0
579500,2865,28,0,0
579500,2883,29,0,0
579500,2892,30,0,0
579500,2868,31,0,0
579500,356272,32,0,0
579500,356177,33,0,0
579500,2881,34,0,0
579500,2885,35,0,0
579500,2890,36,0,0
579500,2886,37,0,0
579500,2896,38,0,0
579500,2899,39,0,0
579500,2734,40,0,0
579500,1647,41,0,0
579500,1646,42,0,0
579500,2333,43,0,0
579500,2335,44,0,0
579500,2336,45,0,0
579500,355404,46,0,0
579500,355405,47,0,0
579500,356087,48,0,0
579500,356088,49,0,0
579500,356089,50,0,0
579500,356090,51,0,0
579500,356395,52,0,0
579500,356091,53,0,0
579500,355264,54,0,0
579500,355265,55,0,0
579500,355269,56,1,1
579501,355269,1,0,0
579501,2893,2,0,0
579501,2861,3,0,0
579501,2901,4,0,0
579501,2900,5,0,0
579501,2897,6,0,0
579501,2887,7,0,0
579501,2891,8,0,0
579501,2860,9,0,0
579501,2882,10,0,0
579501,2873,11,0,0
579501,2880,12,0,0
579501,2867,13,0,0
579501,2884,14,0,0
579501,2874,15,0,0
579501,2894,16,0,0
579501,2870,17,0,0
579501,2863,18,0,0
579501,2878,19,0,0
579501,2872,20,0,0
579501,355952,21,0,0
579501,2475,22,0,0
579501,2476,23,0,0
579501,2472,24,0,0
579501,356076,25,0,0
579501,2470,26,0,0
579501,2481,27,0,0
579501,2463,28,0,0
579501,2462,29,0,0
579501,2484,30,0,0
579501,356252,31,0,0
579501,2456,32,0,0
579501,3026,33,0,0
579501,355814,34,0,0
579501,2999,35,0,0
579501,1028,36,0,0
579501,355510,37,0,0
579501,355805,38,0,0
579501,355925,39,0,0
579501,1790,40,0,0
579501,356190,41,1,1
579600,356191,1,0,0
579600,1771,2,0,0
579600,1751,3,0,0
579600,356261,4,0,0
579600,2650,5,0,0
579600,1030,6,0,0
579600,1352,7,0,0
579600,1330,8,0,0
579600,1333,9,0,0
579600,1335,10,0,0
579600,1356,11,0,0
579600,1338,12,0,0
579600,1339,13,0,0
579600,1340,14,0,0
579600,1351,15,0,0
579600,355745,16,0,0
579600,1342,17,0,0
579600,1345,18,0,0
579600,1346,19,0,0
579600,355818,20,0,0
579600,2748,21,0,0
579600,2767,22,0,0
579600,2744,23,0,0
579600,2752,24,0,0
579600,2774,25,0,0
579600,2759,26,0,0
579600,2750,27,0,0
579600,2760,28,0,0
579600,2739,29,0,0
579600,2763,30,0,0
579600,2751,31,0,0
579600,2756,32,0,0
579600,2735,33,0,0
579600,2757,34,0,0
579600,2769,35,0,0
579600,356279,36,0,0
579600,2742,37,0,0
579600,2771,38,0,0
579600,2776,39,0,0
579600,2772,40,1,1
579601,2773,1,0,0
579601,2754,2,0,0
579601,2770,3,0,0
579601,2736,4,0,0
579601,2741,5,0,0
579601,2778,6,0,0
579601,2766,7,0,0
579601,2758,8,0,0
579601,2740,9,0,0
579601,2755,10,0,0
579601,2743,11,0,0
579601,2779,12,0,0
579601,2762,13,0,0
579601,2738,14,0,0
579601,2761,15,0,0
579601,2737,16,0,0
579601,2765,17,0,0
579601,2764,18,0,0
579601,2775,19,0,0
579601,2753,20,0,0
579601,2745,21,0,0
579601,2768,22,0,0
579601,356035,23,0,0
579601,2746,24,0,0
579601,1348,25,0,0
579601,1344,26,0,0
579601,1343,27,0,0
579601,1350,28,0,0
579601,1347,29,0,0
579601,1349,30,0,0
579601,1327,31,0,0
579601,1354,32,0,0
579601,1337,33,0,0
579601,1326,34,0,0
579601,1332,35,0,0
579601,1328,36,0,0
579601,1028,37,0,0
579601,355510,38,0,0
579601,355805,39,0,0
579601,355925,40,0,0
579601,1790,41,0,0
579601,356191,42,1,1
579700,356191,1,0,0
579700,1771,2,0,0
579700,1751,3,0,0
579700,356261,4,0,0
579700,2650,5,0,0
579700,1030,6,0,0
579700,1352,7,0,0
579700,1330,8,0,0
579700,1333,9,0,0
579700,1335,10,0,0
579700,1356,11,0,0
579700,1338,12,0,0
579700,1339,13,0,0
579700,1340,14,0,0
579700,1351,15,0,0
579700,2949,16,0,0
579700,2970,17,0,0
579700,2972,18,0,0
579700,2945,19,0,0
579700,2954,20,0,0
579700,2966,21,0,0
579700,2958,22,0,0
579700,2957,23,0,0
579700,2947,24,0,0
579700,2968,25,0,0
579700,2953,26,0,0
579700,2959,27,0,0
579700,2978,28,0,0
579700,2962,29,0,0
579700,2963,30,0,0
579700,2974,31,0,0
579700,2975,32,0,0
579700,2976,33,0,0
579700,2980,34,0,0
579700,2981,35,0,0
579700,2940,36,0,0
579700,2977,37,0,0
579700,2580,38,0,0
579700,355986,39,0,0
579700,2773,40,1,1
579701,2772,1,0,0
579701,2576,2,0,0
579701,2577,3,0,0
579701,2982,4,0,0
579701,356000,5,0,0
579701,2952,6,0,0
579701,2979,7,0,0
579701,2942,8,0,0
579701,2943,9,0,0
579701,2971,10,0,0
579701,2964,11,0,0
579701,2961,12,0,0
579701,2944,13,0,0
579701,2960,14,0,0
579701,2967,15,0,0
579701,2948,16,0,0
579701,2956,17,0,0
579701,2965,18,0,0
579701,2955,19,0,0
579701,2946,20,0,0
579701,2973,21,0,0
579701,2969,22,0,0
579701,2950,23,0,0
579701,1347,24,0,0
579701,1349,25,0,0
579701,1327,26,0,0
579701,1354,27,0,0
579701,1337,28,0,0
579701,1326,29,0,0
579701,1332,30,0,0
579701,1328,31,0,0
579701,1028,32,0,0
579701,355510,33,0,0
579701,355805,34,0,0
579701,355925,35,0,0
579701,1790,36,0,0
579701,356191,37,1,1
579800,356192,1,0,0
579800,1771,2,0,0
579800,1751,3,0,0
579800,356261,4,0,0
579800,2650,5,0,0
579800,1030,6,0,0
579800,1352,7,0,0
579800,1330,8,0,0
579800,1333,9,0,0
579800,1335,10,0,0
579800,1356,11,0,0
579800,3048,12,0,0
579800,3058,13,0,0
579800,3036,14,0,0
579800,3045,15,0,0
579800,3054,16,0,0
579800,3065,17,0,0
579800,3040,18,0,0
579800,3055,19,0,0
579800,3031,20,0,0
579800,3032,21,0,0
579800,2009,22,1,1
579801,2012,1,0,0
579801,3033,2,0,0
579801,3030,3,0,0
579801,3056,4,0,0
579801,3039,5,0,0
579801,3066,6,0,0
579801,3053,7,0,0
579801,3046,8,0,0
579801,3035,9,0,0
579801,3059,10,0,0
579801,3038,11,0,0
579801,3037,12,0,0
579801,1337,13,0,0
579801,1326,14,0,0
579801,1332,15,0,0
579801,1328,16,0,0
579801,1028,17,0,0
579801,355510,18,0,0
579801,355805,19,0,0
579801,355925,20,0,0
579801,1790,21,0,0
579801,356192,22,1,1
579900,356193,1,0,0
579900,1771,2,0,0
579900,1751,3,0,0
579900,356261,4,0,0
579900,2650,5,0,0
579900,1030,6,0,0
579900,2998,7,0,0
579900,3007,8,0,0
579900,3025,9,0,0
579900,2993,10,0,0
579900,3002,11,0,0
579900,3006,12,0,0
579900,3012,13,0,0
579900,3021,14,0,0
579900,3015,15,0,0
579900,3011,16,0,0
579900,3004,17,0,0
579900,2984,18,0,0
579900,2994,19,0,0
579900,3010,20,0,0
579900,3027,21,0,0
579900,2987,22,0,0
579900,3024,23,0,0
579900,3001,24,0,0
579900,3000,25,0,0
579900,2995,26,0,0
579900,3019,27,0,0
579900,355983,28,0,0
579900,355984,29,0,0
579900,3060,30,0,0
579900,3041,31,0,0
579900,3042,32,0,0
579900,3034,33,0,0
579900,3063,34,0,0
579900,3062,35,0,0
579900,2012,36,1,1
579901,2009,1,0,0
579901,3029,2,0,0
579901,3057,3,0,0
579901,3064,4,0,0
579901,3047,5,0,0
579901,3043,6,0,0
579901,3044,7,0,0
579901,3061,8,0,0
579901,355990,9,0,0
579901,355383,10,0,0
579901,2996,11,0,0
579901,2991,12,0,0
579901,2997,13,0,0
579901,3023,14,0,0
579901,356077,15,0,0
579901,3028,16,0,0
579901,3009,17,0,0
579901,3008,18,0,0
579901,2983,19,0,0
579901,2990,20,0,0
579901,3014,21,0,0
579901,3016,22,0,0
579901,356216,23,0,0
579901,3013,24,0,0
579901,3005,25,0,0
579901,3003,26,0,0
579901,2992,27,0,0
579901,3026,28,0,0
579901,355814,29,0,0
579901,2999,30,0,0
579901,1028,31,0,0
579901,355510,32,0,0
579901,355805,33,0,0
579901,355925,34,0,0
579901,1790,35,0,0
579901,356193,36,1,1
580000,356194,1,0,0
580000,1771,2,0,0
580000,1751,3,0,0
580000,356261,4,0,0
580000,2650,5,0,0
580000,1030,6,0,0
580000,2998,7,0,0
580000,3007,8,0,0
580000,1726,9,0,0
580000,1725,10,0,0
580000,1727,11,0,0
580000,356161,12,0,0
580000,2798,13,0,0
580000,2805,14,0,0
580000,355490,15,0,0
580000,2838,16,0,0
580000,2819,17,0,0
580000,2833,18,0,0
580000,2828,19,0,0
580000,2821,20,0,0
580000,2814,21,0,0
580000,2808,22,0,0
580000,2794,23,0,0
580000,2809,24,0,0
580000,2789,25,0,0
580000,2796,26,0,0
580000,2835,27,0,0
580000,2791,28,0,0
580000,2827,29,0,0
580000,2803,30,0,0
580000,2831,31,0,0
580000,2811,32,0,0
580000,2816,33,0,0
580000,2800,34,0,0
580000,2793,35,0,0
580000,2837,36,0,0
580000,356104,37,0,0
580000,356131,38,0,0
580000,356123,39,0,0
580000,356124,40,0,0
580000,355796,41,1,1
580001,355796,1,0,0
580001,355977,2,0,0
580001,355976,3,0,0
580001,2801,4,0,0
580001,2817,5,0,0
580001,2830,6,0,0
580001,2802,7,0,0
580001,2826,8,0,0
580001,2790,9,0,0
580001,2834,10,0,0
580001,2799,11,0,0
580001,2813,12,0,0
580001,2812,13,0,0
580001,2795,14,0,0
580001,2810,15,0,0
580001,2807,16,0,0
580001,2815,17,0,0
580001,2820,18,0,0
580001,2829,19,0,0
580001,2832,20,0,0
580001,2818,21,0,0
580001,2839,22,0,0
580001,2806,23,0,0
580001,2797,24,0,0
580001,2824,25,0,0
580001,1728,26,0,0
580001,1722,27,0,0
580001,1723,28,0,0
580001,1724,29,0,0
580001,355814,30,0,0
580001,2999,31,0,0
580001,1028,32,0,0
580001,355510,33,0,0
580001,355805,34,0,0
580001,355925,35,0,0
580001,1790,36,0,0
580001,356194,37,1,1
580100,356196,1,0,0
580100,1771,2,0,0
580100,1751,3,0,0
580100,356261,4,0,0
580100,3094,5,0,0
580100,3096,6,0,0
580100,355572,7,0,0
580100,1472,8,0,0
580100,1468,9,0,0
580100,1469,10,0,0
580100,1542,11,0,0
580100,1546,12,0,0
580100,1535,13,0,0
580100,1518,14,0,0
580100,1524,15,0,0
580100,1541,16,0,0
580100,2620,17,0,0
580100,2622,18,0,0
580100,2624,19,0,0
580100,2618,20,0,0
580100,356197,21,0,0
580100,2611,22,0,0
580100,1309,23,0,0
580100,1312,24,0,0
580100,1307,25,0,0
580100,355293,26,0,0
580100,2542,27,0,0
580100,2610,28,0,0
580100,356308,29,0,0
580100,1588,30,0,0
580100,1586,31,0,0
580100,2600,32,0,0
580100,2596,33,0,0
580100,2597,34,0,0
580100,2602,35,0,0
580100,2067,36,0,0
580100,2068,37,0,0
580100,2264,38,0,0
580100,2283,39,0,0
580100,2629,40,1,1
580101,2629,1,0,0
580101,2286,2,0,0
580101,2069,3,0,0
580101,2066,4,0,0
580101,2603,5,0,0
580101,2604,6,0,0
580101,2601,7,0,0
580101,2598,8,0,0
580101,2599,9,0,0
580101,1587,10,0,0
580101,1589,11,0,0
580101,356305,12,0,0
580101,356306,13,0,0
580101,356307,14,0,0
580101,356043,15,0,0
580101,356101,16,0,0
580101,355930,17,0,0
580101,1311,18,0,0
580101,2612,19,0,0
580101,2605,20,0,0
580101,2619,21,0,0
580101,2625,22,0,0
580101,2623,23,0,0
580101,2621,24,0,0
580101,2609,25,0,0
580101,1525,26,0,0
580101,1519,27,0,0
580101,1536,28,0,0
580101,1547,29,0,0
580101,1523,30,0,0
580101,1526,31,0,0
580101,1467,32,0,0
580101,1471,33,0,0
580101,1477,34,0,0
580101,355574,35,0,0
580101,3097,36,0,0
580101,3098,37,0,0
580101,3099,38,0,0
580101,2649,39,0,0
580101,355510,40,0,0
580101,355805,41,0,0
580101,355925,42,0,0
580101,1790,43,0,0
580101,356196,44,1,1
580200,2150,1,0,0
580200,1758,2,0,0
580200,1711,3,0,0
580200,1712,4,0,0
580200,1707,5,0,0
580200,1709,6,0,0
580200,1714,7,0,0
580200,2450,8,0,0
580200,2449,9,0,0
580200,2452,10,0,0
580200,2446,11,0,0
580200,1517,12,0,0
580200,1542,13,0,0
580200,1371,14,0,0
580200,2631,15,0,0
580200,2930,16,0,0
580200,2905,17,0,0
580200,2919,18,0,0
580200,2907,19,0,0
580200,2912,20,0,0
580200,2927,21,0,0
580200,2929,22,0,0
580200,2923,23,0,0
580200,2922,24,0,0
580200,2917,25,0,0
580200,2903,26,0,0
580200,2938,27,0,0
580200,2904,28,0,0
580200,2915,29,0,0
580200,2936,30,0,0
580200,2710,31,0,0
580200,2782,32,0,0
580200,2785,33,0,0
580200,2781,34,0,0
580200,2786,35,0,0
580200,2784,36,0,0
580200,2787,37,0,0
580200,2788,38,0,0
580200,2783,39,0,0
580200,2716,40,0,0
580200,2721,41,0,0
580200,2933,42,0,0
580200,2935,43,0,0
580200,2911,44,0,0
580200,2925,45,0,0
580200,355936,46,0,0
580200,356048,47,0,0
580200,1555,48,1,1
580201,1555,1,0,0
580201,1554,2,0,0
580201,2595,3,0,0
580201,2926,4,0,0
580201,2910,5,0,0
580201,2934,6,0,0
580201,2932,7,0,0
580201,2784,8,0,0
580201,2787,9,0,0
580201,2788,10,0,0
580201,2783,11,0,0
580201,2716,12,0,0
580201,2721,13,0,0
580201,2937,14,0,0
580201,2914,15,0,0
580201,2939,16,0,0
580201,2916,17,0,0
580201,2909,18,0,0
580201,2918,19,0,0
580201,2921,20,0,0
580201,2924,21,0,0
580201,2902,22,0,0
580201,2928,23,0,0
580201,2913,24,0,0
580201,2908,25,0,0
580201,2920,26,0,0
580201,2906,27,0,0
580201,2931,28,0,0
580201,2630,29,0,0
580201,1520,30,0,0
580201,1516,31,0,0
580201,2447,32,0,0
580201,1651,33,0,0
580201,1654,34,0,0
580201,1652,35,0,0
580201,1657,36,0,0
580201,1653,37,0,0
580201,1655,38,0,0
580201,2127,39,0,0
580201,2121,40,0,0
580201,2150,41,1,1
580300,356195,1,0,0
580300,1771,2,0,0
580300,1751,3,0,0
580300,356261,4,0,0
580300,3094,5,0,0
580300,3096,6,0,0
580300,355575,7,0,0
580300,3091,8,0,0
580300,3109,9,0,0
580300,3107,10,0,0
580300,3104,11,0,0
580300,3112,12,0,0
580300,3101,13,0,0
580300,3102,14,0,0
580300,2021,15,0,0
580300,2022,16,0,0
580300,2024,17,0,0
580300,2026,18,0,0
580300,2028,19,0,0
580300,2027,20,0,0
580300,1533,21,0,0
580300,1510,22,0,0
580300,1512,23,0,0
580300,1527,24,0,0
580300,1531,25,0,0
580300,1544,26,0,0
580300,1514,27,0,0
580300,1537,28,0,0
580300,1521,29,0,0
580300,1529,30,0,0
580300,3092,31,0,0
580300,1318,32,0,0
580300,1316,33,0,0
580300,1317,34,0,0
580300,1315,35,0,0
580300,2723,36,0,0
580300,2717,37,0,0
580300,2791,38,0,0
580300,2827,39,0,0
580300,2803,40,0,0
580300,2831,41,0,0
580300,2589,42,0,0
580300,2592,43,0,0
580300,2587,44,0,0
580300,2594,45,0,0
580300,2586,46,0,0
580300,355738,47,0,0
580300,355736,48,0,0
580300,355764,49,0,0
580300,356378,50,1,1
580301,356378,1,0,0
580301,355739,2,0,0
580301,355740,3,0,0
580301,1530,4,0,0
580301,356377,5,0,0
580301,1538,6,0,0
580301,1515,7,0,0
580301,1545,8,0,0
580301,1532,9,0,0
580301,1528,10,0,0
580301,1513,11,0,0
580301,1511,12,0,0
580301,1534,13,0,0
580301,355416,14,0,0
580301,2029,15,0,0
580301,2025,16,0,0
580301,2023,17,0,0
580301,2030,18,0,0
580301,2585,19,0,0
580301,2593,20,0,0
580301,2588,21,0,0
580301,355980,22,0,0
580301,2590,23,0,0
580301,2830,24,0,0
580301,2802,25,0,0
580301,2826,26,0,0
580301,2790,27,0,0
580301,2718,28,0,0
580301,2722,29,0,0
580301,2704,30,0,0
580301,1313,31,0,0
580301,355847,32,0,0
580301,1319,33,0,0
580301,3093,34,0,0
580301,3103,35,0,0
580301,3100,36,0,0
580301,3111,37,0,0
580301,3105,38,0,0
580301,3108,39,0,0
580301,3110,40,0,0
580301,356049,41,0,0
580301,355574,42,0,0
580301,3097,43,0,0
580301,3098,44,0,0
580301,3099,45,0,0
580301,2649,46,0,0
580301,355510,47,0,0
580301,355805,48,0,0
580301,355925,49,0,0
580301,1790,50,0,0
580301,356195,51,1,1
580500,2010,1,0,0
580500,3049,2,0,0
580500,3033,3,0,0
580500,3030,4,0,0
580500,2235,5,0,0
580500,2227,6,0,0
580500,2249,7,0,0
580500,2237,8,0,0
580500,2234,9,0,0
580500,2244,10,0,0
580500,2240,11,0,0
580500,2231,12,0,0
580500,2248,13,0,0
580500,2238,14,0,0
580500,2215,15,0,0
580500,2216,16,0,0
580500,2842,17,0,0
580500,2848,18,0,0
580500,2854,19,0,0
580500,2858,20,0,0
580500,2019,21,0,0
580500,356176,22,0,0
580500,355959,23,1,1
580501,355959,1,0,0
580501,356175,2,0,0
580501,356392,3,0,0
580501,2859,4,0,0
580501,2855,5,0,0
580501,2849,6,0,0
580501,2843,7,0,0
580501,355967,8,0,0
580501,2232,9,0,0
580501,2218,10,0,0
580501,2239,11,0,0
580501,355956,12,0,0
580501,2219,13,0,0
580501,2230,14,0,0
580501,2229,15,0,0
580501,2245,16,0,0
580501,2228,17,0,0
580501,2220,18,0,0
580501,2250,19,0,0
580501,2226,20,0,0
580501,2225,21,0,0
580501,2236,22,0,0
580501,355301,23,0,0
580501,3031,24,0,0
580501,3032,25,0,0
580501,2010,26,1,1
580600,355962,1,0,0
580600,1570,2,0,0
580600,1566,3,0,0
580600,1578,4,0,0
580600,2711,5,0,0
580600,355286,6,0,0
580600,2716,7,0,0
580600,2721,8,0,0
580600,2706,9,0,0
580600,2708,10,0,0
580600,356064,11,0,0
580600,355289,12,0,0
580600,356304,13,0,0
580600,2723,14,0,0
580600,2717,15,0,0
580600,2683,16,0,0
580600,3250,17,0,0
580600,2702,18,0,0
580600,2679,19,0,0
580600,3063,20,0,0
580600,3062,21,0,0
580600,356044,22,0,0
580600,3029,23,0,0
580600,3057,24,0,0
580600,2703,25,0,0
580600,2693,26,0,0
580600,2699,27,0,0
580600,2687,28,0,0
580600,2695,29,0,0
580600,2694,30,0,0
580600,2697,31,0,0
580600,2685,32,0,0
580600,2674,33,0,0
580600,2681,34,0,0
580600,2676,35,0,0
580600,2688,36,0,0
580600,355853,37,0,0
580600,2396,38,0,0
580600,356014,39,0,0
580600,3187,40,0,0
580600,3185,41,0,0
580600,3184,42,0,0
580600,2388,43,0,0
580600,2377,44,0,0
580600,2374,45,0,0
580600,2383,46,0,0
580600,356376,47,0,0
580600,2391,48,0,0
580600,2379,49,0,0
580600,2392,50,0,0
580600,2393,51,0,0
580600,2179,52,0,0
580600,2178,53,0,0
580600,1579,54,0,0
580600,1585,55,0,0
580600,1582,56,0,0
580600,1730,57,0,0
580600,1729,58,0,0
580600,355733,59,0,0
580600,1550,60,0,0
580600,1551,61,0,0
580600,1549,62,0,0
580600,1661,63,0,0
580600,1658,64,0,0
580600,1660,65,0,0
580600,1659,66,0,0
580600,1665,67,0,0
580600,355960,68,0,0
580600,1662,69,0,0
580600,355937,70,0,0
580600,1491,71,0,0
580600,1492,72,0,0
580600,1490,73,0,0
580600,356200,74,0,0
580600,356286,75,0,0
580600,356199,76,0,0
580600,356185,77,0,0
580600,356186,78,0,0
580600,356187,79,0,0
580600,356188,80,0,0
580600,356189,81,0,0
580600,1731,82,0,0
580600,1581,83,0,0
580600,1583,84,0,0
580600,1580,85,0,0
580600,1584,86,0,0
580600,356281,87,1,1
580601,356281,1,0,0
580601,356151,2,0,0
580601,356150,3,0,0
580601,2384,4,0,0
580601,356375,5,0,0
580601,2382,6,0,0
580601,2375,7,0,0
580601,2378,8,0,0
580601,2389,9,0,0
580601,3183,10,0,0
580601,3186,11,0,0
580601,3188,12,0,0
580601,2373,13,0,0
580601,2395,14,0,0
580601,355896,15,0,0
580601,2689,16,0,0
580601,2677,17,0,0
580601,2682,18,0,0
580601,2675,19,0,0
580601,2686,20,0,0
580601,2698,21,0,0
580601,2690,22,0,0
580601,2696,23,0,0
580601,2691,24,0,0
580601,2700,25,0,0
580601,2692,26,0,0
580601,3063,27,0,0
580601,3062,28,0,0
580601,356044,29,0,0
580601,3029,30,0,0
580601,3057,31,0,0
580601,3064,32,0,0
580601,2680,33,0,0
580601,2701,34,0,0
580601,3251,35,0,0
580601,2678,36,0,0
580601,2718,37,0,0
580601,2722,38,0,0
580601,2704,39,0,0
580601,355292,40,0,0
580601,2712,41,0,0
580601,2709,42,0,0
580601,2707,43,0,0
580601,2719,44,0,0
580601,2710,45,0,0
580601,355287,46,0,0
580601,2714,47,0,0
580601,2182,48,0,0
580601,2181,49,0,0
580601,2180,50,0,0
580601,355962,51,1,1
580700,356363,1,0,0
580700,356181,2,0,0
580700,1280,3,0,0
580700,1282,4,0,0
580700,1286,5,0,0
580700,1284,6,0,0
580700,355816,7,0,0
580700,1402,8,0,0
580700,1292,9,0,0
580700,1279,10,0,0
580700,1296,11,0,0
580700,1294,12,0,0
580700,355473,13,0,0
580700,355794,14,0,0
580700,356287,15,0,0
580700,355474,16,0,0
580700,355514,17,0,0
580700,355934,18,0,0
580700,355935,19,0,0
580700,355516,20,0,0
580700,355517,21,0,0
580700,356212,22,0,0
580700,355518,23,0,0
580700,356213,24,0,0
580700,355519,25,0,0
580700,356120,26,0,0
580700,355476,27,0,0
580700,356132,28,0,0
580700,356134,29,0,0
580700,356136,30,0,0
580700,2396,31,0,0
580700,356014,32,0,0
580700,3187,33,0,0
580700,355596,34,0,0
580700,2395,35,0,0
580700,356138,36,0,0
580700,356140,37,0,0
580700,356142,38,0,0
580700,355899,39,0,0
580700,355370,40,0,0
580700,355371,41,0,0
580700,355372,42,0,0
580700,355373,43,0,0
580700,355375,44,0,0
580700,355376,45,0,0
580700,355378,46,0,0
580700,2576,47,0,0
580700,2577,48,0,0
580700,355379,49,0,0
580700,355380,50,0,0
580700,355988,51,0,0
580700,355989,52,0,0
580700,355990,53,0,0
580700,355383,54,0,0
580700,355384,55,0,0
580700,355385,56,0,0
580700,2589,57,0,0
580700,2592,58,0,0
580700,2587,59,0,0
580700,2594,60,0,0
580700,2586,61,0,0
580700,356016,62,0,0
580700,355387,63,0,0
580700,355388,64,0,0
580700,355936,65,0,0
580700,356048,66,0,0
580700,355477,67,0,0
580700,355770,68,0,0
580700,356121,69,0,0
580700,355522,70,0,0
580700,355949,71,0,0
580700,355524,72,0,0
580700,355478,73,0,0
580700,355901,74,0,0
580700,356080,75,0,0
580700,355526,76,0,0
580700,355527,77,0,0
580700,355479,78,0,0
580700,355528,79,0,0
580700,355529,80,0,0
580700,355530,81,0,0
580700,355531,82,0,0
580700,1509,83,0,0
580700,356025,84,0,0
580700,356081,85,0,0
580700,356027,86,0,0
580700,355532,87,0,0
580700,355533,88,0,0
580700,355543,89,0,0
580700,355535,90,0,0
580700,356114,91,0,0
580700,355537,92,0,0
580700,355538,93,0,0
580700,356379,94,1,1
580700,1555,95,1,1
580701,356379,1,0,0
580701,355539,2,0,0
580701,356115,3,0,0
580701,356113,4,0,0
580701,355735,5,0,0
580701,355534,6,0,0
580701,355544,7,0,0
580701,355545,8,0,0
580701,356028,9,0,0
580701,356026,10,0,0
580701,355546,11,0,0
580701,355547,12,0,0
580701,355548,13,0,0
580701,355549,14,0,0
580701,355466,15,0,0
580701,355550,16,0,0
580701,355551,17,0,0
580701,355552,18,0,0
580701,355902,19,0,0
580701,355467,20,0,0
580701,355553,21,0,0
580701,355932,22,0,0
580701,355555,23,0,0
580701,355556,24,0,0
580701,355769,25,0,0
580701,355931,26,0,0
580701,1555,27,0,0
580701,2595,28,0,0
580701,356183,29,0,0
580701,355833,30,0,0
580701,355979,31,0,0
580701,2585,32,0,0
580701,2593,33,0,0
580701,2588,34,0,0
580701,355980,35,0,0
580701,2590,36,0,0
580701,355981,37,0,0
580701,355393,38,0,0
580701,355982,39,0,0
580701,355983,40,0,0
580701,355985,41,0,0
580701,355396,42,0,0
580701,355397,43,0,0
580701,2580,44,0,0
580701,355986,45,0,0
580701,355987,46,0,0
580701,355399,47,0,0
580701,355400,48,0,0
580701,355401,49,0,0
580701,355403,50,0,0
580701,355404,51,0,0
580701,355405,52,0,0
580701,355406,53,0,0
580701,355900,54,0,0
580701,356132,55,0,0
580701,356134,56,0,0
580701,356136,57,0,0
580701,2396,58,0,0
580701,355597,59,0,0
580701,355716,60,0,0
580701,3188,61,0,0
580701,2373,62,0,0
580701,2395,63,0,0
580701,356138,64,0,0
580701,356140,65,0,0
580701,356142,66,0,0
580701,355469,67,0,0
580701,355557,68,0,0
580701,355558,69,0,0
580701,356152,70,0,0
580701,356214,71,0,0
580701,356211,72,0,0
580701,355560,73,0,0
580701,355561,74,0,0
580701,355470,75,0,0
580701,355933,76,0,0
580701,355563,77,0,0
580701,355471,78,0,0
580701,356286,79,0,0
580701,355793,80,0,0
580701,1295,81,0,0
580701,1288,82,0,0
580701,1287,83,0,0
580701,1293,84,0,0
580701,1405,85,0,0
580701,1297,86,0,0
580701,355815,87,0,0
580701,1285,88,0,0
580701,1298,89,0,0
580701,1283,90,0,0
580701,1281,91,0,0
580701,356182,92,0,0
580701,356363,93,1,1
580800,355432,1,0,0
580800,1790,2,0,0
580800,1917,3,0,0
580800,1964,4,0,0
580800,1955,5,0,0
580800,1960,6,0,0
580800,356108,7,0,0
580800,1976,8,0,0
580800,1979,9,0,0
580800,1962,10,0,0
580800,1969,11,0,0
580800,1967,12,0,0
580800,1959,13,0,0
580800,1972,14,0,0
580800,1978,15,0,0
580800,2660,16,0,0
580800,2655,17,0,0
580800,356184,18,0,0
580800,2663,19,0,0
580800,2186,20,0,0
580800,2189,21,0,0
580800,355742,22,0,0
580800,1416,23,0,0
580800,1412,24,0,0
580800,355743,25,0,0
580800,3120,26,0,0
580800,3127,27,0,0
580800,3118,28,0,0
580800,3122,29,0,0
580800,3125,30,0,0
580800,3123,31,0,0
580800,356396,32,0,0
580800,2115,33,0,0
580800,2118,34,0,0
580800,2120,35,0,0
580800,3145,36,0,0
580800,3181,37,1,1
580801,3181,1,0,0
580801,355765,2,0,0
580801,356208,3,0,0
580801,2119,4,0,0
580801,2117,5,0,0
580801,2116,6,0,0
580801,2165,7,0,0
580801,3113,8,0,0
580801,3124,9,0,0
580801,3121,10,0,0
580801,3117,11,0,0
580801,3126,12,0,0
580801,3114,13,0,0
580801,3119,14,0,0
580801,3115,15,0,0
580801,1413,16,0,0
580801,1417,17,0,0
580801,1415,18,0,0
580801,1411,19,0,0
580801,2190,20,0,0
580801,2185,21,0,0
580801,2661,22,0,0
580801,2658,23,0,0
580801,2654,24,0,0
580801,2659,25,0,0
580801,1973,26,0,0
580801,1971,27,0,0
580801,2041,28,0,0
580801,2045,29,0,0
580801,2146,30,0,0
580801,2148,31,0,0
580801,2136,32,0,0
580801,356275,33,0,0
580801,2156,34,0,0
580801,2159,35,0,0
580801,2127,36,0,0
580801,2121,37,0,0
580801,2150,38,0,0
580801,1771,39,0,0
580801,355432,40,1,1
580900,2349,1,0,0
580900,3240,2,0,0
580900,3231,3,0,0
580900,3241,4,0,0
580900,3237,5,0,0
580900,3228,6,0,0
580900,3227,7,0,0
580900,3234,8,0,0
580900,3235,9,0,0
580900,355943,10,0,0
580900,2340,11,0,0
580900,356393,12,0,0
580900,2346,13,0,0
580900,2347,14,0,0
580900,2442,15,0,0
580900,2439,16,0,0
580900,2440,17,0,0
580900,2441,18,0,0
580900,2350,19,1,1
580901,2350,1,0,0
580901,2731,2,0,0
580901,2730,3,0,0
580901,2732,4,0,0
580901,2348,5,0,0
580901,2344,6,0,0
580901,2343,7,0,0
580901,2339,8,0,0
580901,1603,9,0,0
580901,3236,10,0,0
580901,3233,11,0,0
580901,3230,12,0,0
580901,3229,13,0,0
580901,3238,14,0,0
580901,3242,15,0,0
580901,3232,16,0,0
580901,3239,17,0,0
580901,2349,18,1,1
581100,1405,1,0,0
581100,1297,2,0,0
581100,355815,3,0,0
581100,1285,4,0,0
581100,1298,5,0,0
581100,1283,6,0,0
581100,1281,7,0,0
581100,1290,8,0,0
581100,356182,9,0,0
581100,356169,10,0,0
581100,355923,11,0,0
581100,356380,12,0,0
581100,3068,13,0,0
581100,3070,14,0,0
581100,356390,15,0,0
581100,3076,16,0,0
581100,356381,17,1,1
581101,356381,1,0,0
581101,3075,2,0,0
581101,356391,3,0,0
581101,3071,4,0,0
581101,3069,5,0,0
581101,355924,6,0,0
581101,356380,7,0,0
581101,356170,8,0,0
581101,356181,9,0,0
581101,1280,10,0,0
581101,1282,11,0,0
581101,1286,12,0,0
581101,1284,13,0,0
581101,355816,14,0,0
581101,1405,15,1,1
581200,355308,1,0,0
581200,1149,2,0,0
581200,356220,3,0,0
581200,356221,4,0,0
581200,356222,5,0,0
581200,356021,6,1,1
581201,356021,1,0,0
581201,1741,2,0,0
581201,1737,3,0,0
581201,1736,4,0,0
581201,356219,5,0,0
581201,355308,6,1,1
582000,2010,1,1,1
582000,2137,2,0,0
582000,2093,3,1,1
582000,1400,4,0,0
582000,2511,5,1,1
582300,1399,1,0,0
582300,2507,2,0,0
582300,2490,3,0,0
582300,2513,4,0,0
582300,2491,5,0,0
582300,2499,6,0,0
582300,2501,7,0,0
582300,1616,8,0,0
582300,1613,9,0,0
582300,1619,10,0,0
582300,1611,11,0,0
582300,1610,12,0,0
582300,356055,13,0,0
582300,1075,14,0,0
582300,355782,15,0,0
582300,1132,16,0,0
582300,356372,17,0,0
582300,356319,18,0,0
582300,356320,19,0,0
582300,356321,20,0,0
582300,356322,21,0,0
582300,356318,22,0,0
582300,356324,23,0,0
582300,356325,24,0,0
582300,356326,25,0,0
582300,356327,26,0,0
582300,356328,27,0,0
582300,356329,28,0,0
582300,356330,29,0,0
582300,356331,30,0,0
582300,356332,31,0,0
582300,356333,32,0,0
582300,356334,33,0,0
582300,356335,34,0,0
582300,356336,35,0,0
582300,356337,36,1,1
582301,356337,1,0,0
582301,356245,2,0,0
582301,356244,3,0,0
582301,356382,4,0,0
582301,356280,5,0,0
582301,356240,6,0,0
582301,356339,7,0,0
582301,356373,8,0,0
582301,356340,9,0,0
582301,356341,10,0,0
582301,356342,11,0,0
582301,356343,12,0,0
582301,356344,13,0,0
582301,1131,14,0,0
582301,356301,15,0,0
582301,1141,16,0,0
582301,1144,17,0,0
582301,356345,18,0,0
582301,356374,19,0,0
582301,356347,20,0,0
582301,356349,21,0,0
582301,356350,22,0,0
582301,356351,23,0,0
582301,1136,24,0,0
582301,1133,25,0,0
582301,355781,26,0,0
582301,1076,27,0,0
582301,356055,28,0,0
582301,1075,29,0,0
582301,1609,30,0,0
582301,1612,31,0,0
582301,1618,32,0,0
582301,1614,33,0,0
582301,1615,34,0,0
582301,2504,35,0,0
582301,2502,36,0,0
582301,2500,37,0,0
582301,2492,38,0,0
582301,2512,39,0,0
582301,2521,40,0,0
582301,2508,41,0,0
582301,1399,42,1,1
582800,3181,1,0,0
582800,355765,2,0,0
582800,356208,3,0,0
582800,2119,4,0,0
582800,2117,5,0,0
582800,2116,6,0,0
582800,2165,7,0,0
582800,356290,8,0,0
582800,2139,9,0,0
582800,2123,10,0,0
582800,2144,11,0,0
582800,2162,12,0,0
582800,2145,13,0,0
582800,2190,14,0,0
582800,2185,15,0,0
582800,2661,16,0,0
582800,2658,17,0,0
582800,2654,18,0,0
582800,2659,19,0,0
582800,1973,20,0,0
582800,1971,21,0,0
582800,2041,22,0,0
582800,2045,23,0,0
582800,2146,24,0,0
582800,2148,25,0,0
582800,2136,26,0,0
582800,356275,27,0,0
582800,2156,28,0,0
582800,2159,29,0,0
582800,2127,30,0,0
582800,2121,31,0,0
582800,2149,32,0,0
582800,2088,33,0,0
582800,355415,34,0,0
582800,1790,35,0,0
582800,356010,36,0,0
582800,356262,37,0,0
582800,2112,38,0,0
582800,2109,39,0,0
582800,2080,40,0,0
582800,2098,41,0,0
582800,2113,42,0,0
582800,356265,43,0,0
582800,356266,44,0,0
582800,356067,45,0,0
582800,2072,46,0,0
582800,2071,47,0,0
582800,2075,48,0,0
582800,2078,49,0,0
582800,2085,50,0,0
582800,356364,51,0,0
582800,356365,52,0,0
582800,2103,53,0,0
582800,2087,54,0,0
582800,2090,55,0,0
582800,2095,56,0,0
582800,2076,57,0,0
582800,2108,58,0,0
582800,2081,59,0,0
582800,2496,60,0,0
582800,2497,61,0,0
582800,2510,62,0,0
582800,2517,63,0,0
582800,2498,64,0,0
582800,2520,65,0,0
582800,2485,66,0,0
582800,2525,67,0,0
582800,355947,68,0,0
582800,2515,69,0,0
582800,2495,70,0,0
582800,2489,71,0,0
582800,1403,72,1,1
582801,1403,1,0,0
582801,2511,2,0,0
582801,2488,3,0,0
582801,2514,4,0,0
582801,355946,5,0,0
582801,2524,6,0,0
582801,2518,7,0,0
582801,2519,8,0,0
582801,2493,9,0,0
582801,2516,10,0,0
582801,2509,11,0,0
582801,2523,12,0,0
582801,2522,13,0,0
582801,2107,14,0,0
582801,2111,15,0,0
582801,2077,16,0,0
582801,2084,17,0,0
582801,2094,18,0,0
582801,2114,19,0,0
582801,2086,20,0,0
582801,2102,21,0,0
582801,356366,22,0,0
582801,356367,23,0,0
582801,356368,24,0,0
582801,1902,25,0,0
582801,1907,26,0,0
582801,356065,27,0,0
582801,1905,28,0,0
582801,1943,29,0,0
582801,1911,30,0,0
582801,1945,31,0,0
582801,1942,32,0,0
582801,1951,33,0,0
582801,1944,34,0,0
582801,1904,35,0,0
582801,1946,36,0,0
582801,1950,37,0,0
582801,1906,38,0,0
582801,1947,39,0,0
582801,1898,40,0,0
582801,1914,41,0,0
582801,1964,42,0,0
582801,1955,43,0,0
582801,1960,44,0,0
582801,356108,45,0,0
582801,1976,46,0,0
582801,1979,47,0,0
582801,1962,48,0,0
582801,1969,49,0,0
582801,1967,50,0,0
582801,1959,51,0,0
582801,1972,52,0,0
582801,1978,53,0,0
582801,2660,54,0,0
582801,2655,55,0,0
582801,356184,56,0,0
582801,2663,57,0,0
582801,2186,58,0,0
582801,2189,59,0,0
582801,2138,60,0,0
582801,2154,61,0,0
582801,2143,62,0,0
582801,355954,63,0,0
582801,2164,64,0,0
582801,2163,65,0,0
582801,356293,66,0,0
582801,356289,67,0,0
582801,356396,68,0,0
582801,2115,69,0,0
582801,2118,70,0,0
582801,2120,71,0,0
582801,3145,72,0,0
582801,3181,73,1,1
582801,1771,74,0,0
582801,355415,75,1,1
582900,356299,1,0,0
582900,2130,2,0,0
582900,2137,3,0,0
582900,2146,4,0,0
582900,2136,5,0,0
582900,2159,6,0,0
582900,2149,7,0,0
582900,2093,8,0,0
582900,2112,9,0,0
582900,2113,10,0,0
582900,356067,11,0,0
582900,2071,12,0,0
582900,356352,13,0,0
582900,1269,14,0,0
582900,356359,15,0,0
582900,2517,16,0,0
582900,2515,17,0,0
582900,1400,18,1,1
582901,1400,1,0,0
582901,2514,2,0,0
582901,2516,3,0,0
582901,2094,4,0,0
582901,355830,5,0,0
582901,356356,6,0,0
582901,356065,7,0,0
582901,1943,8,0,0
582901,1951,9,0,0
582901,1950,10,0,0
582901,1916,11,0,0
582901,356209,12,0,0
582901,356108,13,0,0
582901,1962,14,0,0
582901,2147,15,0,0
582901,2138,16,0,0
582901,355969,17,0,0
582901,356299,18,1,1
583000,1717,1,0,0
583000,1499,2,0,0
583000,1498,3,0,0
583000,1494,4,0,0
583000,1496,5,0,0
583000,1175,6,0,0
583000,1180,7,0,0
583000,1178,8,0,0
583000,1179,9,0,0
583000,2357,10,0,0
583000,1181,11,0,0
583000,1177,12,0,0
583000,1640,13,0,0
583000,1639,14,0,0
583000,1822,15,0,0
583000,1826,16,0,0
583000,1813,17,0,0
583000,1811,18,0,0
583000,1817,19,0,0
583000,1810,20,0,0
583000,1820,21,0,0
583000,1831,22,0,0
583000,1833,23,0,0
583000,1827,24,0,0
583000,1835,25,0,0
583000,1830,26,0,0
583000,2363,27,0,0
583000,2356,28,0,0
583000,2360,29,0,0
583000,356355,30,0,0
583000,1273,31,0,0
583000,1250,32,0,0
583000,1255,33,0,0
583000,356370,34,0,0
583000,356356,35,0,0
583000,356357,36,0,0
583000,2078,37,0,0
583000,2085,38,0,0
583000,1930,39,0,0
583000,1924,40,0,0
583000,1918,41,0,0
583000,1953,42,0,0
583000,1921,43,0,0
583000,1809,44,0,0
583000,2876,45,0,0
583000,2888,46,0,0
583000,2871,47,0,0
583000,2877,48,0,0
583000,2864,49,0,0
583000,2866,50,0,0
583000,2865,51,0,0
583000,2883,52,0,0
583000,2219,53,0,0
583000,2230,54,0,0
583000,2229,55,0,0
583000,2245,56,0,0
583000,2228,57,0,0
583000,2220,58,0,0
583000,2250,59,0,0
583000,2226,60,0,0
583000,2225,61,0,0
583000,2236,62,0,0
583000,355301,63,0,0
583000,3031,64,0,0
583000,3032,65,0,0
583000,2011,66,0,0
583000,3049,67,0,0
583000,3033,68,0,0
583000,3030,69,0,0
583000,2254,70,0,0
583000,2223,71,0,0
583000,2241,72,0,0
583000,2252,73,0,0
583000,2221,74,0,0
583000,2255,75,0,0
583000,2243,76,0,0
583000,2247,77,0,0
583000,2265,78,0,0
583000,2293,79,0,0
583000,2278,80,0,0
583000,2261,81,0,0
583000,2285,82,0,0
583000,2289,83,0,0
583000,2291,84,0,0
583000,2271,85,0,0
583000,2273,86,0,0
583000,2268,87,0,0
583000,2287,88,0,0
583000,2269,89,0,0
583000,3252,90,0,0
583000,2262,91,0,0
583000,2274,92,0,0
583000,2264,93,0,0
583000,2283,94,0,0
583000,2258,95,0,0
583000,2279,96,0,0
583000,1577,97,0,0
583000,2182,98,0,0
583000,2181,99,0,0
583000,2180,100,0,0
583000,2183,101,1,1
583001,2183,1,0,0
583001,1570,2,0,0
583001,1566,3,0,0
583001,2280,4,0,0
583001,2257,5,0,0
583001,2286,6,0,0
583001,2275,7,0,0
583001,2263,8,0,0
583001,2282,9,0,0
583001,2267,10,0,0
583001,2288,11,0,0
583001,2266,12,0,0
583001,2272,13,0,0
583001,2290,14,0,0
583001,2277,15,0,0
583001,2284,16,0,0
583001,2260,17,0,0
583001,2259,18,0,0
583001,2294,19,0,0
583001,2270,20,0,0
583001,2246,21,0,0
583001,2233,22,0,0
583001,2256,23,0,0
583001,2222,24,0,0
583001,2251,25,0,0
583001,2242,26,0,0
583001,2224,27,0,0
583001,355409,28,0,0
583001,3031,29,0,0
583001,3032,30,0,0
583001,2010,31,0,0
583001,3049,32,0,0
583001,3033,33,0,0
583001,3030,34,0,0
583001,2235,35,0,0
583001,2227,36,0,0
583001,2249,37,0,0
583001,2237,38,0,0
583001,2234,39,0,0
583001,2244,40,0,0
583001,2240,41,0,0
583001,2231,42,0,0
583001,2248,43,0,0
583001,2874,44,0,0
583001,2894,45,0,0
583001,2870,46,0,0
583001,2863,47,0,0
583001,2878,48,0,0
583001,2872,49,0,0
583001,355952,50,0,0
583001,2898,51,0,0
583001,1809,52,0,0
583001,1837,53,0,0
583001,2004,54,0,0
583001,1715,55,0,0
583001,1952,56,0,0
583001,1936,57,0,0
583001,1903,58,0,0
583001,1929,59,0,0
583001,356313,60,0,0
583001,1896,61,0,0
583001,1902,62,0,0
583001,1907,63,0,0
583001,1254,64,0,0
583001,1249,65,0,0
583001,355831,66,0,0
583001,356369,67,0,0
583001,2359,68,0,0
583001,2355,69,0,0
583001,2364,70,0,0
583001,2357,71,0,0
583001,2358,72,0,0
583001,1829,73,0,0
583001,1836,74,0,0
583001,1828,75,0,0
583001,1834,76,0,0
583001,1832,77,0,0
583001,1821,78,0,0
583001,1825,79,0,0
583001,1818,80,0,0
583001,356178,81,0,0
583001,1812,82,0,0
583001,1814,83,0,0
583001,1824,84,0,0
583001,1823,85,0,0
583001,1819,86,0,0
583001,1815,87,0,0
583001,1227,88,0,0
583001,356057,89,0,0
583001,1718,90,0,0
583001,1717,91,1,1
583100,1399,1,0,0
583100,2507,2,0,0
583100,2490,3,0,0
583100,2513,4,0,0
583100,2491,5,0,0
583100,2499,6,0,0
583100,2501,7,0,0
583100,2506,8,0,0
583100,1678,9,0,0
583100,1670,10,0,0
583100,1679,11,0,0
583100,1685,12,0,0
583100,1684,13,0,0
583100,1686,14,0,0
583100,1681,15,0,0
583100,1691,16,0,0
583100,1671,17,0,0
583100,1675,18,0,0
583100,1666,19,0,0
583100,1676,20,0,0
583100,1669,21,0,0
583100,1617,22,0,0
583100,1616,23,0,0
583100,1613,24,0,0
583100,1619,25,0,0
583100,1611,26,0,0
583100,1610,27,0,0
583100,1048,28,0,0
583100,1075,29,0,0
583100,355782,30,0,0
583100,1132,31,0,0
583100,1135,32,0,0
583100,1129,33,0,0
583100,1137,34,0,0
583100,1143,35,0,0
583100,1140,36,0,0
583100,1145,37,0,0
583100,355928,38,0,0
583100,1378,39,0,0
583100,1033,40,0,0
583100,1034,41,0,0
583100,1032,42,0,0
583100,1035,43,0,0
583100,356230,44,0,0
583100,356231,45,0,0
583100,356232,46,0,0
583100,356233,47,0,0
583100,356234,48,0,0
583100,356269,49,0,0
583100,356255,50,0,0
583100,1798,51,0,0
583100,356253,52,0,0
583100,356254,53,0,0
583100,356235,54,0,0
583100,356236,55,0,0
583100,356270,56,0,0
583100,356238,57,0,0
583100,356239,58,0,0
583100,356257,59,0,0
583100,356258,60,1,1
583101,356258,1,0,0
583101,356259,2,0,0
583101,356260,3,0,0
583101,356250,4,0,0
583101,356249,5,0,0
583101,356248,6,0,0
583101,356247,7,0,0
583101,356246,8,0,0
583101,356245,9,0,0
583101,356244,10,0,0
583101,356269,11,0,0
583101,356255,12,0,0
583101,1798,13,0,0
583101,1683,14,0,0
583101,356086,15,0,0
583101,1677,16,0,0
583101,1667,17,0,0
583101,1689,18,0,0
583101,1672,19,0,0
583101,1690,20,0,0
583101,1688,21,0,0
583101,1687,22,0,0
583101,1693,23,0,0
583101,1674,24,0,0
583101,355777,25,0,0
583101,1680,26,0,0
583101,1692,27,0,0
583101,1673,28,0,0
583101,356253,29,0,0
583101,356254,30,0,0
583101,356280,31,0,0
583101,356240,32,0,0
583101,355746,33,0,0
583101,1130,34,0,0
583101,1142,35,0,0
583101,1131,36,0,0
583101,356301,37,0,0
583101,1141,38,0,0
583101,1144,39,0,0
583101,1138,40,0,0
583101,1139,41,0,0
583101,1136,42,0,0
583101,1133,43,0,0
583101,355781,44,0,0
583101,1076,45,0,0
583101,1048,46,0,0
583101,1075,47,0,0
583101,1609,48,0,0
583101,1612,49,0,0
583101,1618,50,0,0
583101,1614,51,0,0
583101,1615,52,0,0
583101,2504,53,0,0
583101,2502,54,0,0
583101,2500,55,0,0
583101,2492,56,0,0
583101,2512,57,0,0
583101,2521,58,0,0
583101,2508,59,0,0
583101,1399,60,1,1
583200,2010,1,1,1
583200,2137,2,0,0
583200,2093,3,1,1
583200,1400,4,0,0
583200,2511,5,1,1
583300,2010,1,1,1
583300,1400,2,0,0
583300,2511,3,1,1
583300,2137,4,0,0
583300,2093,5,1,1
583400,2010,1,1,1
583400,2137,2,0,0
583400,2093,3,1,1
583400,1400,4,0,0
583400,2511,5,1,1
583500,356093,1,0,0
583500,355545,2,0,0
583500,356028,3,0,0
583500,355775,4,0,0
583500,3152,5,0,0
583500,3164,6,0,0
583500,3150,7,0,0
583500,3154,8,0,0
583500,3175,9,0,0
583500,3178,10,0,0
583500,3162,11,0,0
583500,3159,12,0,0
583500,356166,13,0,0
583500,3151,14,0,0
583500,356172,15,0,0
583500,3163,16,0,0
583500,3155,17,0,0
583500,3148,18,0,0
583500,3172,19,0,0
583500,2560,20,0,0
583500,2557,21,0,0
583500,2276,22,0,0
583500,2193,23,0,0
583500,2191,24,0,0
583500,356387,25,0,0
583500,1568,26,0,0
583500,1574,27,0,0
583500,1570,28,0,0
583500,2338,29,0,0
583500,2180,30,0,0
583500,355962,31,1,1
583500,2136,32,0,0
583500,2159,33,0,0
583500,2149,34,1,1
583501,356209,1,0,0
583501,356108,2,0,0
583501,1979,3,0,0
583501,1962,4,0,0
583501,355962,5,0,0
583501,1569,6,0,0
583501,1567,7,0,0
583501,1575,8,0,0
583501,1573,9,0,0
583501,2194,10,0,0
583501,2192,11,0,0
583501,2558,12,0,0
583501,3174,13,0,0
583501,3149,14,0,0
583501,3177,15,0,0
583501,3147,16,0,0
583501,3156,17,0,0
583501,3167,18,0,0
583501,3158,19,0,0
583501,3160,20,0,0
583501,3161,21,0,0
583501,3157,22,0,0
583501,3142,23,0,0
583501,3153,24,0,0
583501,3179,25,0,0
583501,3168,26,0,0
583501,2639,27,0,0
583501,355411,28,0,0
583501,2635,29,0,0
583501,1509,30,0,0
583501,355974,31,0,0
583501,355532,32,0,0
583501,356093,33,1,1
583600,356072,1,0,0
583600,1849,2,0,0
583600,355971,3,0,0
583600,2137,4,0,0
583600,2136,5,0,0
583600,2149,6,0,0
583600,356209,7,1,1
583601,356209,1,0,0
583601,1962,2,0,0
583601,2138,3,0,0
583601,355970,4,0,0
583601,1852,5,0,0
583601,356072,6,1,1
