580701,'1',454,,39023,55,,,0,68,,39022,55,,,0,36,,39021,55,,,0,55,,39020,55,,,0,10,,39018,55,,,0,2,,39019,90,,,0,28,,39016,55,,,0,2,,39017,90,,,0,64,,39015,90,,,0,4,,39014,55,,,0,18,,39013,90,,,0,61,,39012,90,,,0,15,,39011,90,,,0,15,,39010,90,,,0,15,,39009,90,,,0,55,,39008,90,,,0,15,,39007,90,,,0,15,,39006,90,,,0,15,,39005,90,,,0,55,,39004,90,,,0,15,,39003,90,,,0,25,,39002,90,,,0,67,,39001,90,,,0,30,,39000,90,,,0,70,,38999,90,,,0,30,,38998,90,,,0,70,,38997,90,,,0,30,,38996,90,,,0,20,,38995,55,,,0,50,,38994,90,,,0,20,,38993,55,,,0,10,,38992,90,,,0,68,,38991,90,,,0,15,,38990,90,,,0,15,,38989,90,,,0,15,,38988,90,,,0,55,,38987,90,,,0,15,,38986,90,,,0,15,,38985,90,,,0,15,,38984,90,,,0,55,,38983,90,,,0,15,,38982,90,,,0,15,,38981,90,,,0,15,,38980,90,,,0,55,,38979,90,,,0,15,,38978,90,,,0,15,,38977,90,,,0,15,,38976,90,,,0,60,,38975,90,,,0,30,,38974,90,,,0,66,,38973,90,,,0,30,,38972,90,,,0,70,,38971,90,,,0,30,,38970,90,,,0,70,,38969,90,,,0,30,,38968,90,,,0,70,,38967,90,,,0,30,,38966,90,,,0,70,,38963,90,,,0,30,,38965,90,,,0,70,,38962,90,,,0,30,,38964,90,,,0
580701,'2',616,,39063,90,,,0,30,,39024,90,,,0,70,,39025,90,,,0,30,,39026,90,,,0,65,,39038,90,,,0,30,,39027,90,,,0,70,,39039,90,,,0,30,,39028,90,,,0,70,,39040,90,,,0,30,,39029,90,,,0,75,,39041,90,,,0,30,,39030,90,,,0,70,,39042,90,,,0,30,,39043,90,,,0,70,,39044,90,,,0,30,,39045,90,,,0,70,,39046,90,,,0,30,,39047,90,,,0,70,,39048,90,,,0,30,,39031,90,,,0,70,,39049,90,,,0,30,,39032,90,,,0,70,,39050,90,,,0,30,,39033,90,,,0,70,,39051,90,,,0,30,,39052,90,,,0,70,,39053,90,,,0,30,,39034,90,,,0,65,,39054,90,,,0,30,,39055,90,,,0,70,,39056,90,,,0,30,,39057,90,,,0,70,,39058,90,,,0,30,,39059,90,,,0,70,,39060,90,,,0,30,,39035,90,,,0,70,,39036,90,,,0,30,,39061,90,,,0,70,,39037,90,,,0,45,,39062,90,,,0
580701,'3',637,,39065,55,,,0,70,,39066,55,,,0,30,,39101,90,,,0,70,,39067,90,,,0,36,,39084,90,,,0,64,,39068,90,,,0,36,,39085,90,,,0,70,,39069,90,,,0,30,,39086,90,,,0,71,,39070,90,,,0,30,,39087,90,,,0,70,,39071,90,,,0,30,,39088,90,,,0,70,,39072,90,,,0,30,,39089,90,,,0,70,,39073,90,,,0,30,,39090,90,,,0,70,,39074,90,,,0,30,,39091,90,,,0,70,,39075,90,,,0,30,,39092,90,,,0,70,,39076,90,,,0,30,,39093,90,,,0,70,,39077,90,,,0,30,,39094,90,,,0,69,,39078,90,,,0,30,,39095,90,,,0,70,,39079,90,,,0,30,,39096,90,,,0,70,,39080,90,,,0,30,,39097,90,,,0,70,,39081,90,,,0,30,,39098,90,,,0,70,,39082,90,,,0,30,,39099,90,,,0,70,,39083,90,,,0,30,,39100,90,,,0
580701,'4',723,,39131,90,,,0,30,,39132,90,,,0,70,,39115,90,,,0,30,,39117,90,,,0,70,,39114,90,,,0,30,,39118,90,,,0,70,,39113,90,,,0,30,,39119,90,,,0,70,,39112,90,,,0,30,,39120,90,,,0,70,,39111,90,,,0,30,,39121,90,,,0,70,,39110,90,,,0,30,,39122,90,,,0,70,,39109,90,,,0,30,,39123,90,,,0,70,,39108,90,,,0,30,,39124,90,,,0,70,,39107,90,,,0,30,,39125,90,,,0,70,,39106,90,,,0,30,,39126,90,,,0,70,,39105,90,,,0,30,,39127,90,,,0,70,,39104,90,,,0,30,,39128,90,,,0,70,,39103,90,,,0,30,,39129,90,,,0,70,,39102,90,,,0,30,,39130,90,,,0
580701,'6',637,,39134,55,,,0,70,,39135,55,,,0,30,,39170,90,,,0,70,,39136,90,,,0,36,,39153,90,,,0,64,,39137,90,,,0,36,,39154,90,,,0,70,,39138,90,,,0,30,,39155,90,,,0,71,,39139,90,,,0,30,,39156,90,,,0,70,,39140,90,,,0,30,,39157,90,,,0,70,,39141,90,,,0,30,,39158,90,,,0,70,,39142,90,,,0,30,,39159,90,,,0,70,,39143,90,,,0,30,,39160,90,,,0,70,,39144,90,,,0,30,,39161,90,,,0,70,,39145,90,,,0,30,,39162,90,,,0,70,,39146,90,,,0,30,,39163,90,,,0,69,,39147,90,,,0,30,,39164,90,,,0,70,,39148,90,,,0,30,,39165,90,,,0,70,,39149,90,,,0,30,,39166,90,,,0,70,,39150,90,,,0,30,,39167,90,,,0,70,,39151,90,,,0,30,,39168,90,,,0,70,,39152,90,,,0,30,,39169,90,,,0
581100,'14701',1006,,39947,7,,,0,100,,39948,7,,,0,100,,39949,7,,,0,100,,39950,7,,,0,100,,39951,7,,,0,100,,39952,7,,,0,100,,39953,7,,,0,100,,39954,7,,,0,100,,39955,7,,,0,100,,39956,7,,,0,100,,39957,7,,,0
581100,'14702',1006,,39958,7,,,0,45,,39959,7,,,0,85,,39960,7,,,0,85,,39961,7,,,0,85,,39962,7,,,0,45,,39963,7,,,0,85,,39964,7,,,0,85,,39965,7,,,0,85,,39966,7,,,0,45,,39967,7,,,0,85,,39968,7,,,0
581100,'14703',1006,,39969,7,,,0,45,,39970,7,,,0,85,,39971,7,,,0,85,,39972,7,,,0,85,,39973,7,,,0,45,,39974,7,,,0,85,,39975,7,,,0,85,,39976,7,,,0,85,,39977,7,,,0,45,,39978,7,,,0,85,,39979,7,,,0
581100,'14704',1006,,39980,7,,,0,45,,39981,7,,,0,85,,39982,7,,,0,85,,39983,7,,,0,85,,39984,7,,,0,45,,39985,7,,,0,85,,39986,7,,,0,85,,39987,7,,,0,85,,39988,7,,,0,45,,39989,7,,,0
581100,'14706',1006,,39990,7,,,0,45,,39991,7,,,0,85,,39992,7,,,0,85,,39993,7,,,0,85,,39994,7,,,0,45,,39995,7,,,0,85,,39996,7,,,0,85,,39997,7,,,0,85,,39998,7,,,0,45,,39999,7,,,0,85,,40000,7,,,0
