578300,'1',542,,30529,49,4,,0,65,,30532,92,4,,0,30,,30535,92,4,,0,70,,30538,92,4,,0,15,,30540,92,4,,0,15,,30542,92,4,,0,15,,30544,92,4,,0,55,,30546,92,4,,0,15,,30548,92,4,,0,15,,30550,92,4,,0,15,,30552,92,4,,0,55,,30554,92,4,,0,15,,30556,92,4,,0,23,,30558,92,4,,0,55,,30560,92,4,,0,15,,30562,92,4,,0,30,,30566,92,4,,0,70,,30569,92,4,,0,30,,30572,92,4,,0,70,,30575,92,4,,0,30,,30578,92,4,,0,70,,30581,92,4,,0,30,,30584,92,4,,0,70,,30587,92,4,,0,32,,30590,92,4,,0,55,,30592,92,4,,0,15,,30594,92,4,,0,15,,30596,92,4,,0,15,,30598,92,4,,0,55,,30600,92,4,,0,15,,30602,92,4,,0,15,,30604,92,4,,0,15,,30606,92,4,,0,55,,30608,92,4,,0,15,,30610,92,4,,0,15,,30612,92,4,,0,15,,30614,92,4,,0,55,,30616,92,4,,0,15,,30618,92,4,,0,15,,30620,92,4,,0,15,,30622,92,4,,0,55,,30624,92,4,,0,7,,30626,92,4,,0,30,,30629,92,4,,0,70,,30632,92,4,,0,30,,30635,92,4,,0,70,,30638,92,4,,0,30,,30641,92,4,,0,70,,30644,92,4,,0,23,,30647,92,4,,0,85,,30650,92,4,,0,85,,30653,92,4,,0,45,,30656,92,4,,0,85,,30659,92,4,,0,21,,30662,92,4,,0
578300,'2',503,,30665,49,4,,0,30,,30667,49,4,,0,85,,30670,92,4,,0,27,,30672,92,4,,0,76,,30675,92,4,,0,36,,30678,92,4,,0,70,,30681,49,4,,0,19,,30682,92,4,,0,76,,30685,92,4,,0,36,,30688,92,4,,0,76,,30691,92,4,,0,76,,30694,92,4,,0,36,,30697,92,4,,0,76,,30700,92,4,,0,36,,30703,92,4,,0,76,,30706,92,4,,0,76,,30709,92,4,,0,36,,30712,92,4,,0,76,,30715,92,4,,0,36,,30718,92,4,,0,76,,30721,92,4,,0,76,,30724,92,4,,0,36,,30727,92,4,,0,76,,30730,92,4,,0,32,,30733,92,4,,0,76,,30736,92,4,,0,26,,30739,92,4,,0,76,,30742,92,4,,0,76,,30745,92,4,,0,36,,30748,92,4,,0,77,,30751,92,4,,0,83,,30754,92,4,,0,30,,30756,92,4,,0,85,,30759,92,4,,0,85,,30762,92,4,,0,50,,30766,92,4,,0
578300,'3',550,,30769,49,4,,0,85,,30772,92,4,,0,23,,30774,49,4,,0,62,,30776,92,4,,0,85,,30779,92,4,,0,45,,30782,92,4,,0,85,,30785,92,4,,0,76,,30788,92,4,,0,47,,30791,92,4,,0,76,,30794,92,4,,0,76,,30797,92,4,,0,36,,30800,92,4,,0,76,,30803,92,4,,0,36,,30806,92,4,,0,76,,30809,92,4,,0,76,,30812,92,4,,0,36,,30815,92,4,,0,76,,30818,92,4,,0,36,,30821,92,4,,0,76,,30824,92,4,,0,76,,30827,92,4,,0,31,,30830,92,4,,0,85,,30833,92,4,,0,85,,30836,92,4,,0,45,,30839,92,4,,0,85,,30842,92,4,,0,85,,30845,92,4,,0,78,,30848,92,4,,0,45,,30851,92,4,,0,85,,30855,92,4,,0
578300,'4',605,,30921,49,4,,0,40,,30857,49,4,,0,75,,30860,92,4,,0,85,,30863,92,4,,0,45,,30866,92,4,,0,85,,30869,92,4,,0,85,,30872,92,4,,0,93,,30875,92,4,,0,45,,30878,92,4,,0,85,,30881,92,4,,0,85,,30884,92,4,,0,85,,30887,92,4,,0,45,,30890,92,4,,0,85,,30893,92,4,,0,85,,30896,92,4,,0,85,,30899,92,4,,0,45,,30902,92,4,,0,77,,30905,92,4,,0,85,,30908,92,4,,0,85,,30911,92,4,,0,45,,30914,92,4,,0,85,,30918,92,4,,0
578300,'6',550,,30923,49,4,,0,85,,30926,92,4,,0,23,,30928,49,4,,0,62,,30930,92,4,,0,85,,30933,92,4,,0,45,,30936,92,4,,0,85,,30939,92,4,,0,76,,30942,92,4,,0,47,,30945,92,4,,0,76,,30948,92,4,,0,76,,30951,92,4,,0,36,,30954,92,4,,0,76,,30957,92,4,,0,36,,30960,92,4,,0,76,,30963,92,4,,0,76,,30966,92,4,,0,36,,30969,92,4,,0,76,,30972,92,4,,0,36,,30975,92,4,,0,76,,30978,92,4,,0,76,,30981,92,4,,0,31,,30984,92,4,,0,85,,30987,92,4,,0,85,,30990,92,4,,0,45,,30993,92,4,,0,85,,30996,92,4,,0,85,,30999,92,4,,0,78,,31002,92,4,,0,45,,31005,92,4,,0,85,,31009,92,4,,0
578301,'1',456,,31014,1,0,33 4 34,0,75,,31017,1,0,33 4 34,0,23,,31020,1,0,33 4 34,0,55,,31022,1,0,33 4 34,0,11,,31024,1,0,33 4 34,0,15,,31026,1,0,33 4 34,0,15,,31028,1,0,33 4 34,0,55,,31030,1,0,33 4 34,0,15,,31032,1,0,33 4 34,0,15,,31034,1,0,33 4 34,0,15,,31036,1,0,33 4 34,0,55,,31038,1,0,33 4 34,0,15,,31040,1,0,33 4 34,0,15,,31042,1,0,33 4 34,0,15,,31044,1,0,33 4 34,0,55,,31046,1,0,33 4 34,0,15,,31048,1,0,17 18 4 19,0,17,,31050,1,0,33 4 34,0,70,,31053,1,0,33 4 34,0,30,,31056,1,0,33 4 34,0,70,,31059,1,0,33 4 34,0,30,,31062,1,0,33 4 34,0,70,,31065,1,0,33 4 34,0,30,,31068,1,0,33 4 34,0,70,,31071,1,0,33 4 34,0,27,,31074,1,0,33 4 34,0,18,,31076,1,0,33 4 34,0,55,,31078,1,0,33 4 34,0,15,,31080,1,0,33 4 34,0,15,,31082,1,0,33 4 34,0,15,,31084,1,0,33 4 34,0,55,,31086,1,0,33 4 34,0,15,,31088,1,0,33 4 34,0,15,,31090,1,0,33 4 34,0,15,,31092,1,0,33 4 34,0,55,,31094,1,0,33 4 34,0,15,,31096,1,0,33 4 34,0,15,,31098,1,0,33 4 34,0,15,,31100,1,0,33 4 34,0,54,,31102,1,0,33 4 34,0,20,,31104,1,0,33 4 34,0,15,,31106,1,0,33 4 34,0,8,,31108,1,0,17 18 4 19,0,63,,31110,1,0,33 4 34,0,10,,31112,1,0,17 18 4 19,0,24,,31114,1,0,33 4 34,0,64,,31117,1,0,33 4 34,0,36,,31121,1,0,33 4 34,0,70,,31124,1,0,33 4 34,0,30,,31127,1,0,33 4 34,0,70,,31130,1,0,33 4 34,0,21,,31132,1,0,33 4 34,0,85,,31135,1,0,33 4 34,0,85,,31139,1,0,33 4 34,0,40,,31142,1,0,33 4 34,0,85,,31144,1,0,33 4 34,0
578301,'2',433,,31151,1,0,33 4 34,0,76,,31154,1,0,33 4 34,0,36,,31157,1,0,33 4 34,0,76,,31160,1,0,33 4 34,0,36,,31163,1,0,33 4 34,0,69,,31166,1,0,33 4 34,0,76,,31169,1,0,33 4 34,0,36,,31172,1,0,33 4 34,0,76,,31175,1,0,33 4 34,0,36,,31178,1,0,33 4 34,0,76,,31181,1,0,33 4 34,0,76,,31184,1,0,33 4 34,0,36,,31187,1,0,33 4 34,0,76,,31190,1,0,33 4 34,0,36,,31193,1,0,33 4 34,0,76,,31196,1,0,33 4 34,0,76,,31199,1,0,33 4 34,0,36,,31202,1,0,33 4 34,0,76,,31205,1,0,33 4 34,0,36,,31208,1,0,33 4 34,0,76,,31211,1,0,33 4 34,0,76,,31214,1,0,33 4 34,0,36,,31217,1,0,33 4 34,0,76,,31220,1,0,33 4 34,0,39,,31223,1,0,33 4 34,0,76,,31226,1,0,33 4 34,0,76,,31229,1,0,33 4 34,0,46,,31232,1,0,33 4 34,0,74,,31234,1,0,33 4 34,0,85,,31237,1,0,33 4 34,0,45,,31240,1,0,33 4 34,0,85,,31243,1,0,33 4 34,0,90,,31246,1,0,33 4 34,0
578301,'3',510,,31254,1,0,33 4 34,0,45,,31258,1,0,33 4 34,0,85,,31261,1,0,33 4 34,0,85,,31264,1,0,33 4 34,0,85,,31267,1,0,33 4 34,0,45,,31270,1,0,33 4 34,0,70,,31273,1,0,33 4 34,0,76,,31276,1,0,33 4 34,0,36,,31279,1,0,33 4 34,0,76,,31282,1,0,33 4 34,0,36,,31285,1,0,33 4 34,0,76,,31288,1,0,33 4 34,0,76,,31291,1,0,33 4 34,0,36,,31294,1,0,33 4 34,0,76,,31297,1,0,33 4 34,0,36,,31300,1,0,33 4 34,0,76,,31303,1,0,33 4 34,0,76,,31306,1,0,33 4 34,0,36,,31309,1,0,33 4 34,0,76,,31312,1,0,33 4 34,0,37,,31315,1,0,33 4 34,0,76,,31318,1,0,33 4 34,0,78,,31321,1,0,33 4 34,0,45,,31324,1,0,33 4 34,0,85,,31327,1,0,33 4 34,0,91,,31330,1,0,33 4 34,0,85,,31333,1,0,33 4 34,0,45,,31336,1,0,33 4 34,0,70,,31338,1,0,33 4 34,0
578301,'4',518,,31407,1,0,33 4 34,0,26,,31344,1,0,33 4 34,0,66,,31347,1,0,33 4 34,0,45,,31350,1,0,33 4 34,0,85,,31353,1,0,33 4 34,0,85,,31356,1,0,33 4 34,0,85,,31359,1,0,33 4 34,0,39,,31362,1,0,33 4 34,0,85,,31365,1,0,33 4 34,0,85,,31368,1,0,33 4 34,0,85,,31371,1,0,33 4 34,0,45,,31374,1,0,33 4 34,0,85,,31377,1,0,33 4 34,0,85,,31380,1,0,33 4 34,0,85,,31383,1,0,33 4 34,0,45,,31386,1,0,33 4 34,0,85,,31389,1,0,33 4 34,0,92,,31392,1,0,33 4 34,0,85,,31395,1,0,33 4 34,0,45,,31398,1,0,33 4 34,0,85,,31401,1,0,33 4 34,0,85,,31405,1,0,33 4 34,0
578301,'6',510,,31411,1,0,33 4 34,0,45,,31415,1,0,33 4 34,0,85,,31418,1,0,33 4 34,0,85,,31421,1,0,33 4 34,0,85,,31424,1,0,33 4 34,0,45,,31427,1,0,33 4 34,0,70,,31430,1,0,33 4 34,0,76,,31433,1,0,33 4 34,0,36,,31436,1,0,33 4 34,0,76,,31439,1,0,33 4 34,0,36,,31442,1,0,33 4 34,0,76,,31445,1,0,33 4 34,0,76,,31448,1,0,33 4 34,0,36,,31451,1,0,33 4 34,0,76,,31454,1,0,33 4 34,0,36,,31457,1,0,33 4 34,0,76,,31460,1,0,33 4 34,0,76,,31463,1,0,33 4 34,0,36,,31466,1,0,33 4 34,0,76,,31469,1,0,33 4 34,0,37,,31472,1,0,33 4 34,0,76,,31475,1,0,33 4 34,0,78,,31478,1,0,33 4 34,0,45,,31481,1,0,33 4 34,0,85,,31484,1,0,33 4 34,0,91,,31487,1,0,33 4 34,0,85,,31490,1,0,33 4 34,0,45,,31493,1,0,33 4 34,0,70,,31495,1,0,33 4 34,0
