578301,'1601',1634,,31010,38,0,17 18 4 19,0
578301,'1',519,,31013,38,0,20 4 12 13,0,10,,31014,44,0,33 4 34,0,10,,31015,32,0,29 30 6,0,15,,31016,38,0,20 4 12 13,0,50,,31017,44,0,33 4 34,0,4,,31018,32,0,29 30 6,0,12,,31019,38,0,20 4 12 13,0,7,,31020,44,0,33 4 34,0,8,,31021,32,0,29 30 6,0,7,,31022,44,0,33 4 34,0,8,,31023,38,0,20 4 12 13,0,7,,31024,44,0,33 4 34,0,48,,31025,32,0,29 30 6,0,7,,31026,44,0,33 4 34,0,8,,31027,38,0,20 4 12 13,0,7,,31028,44,0,33 4 34,0,8,,31029,32,0,29 30 6,0,7,,31030,44,0,33 4 34,0,8,,31031,38,0,20 4 12 13,0,7,,31032,44,0,33 4 34,0,48,,31033,32,0,29 30 6,0,7,,31034,44,0,33 4 34,0,8,,31035,38,0,20 4 12 13,0,7,,31036,44,0,33 4 34,0,8,,31037,32,0,29 30 6,0,7,,31038,44,0,33 4 34,0,8,,31039,38,0,20 4 12 13,0,7,,31040,44,0,33 4 34,0,48,,31041,32,0,29 30 6,0,7,,31042,44,0,33 4 34,0,8,,31043,38,0,20 4 12 13,0,7,,31044,44,0,33 4 34,0,8,,31045,32,0,29 30 6,0,7,,31046,44,0,33 4 34,0,8,,31047,38,0,20 4 12 13,0,7,,31048,44,0,17 18 4 19,0,48,,31049,32,0,29 30 6,0,8,,31050,44,0,33 4 34,0,10,,31051,38,0,20 4 12 13,0,10,,31052,32,0,29 30 6,0,10,,31053,44,0,33 4 34,0,10,,31054,38,0,20 4 12 13,0,50,,31055,32,0,29 30 6,0,10,,31056,44,0,33 4 34,0,10,,31057,38,0,20 4 12 13,0,10,,31058,32,0,29 30 6,0,10,,31059,44,0,33 4 34,0,10,,31060,38,0,20 4 12 13,0,50,,31061,32,0,29 30 6,0,10,,31062,44,0,33 4 34,0,10,,31063,38,0,20 4 12 13,0,10,,31064,32,0,29 30 6,0,10,,31065,44,0,33 4 34,0,10,,31066,38,0,20 4 12 13,0,50,,31067,32,0,29 30 6,0,10,,31068,44,0,33 4 34,0,10,,31069,38,0,20 4 12 13,0,10,,31070,32,0,29 30 6,0,10,,31071,44,0,33 4 34,0,10,,31072,38,0,20 4 12 13,0,49,,31073,32,0,29 30 6,0,10,,31074,44,0,33 4 34,0,10,,31075,38,0,20 4 12 13,0,8,,31076,44,0,33 4 34,0,8,,31077,32,0,29 30 6,0,7,,31078,44,0,33 4 34,0,8,,31079,38,0,20 4 12 13,0,47,,31080,44,0,33 4 34,0,8,,31081,32,0,29 30 6,0,7,,31082,44,0,33 4 34,0,8,,31083,38,0,20 4 12 13,0,7,,31084,44,0,33 4 34,0,8,,31085,32,0,29 30 6,0,7,,31086,44,0,33 4 34,0,8,,31087,38,0,20 4 12 13,0,47,,31088,44,0,33 4 34,0,8,,31089,32,0,29 30 6,0,7,,31090,44,0,33 4 34,0,8,,31091,38,0,20 4 12 13,0,7,,31092,44,0,33 4 34,0,8,,31093,32,0,29 30 6,0,7,,31094,44,0,33 4 34,0,8,,31095,38,0,20 4 12 13,0,47,,31096,44,0,33 4 34,0,8,,31097,32,0,29 30 6,0,7,,31098,44,0,33 4 34,0,8,,31099,38,0,20 4 12 13,0,7,,31100,44,0,33 4 34,0,7,,31101,32,0,29 30 6,0,7,,31102,44,0,33 4 34,0,7,,31103,38,0,20 4 12 13,0,8,,31104,44,0,33 4 34,0,45,,31105,32,0,29 30 6,0,10,,31106,44,0,33 4 34,0,7,,31107,38,0,20 4 12 13,0,6,,31108,44,0,17 18 4 19,0,10,,31109,32,0,29 30 6,0,8,,31110,44,0,33 4 34,0,9,,31111,38,0,20 4 12 13,0,46,,31112,44,0,17 18 4 19,0,11,,31113,32,0,29 30 6,0,8,,31114,44,0,33 4 34,0,8,,31115,38,0,20 4 12 13,0,8,,31116,32,0,29 30 6,0,8,,31117,44,0,33 4 34,0,8,,31118,38,0,20 4 12 13,0,8,,31119,38,0,17 18 4 19,0,50,,31120,32,0,29 30 6,0,10,,31121,44,0,33 4 34,0,10,,31122,38,0,20 4 12 13,0,10,,31123,32,0,29 30 6,0,10,,31124,44,0,33 4 34,0,10,,31125,32,0,29 30 6,0,50,,31126,38,0,20 4 12 13,0,10,,31127,44,0,33 4 34,0,10,,31128,38,0,20 4 12 13,0,10,,31129,32,0,29 30 6,0,10,,31130,44,0,33 4 34,0,9,,31131,38,0,20 4 12 13,0,50,,31132,44,0,33 4 34,0,15,,31133,32,0,29 30 6,0,15,,31134,38,0,20 4 12 13,0,15,,31135,44,0,33 4 34,0,5,,31136,38,0,17 18 4 19,0,50,,31137,32,0,29 30 6,0,15,,31138,38,0,20 4 12 13,0,15,,31139,44,0,33 4 34,0,15,,31140,32,0,29 30 6,0,55,,31141,38,0,20 4 12 13,0,10,,31142,44,0,33 4 34,0,30,,31143,38,0,20 4 12 13,0,55,,31144,44,0,33 4 34,0,10,,31145,32,0,29 30 6,0,22,,31146,38,0,17 18 4 19,0,11,,31147,32,0,17 18 4 19,0,77,,31148,38,0,17 18 4 19,0
578301,'2',452,,31150,38,0,20 4 12 13,0,50,,31151,44,0,33 4 34,0,12,,31152,38,0,20 4 12 13,0,12,,31153,32,0,29 30 6,0,12,,31154,44,0,33 4 34,0,12,,31155,38,0,20 4 12 13,0,52,,31156,32,0,29 30 6,0,12,,31157,44,0,33 4 34,0,12,,31158,38,0,20 4 12 13,0,12,,31159,32,0,29 30 6,0,12,,31160,44,0,33 4 34,0,52,,31161,38,0,20 4 12 13,0,12,,31162,32,0,29 30 6,0,12,,31163,44,0,33 4 34,0,12,,31164,38,0,20 4 12 13,0,12,,31165,32,0,29 30 6,0,50,,31166,44,0,33 4 34,0,12,,31167,38,0,20 4 12 13,0,12,,31168,32,0,29 30 6,0,12,,31169,44,0,33 4 34,0,12,,31170,38,0,20 4 12 13,0,52,,31171,32,0,29 30 6,0,12,,31172,44,0,33 4 34,0,12,,31173,38,0,20 4 12 13,0,12,,31174,32,0,29 30 6,0,12,,31175,44,0,33 4 34,0,52,,31176,38,0,20 4 12 13,0,12,,31177,32,0,29 30 6,0,12,,31178,44,0,33 4 34,0,12,,31179,38,0,20 4 12 13,0,12,,31180,32,0,29 30 6,0,52,,31181,44,0,33 4 34,0,12,,31182,38,0,20 4 12 13,0,12,,31183,32,0,29 30 6,0,12,,31184,44,0,33 4 34,0,12,,31185,38,0,20 4 12 13,0,52,,31186,32,0,29 30 6,0,12,,31187,44,0,33 4 34,0,12,,31188,38,0,20 4 12 13,0,12,,31189,32,0,29 30 6,0,12,,31190,44,0,33 4 34,0,52,,31191,38,0,20 4 12 13,0,12,,31192,32,0,29 30 6,0,12,,31193,44,0,33 4 34,0,12,,31194,38,0,20 4 12 13,0,12,,31195,32,0,29 30 6,0,52,,31196,44,0,33 4 34,0,12,,31197,38,0,20 4 12 13,0,12,,31198,32,0,29 30 6,0,12,,31199,44,0,33 4 34,0,12,,31200,38,0,20 4 12 13,0,52,,31201,32,0,29 30 6,0,12,,31202,44,0,33 4 34,0,12,,31203,38,0,20 4 12 13,0,12,,31204,32,0,29 30 6,0,12,,31205,44,0,33 4 34,0,52,,31206,38,0,20 4 12 13,0,12,,31207,32,0,29 30 6,0,12,,31208,44,0,33 4 34,0,12,,31209,38,0,20 4 12 13,0,12,,31210,32,0,29 30 6,0,52,,31211,44,0,33 4 34,0,12,,31212,38,0,20 4 12 13,0,12,,31213,32,0,29 30 6,0,12,,31214,44,0,33 4 34,0,12,,31215,38,0,20 4 12 13,0,52,,31216,32,0,29 30 6,0,12,,31217,44,0,33 4 34,0,12,,31218,38,0,20 4 12 13,0,12,,31219,32,0,29 30 6,0,12,,31220,44,0,33 4 34,0,52,,31221,38,0,20 4 12 13,0,12,,31222,32,0,29 30 6,0,14,,31223,44,0,33 4 34,0,12,,31224,38,0,20 4 12 13,0,12,,31225,32,0,29 30 6,0,52,,31226,44,0,33 4 34,0,12,,31227,38,0,20 4 12 13,0,12,,31228,32,0,29 30 6,0,12,,31229,44,0,33 4 34,0,16,,31230,38,0,20 4 12 13,0,55,,31231,32,0,29 30 6,0,15,,31232,44,0,33 4 34,0,15,,31233,38,0,20 4 12 13,0,15,,31234,44,0,33 4 34,0,55,,31235,32,0,29 30 6,0,15,,31236,38,0,20 4 12 13,0,15,,31237,44,0,33 4 34,0,15,,31238,32,0,29 30 6,0,55,,31239,38,0,20 4 12 13,0,15,,31240,44,0,33 4 34,0,15,,31241,32,0,29 30 6,0,15,,31242,38,0,20 4 12 13,0,55,,31243,44,0,33 4 34,0,15,,31244,32,0,29 30 6,0,15,,31245,38,0,20 4 12 13,0,20,,31246,44,0,33 4 34,0,55,,31247,32,0,29 30 6,0,2,,31248,38,0,17 18 4 19,0,28,,31249,38,0,17 18 4 19,0,11,,31250,32,0,17 18 4 19,0
578301,'3',539,,31254,44,0,33 4 34,0,15,,31256,38,0,20 4 12 13,0,55,,31257,32,0,29 30 6,0,15,,31258,44,0,33 4 34,0,15,,31259,38,0,20 4 12 13,0,15,,31260,32,0,29 30 6,0,55,,31261,44,0,33 4 34,0,15,,31262,38,0,20 4 12 13,0,15,,31263,32,0,29 30 6,0,15,,31264,44,0,33 4 34,0,55,,31265,38,0,20 4 12 13,0,15,,31266,32,0,29 30 6,0,15,,31267,44,0,33 4 34,0,15,,31268,38,0,20 4 12 13,0,55,,31269,32,0,29 30 6,0,15,,31270,44,0,33 4 34,0,13,,31271,38,0,20 4 12 13,0,12,,31272,32,0,29 30 6,0,51,,31273,44,0,33 4 34,0,12,,31274,38,0,20 4 12 13,0,12,,31275,32,0,29 30 6,0,12,,31276,44,0,33 4 34,0,12,,31277,38,0,20 4 12 13,0,52,,31278,32,0,29 30 6,0,12,,31279,44,0,33 4 34,0,12,,31280,38,0,20 4 12 13,0,12,,31281,32,0,29 30 6,0,12,,31282,44,0,33 4 34,0,52,,31283,38,0,20 4 12 13,0,12,,31284,32,0,29 30 6,0,12,,31285,44,0,33 4 34,0,12,,31286,38,0,20 4 12 13,0,12,,31287,32,0,29 30 6,0,52,,31288,44,0,33 4 34,0,12,,31289,38,0,20 4 12 13,0,12,,31290,32,0,29 30 6,0,12,,31291,44,0,33 4 34,0,12,,31292,38,0,20 4 12 13,0,52,,31293,32,0,29 30 6,0,12,,31294,44,0,33 4 34,0,12,,31295,38,0,20 4 12 13,0,12,,31296,32,0,29 30 6,0,12,,31297,44,0,33 4 34,0,52,,31298,38,0,20 4 12 13,0,12,,31299,32,0,29 30 6,0,12,,31300,44,0,33 4 34,0,12,,31301,38,0,20 4 12 13,0,12,,31302,32,0,29 30 6,0,52,,31303,44,0,33 4 34,0,12,,31304,38,0,20 4 12 13,0,12,,31305,32,0,29 30 6,0,12,,31306,44,0,33 4 34,0,12,,31307,38,0,20 4 12 13,0,52,,31308,32,0,29 30 6,0,12,,31309,44,0,33 4 34,0,12,,31310,38,0,20 4 12 13,0,12,,31311,32,0,29 30 6,0,12,,31312,44,0,33 4 34,0,52,,31313,38,0,20 4 12 13,0,12,,31314,32,0,29 30 6,0,12,,31315,44,0,33 4 34,0,12,,31316,38,0,20 4 12 13,0,12,,31317,32,0,29 30 6,0,52,,31318,44,0,33 4 34,0,11,,31319,38,0,20 4 12 13,0,12,,31320,32,0,29 30 6,0,15,,31321,44,0,33 4 34,0,15,,31322,38,0,20 4 12 13,0,55,,31323,32,0,29 30 6,0,15,,31324,44,0,33 4 34,0,15,,31325,38,0,20 4 12 13,0,15,,31326,32,0,29 30 6,0,55,,31327,44,0,33 4 34,0,15,,31328,38,0,20 4 12 13,0,15,,31329,32,0,29 30 6,0,16,,31330,44,0,33 4 34,0,55,,31331,38,0,20 4 12 13,0,14,,31332,32,0,29 30 6,0,16,,31333,44,0,33 4 34,0,15,,31334,38,0,20 4 12 13,0,54,,31335,32,0,29 30 6,0,16,,31336,44,0,33 4 34,0,15,,31337,38,0,20 4 12 13,0,14,,31339,32,0,29 30 6,0,1,,31338,44,0,33 4 34,0,72,,31340,32,0,17 18 4 19,0,20,,31341,38,0,17 18 4 19,0
578301,'4',547,,31407,44,0,33 4 34,0,62,,31345,38,0,20 4 12 13,0,4,,31344,44,0,33 4 34,0,11,,31346,32,0,29 30 6,0,15,,31347,44,0,33 4 34,0,15,,31348,38,0,20 4 12 13,0,55,,31349,32,0,29 30 6,0,15,,31350,44,0,33 4 34,0,15,,31351,38,0,20 4 12 13,0,15,,31352,32,0,29 30 6,0,55,,31353,44,0,33 4 34,0,15,,31354,38,0,20 4 12 13,0,15,,31355,32,0,29 30 6,0,15,,31356,44,0,33 4 34,0,55,,31357,38,0,20 4 12 13,0,15,,31358,32,0,29 30 6,0,15,,31359,44,0,33 4 34,0,14,,31360,38,0,20 4 12 13,0,55,,31361,32,0,29 30 6,0,15,,31362,44,0,33 4 34,0,15,,31363,38,0,20 4 12 13,0,15,,31364,32,0,29 30 6,0,55,,31365,44,0,33 4 34,0,15,,31366,38,0,20 4 12 13,0,15,,31367,32,0,29 30 6,0,15,,31368,44,0,33 4 34,0,55,,31369,38,0,20 4 12 13,0,15,,31370,32,0,29 30 6,0,15,,31371,44,0,33 4 34,0,15,,31372,38,0,20 4 12 13,0,55,,31373,32,0,29 30 6,0,15,,31374,44,0,33 4 34,0,15,,31375,38,0,20 4 12 13,0,15,,31376,32,0,29 30 6,0,55,,31377,44,0,33 4 34,0,15,,31378,38,0,20 4 12 13,0,15,,31379,32,0,29 30 6,0,15,,31380,44,0,33 4 34,0,55,,31381,38,0,20 4 12 13,0,15,,31382,32,0,29 30 6,0,15,,31383,44,0,33 4 34,0,15,,31384,38,0,20 4 12 13,0,55,,31385,32,0,29 30 6,0,15,,31386,44,0,33 4 34,0,15,,31387,38,0,20 4 12 13,0,15,,31388,32,0,29 30 6,0,55,,31389,44,0,33 4 34,0,15,,31390,38,0,20 4 12 13,0,15,,31391,32,0,29 30 6,0,16,,31392,44,0,33 4 34,0,55,,31393,38,0,20 4 12 13,0,15,,31394,32,0,29 30 6,0,15,,31395,44,0,33 4 34,0,15,,31396,38,0,20 4 12 13,0,55,,31397,32,0,29 30 6,0,15,,31398,44,0,33 4 34,0,15,,31399,38,0,20 4 12 13,0,15,,31400,32,0,29 30 6,0,55,,31401,44,0,33 4 34,0,15,,31402,38,0,20 4 12 13,0,15,,31403,32,0,29 30 6,0,14,,31404,38,0,17 18 4 19,0,1,,31405,44,0,33 4 34,0
578301,'6',539,,31411,44,0,33 4 34,0,15,,31413,38,0,20 4 12 13,0,55,,31414,32,0,29 30 6,0,15,,31415,44,0,33 4 34,0,15,,31416,38,0,20 4 12 13,0,15,,31417,32,0,29 30 6,0,55,,31418,44,0,33 4 34,0,15,,31419,38,0,20 4 12 13,0,15,,31420,32,0,29 30 6,0,15,,31421,44,0,33 4 34,0,55,,31422,38,0,20 4 12 13,0,15,,31423,32,0,29 30 6,0,15,,31424,44,0,33 4 34,0,15,,31425,38,0,20 4 12 13,0,55,,31426,32,0,29 30 6,0,15,,31427,44,0,33 4 34,0,13,,31428,38,0,20 4 12 13,0,12,,31429,32,0,29 30 6,0,51,,31430,44,0,33 4 34,0,12,,31431,38,0,20 4 12 13,0,12,,31432,32,0,29 30 6,0,12,,31433,44,0,33 4 34,0,12,,31434,38,0,20 4 12 13,0,52,,31435,32,0,29 30 6,0,12,,31436,44,0,33 4 34,0,12,,31437,38,0,20 4 12 13,0,12,,31438,32,0,29 30 6,0,12,,31439,44,0,33 4 34,0,52,,31440,38,0,20 4 12 13,0,12,,31441,32,0,29 30 6,0,12,,31442,44,0,33 4 34,0,12,,31443,38,0,20 4 12 13,0,12,,31444,32,0,29 30 6,0,52,,31445,44,0,33 4 34,0,12,,31446,38,0,20 4 12 13,0,12,,31447,32,0,29 30 6,0,12,,31448,44,0,33 4 34,0,12,,31449,38,0,20 4 12 13,0,52,,31450,32,0,29 30 6,0,12,,31451,44,0,33 4 34,0,12,,31452,38,0,20 4 12 13,0,12,,31453,32,0,29 30 6,0,12,,31454,44,0,33 4 34,0,52,,31455,38,0,20 4 12 13,0,12,,31456,32,0,29 30 6,0,12,,31457,44,0,33 4 34,0,12,,31458,38,0,20 4 12 13,0,12,,31459,32,0,29 30 6,0,52,,31460,44,0,33 4 34,0,12,,31461,38,0,20 4 12 13,0,12,,31462,32,0,29 30 6,0,12,,31463,44,0,33 4 34,0,12,,31464,38,0,20 4 12 13,0,52,,31465,32,0,29 30 6,0,12,,31466,44,0,33 4 34,0,12,,31467,38,0,20 4 12 13,0,12,,31468,32,0,29 30 6,0,12,,31469,44,0,33 4 34,0,52,,31470,38,0,20 4 12 13,0,12,,31471,32,0,29 30 6,0,12,,31472,44,0,33 4 34,0,12,,31473,38,0,20 4 12 13,0,12,,31474,32,0,29 30 6,0,52,,31475,44,0,33 4 34,0,11,,31476,38,0,20 4 12 13,0,12,,31477,32,0,29 30 6,0,15,,31478,44,0,33 4 34,0,15,,31479,38,0,20 4 12 13,0,55,,31480,32,0,29 30 6,0,15,,31481,44,0,33 4 34,0,15,,31482,38,0,20 4 12 13,0,15,,31483,32,0,29 30 6,0,55,,31484,44,0,33 4 34,0,15,,31485,38,0,20 4 12 13,0,15,,31486,32,0,29 30 6,0,16,,31487,44,0,33 4 34,0,55,,31488,38,0,20 4 12 13,0,14,,31489,32,0,29 30 6,0,16,,31490,44,0,33 4 34,0,15,,31491,38,0,20 4 12 13,0,54,,31492,32,0,29 30 6,0,16,,31493,44,0,33 4 34,0,15,,31494,38,0,20 4 12 13,0,14,,31496,32,0,29 30 6,0,1,,31495,44,0,33 4 34,0,72,,31497,32,0,17 18 4 19,0,20,,31498,38,0,17 18 4 19,0
580801,'14601',529,,39528,33,,,0,20,,39522,33,,,0,60,,39523,33,,,0,20,,39524,33,,,0,20,,39525,33,,,0,60,,39526,33,,,0,20,,39527,33,,,0,20,,39520,33,,,0,59,,39521,33,,,0,10,,39423,33,,,0,10,,39454,33,,,0,10,,39424,33,,,0,8,,39455,33,,,0,7,,39425,33,,,0,48,,39456,33,,,0,9,,39426,33,,,0,8,,39457,33,,,0,9,,39427,33,,,0,8,,39458,33,,,0,5,,39428,33,,,0,8,,39459,33,,,0,7,,39460,33,,,0,48,,39461,33,,,0,13,,39462,33,,,0,12,,39429,33,,,0,10,,39430,33,,,0,10,,39431,33,,,0,10,,39432,33,,,0,50,,39433,33,,,0,10,,39434,33,,,0,10,,39435,33,,,0,10,,39436,33,,,0,10,,39437,33,,,0,10,,39438,33,,,0,50,,39439,33,,,0,10,,39440,33,,,0,10,,39441,33,,,0,10,,39442,33,,,0,10,,39443,33,,,0,10,,39444,33,,,0,50,,39445,33,,,0,10,,39446,33,,,0,10,,39447,33,,,0,10,,39448,33,,,0,10,,39449,33,,,0,10,,39450,33,,,0,50,,39451,33,,,0,10,,39452,33,,,0,10,,39453,33,,,0,10,,39488,33,,,0,9,,39489,33,,,0,8,,39492,33,,,0,47,,39490,33,,,0,8,,39493,33,,,0,7,,39491,33,,,0,8,,39463,33,,,0,7,,39476,33,,,0,8,,39464,33,,,0,7,,39477,33,,,0,8,,39465,33,,,0,47,,39478,33,,,0,8,,39466,33,,,0,7,,39479,33,,,0,8,,39467,33,,,0,7,,39480,33,,,0,8,,39468,33,,,0,7,,39481,33,,,0,8,,39469,33,,,0,47,,39482,33,,,0,8,,39470,33,,,0,7,,39483,33,,,0,8,,39471,33,,,0,7,,39484,33,,,0,8,,39472,33,,,0,7,,39485,33,,,0,8,,39473,33,,,0,48,,39486,33,,,0,8,,39474,33,,,0,7,,39487,33,,,0,8,,39475,33,,,0,8,,39503,33,,,0,10,,39504,33,,,0,10,,39505,33,,,0,50,,39506,33,,,0,10,,39507,33,,,0,10,,39494,33,,,0,13,,39495,33,,,0,15,,39496,33,,,0,55,,39498,33,,,0,15,,39499,33,,,0,15,,39500,33,,,0,15,,39501,33,,,0,55,,39502,33,,,0,15,,39497,33,,,0,15,,39515,33,,,0,15,,39516,33,,,0,55,,39519,33,,,0,17,,39517,33,,,0,22,,39518,33,,,0,70,,39508,33,,,0,30,,39509,33,,,0,70,,39510,33,,,0,30,,39511,33,,,0,70,,39512,33,,,0,30,,39513,33,,,0,70,,39514,33,,,0
580801,'14602',545,,39559,33,,,0,70,,39560,33,,,0,30,,39561,33,,,0,70,,39562,33,,,0,30,,39563,33,,,0,70,,39564,33,,,0,30,,39565,33,,,0,70,,39566,33,,,0,30,,39567,33,,,0,70,,39568,33,,,0,30,,39569,33,,,0,70,,39570,33,,,0,30,,39558,33,,,0,70,,39541,33,,,0,30,,39542,33,,,0,70,,39543,33,,,0,30,,39544,33,,,0,70,,39545,33,,,0,30,,39546,33,,,0,70,,39547,33,,,0,30,,39548,33,,,0,70,,39549,33,,,0,30,,39550,33,,,0,70,,39551,33,,,0,30,,39552,33,,,0,70,,39553,33,,,0,30,,39554,33,,,0,70,,39555,33,,,0,30,,39556,33,,,0,70,,39557,33,,,0,30,,39540,33,,,0,70,,39539,33,,,0,30,,39538,33,,,0,70,,39537,33,,,0,31,,39536,33,,,0,70,,39535,33,,,0,30,,39534,33,,,0,70,,39533,33,,,0,30,,39532,33,,,0,70,,39531,33,,,0,30,,39530,33,,,0,70,,39529,33,,,0
580801,'14603',645,,39596,33,,,0,70,,39597,33,,,0,30,,39598,33,,,0,70,,39599,33,,,0,30,,39600,33,,,0,70,,39601,33,,,0,30,,39602,33,,,0,70,,39603,33,,,0,30,,39604,33,,,0,70,,39605,33,,,0,30,,39571,33,,,0,70,,39588,33,,,0,30,,39587,33,,,0,70,,39586,33,,,0,30,,39585,33,,,0,70,,39584,33,,,0,30,,39583,33,,,0,70,,39582,33,,,0,30,,39581,33,,,0,70,,39580,33,,,0,30,,39579,33,,,0,70,,39578,33,,,0,30,,39577,33,,,0,70,,39576,33,,,0,30,,39575,33,,,0,70,,39574,33,,,0,30,,39573,33,,,0,70,,39572,33,,,0,30,,39589,33,,,0,70,,39590,33,,,0,30,,39591,33,,,0,70,,39592,33,,,0,31,,39593,33,,,0,70,,39594,33,,,0,30,,39595,33,,,0,70,,39606,33,,,0
580801,'14604',645,,39627,33,,,0,70,,39628,33,,,0,30,,39629,33,,,0,70,,39630,33,,,0,30,,39631,33,,,0,70,,39632,33,,,0,30,,39633,33,,,0,70,,39634,33,,,0,30,,39635,33,,,0,70,,39636,33,,,0,30,,39607,33,,,0,70,,39624,33,,,0,30,,39623,33,,,0,70,,39622,33,,,0,30,,39621,33,,,0,70,,39620,33,,,0,30,,39619,33,,,0,70,,39618,33,,,0,30,,39617,33,,,0,70,,39616,33,,,0,30,,39615,33,,,0,70,,39614,33,,,0,30,,39613,33,,,0,70,,39612,33,,,0,30,,39611,33,,,0,70,,39610,33,,,0,30,,39609,33,,,0,70,,39608,33,,,0,30,,39625,33,,,0,70,,39626,33,,,0
580801,'14606',645,,39662,33,,,0,70,,39663,33,,,0,30,,39664,33,,,0,70,,39665,33,,,0,30,,39666,33,,,0,70,,39667,33,,,0,30,,39668,33,,,0,70,,39669,33,,,0,30,,39670,33,,,0,70,,39671,33,,,0,30,,39637,33,,,0,70,,39654,33,,,0,30,,39653,33,,,0,70,,39652,33,,,0,30,,39651,33,,,0,70,,39650,33,,,0,30,,39649,33,,,0,70,,39648,33,,,0,30,,39647,33,,,0,70,,39646,33,,,0,30,,39645,33,,,0,70,,39644,33,,,0,30,,39643,33,,,0,70,,39642,33,,,0,30,,39641,33,,,0,70,,39640,33,,,0,30,,39639,33,,,0,70,,39638,33,,,0,30,,39655,33,,,0,70,,39656,33,,,0,30,,39657,33,,,0,70,,39658,33,,,0,31,,39659,33,,,0,70,,39660,33,,,0,30,,39661,33,,,0,70,,39672,33,,,0
582800,'1',703,,40229,27,,,0,15,,40231,27,,,0,15,,40233,27,,,0,15,,40235,27,,,0,55,,40237,27,,,0,15,,40239,27,,,0,15,,40241,27,,,0,15,,40243,27,,,0,54,,40245,27,,,0,13,,40247,27,,,0,12,,40249,27,,,0,12,,40251,27,,,0,12,,40253,27,,,0,52,,40255,27,,,0,12,,40257,27,,,0,12,,40259,27,,,0,12,,40261,27,,,0,12,,40263,27,,,0,52,,40265,27,,,0,12,,40267,27,,,0,12,,40269,27,,,0,12,,40271,27,,,0,12,,40273,27,,,0,52,,40275,27,,,0,12,,40277,27,,,0,12,,40279,27,,,0,12,,40281,27,,,0,12,,40283,27,,,0,52,,40285,27,,,0,12,,40287,27,,,0,12,,40289,27,,,0,12,,40291,27,,,0,12,,40293,27,,,0,52,,40295,27,,,0,10,,40297,27,,,0,12,,40299,27,,,0,12,,40301,27,,,0,12,,40303,27,,,0,52,,40305,27,,,0,12,,40307,27,,,0,12,,40309,27,,,0,12,,40311,27,,,0,12,,40313,27,,,0,53,,40315,27,,,0,12,,40317,27,,,0,12,,40319,27,,,0,12,,40321,27,,,0,12,,40323,27,,,0,52,,40325,27,,,0,12,,40327,27,,,0,12,,40329,27,,,0,13,,40331,27,,,0,12,,40333,27,,,0,52,,40335,27,,,0,12,,40337,27,,,0,12,,40215,27,,,0,12,,40339,27,,,0,12,,40341,27,,,0
