579601,'1',454,,35143,30,,,0,60,,35144,30,,,0,20,,35145,30,,,0,18,,35146,30,,,0,54,,35147,30,,,0,15,,35148,30,,,0,15,,35149,30,,,0,15,,35150,30,,,0,55,,35151,30,,,0,15,,35152,30,,,0,15,,35153,30,,,0,15,,35154,30,,,0,55,,35155,30,,,0,15,,35156,30,,,0,15,,35157,30,,,0,15,,35158,30,,,0,55,,35159,30,,,0,15,,35160,30,,,0,16,,35161,30,,,0,17,,35162,30,,,0,60,,35163,30,,,0,20,,35164,30,,,0,20,,35165,30,,,0,60,,35166,30,,,0,20,,35167,30,,,0,20,,35168,30,,,0,60,,35169,30,,,0,20,,35170,30,,,0,20,,35171,30,,,0,60,,35172,30,,,0,20,,35173,30,,,0,20,,35174,30,,,0,60,,35175,30,,,0,20,,35176,30,,,0,15,,35177,30,,,0,55,,35178,30,,,0,15,,35179,30,,,0,15,,35180,30,,,0,15,,35181,30,,,0,55,,35182,30,,,0,15,,35183,30,,,0,15,,35184,30,,,0,15,,35185,30,,,0,55,,35186,30,,,0,15,,35187,30,,,0,20,,35188,30,,,0,20,,35189,30,,,0,68,,35190,30,,,0,30,,35191,30,,,0,67,,35192,30,,,0,30,,35193,30,,,0,70,,35194,30,,,0,30,,35195,30,,,0,70,,35196,30,,,0,28,,35197,30,,,0,65,,35198,30,,,0,30,,35199,30,,,0,70,,35200,30,,,0,25,,35201,30,,,0,70,,35202,30,,,0,28,,35203,30,,,0,70,,35204,30,,,0
579601,'2',535,,35217,30,,,0,70,,35218,30,,,0,32,,35219,30,,,0,70,,35220,30,,,0,30,,35221,30,,,0,70,,35222,30,,,0,30,,35223,30,,,0,65,,35224,30,,,0,20,,35225,30,,,0,20,,35226,30,,,0,60,,35227,30,,,0,20,,35228,30,,,0,20,,35229,30,,,0,60,,35230,30,,,0,20,,35231,30,,,0,20,,35232,30,,,0,60,,35233,30,,,0,20,,35234,30,,,0,20,,35235,30,,,0,60,,35236,30,,,0,20,,35237,30,,,0,20,,35238,30,,,0,60,,35239,30,,,0,20,,35240,30,,,0,20,,35241,30,,,0,60,,35242,30,,,0,20,,35243,30,,,0,20,,35244,30,,,0,60,,35245,30,,,0,20,,35246,30,,,0,20,,35247,30,,,0,60,,35248,30,,,0,22,,35253,30,,,0,30,,35249,30,,,0,69,,35250,30,,,0,30,,35251,30,,,0,70,,35252,30,,,0,30,,35205,30,,,0,70,,35206,30,,,0,30,,35207,30,,,0,70,,35208,30,,,0,28,,35209,30,,,0,66,,35210,30,,,0,30,,35211,30,,,0,70,,35212,30,,,0,30,,35213,30,,,0,70,,35214,30,,,0,30,,35215,30,,,0,70,,35216,30,,,0
579601,'3',602,,35278,30,,,0,30,,35279,30,,,0,70,,35277,30,,,0,30,,35280,30,,,0,70,,35276,30,,,0,30,,35281,30,,,0,25,,35274,30,,,0,65,,35275,30,,,0,30,,35273,30,,,0,70,,35272,30,,,0,30,,35271,30,,,0,70,,35270,30,,,0,30,,35269,30,,,0,70,,35268,30,,,0,30,,35267,30,,,0,70,,35266,30,,,0,30,,35265,30,,,0,70,,35264,30,,,0,30,,35263,30,,,0,70,,35262,30,,,0,30,,35261,30,,,0,70,,35260,30,,,0,30,,35259,30,,,0,70,,35258,30,,,0,28,,35254,30,,,0,70,,35257,30,,,0,30,,35282,30,,,0,70,,35256,30,,,0,30,,35283,30,,,0,70,,35255,30,,,0,31,,35284,30,,,0,67,,35285,30,,,0,30,,35286,30,,,0,59,,35288,30,,,0,30,,35287,30,,,0,70,,35289,30,,,0,30,,35290,30,,,0
579601,'4',616,,35291,30,,,0,100,,35292,30,,,0,85,,35293,30,,,0,30,,35294,30,,,0,70,,35295,30,,,0,33,,35296,30,,,0,70,,35297,30,,,0,30,,35298,30,,,0,70,,35299,30,,,0,30,,35300,30,,,0,70,,35301,30,,,0,30,,35302,30,,,0,70,,35303,30,,,0,30,,35304,30,,,0,70,,35305,30,,,0,30,,35306,30,,,0,70,,35307,30,,,0,30,,35308,30,,,0,82,,35309,30,,,0,100,,35310,30,,,0,98,,35311,30,,,0,100,,35312,30,,,0,100,,35313,30,,,0
579601,'6',602,,35338,30,,,0,30,,35339,30,,,0,70,,35337,30,,,0,30,,35340,30,,,0,70,,35336,30,,,0,30,,35341,30,,,0,25,,35334,30,,,0,65,,35335,30,,,0,30,,35333,30,,,0,70,,35332,30,,,0,30,,35331,30,,,0,70,,35330,30,,,0,30,,35329,30,,,0,70,,35328,30,,,0,30,,35327,30,,,0,70,,35326,30,,,0,30,,35325,30,,,0,70,,35324,30,,,0,30,,35323,30,,,0,70,,35322,30,,,0,30,,35321,30,,,0,70,,35320,30,,,0,30,,35319,30,,,0,70,,35318,30,,,0,28,,35314,30,,,0,70,,35317,30,,,0,30,,35342,30,,,0,70,,35316,30,,,0,30,,35343,30,,,0,70,,35315,30,,,0,31,,35344,30,,,0,67,,35345,30,,,0,30,,35346,30,,,0,59,,35348,30,,,0,30,,35347,30,,,0,70,,35349,30,,,0,30,,35350,30,,,0
579701,'1601',1510,,35553,25,,,0,30,,35552,25,,,0
579701,'1',517,,35554,25,,,0,22,,35555,25,,,0,20,,35556,25,,,0,60,,35557,25,,,0,20,,35558,25,,,0,19,,35559,25,,,0,55,,35560,25,,,0,15,,35561,25,,,0,15,,35562,25,,,0,15,,35563,25,,,0,55,,35564,25,,,0,15,,35565,25,,,0,15,,35566,25,,,0,60,,35567,25,,,0,20,,35568,25,,,0,20,,35569,25,,,0,59,,35570,25,,,0,20,,35571,25,,,0,20,,35572,25,,,0,60,,35573,25,,,0,20,,35574,25,,,0,20,,35575,25,,,0,60,,35576,25,,,0,20,,35577,25,,,0,20,,35578,25,,,0,60,,35579,25,,,0,20,,35580,25,,,0,20,,35581,25,,,0,16,,35582,25,,,0,55,,35583,25,,,0,15,,35584,25,,,0,15,,35585,25,,,0,15,,35586,25,,,0,55,,35587,25,,,0,15,,35588,25,,,0,15,,35589,25,,,0,15,,35590,25,,,0,55,,35591,25,,,0,15,,35592,25,,,0,15,,35593,25,,,0,15,,35594,25,,,0,55,,35595,25,,,0,15,,35596,25,,,0,15,,35597,25,,,0,69,,35598,25,,,0,30,,35599,25,,,0,66,,35600,25,,,0,28,,35601,25,,,0,70,,35602,25,,,0,30,,35603,25,,,0,70,,35604,25,,,0,30,,35605,25,,,0,70,,35606,25,,,0,25,,35607,25,,,0,70,,35608,25,,,0,30,,35609,25,,,0,70,,35610,25,,,0,32,,35611,25,,,0,70,,35612,25,,,0
579701,'2',550,,35656,25,,,0,72,,35657,25,,,0,30,,35658,25,,,0,70,,35659,25,,,0,30,,35613,25,,,0,70,,35614,25,,,0,29,,35615,25,,,0,60,,35616,25,,,0,20,,35617,25,,,0,20,,35618,25,,,0,60,,35619,25,,,0,20,,35620,25,,,0,20,,35621,25,,,0,60,,35622,25,,,0,20,,35623,25,,,0,20,,35624,25,,,0,60,,35625,25,,,0,20,,35626,25,,,0,20,,35627,25,,,0,60,,35628,25,,,0,20,,35629,25,,,0,20,,35630,25,,,0,60,,35631,25,,,0,20,,35632,25,,,0,20,,35633,25,,,0,60,,35634,25,,,0,20,,35635,25,,,0,20,,35636,25,,,0,60,,35637,25,,,0,20,,35638,25,,,0,20,,35639,25,,,0,60,,35640,25,,,0,20,,35660,25,,,0,20,,35661,25,,,0,60,,35641,25,,,0,27,,35642,25,,,0,70,,35643,25,,,0,30,,35644,25,,,0,70,,35645,25,,,0,30,,35646,25,,,0,70,,35647,25,,,0,30,,35648,25,,,0,64,,35649,25,,,0,30,,35650,25,,,0,70,,35651,25,,,0,30,,35652,25,,,0,70,,35653,25,,,0,30,,35654,25,,,0,73,,35655,25,,,0
579701,'3',624,,35667,25,,,0,29,,35666,25,,,0,70,,35668,25,,,0,30,,35665,25,,,0,70,,35669,25,,,0,30,,35670,25,,,0,79,,35671,25,,,0,70,,35672,25,,,0,30,,35673,25,,,0,70,,35674,25,,,0,30,,35675,25,,,0,70,,35676,25,,,0,30,,35677,25,,,0,70,,35678,25,,,0,30,,35679,25,,,0,70,,35680,25,,,0,30,,35681,25,,,0,70,,35682,25,,,0,30,,35683,25,,,0,70,,35684,25,,,0,30,,35685,25,,,0,70,,35686,25,,,0,30,,35687,25,,,0,68,,35664,25,,,0,30,,35688,25,,,0,70,,35663,25,,,0,30,,35689,25,,,0,70,,35662,25,,,0,30,,35690,25,,,0,28,,35691,25,,,0,70,,35692,25,,,0,28,,35693,25,,,0,70,,35694,25,,,0,30,,35695,25,,,0,70,,35696,25,,,0,24,,35697,25,,,0
579701,'4',646,,35698,25,,,0,100,,35699,25,,,0,70,,35700,25,,,0,30,,35701,25,,,0,70,,35702,25,,,0,34,,35703,25,,,0,70,,35704,25,,,0,30,,35705,25,,,0,70,,35706,25,,,0,30,,35707,25,,,0,70,,35708,25,,,0,30,,35709,25,,,0,70,,35710,25,,,0,30,,35711,25,,,0,70,,35712,25,,,0,30,,35713,25,,,0,65,,35714,25,,,0,30,,35715,25,,,0,100,,35716,25,,,0,98,,35717,25,,,0,100,,35718,25,,,0,100,,35719,25,,,0,100,,35720,25,,,0
579701,'6',624,,35726,25,,,0,29,,35725,25,,,0,70,,35727,25,,,0,30,,35724,25,,,0,70,,35728,25,,,0,30,,35729,25,,,0,79,,35730,25,,,0,70,,35731,25,,,0,30,,35732,25,,,0,70,,35733,25,,,0,30,,35734,25,,,0,70,,35735,25,,,0,30,,35736,25,,,0,70,,35737,25,,,0,30,,35738,25,,,0,70,,35739,25,,,0,30,,35740,25,,,0,70,,35741,25,,,0,30,,35742,25,,,0,70,,35743,25,,,0,30,,35744,25,,,0,70,,35745,25,,,0,30,,35746,25,,,0,68,,35723,25,,,0,30,,35747,25,,,0,70,,35722,25,,,0,30,,35748,25,,,0,70,,35721,25,,,0,30,,35749,25,,,0,28,,35750,25,,,0,70,,35751,25,,,0,28,,35752,25,,,0,70,,35753,25,,,0,30,,35754,25,,,0,70,,35755,25,,,0,24,,35756,25,,,0
