582801,'1',438,,40612,25,0,37 38 39,0,63,,40613,25,0,37 38 39,0,20,,40614,25,0,37 38 39,0,20,,40615,25,0,37 38 39,0,15,,40616,25,0,37 38 39,0,55,,40617,25,,,0,10,,40618,25,0,37 38 39,0,10,,40619,25,,,0,10,,40620,25,0,37 38 39,0,10,,40621,25,,,0,7,,40622,25,0,37 38 39,0,48,,40623,25,,,0,7,,40624,25,0,37 38 39,0,8,,40625,25,,,0,7,,40626,25,0,37 38 39,0,7,,40627,25,,,0,8,,40628,25,0,37 38 39,0,8,,40629,25,,,0,7,,40630,25,0,37 38 39,0,48,,40631,25,,,0,7,,40632,25,0,37 38 39,0,8,,40633,25,,,0,7,,40634,25,0,37 38 39,0,8,,40635,25,,,0,6,,40636,25,0,37 38 39,0,6,,40637,25,,,0,6,,40638,25,0,37 38 39,0,46,,40639,25,,,0,6,,40640,25,0,37 38 39,0,6,,40641,25,,,0,6,,40611,25,0,37 38 39,0,6,,40643,25,,,0,6,,40642,25,0,37 38 39,0,6,,40645,25,,,0,6,,40644,25,0,37 38 39,0,6,,40647,25,,,0,6,,40646,25,0,37 38 39,0,46,,40649,25,,,0,6,,40648,25,0,37 38 39,0,6,,40651,25,,,0,6,,40650,25,0,37 38 39,0,6,,40653,25,,,0,6,,40652,25,0,37 38 39,0,6,,40655,25,,,0,6,,40654,25,0,37 38 39,0,6,,40657,25,,,0,6,,40656,25,0,37 38 39,0,46,,40659,25,,,0,6,,40658,25,0,37 38 39,0,6,,40661,25,,,0,6,,40660,25,0,37 38 39,0,6,,40663,25,,,0,6,,40662,25,0,37 38 39,0,6,,40665,25,,,0,6,,40664,25,0,37 38 39,0,6,,40667,25,,,0,6,,40666,25,0,37 38 39,0,46,,40669,25,,,0,6,,40668,25,0,37 38 39,0,6,,40671,25,,,0,6,,40670,25,0,37 38 39,0,6,,40673,25,,,0,6,,40672,25,0,37 38 39,0,6,,40675,25,,,0,6,,40674,25,0,37 38 39,0,6,,40677,25,,,0,6,,40676,25,0,37 38 39,0,46,,40679,25,,,0,6,,40678,25,0,37 38 39,0,6,,40681,25,,,0,6,,40680,25,0,37 38 39,0,6,,40683,25,,,0,6,,40682,25,0,37 38 39,0,6,,40685,25,,,0,6,,40684,25,0,37 38 39,0,6,,40687,25,,,0,6,,40686,25,0,37 38 39,0,46,,40689,25,,,0,6,,40688,25,0,37 38 39,0,6,,40691,25,,,0,6,,40690,25,0,37 38 39,0,6,,40693,25,,,0,6,,40692,25,0,37 38 39,0,6,,40695,25,,,0,6,,40694,25,0,37 38 39,0,6,,40697,25,,,0,6,,40696,25,0,37 38 39,0,46,,40699,25,,,0,6,,40698,25,0,37 38 39,0,6,,40701,25,,,0,6,,40700,25,0,37 38 39,0,6,,40703,25,,,0,7,,40702,25,0,37 38 39,0,6,,40705,25,,,0,6,,40704,25,0,37 38 39,0,6,,40707,25,,,0,6,,40706,25,0,37 38 39,0,46,,40709,25,,,0,6,,40708,25,0,37 38 39,0,6,,40711,25,,,0,6,,40710,25,0,37 38 39,0,6,,40713,25,,,0,6,,40712,25,0,37 38 39,0,6,,40715,25,,,0,6,,40714,25,0,37 38 39,0,6,,40717,25,,,0,6,,40716,25,0,37 38 39,0,48,,40719,25,,,0,6,,40718,25,0,37 38 39,0,6,,40721,25,,,0,6,,40720,25,0,37 38 39,0,6,,40723,25,,,0,6,,40722,25,0,37 38 39,0,6,,40725,25,,,0,6,,40724,25,0,37 38 39,0,6,,40727,25,,,0,6,,40726,25,0,37 38 39,0,46,,40728,25,0,37 38 39,0,6,,40729,25,0,37 38 39,0,6,,40730,25,0,37 38 39,0,6,,40731,25,0,37 38 39,0,6,,40732,25,0,37 38 39,0,6,,40733,25,0,37 38 39,0,6,,40734,25,0,37 38 39,0,7,,40735,25,0,37 38 39,0,7,,40736,25,0,37 38 39,0,48,,40737,25,0,37 38 39,0,7,,40738,25,0,37 38 39,0,8,,40739,25,0,37 38 39,0,11,,40740,25,0,37 38 39,0,15,,40741,25,0,37 38 39,0,15,,40742,25,0,37 38 39,0,55,,40743,25,0,37 38 39,0,15,,40744,25,0,37 38 39,0,15,,40745,25,0,37 38 39,0,15,,40746,25,0,37 38 39,0,55,,40747,25,0,37 38 39,0,15,,40748,25,0,37 38 39,0,15,,40749,25,0,37 38 39,0,14,,40750,25,0,37 38 39,0,60,,40751,25,0,37 38 39,0,20,,40752,25,0,37 38 39,0,20,,40753,25,0,37 38 39,0,60,,40754,25,0,37 38 39,0,20,,40755,25,0,37 38 39,0,20,,40756,25,0,37 38 39,0,60,,40757,25,0,37 38 39,0,20,,40758,25,0,37 38 39,0,20,,40759,25,0,37 38 39,0,63,,40760,25,0,37 38 39,0,36,,40761,25,0,37 38 39,0
582801,'2',518,,40770,25,0,37 38 39,0,20,,40771,25,0,37 38 39,0,20,,40772,25,0,37 38 39,0,60,,40773,25,0,37 38 39,0,20,,40774,25,0,37 38 39,0,20,,40775,25,0,37 38 39,0,60,,40776,25,0,37 38 39,0,20,,40777,25,0,37 38 39,0,20,,40778,25,0,37 38 39,0,61,,40779,25,0,37 38 39,0,15,,40780,25,0,37 38 39,0,15,,40781,25,0,37 38 39,0,55,,40793,25,0,37 38 39,0,15,,40794,25,0,37 38 39,0,15,,40795,25,0,37 38 39,0,15,,40796,25,0,37 38 39,0,55,,40797,25,0,37 38 39,0,15,,40798,25,0,37 38 39,0,15,,40799,25,0,37 38 39,0,15,,40800,25,0,37 38 39,0,55,,40801,25,0,37 38 39,0,15,,40802,25,0,37 38 39,0,15,,40803,25,0,37 38 39,0,15,,40804,25,0,37 38 39,0,55,,40805,25,0,37 38 39,0,15,,40806,25,0,37 38 39,0,15,,40807,25,0,37 38 39,0,15,,40808,25,0,37 38 39,0,55,,40809,25,0,37 38 39,0,15,,40810,25,0,37 38 39,0,15,,40811,25,0,37 38 39,0,15,,40812,25,0,37 38 39,0,55,,40813,25,0,37 38 39,0,15,,40814,25,0,37 38 39,0,15,,40815,25,0,37 38 39,0,15,,40816,25,0,37 38 39,0,55,,40817,25,0,37 38 39,0,15,,40818,25,0,37 38 39,0,15,,40819,25,0,37 38 39,0,15,,40820,25,0,37 38 39,0,55,,40821,25,0,37 38 39,0,15,,40822,25,0,37 38 39,0,15,,40823,25,0,37 38 39,0,15,,40824,25,0,37 38 39,0,55,,40825,25,0,37 38 39,0,15,,40826,25,0,37 38 39,0,15,,40827,25,0,37 38 39,0,15,,40828,25,0,37 38 39,0,55,,40829,25,0,37 38 39,0,15,,40830,25,0,37 38 39,0,15,,40831,25,0,37 38 39,0,15,,40832,25,0,37 38 39,0,55,,40833,25,0,37 38 39,0,15,,40834,25,0,37 38 39,0,16,,40769,25,0,37 38 39,0,20,,40768,25,0,37 38 39,0,60,,40767,25,0,37 38 39,0,20,,40766,25,0,37 38 39,0,20,,40765,25,0,37 38 39,0,60,,40764,25,0,37 38 39,0,20,,40763,25,0,37 38 39,0,20,,40762,25,0,37 38 39,0,59,,40782,25,0,37 38 39,0,20,,40783,25,0,37 38 39,0,20,,40784,25,0,37 38 39,0,60,,40789,25,0,37 38 39,0,20,,40785,25,0,37 38 39,0,20,,40786,25,0,37 38 39,0,60,,40790,25,0,37 38 39,0,20,,40791,25,0,37 38 39,0,20,,40787,25,0,37 38 39,0,75,,40788,25,0,37 38 39,0,80,,40792,25,0,37 38 39,0
582801,'3',531,,40835,25,0,37 38 39,0,70,,40861,25,0,37 38 39,0,30,,40836,25,0,37 38 39,0,70,,40837,25,0,37 38 39,0,21,,40838,25,0,37 38 39,0,20,,40854,25,0,37 38 39,0,60,,40839,25,0,37 38 39,0,20,,40840,25,0,37 38 39,0,20,,40841,25,0,37 38 39,0,60,,40862,25,0,37 38 39,0,20,,40863,25,0,37 38 39,0,20,,40864,25,0,37 38 39,0,60,,40865,25,0,37 38 39,0,20,,40866,25,0,37 38 39,0,20,,40867,25,0,37 38 39,0,60,,40868,25,0,37 38 39,0,18,,40869,25,0,37 38 39,0,15,,40870,25,0,37 38 39,0,15,,40871,25,0,37 38 39,0,55,,40872,25,0,37 38 39,0,15,,40873,25,0,37 38 39,0,15,,40874,25,0,37 38 39,0,15,,40875,25,0,37 38 39,0,55,,40876,25,0,37 38 39,0,15,,40877,25,0,37 38 39,0,15,,40878,25,0,37 38 39,0,15,,40879,25,0,37 38 39,0,55,,40880,25,0,37 38 39,0,15,,40881,25,0,37 38 39,0,15,,40882,25,0,37 38 39,0,15,,40883,25,0,37 38 39,0,55,,40884,25,0,37 38 39,0,15,,40885,25,0,37 38 39,0,15,,40886,25,0,37 38 39,0,15,,40887,25,0,37 38 39,0,55,,40888,25,0,37 38 39,0,15,,40889,25,0,37 38 39,0,15,,40890,25,0,37 38 39,0,15,,40891,25,0,37 38 39,0,55,,40892,25,0,37 38 39,0,15,,40893,25,0,37 38 39,0,15,,40894,25,0,37 38 39,0,15,,40895,25,0,37 38 39,0,55,,40896,25,0,37 38 39,0,15,,40897,25,0,37 38 39,0,15,,40898,25,0,37 38 39,0,20,,40855,25,0,37 38 39,0,60,,40842,25,0,37 38 39,0,20,,40843,25,0,37 38 39,0,20,,40856,25,0,37 38 39,0,60,,40844,25,0,37 38 39,0,20,,40845,25,0,37 38 39,0,20,,40857,25,0,37 38 39,0,60,,40846,25,0,37 38 39,0,20,,40847,25,0,37 38 39,0,20,,40858,25,0,37 38 39,0,60,,40848,25,0,37 38 39,0,20,,40849,25,0,37 38 39,0,20,,40859,25,0,37 38 39,0,60,,40850,25,0,37 38 39,0,20,,40851,25,0,37 38 39,0,20,,40860,25,0,37 38 39,0,60,,40852,25,0,37 38 39,0,39,,40853,25,0,37 38 39,0
582801,'4',606,,40899,25,0,37 38 39,0,30,,40900,25,0,37 38 39,0,70,,40901,25,0,37 38 39,0,30,,40902,25,0,37 38 39,0,70,,40903,25,0,37 38 39,0,30,,40904,25,0,37 38 39,0,70,,40905,25,0,37 38 39,0,30,,40906,25,0,37 38 39,0,70,,40907,25,0,37 38 39,0,30,,40908,25,0,37 38 39,0,70,,40909,25,0,37 38 39,0,30,,40910,25,0,37 38 39,0,70,,40911,25,0,37 38 39,0,30,,40912,25,0,37 38 39,0,70,,40913,25,0,37 38 39,0,30,,40914,25,0,37 38 39,0,70,,40915,25,0,37 38 39,0,30,,40916,25,0,37 38 39,0,70,,40917,25,0,37 38 39,0,30,,40918,25,0,37 38 39,0,70,,40919,25,0,37 38 39,0,30,,40920,25,0,37 38 39,0,70,,40921,25,0,37 38 39,0,30,,40922,25,0,37 38 39,0,70,,40923,25,0,37 38 39,0,30,,40924,25,0,37 38 39,0,70,,40925,25,0,37 38 39,0,30,,40926,25,0,37 38 39,0,70,,40927,25,0,37 38 39,0,30,,40928,25,0,37 38 39,0,70,,40929,25,0,37 38 39,0
582801,'6',518,,40938,25,0,37 38 39,0,20,,40939,25,0,37 38 39,0,20,,40940,25,0,37 38 39,0,60,,40941,25,0,37 38 39,0,20,,40942,25,0,37 38 39,0,20,,40943,25,0,37 38 39,0,60,,40944,25,0,37 38 39,0,20,,40945,25,0,37 38 39,0,20,,40946,25,0,37 38 39,0,61,,40947,25,0,37 38 39,0,15,,40948,25,0,37 38 39,0,15,,40949,25,0,37 38 39,0,55,,40961,25,0,37 38 39,0,15,,40962,25,0,37 38 39,0,15,,40963,25,0,37 38 39,0,15,,40964,25,0,37 38 39,0,55,,40965,25,0,37 38 39,0,15,,40966,25,0,37 38 39,0,15,,40967,25,0,37 38 39,0,15,,40968,25,0,37 38 39,0,55,,40969,25,0,37 38 39,0,15,,40970,25,0,37 38 39,0,15,,40971,25,0,37 38 39,0,15,,40972,25,0,37 38 39,0,55,,40973,25,0,37 38 39,0,15,,40974,25,0,37 38 39,0,15,,40975,25,0,37 38 39,0,15,,40976,25,0,37 38 39,0,55,,40977,25,0,37 38 39,0,15,,40978,25,0,37 38 39,0,15,,40979,25,0,37 38 39,0,15,,40980,25,0,37 38 39,0,55,,40981,25,0,37 38 39,0,15,,40982,25,0,37 38 39,0,15,,40983,25,0,37 38 39,0,15,,40984,25,0,37 38 39,0,55,,40985,25,0,37 38 39,0,15,,40986,25,0,37 38 39,0,15,,40987,25,0,37 38 39,0,15,,40988,25,0,37 38 39,0,55,,40989,25,0,37 38 39,0,15,,40990,25,0,37 38 39,0,15,,40991,25,0,37 38 39,0,15,,40992,25,0,37 38 39,0,55,,40993,25,0,37 38 39,0,15,,40994,25,0,37 38 39,0,15,,40995,25,0,37 38 39,0,15,,40996,25,0,37 38 39,0,55,,40997,25,0,37 38 39,0,15,,40998,25,0,37 38 39,0,15,,40999,25,0,37 38 39,0,15,,41000,25,0,37 38 39,0,55,,41001,25,0,37 38 39,0,15,,41002,25,0,37 38 39,0,16,,40937,25,0,37 38 39,0,20,,40936,25,0,37 38 39,0,60,,40935,25,0,37 38 39,0,20,,40934,25,0,37 38 39,0,20,,40933,25,0,37 38 39,0,60,,40932,25,0,37 38 39,0,20,,40931,25,0,37 38 39,0,20,,40930,25,0,37 38 39,0,59,,40950,25,0,37 38 39,0,20,,40951,25,0,37 38 39,0,20,,40952,25,0,37 38 39,0,60,,40957,25,0,37 38 39,0,20,,40953,25,0,37 38 39,0,20,,40954,25,0,37 38 39,0,60,,40958,25,0,37 38 39,0,20,,40959,25,0,37 38 39,0,20,,40955,25,0,37 38 39,0,75,,40956,25,0,37 38 39,0,80,,40960,25,0,37 38 39,0
583001,'1',538,,41992,62,,,0,75,,42011,62,,,0,40,,41990,62,,,0,65,,41958,42,,,0,31,,41983,62,,,0,70,,41982,62,,,0,30,,41981,62,,,0,70,,41980,62,,,0,30,,41979,62,,,0,80,,41994,62,,,0,83,,41995,62,,,0,40,,41997,62,,,0,80,,41999,62,,,0,80,,42001,62,,,0,40,,42003,62,,,0,75,,41986,62,,,0,31,,41966,62,,,0,70,,41965,62,,,0,30,,41964,62,,,0,70,,41963,62,,,0,30,,41962,62,,,0,70,,41961,62,,,0,30,,41960,62,,,0,70,,41959,62,,,0,30,,42004,62,,,0,75,,42006,62,,,0,74,,42008,62,,,0,40,,42010,62,,,0,80,,42025,62,,,0,80,,42023,62,,,0,35,,42021,62,,,0,80,,42019,62,,,0,80,,42017,62,,,0,40,,42015,62,,,0
583001,'2',619,,42081,62,,,0,104,,42079,62,,,0,101,,42077,62,,,0,90,,42076,62,,,0,40,,42073,62,,,0,80,,42071,62,,,0,80,,42069,62,,,0,40,,42067,62,,,0,80,,42065,62,,,0,80,,42063,62,,,0,40,,42061,62,,,0,80,,42059,62,,,0,80,,42057,62,,,0,40,,42055,62,,,0,80,,42053,62,,,0,80,,42051,62,,,0,40,,42049,62,,,0,80,,42047,62,,,0,80,,42045,62,,,0,34,,42043,62,,,0,80,,42041,62,,,0,80,,42039,62,,,0,40,,42037,62,,,0,80,,42035,62,,,0,78,,42033,62,,,0,41,,42031,62,,,0,80,,42029,62,,,0,78,,42027,62,,,0
583001,'3',559,,42097,62,,,0,160,,42096,62,,,0,120,,42088,62,,,0,100,,42113,62,,,0,80,,42114,62,,,0,84,,42115,62,,,0,40,,42116,62,,,0,80,,42117,62,,,0,80,,42118,62,,,0,40,,42119,62,,,0,80,,42120,62,,,0,80,,42121,62,,,0,40,,42122,62,,,0,80,,42123,62,,,0,80,,42124,62,,,0,40,,42125,62,,,0,80,,42126,62,,,0,80,,42127,62,,,0,36,,42128,62,,,0,85,,42129,62,,,0,80,,42089,62,,,0,50,,42087,62,,,0,99,,42086,62,,,0,100,,42083,62,,,0
583001,'4',630,,42160,42,,,0,94,,42131,62,,,0,100,,42133,62,,,0,100,,42135,62,,,0,100,,42137,62,,,0,100,,42139,62,,,0,100,,42141,62,,,0,100,,42143,62,,,0,100,,42145,62,,,0,100,,42147,62,,,0,100,,42149,62,,,0,100,,42151,62,,,0,100,,42153,62,,,0,100,,42155,62,,,0,100,,42157,62,,,0,100,,42159,62,,,0
583001,'6',619,,42216,62,,,0,104,,42214,62,,,0,101,,42212,62,,,0,90,,42211,62,,,0,40,,42208,62,,,0,80,,42206,62,,,0,80,,42204,62,,,0,40,,42202,62,,,0,80,,42200,62,,,0,80,,42198,62,,,0,40,,42196,62,,,0,80,,42194,62,,,0,80,,42192,62,,,0,40,,42190,62,,,0,80,,42188,62,,,0,80,,42186,62,,,0,40,,42184,62,,,0,80,,42182,62,,,0,80,,42180,62,,,0,34,,42178,62,,,0,80,,42176,62,,,0,80,,42174,62,,,0,40,,42172,62,,,0,80,,42170,62,,,0,78,,42168,62,,,0,41,,42166,62,,,0,80,,42164,62,,,0,78,,42162,62,,,0
