578300,'1',516,,30529,12,0,23 24,0,25,,30532,55,0,23 24,0,70,,30535,55,0,23 24,0,30,,30538,55,0,23 24,0,15,,30540,55,0,23 24,0,55,,30542,55,0,23 24,0,15,,30544,55,0,23 24,0,15,,30546,55,0,23 24,0,15,,30548,55,0,23 24,0,55,,30550,55,0,23 24,0,15,,30552,55,0,23 24,0,15,,30554,55,0,23 24,0,15,,30556,55,0,23 24,0,58,,30558,55,0,23 24,0,15,,30560,55,0,23 24,0,15,,30562,55,0,23 24,0,70,,30566,55,0,23 24,0,30,,30569,55,0,23 24,0,70,,30572,55,0,23 24,0,30,,30575,55,0,23 24,0,70,,30578,55,0,23 24,0,30,,30581,55,0,23 24,0,70,,30584,55,0,23 24,0,30,,30587,55,0,23 24,0,70,,30590,55,0,23 24,0,15,,30592,55,0,23 24,0,15,,30594,55,0,23 24,0,15,,30596,55,0,23 24,0,55,,30598,55,0,23 24,0,15,,30600,55,0,23 24,0,15,,30602,55,0,23 24,0,15,,30604,55,0,23 24,0,55,,30606,55,0,23 24,0,15,,30608,55,0,23 24,0,15,,30610,55,0,23 24,0,15,,30612,55,0,23 24,0,55,,30614,55,0,23 24,0,15,,30616,55,0,23 24,0,15,,30618,55,0,23 24,0,15,,30620,55,0,23 24,0,55,,30622,55,0,23 24,0,15,,30624,55,0,23 24,0,11,,30626,55,0,23 24,0,70,,30629,55,0,23 24,0,30,,30632,55,0,23 24,0,70,,30635,55,0,23 24,0,30,,30638,55,0,23 24,0,70,,30641,55,0,23 24,0,30,,30644,55,0,23 24,0,68,,30647,55,0,23 24,0,45,,30650,55,0,23 24,0,85,,30653,55,0,23 24,0,85,,30656,55,0,23 24,0,85,,30659,55,0,23 24,0,21,,30662,55,0,23 24,0
578300,'2',439,,30665,12,0,23 24,0,70,,30667,12,0,23 24,0,45,,30670,55,0,23 24,0,67,,30672,55,0,23 24,0,36,,30675,55,0,23 24,0,76,,30678,55,0,23 24,0,70,,30681,12,0,23 24,0,11,,30682,55,0,23 24,0,36,,30685,55,0,23 24,0,76,,30688,55,0,23 24,0,76,,30691,55,0,23 24,0,36,,30694,55,0,23 24,0,76,,30697,55,0,23 24,0,36,,30700,55,0,23 24,0,76,,30703,55,0,23 24,0,76,,30706,55,0,23 24,0,36,,30709,55,0,23 24,0,76,,30712,55,0,23 24,0,36,,30715,55,0,23 24,0,76,,30718,55,0,23 24,0,76,,30721,55,0,23 24,0,36,,30724,55,0,23 24,0,76,,30727,55,0,23 24,0,36,,30730,55,0,23 24,0,72,,30733,55,0,23 24,0,36,,30736,55,0,23 24,0,73,,30739,55,0,23 24,0,76,,30742,55,0,23 24,0,36,,30745,55,0,23 24,0,76,,30748,55,0,23 24,0,37,,30751,55,0,23 24,0,85,,30754,55,0,23 24,0,70,,30756,55,0,23 24,0,45,,30759,55,0,23 24,0,85,,30762,55,0,23 24,0,90,,30766,55,0,23 24,0
578300,'3',524,,30769,12,0,23 24,0,85,,30772,55,0,23 24,0,23,,30774,12,0,23 24,0,22,,30776,55,0,23 24,0,85,,30779,55,0,23 24,0,85,,30782,55,0,23 24,0,85,,30785,55,0,23 24,0,36,,30788,55,0,23 24,0,81,,30791,55,0,23 24,0,76,,30794,55,0,23 24,0,36,,30797,55,0,23 24,0,76,,30800,55,0,23 24,0,36,,30803,55,0,23 24,0,76,,30806,55,0,23 24,0,76,,30809,55,0,23 24,0,36,,30812,55,0,23 24,0,76,,30815,55,0,23 24,0,36,,30818,55,0,23 24,0,76,,30821,55,0,23 24,0,76,,30824,55,0,23 24,0,36,,30827,55,0,23 24,0,74,,30830,55,0,23 24,0,45,,30833,55,0,23 24,0,85,,30836,55,0,23 24,0,85,,30839,55,0,23 24,0,85,,30842,55,0,23 24,0,45,,30845,55,0,23 24,0,83,,30848,55,0,23 24,0,85,,30851,55,0,23 24,0,85,,30855,55,0,23 24,0
578300,'4',539,,30921,12,0,23 24,0,80,,30857,12,0,23 24,0,35,,30860,55,0,23 24,0,85,,30863,55,0,23 24,0,85,,30866,55,0,23 24,0,85,,30869,55,0,23 24,0,45,,30872,55,0,23 24,0,88,,30875,55,0,23 24,0,85,,30878,55,0,23 24,0,85,,30881,55,0,23 24,0,45,,30884,55,0,23 24,0,85,,30887,55,0,23 24,0,85,,30890,55,0,23 24,0,85,,30893,55,0,23 24,0,45,,30896,55,0,23 24,0,85,,30899,55,0,23 24,0,85,,30902,55,0,23 24,0,82,,30905,55,0,23 24,0,45,,30908,55,0,23 24,0,85,,30911,55,0,23 24,0,85,,30914,55,0,23 24,0,85,,30918,55,0,23 24,0
578300,'6',524,,30923,12,0,23 24,0,85,,30926,55,0,23 24,0,23,,30928,12,0,23 24,0,22,,30930,55,0,23 24,0,85,,30933,55,0,23 24,0,85,,30936,55,0,23 24,0,85,,30939,55,0,23 24,0,36,,30942,55,0,23 24,0,81,,30945,55,0,23 24,0,76,,30948,55,0,23 24,0,36,,30951,55,0,23 24,0,76,,30954,55,0,23 24,0,36,,30957,55,0,23 24,0,76,,30960,55,0,23 24,0,76,,30963,55,0,23 24,0,36,,30966,55,0,23 24,0,76,,30969,55,0,23 24,0,36,,30972,55,0,23 24,0,76,,30975,55,0,23 24,0,76,,30978,55,0,23 24,0,36,,30981,55,0,23 24,0,74,,30984,55,0,23 24,0,45,,30987,55,0,23 24,0,85,,30990,55,0,23 24,0,85,,30993,55,0,23 24,0,85,,30996,55,0,23 24,0,45,,30999,55,0,23 24,0,83,,31002,55,0,23 24,0,85,,31005,55,0,23 24,0,85,,31009,55,0,23 24,0
580800,'14601',516,,39276,15,,,0,20,,39270,15,,,0,20,,39271,15,,,0,60,,39272,15,,,0,20,,39273,15,,,0,20,,39274,15,,,0,60,,39275,15,,,0,20,,39174,15,,,0,18,,39175,15,,,0,47,,39188,15,,,0,7,,39189,15,,,0,8,,39196,15,,,0,7,,39190,15,,,0,8,,39197,15,,,0,7,,39191,15,,,0,8,,39198,15,,,0,7,,39192,15,,,0,48,,39199,15,,,0,7,,39193,15,,,0,9,,39200,15,,,0,7,,39194,15,,,0,8,,39201,15,,,0,7,,39195,15,,,0,10,,39202,15,,,0,10,,39203,15,,,0,50,,39204,15,,,0,10,,39205,15,,,0,10,,39206,15,,,0,10,,39207,15,,,0,10,,39208,15,,,0,10,,39209,15,,,0,50,,39210,15,,,0,10,,39211,15,,,0,10,,39212,15,,,0,10,,39213,15,,,0,10,,39214,15,,,0,10,,39215,15,,,0,50,,39216,15,,,0,10,,39217,15,,,0,10,,39218,15,,,0,10,,39219,15,,,0,10,,39220,15,,,0,10,,39221,15,,,0,50,,39222,15,,,0,10,,39223,15,,,0,10,,39224,15,,,0,10,,39225,15,,,0,10,,39226,15,,,0,10,,39227,15,,,0,50,,39228,15,,,0,10,,39229,15,,,0,10,,39230,15,,,0,10,,39231,15,,,0,10,,39232,15,,,0,10,,39233,15,,,0,50,,39247,15,,,0,7,,39234,15,,,0,8,,39248,15,,,0,7,,39235,15,,,0,8,,39249,15,,,0,7,,39236,15,,,0,8,,39250,15,,,0,47,,39237,15,,,0,8,,39251,15,,,0,7,,39238,15,,,0,8,,39252,15,,,0,7,,39239,15,,,0,8,,39253,15,,,0,7,,39240,15,,,0,8,,39254,15,,,0,47,,39241,15,,,0,8,,39255,15,,,0,7,,39242,15,,,0,8,,39256,15,,,0,7,,39243,15,,,0,8,,39257,15,,,0,7,,39244,15,,,0,8,,39258,15,,,0,47,,39245,15,,,0,8,,39259,15,,,0,7,,39246,15,,,0,8,,39260,15,,,0,11,,39261,15,,,0,15,,39176,15,,,0,55,,39177,15,,,0,13,,39178,15,,,0,15,,39171,15,,,0,15,,39172,15,,,0,55,,39173,15,,,0,15,,39262,15,,,0,15,,39263,15,,,0,15,,39264,15,,,0,55,,39265,15,,,0,15,,39266,15,,,0,15,,39267,15,,,0,15,,39268,15,,,0,63,,39269,15,,,0,27,,39179,15,,,0,70,,39180,15,,,0,30,,39181,15,,,0,70,,39182,15,,,0,30,,39183,15,,,0,70,,39184,15,,,0,30,,39185,15,,,0,70,,39186,15,,,0,30,,39187,15,,,0
580800,'14602',516,,39308,15,,,0,30,,39309,15,,,0,70,,39310,15,,,0,30,,39311,15,,,0,70,,39312,15,,,0,30,,39313,15,,,0,70,,39314,15,,,0,30,,39315,15,,,0,71,,39316,15,,,0,30,,39317,15,,,0,70,,39318,15,,,0,30,,39319,15,,,0,70,,39320,15,,,0,30,,39291,15,,,0,70,,39292,15,,,0,30,,39293,15,,,0,70,,39294,15,,,0,30,,39295,15,,,0,70,,39296,15,,,0,30,,39297,15,,,0,70,,39298,15,,,0,30,,39299,15,,,0,70,,39300,15,,,0,30,,39301,15,,,0,70,,39302,15,,,0,30,,39303,15,,,0,70,,39304,15,,,0,30,,39305,15,,,0,68,,39306,15,,,0,30,,39307,15,,,0,70,,39290,15,,,0,30,,39289,15,,,0,70,,39288,15,,,0,30,,39287,15,,,0,67,,39286,15,,,0,30,,39285,15,,,0,70,,39284,15,,,0,30,,39283,15,,,0,70,,39282,15,,,0,30,,39281,15,,,0,70,,39280,15,,,0,30,,39279,15,,,0,70,,39278,15,,,0,30,,39277,15,,,0
580800,'14603',616,,39346,15,,,0,30,,39347,15,,,0,70,,39348,15,,,0,30,,39349,15,,,0,70,,39350,15,,,0,30,,39351,15,,,0,71,,39352,15,,,0,30,,39353,15,,,0,70,,39354,15,,,0,30,,39355,15,,,0,70,,39356,15,,,0,30,,39337,15,,,0,70,,39336,15,,,0,30,,39335,15,,,0,70,,39334,15,,,0,30,,39333,15,,,0,70,,39332,15,,,0,30,,39331,15,,,0,70,,39330,15,,,0,30,,39329,15,,,0,70,,39328,15,,,0,30,,39327,15,,,0,70,,39326,15,,,0,30,,39325,15,,,0,70,,39324,15,,,0,30,,39323,15,,,0,68,,39322,15,,,0,30,,39321,15,,,0,70,,39338,15,,,0,30,,39339,15,,,0,70,,39340,15,,,0,30,,39341,15,,,0,67,,39342,15,,,0,30,,39343,15,,,0,70,,39344,15,,,0,30,,39345,15,,,0
580800,'14604',616,,39376,15,,,0,30,,39377,15,,,0,70,,39378,15,,,0,30,,39379,15,,,0,70,,39380,15,,,0,30,,39381,15,,,0,71,,39382,15,,,0,30,,39383,15,,,0,70,,39384,15,,,0,30,,39385,15,,,0,70,,39386,15,,,0,30,,39373,15,,,0,70,,39372,15,,,0,30,,39371,15,,,0,70,,39370,15,,,0,30,,39369,15,,,0,70,,39368,15,,,0,30,,39367,15,,,0,70,,39366,15,,,0,30,,39365,15,,,0,70,,39364,15,,,0,30,,39363,15,,,0,70,,39362,15,,,0,30,,39361,15,,,0,70,,39360,15,,,0,30,,39359,15,,,0,68,,39358,15,,,0,30,,39357,15,,,0,70,,39374,15,,,0,30,,39375,15,,,0
580800,'14606',616,,39412,15,,,0,30,,39413,15,,,0,70,,39414,15,,,0,30,,39415,15,,,0,70,,39416,15,,,0,30,,39417,15,,,0,71,,39418,15,,,0,30,,39419,15,,,0,70,,39420,15,,,0,30,,39421,15,,,0,70,,39422,15,,,0,30,,39403,15,,,0,70,,39402,15,,,0,30,,39401,15,,,0,70,,39400,15,,,0,30,,39399,15,,,0,70,,39398,15,,,0,30,,39397,15,,,0,70,,39396,15,,,0,30,,39395,15,,,0,70,,39394,15,,,0,30,,39393,15,,,0,70,,39392,15,,,0,30,,39391,15,,,0,70,,39390,15,,,0,30,,39389,15,,,0,68,,39388,15,,,0,30,,39387,15,,,0,70,,39404,15,,,0,30,,39405,15,,,0,70,,39406,15,,,0,30,,39407,15,,,0,67,,39408,15,,,0,30,,39409,15,,,0,70,,39410,15,,,0,30,,39411,15,,,0
582801,'1',637,,40617,53,,,0,20,,40619,53,,,0,60,,40621,53,,,0,15,,40623,53,,,0,17,,40625,53,,,0,54,,40627,53,,,0,16,,40629,53,,,0,15,,40631,53,,,0,15,,40633,53,,,0,55,,40635,53,,,0,12,,40637,53,,,0,12,,40639,53,,,0,11,,40641,53,,,0,12,,40643,53,,,0,52,,40645,53,,,0,12,,40647,53,,,0,12,,40649,53,,,0,12,,40651,53,,,0,12,,40653,53,,,0,52,,40655,53,,,0,12,,40657,53,,,0,12,,40659,53,,,0,12,,40661,53,,,0,12,,40663,53,,,0,52,,40665,53,,,0,12,,40667,53,,,0,12,,40669,53,,,0,12,,40671,53,,,0,12,,40673,53,,,0,52,,40675,53,,,0,12,,40677,53,,,0,12,,40679,53,,,0,12,,40681,53,,,0,12,,40683,53,,,0,52,,40685,53,,,0,12,,40687,53,,,0,12,,40689,53,,,0,12,,40691,53,,,0,12,,40693,53,,,0,52,,40695,53,,,0,14,,40697,53,,,0,12,,40699,53,,,0,12,,40701,53,,,0,12,,40703,53,,,0,53,,40705,53,,,0,12,,40707,53,,,0,12,,40709,53,,,0,12,,40711,53,,,0,12,,40713,53,,,0,52,,40715,53,,,0,12,,40717,53,,,0,14,,40719,53,,,0,12,,40721,53,,,0,12,,40723,53,,,0,52,,40725,53,,,0,9,,40727,53,,,0
