578200,'1',534,,30152,77,,,0,15,,30182,77,,,0,60,,30189,77,,,0,20,,30188,77,,,0,20,,30187,77,,,0,60,,30186,77,,,0,20,,30185,77,,,0,24,,30184,77,,,0,60,,30183,77,,,0,20,,30190,77,,,0,24,,30153,80,,,0,60,,30154,80,,,0,20,,30155,80,,,0,20,,30156,80,,,0,60,,30157,80,,,0,20,,30158,80,,,0,20,,30159,80,,,0,60,,30162,80,,,0,20,,30163,80,,,0,20,,30164,80,,,0,60,,30165,80,,,0,20,,30166,80,,,0,20,,30167,80,,,0,60,,30160,80,,,0,20,,30161,80,,,0,20,,30136,80,,,0,60,,30168,80,,,0,24,,30169,80,,,0,60,,30170,80,,,0,20,,30171,80,,,0,20,,30172,80,,,0,60,,30173,80,,,0,20,,30174,80,,,0,20,,30175,80,,,0,60,,30176,80,,,0,20,,30177,80,,,0,20,,30178,80,,,0,60,,30179,80,,,0,20,,30180,80,,,0,20,,30181,80,,,0,63,,30151,80,,,0,30,,30150,80,,,0,24,,30149,80,,,0,70,,30148,80,,,0,30,,30147,80,,,0,70,,30146,80,,,0,30,,30145,80,,,0,70,,30137,80,,,0,24,,30138,77,,,0,70,,30139,77,,,0,30,,30140,77,,,0,70,,30141,77,,,0,30,,30142,77,,,0,72,,30143,77,,,0,80,,30144,77,,,0
578200,'2',543,,30191,77,,,0,70,,30192,77,,,0,33,,30193,77,,,0,70,,30194,77,,,0,30,,30195,77,,,0,70,,30196,77,,,0,30,,30197,77,,,0,61,,30239,80,,,0,20,,30198,80,,,0,27,,30199,80,,,0,60,,30200,80,,,0,20,,30201,80,,,0,20,,30202,80,,,0,60,,30203,80,,,0,20,,30204,80,,,0,20,,30205,80,,,0,60,,30206,80,,,0,20,,30207,80,,,0,20,,30208,80,,,0,60,,30209,80,,,0,19,,30210,77,,,0,20,,30211,77,,,0,60,,30212,77,,,0,20,,30213,77,,,0,20,,30214,77,,,0,60,,30215,77,,,0,20,,30216,77,,,0,20,,30217,77,,,0,60,,30218,77,,,0,20,,30219,77,,,0,20,,30220,77,,,0,60,,30221,77,,,0,20,,30222,77,,,0,20,,30223,77,,,0,70,,30224,77,,,0,23,,30225,77,,,0,70,,30226,77,,,0,30,,30227,77,,,0,70,,30228,77,,,0,30,,30229,77,,,0,70,,30230,77,,,0,30,,30231,77,,,0,70,,30232,77,,,0,26,,30233,77,,,0,70,,30234,77,,,0,30,,30235,77,,,0,70,,30236,77,,,0,30,,30237,77,,,0,70,,30240,77,,,0,90,,30238,77,,,0
578200,'3',645,,30276,77,,,0,100,,30275,77,,,0,70,,30274,77,,,0,30,,30273,77,,,0,70,,30272,77,,,0,35,,30271,77,,,0,70,,30270,77,,,0,30,,30269,77,,,0,70,,30268,77,,,0,30,,30267,77,,,0,70,,30266,77,,,0,30,,30265,77,,,0,70,,30264,77,,,0,30,,30263,77,,,0,70,,30262,77,,,0,30,,30261,77,,,0,70,,30260,77,,,0,30,,30259,77,,,0,70,,30258,77,,,0,30,,30257,77,,,0,70,,30256,77,,,0,30,,30255,77,,,0,70,,30254,77,,,0,30,,30253,77,,,0,70,,30252,77,,,0,30,,30251,77,,,0,70,,30250,77,,,0,23,,30249,77,,,0,70,,30248,77,,,0,30,,30247,77,,,0,70,,30246,77,,,0,30,,30245,77,,,0,70,,30244,77,,,0,30,,30243,77,,,0,70,,30242,77,,,0,30,,30241,77,,,0
578200,'4',611,,30277,77,,,0,40,,30278,77,,,0,80,,30279,77,,,0,80,,30280,77,,,0,40,,30281,77,,,0,80,,30282,77,,,0,80,,30283,77,,,0,40,,30284,77,,,0,80,,30285,77,,,0,80,,30286,77,,,0,40,,30287,77,,,0,80,,30288,77,,,0,80,,30289,77,,,0,40,,30290,77,,,0,90,,30291,77,,,0,100,,30292,77,,,0,100,,30293,77,,,0,100,,30294,77,,,0,100,,30295,77,,,0,100,,30296,77,,,0,100,,30297,77,,,0
578200,'6',645,,30333,77,,,0,100,,30332,77,,,0,70,,30331,77,,,0,30,,30330,77,,,0,70,,30329,77,,,0,35,,30328,77,,,0,70,,30327,77,,,0,30,,30326,77,,,0,70,,30325,77,,,0,30,,30324,77,,,0,70,,30323,77,,,0,30,,30322,77,,,0,70,,30321,77,,,0,30,,30320,77,,,0,70,,30319,77,,,0,30,,30318,77,,,0,70,,30317,77,,,0,30,,30316,77,,,0,70,,30315,77,,,0,30,,30314,77,,,0,70,,30313,77,,,0,30,,30312,77,,,0,70,,30311,77,,,0,30,,30310,77,,,0,70,,30309,77,,,0,30,,30308,77,,,0,70,,30307,77,,,0,23,,30306,77,,,0,70,,30305,77,,,0,30,,30304,77,,,0,70,,30303,77,,,0,30,,30302,77,,,0,70,,30301,77,,,0,30,,30300,77,,,0,70,,30299,77,,,0,30,,30298,77,,,0
578301,'1',528,,31011,54,0,29 30 6,0,90,,31015,90,0,29 30 6,0,29,,31018,90,0,29 30 6,0,67,,31021,90,0,29 30 6,0,30,,31025,90,0,29 30 6,0,70,,31029,90,0,29 30 6,0,30,,31033,90,0,29 30 6,0,70,,31037,90,0,29 30 6,0,30,,31041,90,0,29 30 6,0,70,,31045,90,0,29 30 6,0,31,,31049,90,0,29 30 6,0,68,,31052,90,0,29 30 6,0,30,,31055,90,0,29 30 6,0,70,,31058,90,0,29 30 6,0,30,,31061,90,0,29 30 6,0,70,,31064,90,0,29 30 6,0,30,,31067,90,0,29 30 6,0,70,,31070,90,0,29 30 6,0,33,,31073,90,0,29 30 6,0,76,,31077,90,0,29 30 6,0,30,,31081,90,0,29 30 6,0,70,,31085,90,0,29 30 6,0,30,,31089,90,0,29 30 6,0,70,,31093,90,0,29 30 6,0,30,,31097,90,0,29 30 6,0,69,,31101,90,0,29 30 6,0,27,,31105,90,0,29 30 6,0,67,,31109,90,0,29 30 6,0,34,,31113,90,0,29 30 6,0,64,,31116,90,0,29 30 6,0,34,,31120,90,0,29 30 6,0,70,,31123,90,0,29 30 6,0,20,,31125,90,0,29 30 6,0,80,,31129,90,0,29 30 6,0,41,,31133,90,0,29 30 6,0,85,,31137,90,0,29 30 6,0,85,,31140,90,0,29 30 6,0,120,,31145,90,0,29 30 6,0
578301,'2',520,,31149,54,0,29 30 6,0,80,,31153,90,0,29 30 6,0,36,,31156,90,0,29 30 6,0,76,,31159,90,0,29 30 6,0,36,,31162,90,0,29 30 6,0,76,,31165,90,0,29 30 6,0,81,,31168,90,0,29 30 6,0,36,,31171,90,0,29 30 6,0,76,,31174,90,0,29 30 6,0,36,,31177,90,0,29 30 6,0,76,,31180,90,0,29 30 6,0,76,,31183,90,0,29 30 6,0,36,,31186,90,0,29 30 6,0,76,,31189,90,0,29 30 6,0,36,,31192,90,0,29 30 6,0,76,,31195,90,0,29 30 6,0,76,,31198,90,0,29 30 6,0,36,,31201,90,0,29 30 6,0,76,,31204,90,0,29 30 6,0,36,,31207,90,0,29 30 6,0,76,,31210,90,0,29 30 6,0,72,,31213,90,0,29 30 6,0,36,,31216,90,0,29 30 6,0,76,,31219,90,0,29 30 6,0,36,,31222,90,0,29 30 6,0,75,,31225,90,0,29 30 6,0,76,,31228,90,0,29 30 6,0,43,,31231,90,0,29 30 6,0,98,,31235,90,0,29 30 6,0,85,,31238,90,0,29 30 6,0,85,,31241,90,0,29 30 6,0,45,,31244,90,0,29 30 6,0,90,,31247,90,0,29 30 6,0
578301,'3',554,,31253,54,0,29 30 6,0,90,,31257,90,0,29 30 6,0,85,,31260,90,0,29 30 6,0,85,,31263,90,0,29 30 6,0,45,,31266,90,0,29 30 6,0,85,,31269,90,0,29 30 6,0,80,,31272,90,0,29 30 6,0,81,,31275,90,0,29 30 6,0,36,,31278,90,0,29 30 6,0,76,,31281,90,0,29 30 6,0,36,,31284,90,0,29 30 6,0,76,,31287,90,0,29 30 6,0,76,,31290,90,0,29 30 6,0,36,,31293,90,0,29 30 6,0,76,,31296,90,0,29 30 6,0,36,,31299,90,0,29 30 6,0,76,,31302,90,0,29 30 6,0,76,,31305,90,0,29 30 6,0,36,,31308,90,0,29 30 6,0,76,,31311,90,0,29 30 6,0,36,,31314,90,0,29 30 6,0,76,,31317,90,0,29 30 6,0,75,,31320,90,0,29 30 6,0,45,,31323,90,0,29 30 6,0,85,,31326,90,0,29 30 6,0,85,,31329,90,0,29 30 6,0,81,,31332,90,0,29 30 6,0,45,,31335,90,0,29 30 6,0,85,,31339,90,0,29 30 6,0
578301,'4',547,,31406,54,0,29 30 6,0,71,,31343,54,0,29 30 6,0,40,,31346,90,0,29 30 6,0,85,,31349,90,0,29 30 6,0,85,,31352,90,0,29 30 6,0,85,,31355,90,0,29 30 6,0,45,,31358,90,0,29 30 6,0,90,,31361,90,0,29 30 6,0,85,,31364,90,0,29 30 6,0,85,,31367,90,0,29 30 6,0,85,,31370,90,0,29 30 6,0,45,,31373,90,0,29 30 6,0,85,,31376,90,0,29 30 6,0,85,,31379,90,0,29 30 6,0,85,,31382,90,0,29 30 6,0,45,,31385,90,0,29 30 6,0,85,,31388,90,0,29 30 6,0,85,,31391,90,0,29 30 6,0,41,,31394,90,0,29 30 6,0,85,,31397,90,0,29 30 6,0,85,,31400,90,0,29 30 6,0,85,,31403,90,0,29 30 6,0
578301,'6',554,,31410,54,0,29 30 6,0,90,,31414,90,0,29 30 6,0,85,,31417,90,0,29 30 6,0,85,,31420,90,0,29 30 6,0,45,,31423,90,0,29 30 6,0,85,,31426,90,0,29 30 6,0,80,,31429,90,0,29 30 6,0,81,,31432,90,0,29 30 6,0,36,,31435,90,0,29 30 6,0,76,,31438,90,0,29 30 6,0,36,,31441,90,0,29 30 6,0,76,,31444,90,0,29 30 6,0,76,,31447,90,0,29 30 6,0,36,,31450,90,0,29 30 6,0,76,,31453,90,0,29 30 6,0,36,,31456,90,0,29 30 6,0,76,,31459,90,0,29 30 6,0,76,,31462,90,0,29 30 6,0,36,,31465,90,0,29 30 6,0,76,,31468,90,0,29 30 6,0,36,,31471,90,0,29 30 6,0,76,,31474,90,0,29 30 6,0,75,,31477,90,0,29 30 6,0,45,,31480,90,0,29 30 6,0,85,,31483,90,0,29 30 6,0,85,,31486,90,0,29 30 6,0,81,,31489,90,0,29 30 6,0,45,,31492,90,0,29 30 6,0,85,,31496,90,0,29 30 6,0
