579300,'1',525,,33626,14,,,0,20,,33603,14,,,0,55,,33616,14,,,0,15,,33617,14,,,0,15,,33604,14,,,0,15,,33554,14,,,0,55,,33618,14,,,0,16,,33555,14,,,0,15,,33619,14,,,0,15,,33556,14,,,0,55,,33557,14,,,0,15,,33559,14,,,0,15,,33558,14,,,0,10,,33581,14,,,0,10,,33553,14,,,0,50,,33552,14,,,0,10,,33582,14,,,0,10,,33551,14,,,0,10,,33550,14,,,0,10,,33583,14,,,0,10,,33549,14,,,0,50,,33548,14,,,0,10,,33584,14,,,0,10,,33580,14,,,0,10,,33547,14,,,0,10,,33585,14,,,0,60,,33605,14,,,0,20,,33606,14,,,0,20,,33607,14,,,0,60,,33608,14,,,0,20,,33609,14,,,0,20,,33610,14,,,0,60,,33611,14,,,0,20,,33612,14,,,0,20,,33613,14,,,0,60,,33614,14,,,0,20,,33615,14,,,0,20,,33544,14,,,0,60,,33586,14,,,0,20,,33579,14,,,0,10,,33578,14,,,0,10,,33587,14,,,0,10,,33577,14,,,0,50,,33576,14,,,0,10,,33588,14,,,0,10,,33575,14,,,0,10,,33574,14,,,0,10,,33589,14,,,0,10,,33573,14,,,0,50,,33572,14,,,0,10,,33590,14,,,0,10,,33571,14,,,0,10,,33570,14,,,0,10,,33591,14,,,0,10,,33569,14,,,0,50,,33568,14,,,0,10,,33592,14,,,0,10,,33567,14,,,0,10,,33566,14,,,0,9,,33593,14,,,0,10,,33565,14,,,0,50,,33564,14,,,0,10,,33594,14,,,0,10,,33563,14,,,0,15,,33602,14,,,0,15,,33562,14,,,0,60,,33561,14,,,0,20,,33560,14,,,0,20,,33620,14,,,0,60,,33546,14,,,0,20,,33621,14,,,0,20,,33545,14,,,0,60,,33595,14,,,0,20,,33622,14,,,0,20,,33596,14,,,0,60,,33597,14,,,0,20,,33623,14,,,0,20,,33598,14,,,0,60,,33599,14,,,0,20,,33624,14,,,0,20,,33600,14,,,0,60,,33625,14,,,0,13,,33601,14,,,0
579300,'2',534,,33687,14,,,0,20,,33627,14,,,0,60,,33688,14,,,0,20,,33628,14,,,0,20,,33689,14,,,0,60,,33629,14,,,0,20,,33630,14,,,0,20,,33690,14,,,0,61,,33631,14,,,0,20,,33632,14,,,0,20,,33633,14,,,0,55,,33634,14,,,0,15,,33635,14,,,0,15,,33636,14,,,0,15,,33637,14,,,0,55,,33638,14,,,0,15,,33639,14,,,0,15,,33640,14,,,0,15,,33641,14,,,0,55,,33642,14,,,0,15,,33643,14,,,0,15,,33644,14,,,0,15,,33645,14,,,0,55,,33646,14,,,0,15,,33647,14,,,0,15,,33648,14,,,0,15,,33649,14,,,0,55,,33650,14,,,0,15,,33651,14,,,0,15,,33652,14,,,0,15,,33653,14,,,0,55,,33654,14,,,0,15,,33655,14,,,0,15,,33656,14,,,0,15,,33657,14,,,0,55,,33658,14,,,0,15,,33659,14,,,0,15,,33660,14,,,0,15,,33661,14,,,0,55,,33662,14,,,0,15,,33663,14,,,0,15,,33664,14,,,0,15,,33665,14,,,0,55,,33666,14,,,0,15,,33667,14,,,0,15,,33668,14,,,0,15,,33669,14,,,0,55,,33670,14,,,0,15,,33671,14,,,0,15,,33672,14,,,0,15,,33673,14,,,0,55,,33674,14,,,0,19,,33691,14,,,0,20,,33675,14,,,0,60,,33676,14,,,0,20,,33692,14,,,0,20,,33677,14,,,0,60,,33678,14,,,0,20,,33693,14,,,0,20,,33679,14,,,0,60,,33680,14,,,0,20,,33694,14,,,0,20,,33681,14,,,0,60,,33682,14,,,0,20,,33695,14,,,0,20,,33683,14,,,0,60,,33684,14,,,0,20,,33696,14,,,0,20,,33685,14,,,0,60,,33686,14,,,0,20,,33697,14,,,0
579300,'3',545,,33744,14,,,0,70,,33728,14,,,0,30,,33729,14,,,0,70,,33730,14,,,0,30,,33731,14,,,0,70,,33732,14,,,0,30,,33733,14,,,0,71,,33734,14,,,0,30,,33735,14,,,0,70,,33736,14,,,0,30,,33737,14,,,0,60,,33738,14,,,0,20,,33739,14,,,0,20,,33740,14,,,0,60,,33741,14,,,0,20,,33742,14,,,0,20,,33743,14,,,0,60,,33698,14,,,0,20,,33699,14,,,0,20,,33700,14,,,0,60,,33701,14,,,0,20,,33702,14,,,0,20,,33703,14,,,0,60,,33704,14,,,0,20,,33705,14,,,0,20,,33706,14,,,0,60,,33707,14,,,0,20,,33708,14,,,0,20,,33709,14,,,0,60,,33710,14,,,0,20,,33711,14,,,0,20,,33712,14,,,0,60,,33713,14,,,0,19,,33714,14,,,0,20,,33715,14,,,0,60,,33716,14,,,0,20,,33717,14,,,0,30,,33718,14,,,0,70,,33719,14,,,0,30,,33720,14,,,0,70,,33721,14,,,0,30,,33722,14,,,0,70,,33723,14,,,0,30,,33724,14,,,0,70,,33725,14,,,0,30,,33726,14,,,0,70,,33727,14,,,0
579300,'4',552,,33784,14,,,0,90,,33783,14,,,0,70,,33782,14,,,0,30,,33781,14,,,0,70,,33780,14,,,0,30,,33779,14,,,0,70,,33778,14,,,0,30,,33777,14,,,0,70,,33776,14,,,0,30,,33775,14,,,0,70,,33774,14,,,0,20,,33773,14,,,0,20,,33772,14,,,0,60,,33771,14,,,0,20,,33770,14,,,0,20,,33769,14,,,0,60,,33768,14,,,0,20,,33767,14,,,0,20,,33766,14,,,0,60,,33765,14,,,0,20,,33764,14,,,0,20,,33763,14,,,0,60,,33762,14,,,0,20,,33761,14,,,0,20,,33760,14,,,0,60,,33759,14,,,0,20,,33758,14,,,0,20,,33757,14,,,0,60,,33756,14,,,0,20,,33755,14,,,0,20,,33754,14,,,0,60,,33753,14,,,0,20,,33752,14,,,0,20,,33751,14,,,0,60,,33750,14,,,0,20,,33749,14,,,0,20,,33748,14,,,0,65,,33747,14,,,0,30,,33746,14,,,0,70,,33745,14,,,0
579300,'6',545,,33831,14,,,0,70,,33815,14,,,0,30,,33816,14,,,0,70,,33817,14,,,0,30,,33818,14,,,0,70,,33819,14,,,0,30,,33820,14,,,0,71,,33821,14,,,0,30,,33822,14,,,0,70,,33823,14,,,0,30,,33824,14,,,0,60,,33825,14,,,0,20,,33826,14,,,0,20,,33827,14,,,0,60,,33828,14,,,0,20,,33829,14,,,0,20,,33830,14,,,0,60,,33785,14,,,0,20,,33786,14,,,0,20,,33787,14,,,0,60,,33788,14,,,0,20,,33789,14,,,0,20,,33790,14,,,0,60,,33791,14,,,0,20,,33792,14,,,0,20,,33793,14,,,0,60,,33794,14,,,0,20,,33795,14,,,0,20,,33796,14,,,0,60,,33797,14,,,0,20,,33798,14,,,0,20,,33799,14,,,0,60,,33800,14,,,0,19,,33801,14,,,0,20,,33802,14,,,0,60,,33803,14,,,0,20,,33804,14,,,0,30,,33805,14,,,0,70,,33806,14,,,0,30,,33807,14,,,0,70,,33808,14,,,0,30,,33809,14,,,0,70,,33810,14,,,0,30,,33811,14,,,0,70,,33812,14,,,0,30,,33813,14,,,0,70,,33814,14,,,0
579400,'1',509,,34117,4,,,0,25,,34118,4,,,0,20,,34119,4,,,0,60,,34120,4,,,0,20,,34121,4,,,0,15,,34122,4,,,0,56,,34123,4,,,0,15,,34124,4,,,0,15,,34125,4,,,0,15,,34126,4,,,0,55,,34127,4,,,0,15,,34128,4,,,0,15,,34129,4,,,0,15,,34130,4,,,0,55,,34131,4,,,0,15,,34132,4,,,0,15,,34133,4,,,0,15,,34134,4,,,0,55,,34135,4,,,0,15,,34136,4,,,0,15,,34137,4,,,0,15,,34138,4,,,0,55,,34139,4,,,0,15,,34140,4,,,0,15,,34141,4,,,0,15,,34142,4,,,0,55,,34143,4,,,0,15,,34144,4,,,0,15,,34145,4,,,0,15,,34146,4,,,0,55,,34147,4,,,0,15,,34148,4,,,0,15,,34149,4,,,0,15,,34150,4,,,0,56,,34151,4,,,0,15,,34152,4,,,0,15,,34153,4,,,0,15,,34154,4,,,0,55,,34155,4,,,0,15,,34156,4,,,0,15,,34157,4,,,0,15,,34158,4,,,0,55,,34159,4,,,0,15,,34160,4,,,0,15,,34161,4,,,0,15,,34162,4,,,0,55,,34163,4,,,0,15,,34164,4,,,0,15,,34165,4,,,0,15,,34166,4,,,0,55,,34167,4,,,0,30,,34168,4,,,0,69,,34169,4,,,0,30,,34170,4,,,0,70,,34171,4,,,0,30,,34172,4,,,0,70,,34173,4,,,0,30,,34174,4,,,0,69,,34175,4,,,0,30,,34176,4,,,0,70,,34177,4,,,0,30,,34178,4,,,0,70,,34179,4,,,0,30,,34180,4,,,0,70,,34181,4,,,0,20,,34182,4,,,0
579400,'2',604,,34216,4,,,0,30,,34215,4,,,0,70,,34214,4,,,0,30,,34210,4,,,0,70,,34209,4,,,0,30,,34213,4,,,0,71,,34212,4,,,0,30,,34211,4,,,0,70,,34218,4,,,0,30,,34217,4,,,0,70,,34198,4,,,0,30,,34197,4,,,0,70,,34195,4,,,0,30,,34208,4,,,0,70,,34207,4,,,0,30,,34206,4,,,0,70,,34205,4,,,0,30,,34204,4,,,0,70,,34200,4,,,0,30,,34199,4,,,0,70,,34196,4,,,0,30,,34194,4,,,0,70,,34188,4,,,0,30,,34187,4,,,0,70,,34186,4,,,0,29,,34193,4,,,0,70,,34192,4,,,0,30,,34191,4,,,0,70,,34184,4,,,0,30,,34183,4,,,0,70,,34220,4,,,0,30,,34185,4,,,0,70,,34203,4,,,0,30,,34202,4,,,0,70,,34201,4,,,0,30,,34219,4,,,0,70,,34190,4,,,0,100,,34189,4,,,0
579400,'3',549,,34228,4,,,0,70,,34248,4,,,0,30,,34251,4,,,0,70,,34250,4,,,0,30,,34249,4,,,0,70,,34246,4,,,0,30,,34247,4,,,0,71,,34254,4,,,0,30,,34253,4,,,0,70,,34256,4,,,0,30,,34255,4,,,0,70,,34258,4,,,0,30,,34257,4,,,0,70,,34241,4,,,0,30,,34245,4,,,0,70,,34244,4,,,0,30,,34243,4,,,0,70,,34242,4,,,0,30,,34236,4,,,0,70,,34240,4,,,0,30,,34239,4,,,0,70,,34238,4,,,0,30,,34237,4,,,0,70,,34234,4,,,0,30,,34226,4,,,0,70,,34233,4,,,0,30,,34232,4,,,0,69,,34235,4,,,0,30,,34225,4,,,0,70,,34252,4,,,0,30,,34224,4,,,0,70,,34231,4,,,0,30,,34223,4,,,0,70,,34230,4,,,0,30,,34222,4,,,0,70,,34229,4,,,0,25,,34221,4,,,0,60,,34227,4,,,0
579400,'4',604,,34259,4,,,0,30,,34260,4,,,0,70,,34261,4,,,0,30,,34262,4,,,0,70,,34263,4,,,0,30,,34264,4,,,0,71,,34265,4,,,0,30,,34266,4,,,0,70,,34267,4,,,0,30,,34268,4,,,0,70,,34269,4,,,0,30,,34270,4,,,0,70,,34271,4,,,0,30,,34272,4,,,0,70,,34273,4,,,0,30,,34274,4,,,0,70,,34275,4,,,0,30,,34276,4,,,0,70,,34277,4,,,0,30,,34278,4,,,0,70,,34279,4,,,0,30,,34280,4,,,0,70,,34281,4,,,0,30,,34282,4,,,0,69,,34283,4,,,0,30,,34284,4,,,0,70,,34285,4,,,0,30,,34286,4,,,0,70,,34287,4,,,0,30,,34288,4,,,0,70,,34289,4,,,0
579400,'6',604,,34323,4,,,0,30,,34322,4,,,0,70,,34321,4,,,0,30,,34317,4,,,0,70,,34316,4,,,0,30,,34320,4,,,0,71,,34319,4,,,0,30,,34318,4,,,0,70,,34325,4,,,0,30,,34324,4,,,0,70,,34305,4,,,0,30,,34304,4,,,0,70,,34302,4,,,0,30,,34315,4,,,0,70,,34314,4,,,0,30,,34313,4,,,0,70,,34312,4,,,0,30,,34311,4,,,0,70,,34307,4,,,0,30,,34306,4,,,0,70,,34303,4,,,0,30,,34301,4,,,0,70,,34295,4,,,0,30,,34294,4,,,0,70,,34293,4,,,0,29,,34300,4,,,0,70,,34299,4,,,0,30,,34298,4,,,0,70,,34291,4,,,0,30,,34290,4,,,0,70,,34327,4,,,0,30,,34292,4,,,0,70,,34310,4,,,0,30,,34309,4,,,0,70,,34308,4,,,0,30,,34326,4,,,0,70,,34297,4,,,0,100,,34296,4,,,0
579500,'1',503,,34542,4,,,0,20,,34543,4,,,0,20,,34544,4,,,0,60,,34545,4,,,0,20,,34546,4,,,0,20,,34547,4,,,0,15,,34548,4,,,0,55,,34549,4,,,0,15,,34550,4,,,0,15,,34551,4,,,0,15,,34552,4,,,0,55,,34553,4,,,0,15,,34554,4,,,0,15,,34555,4,,,0,15,,34556,4,,,0,55,,34557,4,,,0,15,,34558,4,,,0,20,,34559,4,,,0,63,,34560,4,,,0,17,,34561,4,,,0,20,,34562,4,,,0,60,,34563,4,,,0,20,,34564,4,,,0,20,,34565,4,,,0,60,,34566,4,,,0,20,,34567,4,,,0,20,,34568,4,,,0,60,,34569,4,,,0,20,,34570,4,,,0,22,,34571,4,,,0,60,,34572,4,,,0,20,,34573,4,,,0,20,,34574,4,,,0,55,,34575,4,,,0,15,,34576,4,,,0,15,,34577,4,,,0,15,,34578,4,,,0,55,,34579,4,,,0,15,,34580,4,,,0,15,,34581,4,,,0,15,,34582,4,,,0,55,,34583,4,,,0,15,,34584,4,,,0,15,,34585,4,,,0,15,,34586,4,,,0,55,,34587,4,,,0,28,,34588,4,,,0,70,,34589,4,,,0,30,,34590,4,,,0,70,,34591,4,,,0,30,,34592,4,,,0,70,,34593,4,,,0,30,,34594,4,,,0,70,,34595,4,,,0,30,,34596,4,,,0,70,,34597,4,,,0,30,,34598,4,,,0,70,,34599,4,,,0,30,,34600,4,,,0,90,,34601,4,,,0
579500,'2',553,,34622,4,,,0,70,,34631,4,,,0,30,,34633,4,,,0,70,,34637,4,,,0,30,,34614,4,,,0,70,,34638,4,,,0,30,,34613,4,,,0,70,,34628,4,,,0,30,,34626,4,,,0,70,,34629,4,,,0,30,,34603,4,,,0,70,,34640,4,,,0,30,,34609,4,,,0,70,,34623,4,,,0,30,,34632,4,,,0,70,,34607,4,,,0,30,,34604,4,,,0,70,,34606,4,,,0,30,,34602,4,,,0,70,,34608,4,,,0,30,,34615,4,,,0,70,,34605,4,,,0,30,,34612,4,,,0,70,,34610,4,,,0,30,,34611,4,,,0,70,,34616,4,,,0,30,,34636,4,,,0,70,,34627,4,,,0,30,,34617,4,,,0,70,,34619,4,,,0,30,,34634,4,,,0,70,,34630,4,,,0,30,,34618,4,,,0,70,,34620,4,,,0,30,,34621,4,,,0,70,,34635,4,,,0,30,,34639,4,,,0,80,,34625,4,,,0,90,,34624,4,,,0
579500,'3',602,,34653,4,,,0,30,,34645,4,,,0,70,,34652,4,,,0,30,,34644,4,,,0,70,,34654,4,,,0,30,,34643,4,,,0,71,,34646,4,,,0,30,,34647,4,,,0,70,,34648,4,,,0,30,,34649,4,,,0,70,,34650,4,,,0,30,,34655,4,,,0,70,,34657,4,,,0,30,,34669,4,,,0,70,,34656,4,,,0,30,,34658,4,,,0,70,,34661,4,,,0,30,,34660,4,,,0,70,,34659,4,,,0,30,,34662,4,,,0,70,,34663,4,,,0,30,,34664,4,,,0,70,,34666,4,,,0,30,,34668,4,,,0,70,,34667,4,,,0,30,,34665,4,,,0,70,,34642,4,,,0,30,,34651,4,,,0,70,,34641,4,,,0,30,,34670,4,,,0,70,,34671,4,,,0,30,,34672,4,,,0,70,,34673,4,,,0,30,,34674,4,,,0,70,,34675,4,,,0,30,,34676,4,,,0,70,,34677,4,,,0
579500,'4',632,,34703,4,,,0,70,,34700,4,,,0,30,,34699,4,,,0,70,,34698,4,,,0,30,,34697,4,,,0,71,,34696,4,,,0,30,,34695,4,,,0,70,,34694,4,,,0,30,,34693,4,,,0,70,,34692,4,,,0,30,,34691,4,,,0,70,,34690,4,,,0,30,,34689,4,,,0,70,,34688,4,,,0,30,,34687,4,,,0,70,,34686,4,,,0,30,,34685,4,,,0,70,,34684,4,,,0,45,,34680,4,,,0,85,,34679,4,,,0,85,,34701,4,,,0,85,,34678,4,,,0,45,,34683,4,,,0,85,,34682,4,,,0,85,,34702,4,,,0,85,,34681,4,,,0
579500,'6',602,,34716,4,,,0,30,,34708,4,,,0,70,,34715,4,,,0,30,,34707,4,,,0,70,,34717,4,,,0,30,,34706,4,,,0,71,,34709,4,,,0,30,,34710,4,,,0,70,,34711,4,,,0,30,,34712,4,,,0,70,,34713,4,,,0,30,,34718,4,,,0,70,,34720,4,,,0,30,,34732,4,,,0,70,,34719,4,,,0,30,,34721,4,,,0,70,,34724,4,,,0,30,,34723,4,,,0,70,,34722,4,,,0,30,,34725,4,,,0,70,,34726,4,,,0,30,,34727,4,,,0,70,,34729,4,,,0,30,,34731,4,,,0,70,,34730,4,,,0,30,,34728,4,,,0,70,,34705,4,,,0,30,,34714,4,,,0,70,,34704,4,,,0,30,,34733,4,,,0,70,,34734,4,,,0,30,,34735,4,,,0,70,,34736,4,,,0,30,,34737,4,,,0,70,,34738,4,,,0,30,,34739,4,,,0,70,,34740,4,,,0
579600,'1601',1534,,34938,4,,,0
579600,'1',534,,34939,4,,,0,20,,34940,4,,,0,57,,34941,4,,,0,15,,34942,4,,,0,15,,34943,4,,,0,15,,34944,4,,,0,55,,34945,4,,,0,15,,34946,4,,,0,15,,34947,4,,,0,15,,34948,4,,,0,55,,34949,4,,,0,15,,34950,4,,,0,15,,34951,4,,,0,15,,34952,4,,,0,58,,34953,4,,,0,20,,34954,4,,,0,20,,34955,4,,,0,60,,34956,4,,,0,20,,34957,4,,,0,20,,34958,4,,,0,60,,34959,4,,,0,20,,34960,4,,,0,20,,34961,4,,,0,60,,34962,4,,,0,20,,34963,4,,,0,20,,34964,4,,,0,60,,34965,4,,,0,20,,34966,4,,,0,20,,34967,4,,,0,55,,34968,4,,,0,15,,34969,4,,,0,15,,34970,4,,,0,15,,34971,4,,,0,55,,34972,4,,,0,15,,34973,4,,,0,15,,34974,4,,,0,15,,34975,4,,,0,55,,34976,4,,,0,15,,34977,4,,,0,15,,34978,4,,,0,15,,34979,4,,,0,55,,34980,4,,,0,15,,34981,4,,,0,15,,34982,4,,,0,20,,34983,4,,,0,65,,34984,4,,,0,25,,34985,4,,,0,70,,34986,4,,,0,30,,34987,4,,,0,70,,34988,4,,,0,30,,34989,4,,,0,70,,34990,4,,,0,29,,34991,4,,,0,70,,34992,4,,,0,30,,34993,4,,,0,70,,34994,4,,,0,30,,34995,4,,,0,70,,34996,4,,,0,35,,34997,4,,,0,70,,34998,4,,,0
579600,'2',542,,35010,4,,,0,70,,35011,4,,,0,30,,35012,4,,,0,70,,35013,4,,,0,30,,35014,4,,,0,70,,35015,4,,,0,32,,35016,4,,,0,60,,35017,4,,,0,20,,35018,4,,,0,20,,35019,4,,,0,60,,35020,4,,,0,20,,35021,4,,,0,20,,35022,4,,,0,60,,35023,4,,,0,20,,35024,4,,,0,20,,35025,4,,,0,60,,35026,4,,,0,20,,35027,4,,,0,20,,35028,4,,,0,60,,35029,4,,,0,20,,35030,4,,,0,20,,35031,4,,,0,60,,35032,4,,,0,20,,35033,4,,,0,20,,35034,4,,,0,60,,35035,4,,,0,20,,35036,4,,,0,20,,35037,4,,,0,60,,35038,4,,,0,20,,35039,4,,,0,20,,35040,4,,,0,59,,35041,4,,,0,20,,35042,4,,,0,25,,35043,4,,,0,70,,35044,4,,,0,30,,35045,4,,,0,70,,35046,4,,,0,30,,35047,4,,,0,70,,34999,4,,,0,30,,35000,4,,,0,70,,35001,4,,,0,30,,35002,4,,,0,70,,35003,4,,,0,30,,35004,4,,,0,70,,35005,4,,,0,30,,35006,4,,,0,70,,35007,4,,,0,30,,35008,4,,,0,75,,35009,4,,,0
579600,'3',642,,35071,4,,,0,70,,35072,4,,,0,30,,35070,4,,,0,70,,35073,4,,,0,30,,35069,4,,,0,72,,35068,4,,,0,30,,35067,4,,,0,70,,35066,4,,,0,30,,35065,4,,,0,70,,35064,4,,,0,30,,35063,4,,,0,70,,35062,4,,,0,30,,35061,4,,,0,70,,35060,4,,,0,30,,35059,4,,,0,70,,35058,4,,,0,30,,35057,4,,,0,70,,35056,4,,,0,30,,35055,4,,,0,70,,35054,4,,,0,30,,35053,4,,,0,70,,35052,4,,,0,29,,35051,4,,,0,70,,35074,4,,,0,30,,35050,4,,,0,70,,35075,4,,,0,30,,35049,4,,,0,70,,35076,4,,,0,30,,35048,4,,,0,70,,35077,4,,,0,30,,35078,4,,,0,70,,35079,4,,,0,30,,35080,4,,,0,70,,35081,4,,,0,30,,35082,4,,,0,60,,35083,4,,,0
579600,'4',702,,35106,4,,,0,30,,35084,4,,,0,70,,35085,4,,,0,30,,35086,4,,,0,71,,35087,4,,,0,30,,35088,4,,,0,70,,35089,4,,,0,30,,35090,4,,,0,70,,35091,4,,,0,30,,35092,4,,,0,70,,35093,4,,,0,30,,35094,4,,,0,70,,35095,4,,,0,30,,35096,4,,,0,70,,35097,4,,,0,30,,35098,4,,,0,70,,35099,4,,,0,100,,35100,4,,,0,100,,35101,4,,,0,99,,35102,4,,,0,100,,35103,4,,,0,100,,35104,4,,,0,100,,35105,4,,,0
579600,'6',642,,35130,4,,,0,70,,35131,4,,,0,30,,35129,4,,,0,70,,35132,4,,,0,30,,35128,4,,,0,72,,35127,4,,,0,30,,35126,4,,,0,70,,35125,4,,,0,30,,35124,4,,,0,70,,35123,4,,,0,30,,35122,4,,,0,70,,35121,4,,,0,30,,35120,4,,,0,70,,35119,4,,,0,30,,35118,4,,,0,70,,35117,4,,,0,30,,35116,4,,,0,70,,35115,4,,,0,30,,35114,4,,,0,70,,35113,4,,,0,30,,35112,4,,,0,70,,35111,4,,,0,29,,35110,4,,,0,70,,35133,4,,,0,30,,35109,4,,,0,70,,35134,4,,,0,30,,35108,4,,,0,70,,35135,4,,,0,30,,35107,4,,,0,70,,35136,4,,,0,30,,35137,4,,,0,70,,35138,4,,,0,30,,35139,4,,,0,70,,35140,4,,,0,30,,35141,4,,,0,60,,35142,4,,,0
579700,'1601',1602,,35351,4,,,0
579700,'1',524,,35352,4,,,0,20,,35353,4,,,0,60,,35354,4,,,0,20,,35355,4,,,0,20,,35356,4,,,0,60,,35357,4,,,0,15,,35358,4,,,0,15,,35359,4,,,0,15,,35360,4,,,0,55,,35361,4,,,0,15,,35362,4,,,0,15,,35363,4,,,0,15,,35364,4,,,0,55,,35365,4,,,0,20,,35366,4,,,0,20,,35367,4,,,0,60,,35368,4,,,0,20,,35369,4,,,0,20,,35370,4,,,0,60,,35371,4,,,0,20,,35372,4,,,0,20,,35373,4,,,0,60,,35374,4,,,0,20,,35375,4,,,0,20,,35376,4,,,0,60,,35377,4,,,0,20,,35378,4,,,0,20,,35379,4,,,0,60,,35380,4,,,0,15,,35381,4,,,0,15,,35382,4,,,0,15,,35383,4,,,0,55,,35384,4,,,0,15,,35385,4,,,0,15,,35386,4,,,0,15,,35387,4,,,0,55,,35388,4,,,0,15,,35389,4,,,0,15,,35390,4,,,0,15,,35391,4,,,0,55,,35392,4,,,0,15,,35393,4,,,0,15,,35394,4,,,0,15,,35395,4,,,0,55,,35396,4,,,0,30,,35397,4,,,0,70,,35398,4,,,0,30,,35399,4,,,0,70,,35400,4,,,0,30,,35401,4,,,0,70,,35402,4,,,0,29,,35403,4,,,0,70,,35404,4,,,0,30,,35405,4,,,0,70,,35406,4,,,0,30,,35407,4,,,0,70,,35408,4,,,0,30,,35409,4,,,0,70,,35410,4,,,0
579700,'2',557,,35416,4,,,0,70,,35417,4,,,0,30,,35418,4,,,0,70,,35419,4,,,0,30,,35420,4,,,0,70,,35421,4,,,0,27,,35422,4,,,0,60,,35423,4,,,0,20,,35424,4,,,0,20,,35425,4,,,0,60,,35426,4,,,0,20,,35427,4,,,0,20,,35428,4,,,0,60,,35429,4,,,0,20,,35430,4,,,0,20,,35431,4,,,0,60,,35432,4,,,0,20,,35433,4,,,0,20,,35434,4,,,0,60,,35435,4,,,0,20,,35436,4,,,0,20,,35437,4,,,0,60,,35438,4,,,0,20,,35439,4,,,0,20,,35440,4,,,0,60,,35441,4,,,0,20,,35442,4,,,0,20,,35443,4,,,0,60,,35444,4,,,0,20,,35445,4,,,0,20,,35446,4,,,0,59,,35447,4,,,0,20,,35448,4,,,0,70,,35449,4,,,0,30,,35450,4,,,0,70,,35451,4,,,0,30,,35452,4,,,0,70,,35453,4,,,0,30,,35454,4,,,0,70,,35455,4,,,0,30,,35456,4,,,0,70,,35457,4,,,0,30,,35458,4,,,0,70,,35411,4,,,0,30,,35412,4,,,0,70,,35413,4,,,0,30,,35414,4,,,0,70,,35415,4,,,0
579700,'3',622,,35464,4,,,0,30,,35463,4,,,0,70,,35465,4,,,0,30,,35462,4,,,0,70,,35466,4,,,0,30,,35461,4,,,0,72,,35467,4,,,0,30,,35468,4,,,0,70,,35469,4,,,0,30,,35470,4,,,0,70,,35471,4,,,0,30,,35472,4,,,0,70,,35473,4,,,0,30,,35474,4,,,0,70,,35475,4,,,0,30,,35476,4,,,0,70,,35477,4,,,0,30,,35478,4,,,0,70,,35479,4,,,0,30,,35480,4,,,0,70,,35481,4,,,0,30,,35482,4,,,0,70,,35483,4,,,0,29,,35484,4,,,0,70,,35485,4,,,0,30,,35460,4,,,0,70,,35486,4,,,0,30,,35459,4,,,0,70,,35487,4,,,0,30,,35488,4,,,0,70,,35489,4,,,0,30,,35490,4,,,0,70,,35491,4,,,0,30,,35492,4,,,0,80,,35493,4,,,0
579700,'4',632,,35494,4,,,0,85,,35495,4,,,0,30,,35496,4,,,0,70,,35497,4,,,0,30,,35498,4,,,0,71,,35499,4,,,0,30,,35500,4,,,0,70,,35501,4,,,0,30,,35502,4,,,0,70,,35503,4,,,0,30,,35504,4,,,0,70,,35505,4,,,0,30,,35506,4,,,0,70,,35507,4,,,0,30,,35508,4,,,0,70,,35509,4,,,0,30,,35510,4,,,0,85,,35511,4,,,0,100,,35512,4,,,0,99,,35513,4,,,0,100,,35514,4,,,0,100,,35515,4,,,0,100,,35516,4,,,0
579700,'6',622,,35522,4,,,0,30,,35521,4,,,0,70,,35523,4,,,0,30,,35520,4,,,0,70,,35524,4,,,0,30,,35519,4,,,0,72,,35525,4,,,0,30,,35526,4,,,0,70,,35527,4,,,0,30,,35528,4,,,0,70,,35529,4,,,0,30,,35530,4,,,0,70,,35531,4,,,0,30,,35532,4,,,0,70,,35533,4,,,0,30,,35534,4,,,0,70,,35535,4,,,0,30,,35536,4,,,0,70,,35537,4,,,0,30,,35538,4,,,0,70,,35539,4,,,0,30,,35540,4,,,0,70,,35541,4,,,0,29,,35542,4,,,0,70,,35543,4,,,0,30,,35518,4,,,0,70,,35544,4,,,0,30,,35517,4,,,0,70,,35545,4,,,0,30,,35546,4,,,0,70,,35547,4,,,0,30,,35548,4,,,0,70,,35549,4,,,0,30,,35550,4,,,0,80,,35551,4,,,0
579800,'1',522,,35757,4,,,0,20,,35758,4,,,0,60,,35759,4,,,0,21,,35760,4,,,0,12,,35761,4,,,0,14,,35762,4,,,0,52,,35763,4,,,0,12,,35764,4,,,0,12,,35765,4,,,0,12,,35766,4,,,0,12,,35767,4,,,0,52,,35768,4,,,0,12,,35769,4,,,0,12,,35770,4,,,0,12,,35771,4,,,0,12,,35772,4,,,0,55,,35773,4,,,0,15,,35774,4,,,0,15,,35775,4,,,0,15,,35776,4,,,0,55,,35777,4,,,0,15,,35778,4,,,0,15,,35779,4,,,0,15,,35780,4,,,0,55,,35781,4,,,0,15,,35782,4,,,0,15,,35783,4,,,0,15,,35784,4,,,0,55,,35785,4,,,0,15,,35786,4,,,0,15,,35787,4,,,0,15,,35788,4,,,0,55,,35789,4,,,0,15,,35790,4,,,0,15,,35791,4,,,0,15,,35792,4,,,0,55,,35793,4,,,0,15,,35794,4,,,0,12,,35795,4,,,0,12,,35796,4,,,0,12,,35797,4,,,0,52,,35798,4,,,0,12,,35799,4,,,0,12,,35800,4,,,0,12,,35801,4,,,0,12,,35802,4,,,0,52,,35803,4,,,0,12,,35804,4,,,0,12,,35805,4,,,0,12,,35806,4,,,0,12,,35807,4,,,0,52,,35808,4,,,0,12,,35809,4,,,0,12,,35810,4,,,0,12,,35811,4,,,0,12,,35812,4,,,0,52,,35813,4,,,0,12,,35814,4,,,0,15,,35815,4,,,0,15,,35816,4,,,0,55,,35817,4,,,0,15,,35818,4,,,0,15,,35819,4,,,0,15,,35820,4,,,0,55,,35821,4,,,0,20,,35822,4,,,0,20,,35823,4,,,0,60,,35824,4,,,0,30,,35825,4,,,0,69,,35826,4,,,0,30,,35827,4,,,0,70,,35828,4,,,0,30,,35829,4,,,0,70,,35830,4,,,0,30,,35831,4,,,0,90,,35832,4,,,0
579800,'2',537,,35842,4,,,0,71,,35843,4,,,0,30,,35844,4,,,0,70,,35845,4,,,0,30,,35846,4,,,0,70,,35847,4,,,0,25,,35848,4,,,0,20,,35849,4,,,0,60,,35850,4,,,0,20,,35851,4,,,0,20,,35852,4,,,0,60,,35853,4,,,0,20,,35854,4,,,0,20,,35855,4,,,0,60,,35856,4,,,0,20,,35857,4,,,0,20,,35858,4,,,0,61,,35859,4,,,0,20,,35860,4,,,0,20,,35861,4,,,0,60,,35862,4,,,0,20,,35863,4,,,0,20,,35864,4,,,0,60,,35865,4,,,0,20,,35866,4,,,0,20,,35867,4,,,0,60,,35868,4,,,0,20,,35869,4,,,0,20,,35870,4,,,0,60,,35871,4,,,0,20,,35872,4,,,0,20,,35873,4,,,0,60,,35874,4,,,0,20,,35875,4,,,0,70,,35876,4,,,0,30,,35877,4,,,0,70,,35878,4,,,0,30,,35879,4,,,0,70,,35833,4,,,0,30,,35834,4,,,0,69,,35835,4,,,0,30,,35836,4,,,0,70,,35837,4,,,0,30,,35838,4,,,0,70,,35839,4,,,0,30,,35840,4,,,0,70,,35880,4,,,0,30,,35841,4,,,0
579800,'3',602,,35914,4,,,0,30,,35881,4,,,0,70,,35882,4,,,0,30,,35883,4,,,0,70,,35884,4,,,0,30,,35885,4,,,0,72,,35886,4,,,0,30,,35887,4,,,0,70,,35888,4,,,0,30,,35889,4,,,0,70,,35890,4,,,0,30,,35891,4,,,0,70,,35892,4,,,0,30,,35893,4,,,0,70,,35894,4,,,0,30,,35895,4,,,0,70,,35896,4,,,0,30,,35897,4,,,0,70,,35898,4,,,0,30,,35899,4,,,0,70,,35900,4,,,0,30,,35901,4,,,0,70,,35902,4,,,0,30,,35903,4,,,0,70,,35904,4,,,0,30,,35911,4,,,0,70,,35905,4,,,0,30,,35912,4,,,0,70,,35906,4,,,0,30,,35913,4,,,0,69,,35907,4,,,0,30,,35915,4,,,0,70,,35908,4,,,0,30,,35916,4,,,0,70,,35909,4,,,0,30,,35917,4,,,0,70,,35910,4,,,0
579800,'4',532,,35918,4,,,0,70,,35919,4,,,0,30,,35920,4,,,0,70,,35921,4,,,0,30,,35922,4,,,0,70,,35923,4,,,0,30,,35924,4,,,0,71,,35925,4,,,0,30,,35926,4,,,0,70,,35927,4,,,0,30,,35928,4,,,0,70,,35929,4,,,0,30,,35930,4,,,0,70,,35931,4,,,0,30,,35932,4,,,0,70,,35933,4,,,0,30,,35934,4,,,0,70,,35935,4,,,0,100,,35936,4,,,0,100,,35937,4,,,0,100,,35938,4,,,0,100,,35939,4,,,0,100,,35940,4,,,0,100,,35941,4,,,0,100,,35942,4,,,0
579800,'6',537,,35952,4,,,0,71,,35953,4,,,0,30,,35954,4,,,0,70,,35955,4,,,0,30,,35956,4,,,0,70,,35957,4,,,0,25,,35958,4,,,0,20,,35959,4,,,0,60,,35960,4,,,0,20,,35961,4,,,0,20,,35962,4,,,0,60,,35963,4,,,0,20,,35964,4,,,0,20,,35965,4,,,0,60,,35966,4,,,0,20,,35967,4,,,0,20,,35968,4,,,0,61,,35969,4,,,0,20,,35970,4,,,0,20,,35971,4,,,0,60,,35972,4,,,0,20,,35973,4,,,0,20,,35974,4,,,0,60,,35975,4,,,0,20,,35976,4,,,0,20,,35977,4,,,0,60,,35978,4,,,0,20,,35979,4,,,0,20,,35980,4,,,0,60,,35981,4,,,0,20,,35982,4,,,0,20,,35983,4,,,0,60,,35984,4,,,0,20,,35985,4,,,0,70,,35986,4,,,0,30,,35987,4,,,0,70,,35988,4,,,0,30,,35989,4,,,0,70,,35943,4,,,0,30,,35944,4,,,0,69,,35945,4,,,0,30,,35946,4,,,0,70,,35947,4,,,0,30,,35948,4,,,0,70,,35949,4,,,0,30,,35950,4,,,0,70,,35990,4,,,0,30,,35951,4,,,0
579900,'1',532,,36223,4,,,0,25,,36224,4,,,0,60,,36225,4,,,0,12,,36226,4,,,0,12,,36227,4,,,0,14,,36228,4,,,0,52,,36229,4,,,0,12,,36230,4,,,0,12,,36231,4,,,0,12,,36232,4,,,0,12,,36233,4,,,0,52,,36234,4,,,0,12,,36235,4,,,0,12,,36236,4,,,0,12,,36237,4,,,0,12,,36238,4,,,0,54,,36239,4,,,0,15,,36240,4,,,0,15,,36241,4,,,0,15,,36242,4,,,0,55,,36243,4,,,0,15,,36244,4,,,0,15,,36245,4,,,0,15,,36246,4,,,0,55,,36247,4,,,0,15,,36248,4,,,0,15,,36249,4,,,0,15,,36250,4,,,0,55,,36251,4,,,0,15,,36252,4,,,0,15,,36253,4,,,0,15,,36254,4,,,0,55,,36255,4,,,0,15,,36256,4,,,0,15,,36257,4,,,0,15,,36258,4,,,0,55,,36259,4,,,0,15,,36260,4,,,0,13,,36261,4,,,0,12,,36262,4,,,0,52,,36263,4,,,0,12,,36264,4,,,0,12,,36265,4,,,0,12,,36266,4,,,0,12,,36267,4,,,0,52,,36268,4,,,0,12,,36269,4,,,0,12,,36270,4,,,0,12,,36271,4,,,0,12,,36272,4,,,0,52,,36273,4,,,0,12,,36274,4,,,0,12,,36275,4,,,0,12,,36276,4,,,0,12,,36277,4,,,0,52,,36278,4,,,0,12,,36279,4,,,0,14,,36280,4,,,0,14,,36281,4,,,0,15,,36282,4,,,0,55,,36283,4,,,0,15,,36284,4,,,0,15,,36285,4,,,0,15,,36286,4,,,0,58,,36287,4,,,0,20,,36288,4,,,0,20,,36289,4,,,0,60,,36290,4,,,0,20,,36291,4,,,0,20,,36292,4,,,0,59,,36293,4,,,0,30,,36294,4,,,0,70,,36295,4,,,0,30,,36298,4,,,0,70,,36296,4,,,0,90,,36297,4,,,0
579900,'2',552,,36313,4,,,0,71,,36314,4,,,0,30,,36315,4,,,0,70,,36316,4,,,0,30,,36317,4,,,0,65,,36318,4,,,0,30,,36319,4,,,0,65,,36320,4,,,0,25,,36321,4,,,0,20,,36322,4,,,0,60,,36323,4,,,0,20,,36324,4,,,0,20,,36325,4,,,0,60,,36326,4,,,0,20,,36327,4,,,0,20,,36328,4,,,0,61,,36329,4,,,0,20,,36330,4,,,0,20,,36331,4,,,0,60,,36332,4,,,0,20,,36333,4,,,0,20,,36334,4,,,0,60,,36335,4,,,0,20,,36336,4,,,0,20,,36337,4,,,0,60,,36338,4,,,0,20,,36339,4,,,0,20,,36340,4,,,0,60,,36341,4,,,0,20,,36342,4,,,0,20,,36343,4,,,0,60,,36344,4,,,0,20,,36345,4,,,0,20,,36299,4,,,0,60,,36300,4,,,0,30,,36301,4,,,0,70,,36302,4,,,0,30,,36303,4,,,0,70,,36304,4,,,0,30,,36305,4,,,0,69,,36306,4,,,0,30,,36307,4,,,0,70,,36308,4,,,0,30,,36309,4,,,0,65,,36310,4,,,0,90,,36311,4,,,0,100,,36312,4,,,0
579900,'3',617,,36378,4,,,0,30,,36346,4,,,0,70,,36347,4,,,0,30,,36348,4,,,0,70,,36349,4,,,0,30,,36350,4,,,0,72,,36351,4,,,0,30,,36352,4,,,0,70,,36353,4,,,0,30,,36354,4,,,0,70,,36355,4,,,0,30,,36356,4,,,0,70,,36357,4,,,0,30,,36358,4,,,0,70,,36359,4,,,0,30,,36360,4,,,0,70,,36361,4,,,0,30,,36362,4,,,0,70,,36363,4,,,0,30,,36364,4,,,0,70,,36365,4,,,0,30,,36366,4,,,0,70,,36367,4,,,0,30,,36368,4,,,0,70,,36372,4,,,0,30,,36373,4,,,0,70,,36374,4,,,0,30,,36375,4,,,0,70,,36376,4,,,0,30,,36377,4,,,0,68,,36369,4,,,0,30,,36379,4,,,0,70,,36370,4,,,0,30,,36380,4,,,0,70,,36371,4,,,0,30,,36381,4,,,0
579900,'4',617,,36382,4,,,0,30,,36383,4,,,0,70,,36384,4,,,0,30,,36385,4,,,0,70,,36386,4,,,0,30,,36387,4,,,0,72,,36388,4,,,0,30,,36389,4,,,0,70,,36390,4,,,0,30,,36391,4,,,0,70,,36392,4,,,0,30,,36393,4,,,0,70,,36394,4,,,0,30,,36395,4,,,0,70,,36396,4,,,0,30,,36397,4,,,0,85,,36398,4,,,0,100,,36399,4,,,0,100,,36400,4,,,0,100,,36401,4,,,0,98,,36402,4,,,0,100,,36403,4,,,0,100,,36404,4,,,0
579900,'6',552,,36419,4,,,0,71,,36420,4,,,0,30,,36421,4,,,0,70,,36422,4,,,0,30,,36423,4,,,0,65,,36424,4,,,0,30,,36425,4,,,0,65,,36426,4,,,0,25,,36427,4,,,0,20,,36428,4,,,0,60,,36429,4,,,0,20,,36430,4,,,0,20,,36431,4,,,0,60,,36432,4,,,0,20,,36433,4,,,0,20,,36434,4,,,0,61,,36435,4,,,0,20,,36436,4,,,0,20,,36437,4,,,0,60,,36438,4,,,0,20,,36439,4,,,0,20,,36440,4,,,0,60,,36441,4,,,0,20,,36442,4,,,0,20,,36443,4,,,0,60,,36444,4,,,0,20,,36445,4,,,0,20,,36446,4,,,0,60,,36447,4,,,0,20,,36448,4,,,0,20,,36449,4,,,0,60,,36450,4,,,0,20,,36451,4,,,0,20,,36405,4,,,0,60,,36406,4,,,0,30,,36407,4,,,0,70,,36408,4,,,0,30,,36409,4,,,0,70,,36410,4,,,0,30,,36411,4,,,0,69,,36412,4,,,0,30,,36413,4,,,0,70,,36414,4,,,0,30,,36415,4,,,0,65,,36416,4,,,0,90,,36417,4,,,0,100,,36418,4,,,0
580000,'1',459,,36693,4,,,0,75,,36695,4,,,0,20,,36696,4,,,0,60,,36697,4,,,0,20,,36698,4,,,0,16,,36699,4,,,0,55,,36700,4,,,0,15,,36701,4,,,0,15,,36702,4,,,0,15,,36703,4,,,0,55,,36704,4,,,0,15,,36705,4,,,0,15,,36706,4,,,0,70,,36707,4,,,0,30,,36708,4,,,0,70,,36709,4,,,0,30,,36710,4,,,0,70,,36711,4,,,0,30,,36712,4,,,0,70,,36713,4,,,0,30,,36714,4,,,0,70,,36715,4,,,0,30,,36716,4,,,0,70,,36717,4,,,0,31,,36718,4,,,0,15,,36719,4,,,0,55,,36720,4,,,0,15,,36721,4,,,0,15,,36722,4,,,0,15,,36723,4,,,0,55,,36724,4,,,0,15,,36725,4,,,0,15,,36726,4,,,0,15,,36727,4,,,0,55,,36728,4,,,0,15,,36729,4,,,0,15,,36730,4,,,0,15,,36731,4,,,0,55,,36732,4,,,0,15,,36733,4,,,0,30,,36734,4,,,0,69,,36735,4,,,0,30,,36736,4,,,0,70,,36737,4,,,0,30,,36738,4,,,0,70,,36739,4,,,0,30,,36740,4,,,0,70,,36741,4,,,0,30,,36742,4,,,0,69,,36743,4,,,0,30,,36744,4,,,0,70,,36745,4,,,0,30,,36746,4,,,0,75,,36747,4,,,0
580000,'2',532,,36750,4,,,0,70,,36796,4,,,0,15,,36748,4,,,0,15,,36795,4,,,0,70,,36794,4,,,0,30,,36793,4,,,0,70,,36792,4,,,0,30,,36791,4,,,0,72,,36779,4,,,0,20,,36782,4,,,0,20,,36780,4,,,0,60,,36781,4,,,0,20,,36785,4,,,0,20,,36789,4,,,0,60,,36790,4,,,0,20,,36778,4,,,0,20,,36775,4,,,0,60,,36776,4,,,0,20,,36777,4,,,0,20,,36767,4,,,0,60,,36765,4,,,0,20,,36770,4,,,0,20,,36768,4,,,0,60,,36769,4,,,0,20,,36774,4,,,0,20,,36761,4,,,0,60,,36763,4,,,0,20,,36766,4,,,0,20,,36764,4,,,0,60,,36798,4,,,0,20,,36797,4,,,0,20,,36760,4,,,0,60,,36762,4,,,0,20,,36773,4,,,0,20,,36759,4,,,0,60,,36758,4,,,0,20,,36757,4,,,0,20,,36749,4,,,0,60,,36772,4,,,0,30,,36771,4,,,0,70,,36756,4,,,0,30,,36755,4,,,0,70,,36788,4,,,0,30,,36787,4,,,0,70,,36786,4,,,0,30,,36784,4,,,0,69,,36783,4,,,0,30,,36754,4,,,0,70,,36753,4,,,0,30,,36752,4,,,0,70,,36751,4,,,0
580000,'3',532,,36808,4,,,0,70,,36825,4,,,0,30,,36807,4,,,0,70,,36826,4,,,0,30,,36806,4,,,0,70,,36827,4,,,0,30,,36805,4,,,0,72,,36828,4,,,0,30,,36804,4,,,0,70,,36830,4,,,0,30,,36813,4,,,0,70,,36820,4,,,0,30,,36824,4,,,0,70,,36821,4,,,0,30,,36810,4,,,0,70,,36809,4,,,0,30,,36831,4,,,0,70,,36822,4,,,0,30,,36814,4,,,0,70,,36823,4,,,0,30,,36816,4,,,0,70,,36815,4,,,0,30,,36829,4,,,0,70,,36817,4,,,0,30,,36818,4,,,0,70,,36819,4,,,0,30,,36832,4,,,0,69,,36811,4,,,0,30,,36833,4,,,0,70,,36812,4,,,0,30,,36838,4,,,0,70,,36839,4,,,0,30,,36840,4,,,0,69,,36841,4,,,0,30,,36842,4,,,0,70,,36843,4,,,0,30,,36844,4,,,0,70,,36845,4,,,0
580000,'4',602,,36846,4,,,0,45,,36847,4,,,0,85,,36848,4,,,0,85,,36849,4,,,0,85,,36850,4,,,0,45,,36851,4,,,0,86,,36852,4,,,0,85,,36853,4,,,0,85,,36854,4,,,0,45,,36855,4,,,0,85,,36856,4,,,0,85,,36857,4,,,0,85,,36858,4,,,0,45,,36859,4,,,0,85,,36860,4,,,0,85,,36861,4,,,0,84,,36862,4,,,0,45,,36863,4,,,0,85,,36864,4,,,0,85,,36865,4,,,0,85,,36866,4,,,0
580000,'6',532,,36872,4,,,0,70,,36889,4,,,0,30,,36871,4,,,0,70,,36890,4,,,0,30,,36870,4,,,0,70,,36891,4,,,0,30,,36869,4,,,0,72,,36892,4,,,0,30,,36868,4,,,0,70,,36894,4,,,0,30,,36877,4,,,0,70,,36884,4,,,0,30,,36888,4,,,0,70,,36885,4,,,0,30,,36874,4,,,0,70,,36873,4,,,0,30,,36895,4,,,0,70,,36886,4,,,0,30,,36878,4,,,0,70,,36887,4,,,0,30,,36880,4,,,0,70,,36879,4,,,0,30,,36893,4,,,0,70,,36881,4,,,0,30,,36882,4,,,0,70,,36883,4,,,0,30,,36896,4,,,0,69,,36875,4,,,0,30,,36897,4,,,0,70,,36876,4,,,0,30,,36902,4,,,0,70,,36903,4,,,0,30,,36904,4,,,0,69,,36905,4,,,0,30,,36906,4,,,0,70,,36907,4,,,0,30,,36908,4,,,0,70,,36909,4,,,0
580100,'1',504,,37181,4,,,0,20,,37180,4,,,0,20,,37124,4,,,0,60,,37125,4,,,0,20,,37126,4,,,0,20,,37127,4,,,0,15,,37128,4,,,0,58,,37129,4,,,0,15,,37130,4,,,0,15,,37131,4,,,0,55,,37132,4,,,0,15,,37133,4,,,0,15,,37134,4,,,0,15,,37135,4,,,0,60,,37136,4,,,0,20,,37137,4,,,0,20,,37138,4,,,0,60,,37139,4,,,0,20,,37140,4,,,0,20,,37141,4,,,0,60,,37142,4,,,0,20,,37143,4,,,0,20,,37144,4,,,0,60,,37145,4,,,0,20,,37146,4,,,0,20,,37147,4,,,0,60,,37148,4,,,0,20,,37149,4,,,0,20,,37150,4,,,0,60,,37151,4,,,0,25,,37152,4,,,0,15,,37153,4,,,0,55,,37154,4,,,0,15,,37155,4,,,0,15,,37156,4,,,0,15,,37157,4,,,0,55,,37158,4,,,0,15,,37159,4,,,0,15,,37160,4,,,0,15,,37161,4,,,0,55,,37162,4,,,0,15,,37163,4,,,0,15,,37164,4,,,0,15,,37165,4,,,0,57,,37166,4,,,0,20,,37167,4,,,0,30,,37168,4,,,0,70,,37169,4,,,0,30,,37170,4,,,0,70,,37171,4,,,0,30,,37172,4,,,0,70,,37173,4,,,0,80,,37174,4,,,0,40,,37175,4,,,0,80,,37176,4,,,0,80,,37177,4,,,0,40,,37178,4,,,0,80,,37179,4,,,0
580100,'2',520,,37219,4,,,0,30,,37182,4,,,0,70,,37183,4,,,0,30,,37184,4,,,0,70,,37185,4,,,0,30,,37186,4,,,0,70,,37187,4,,,0,30,,37188,4,,,0,70,,37189,4,,,0,30,,37190,4,,,0,70,,37191,4,,,0,30,,37192,4,,,0,70,,37193,4,,,0,30,,37194,4,,,0,70,,37195,4,,,0,30,,37196,4,,,0,70,,37197,4,,,0,30,,37198,4,,,0,70,,37199,4,,,0,30,,37200,4,,,0,70,,37201,4,,,0,30,,37202,4,,,0,70,,37203,4,,,0,30,,37204,4,,,0,70,,37205,4,,,0,30,,37206,4,,,0,70,,37207,4,,,0,30,,37208,4,,,0,69,,37209,4,,,0,30,,37210,4,,,0,70,,37211,4,,,0,30,,37212,4,,,0,75,,37213,4,,,0,80,,37214,4,,,0,40,,37215,4,,,0,80,,37216,4,,,0,80,,37217,4,,,0,40,,37220,4,,,0,80,,37218,4,,,0
580100,'3',604,,37221,4,,,0,30,,37222,4,,,0,70,,37223,4,,,0,30,,37224,4,,,0,70,,37225,4,,,0,30,,37226,4,,,0,71,,37227,4,,,0,30,,37228,4,,,0,70,,37229,4,,,0,30,,37230,4,,,0,70,,37231,4,,,0,30,,37232,4,,,0,70,,37233,4,,,0,30,,37234,4,,,0,70,,37235,4,,,0,30,,37236,4,,,0,70,,37237,4,,,0,30,,37238,4,,,0,70,,37239,4,,,0,30,,37240,4,,,0,70,,37241,4,,,0,30,,37242,4,,,0,70,,37243,4,,,0,30,,37244,4,,,0,70,,37245,4,,,0,30,,37246,4,,,0,70,,37247,4,,,0,30,,37248,4,,,0,69,,37249,4,,,0,30,,37250,4,,,0,70,,37251,4,,,0,30,,37255,4,,,0,70,,37252,4,,,0,40,,37253,4,,,0,80,,37254,4,,,0,80,,37256,4,,,0
580100,'4',703,,37257,4,,,0,40,,37258,4,,,0,80,,37259,4,,,0,80,,37260,4,,,0,40,,37261,4,,,0,80,,37262,4,,,0,80,,37263,4,,,0,40,,37264,4,,,0,80,,37265,4,,,0,80,,37266,4,,,0,40,,37267,4,,,0,80,,37268,4,,,0,80,,37269,4,,,0,40,,37270,4,,,0,80,,37271,4,,,0,80,,37272,4,,,0,40,,37273,4,,,0,80,,37274,4,,,0,80,,37275,4,,,0,40,,37276,4,,,0,80,,37277,4,,,0,80,,37278,4,,,0
580100,'6',604,,37279,4,,,0,30,,37280,4,,,0,70,,37281,4,,,0,30,,37282,4,,,0,70,,37283,4,,,0,30,,37284,4,,,0,71,,37285,4,,,0,30,,37286,4,,,0,70,,37287,4,,,0,30,,37288,4,,,0,70,,37289,4,,,0,30,,37290,4,,,0,70,,37291,4,,,0,30,,37292,4,,,0,70,,37293,4,,,0,30,,37294,4,,,0,70,,37295,4,,,0,30,,37296,4,,,0,70,,37297,4,,,0,30,,37298,4,,,0,70,,37299,4,,,0,30,,37300,4,,,0,70,,37301,4,,,0,30,,37302,4,,,0,70,,37303,4,,,0,30,,37304,4,,,0,70,,37305,4,,,0,30,,37306,4,,,0,69,,37307,4,,,0,30,,37308,4,,,0,70,,37309,4,,,0,30,,37313,4,,,0,70,,37310,4,,,0,40,,37311,4,,,0,80,,37312,4,,,0,80,,37314,4,,,0
580300,'1',536,,37842,4,,,0,15,,37843,4,,,0,60,,37844,4,,,0,15,,37845,4,,,0,16,,37846,4,,,0,15,,37847,4,,,0,55,,37848,4,,,0,15,,37849,4,,,0,15,,37850,4,,,0,15,,37851,4,,,0,55,,37852,4,,,0,15,,37853,4,,,0,15,,37854,4,,,0,15,,37855,4,,,0,55,,37856,4,,,0,15,,37857,4,,,0,20,,37858,4,,,0,60,,37859,4,,,0,20,,37860,4,,,0,20,,37861,4,,,0,60,,37862,4,,,0,20,,37863,4,,,0,20,,37864,4,,,0,60,,37865,4,,,0,20,,37866,4,,,0,20,,37867,4,,,0,60,,37868,4,,,0,20,,37869,4,,,0,20,,37870,4,,,0,60,,37871,4,,,0,18,,37872,4,,,0,23,,37873,4,,,0,60,,37874,4,,,0,15,,37875,4,,,0,15,,37876,4,,,0,15,,37877,4,,,0,55,,37878,4,,,0,15,,37879,4,,,0,15,,37880,4,,,0,15,,37881,4,,,0,55,,37882,4,,,0,15,,37883,4,,,0,15,,37884,4,,,0,15,,37885,4,,,0,55,,37886,4,,,0,20,,37887,4,,,0,20,,37888,4,,,0,59,,37889,4,,,0,20,,37890,4,,,0,20,,37891,4,,,0,60,,37892,4,,,0,20,,37893,4,,,0,20,,37894,4,,,0,60,,37895,4,,,0,30,,37896,4,,,0,69,,37897,4,,,0,30,,37898,4,,,0,70,,37899,4,,,0,30,,37900,4,,,0,70,,37901,4,,,0,30,,37902,4,,,0,90,,37903,4,,,0
580300,'2',550,,37926,4,,,0,71,,37906,4,,,0,30,,37951,4,,,0,70,,37952,4,,,0,30,,37904,4,,,0,70,,37946,4,,,0,30,,37947,4,,,0,61,,37927,4,,,0,20,,37907,4,,,0,20,,37908,4,,,0,60,,37905,4,,,0,20,,37915,4,,,0,20,,37916,4,,,0,60,,37917,4,,,0,20,,37912,4,,,0,20,,37913,4,,,0,60,,37914,4,,,0,20,,37929,4,,,0,20,,37919,4,,,0,60,,37920,4,,,0,20,,37918,4,,,0,20,,37939,4,,,0,60,,37940,4,,,0,20,,37928,4,,,0,20,,37930,4,,,0,60,,37909,4,,,0,20,,37922,4,,,0,20,,37923,4,,,0,60,,37924,4,,,0,20,,37911,4,,,0,20,,37910,4,,,0,60,,37921,4,,,0,20,,37925,4,,,0,26,,37950,4,,,0,68,,37948,4,,,0,30,,37949,4,,,0,70,,37935,4,,,0,30,,37931,4,,,0,70,,37932,4,,,0,30,,37933,4,,,0,70,,37934,4,,,0,30,,37943,4,,,0,70,,37936,4,,,0,30,,37937,4,,,0,70,,37938,4,,,0,30,,37941,4,,,0,70,,37942,4,,,0,30,,37944,4,,,0,70,,37945,4,,,0
580300,'3',606,,37956,4,,,0,30,,37959,4,,,0,70,,37958,4,,,0,30,,37957,4,,,0,70,,37955,4,,,0,30,,37954,4,,,0,70,,37953,4,,,0,30,,37972,4,,,0,70,,37971,4,,,0,20,,37973,4,,,0,20,,37986,4,,,0,60,,37974,4,,,0,20,,37987,4,,,0,20,,37975,4,,,0,60,,37988,4,,,0,20,,37976,4,,,0,20,,37989,4,,,0,60,,37977,4,,,0,20,,37990,4,,,0,20,,37978,4,,,0,60,,37991,4,,,0,20,,37979,4,,,0,20,,37992,4,,,0,60,,37980,4,,,0,20,,37993,4,,,0,20,,37981,4,,,0,60,,37994,4,,,0,20,,37982,4,,,0,20,,37995,4,,,0,60,,37983,4,,,0,20,,37996,4,,,0,20,,37984,4,,,0,60,,37997,4,,,0,20,,37985,4,,,0,20,,37998,4,,,0,59,,37964,4,,,0,30,,37967,4,,,0,70,,37966,4,,,0,30,,37965,4,,,0,70,,37962,4,,,0,30,,37961,4,,,0,69,,37960,4,,,0,30,,37963,4,,,0,70,,37970,4,,,0,30,,37969,4,,,0,70,,37968,4,,,0
580300,'4',605,,37999,4,,,0,30,,38015,4,,,0,70,,38000,4,,,0,30,,38016,4,,,0,70,,38001,4,,,0,30,,38017,4,,,0,70,,38002,4,,,0,30,,38018,4,,,0,70,,38003,4,,,0,30,,38019,4,,,0,70,,38004,4,,,0,30,,38020,4,,,0,70,,38005,4,,,0,30,,38021,4,,,0,70,,38006,4,,,0,30,,38022,4,,,0,70,,38007,4,,,0,30,,38023,4,,,0,70,,38008,4,,,0,30,,38024,4,,,0,70,,38009,4,,,0,30,,38025,4,,,0,70,,38010,4,,,0,30,,38026,4,,,0,70,,38011,4,,,0,30,,38027,4,,,0,70,,38012,4,,,0,30,,38028,4,,,0,70,,38013,4,,,0,30,,38029,4,,,0,70,,38014,4,,,0
580300,'6',606,,38033,4,,,0,30,,38036,4,,,0,70,,38035,4,,,0,30,,38034,4,,,0,70,,38032,4,,,0,30,,38031,4,,,0,70,,38030,4,,,0,30,,38049,4,,,0,70,,38048,4,,,0,20,,38050,4,,,0,20,,38063,4,,,0,60,,38051,4,,,0,20,,38064,4,,,0,20,,38052,4,,,0,60,,38065,4,,,0,20,,38053,4,,,0,20,,38066,4,,,0,60,,38054,4,,,0,20,,38067,4,,,0,20,,38055,4,,,0,60,,38068,4,,,0,20,,38056,4,,,0,20,,38069,4,,,0,60,,38057,4,,,0,20,,38070,4,,,0,20,,38058,4,,,0,60,,38071,4,,,0,20,,38059,4,,,0,20,,38072,4,,,0,60,,38060,4,,,0,20,,38073,4,,,0,20,,38061,4,,,0,60,,38074,4,,,0,20,,38062,4,,,0,20,,38075,4,,,0,59,,38041,4,,,0,30,,38044,4,,,0,70,,38043,4,,,0,30,,38042,4,,,0,70,,38039,4,,,0,30,,38038,4,,,0,69,,38037,4,,,0,30,,38040,4,,,0,70,,38047,4,,,0,30,,38046,4,,,0,70,,38045,4,,,0
