578301,'1',523,,31014,39,0,33 4 34,0,35,,31017,39,0,33 4 34,0,63,,31020,39,0,33 4 34,0,15,,31022,39,0,33 4 34,0,15,,31024,39,0,33 4 34,0,55,,31026,39,0,33 4 34,0,15,,31028,39,0,33 4 34,0,15,,31030,39,0,33 4 34,0,15,,31032,39,0,33 4 34,0,55,,31034,39,0,33 4 34,0,15,,31036,39,0,33 4 34,0,15,,31038,39,0,33 4 34,0,15,,31040,39,0,33 4 34,0,55,,31042,39,0,33 4 34,0,15,,31044,39,0,33 4 34,0,15,,31046,39,0,33 4 34,0,15,,31048,39,0,17 18 4 19,0,56,,31050,39,0,33 4 34,0,30,,31053,39,0,33 4 34,0,70,,31056,39,0,33 4 34,0,30,,31059,39,0,33 4 34,0,70,,31062,39,0,33 4 34,0,30,,31065,39,0,33 4 34,0,70,,31068,39,0,33 4 34,0,30,,31071,39,0,33 4 34,0,68,,31074,39,0,33 4 34,0,18,,31076,39,0,33 4 34,0,15,,31078,39,0,33 4 34,0,15,,31080,39,0,33 4 34,0,55,,31082,39,0,33 4 34,0,15,,31084,39,0,33 4 34,0,15,,31086,39,0,33 4 34,0,15,,31088,39,0,33 4 34,0,55,,31090,39,0,33 4 34,0,15,,31092,39,0,33 4 34,0,15,,31094,39,0,33 4 34,0,15,,31096,39,0,33 4 34,0,55,,31098,39,0,33 4 34,0,15,,31100,39,0,33 4 34,0,14,,31102,39,0,33 4 34,0,16,,31104,39,0,33 4 34,0,55,,31106,39,0,33 4 34,0,12,,31108,39,0,17 18 4 19,0,19,,31110,39,0,33 4 34,0,14,,31112,39,0,17 18 4 19,0,60,,31114,39,0,33 4 34,0,24,,31117,39,0,33 4 34,0,76,,31121,39,0,33 4 34,0,30,,31124,39,0,33 4 34,0,70,,31127,39,0,33 4 34,0,30,,31130,39,0,33 4 34,0,59,,31132,39,0,33 4 34,0,45,,31135,39,0,33 4 34,0,85,,31139,39,0,33 4 34,0,80,,31142,39,0,33 4 34,0,45,,31144,39,0,33 4 34,0
578301,'2',456,,31151,39,0,33 4 34,0,76,,31154,39,0,33 4 34,0,76,,31157,39,0,33 4 34,0,36,,31160,39,0,33 4 34,0,76,,31163,39,0,33 4 34,0,33,,31166,39,0,33 4 34,0,76,,31169,39,0,33 4 34,0,76,,31172,39,0,33 4 34,0,36,,31175,39,0,33 4 34,0,76,,31178,39,0,33 4 34,0,36,,31181,39,0,33 4 34,0,76,,31184,39,0,33 4 34,0,76,,31187,39,0,33 4 34,0,36,,31190,39,0,33 4 34,0,76,,31193,39,0,33 4 34,0,36,,31196,39,0,33 4 34,0,76,,31199,39,0,33 4 34,0,76,,31202,39,0,33 4 34,0,36,,31205,39,0,33 4 34,0,76,,31208,39,0,33 4 34,0,36,,31211,39,0,33 4 34,0,76,,31214,39,0,33 4 34,0,76,,31217,39,0,33 4 34,0,36,,31220,39,0,33 4 34,0,79,,31223,39,0,33 4 34,0,36,,31226,39,0,33 4 34,0,76,,31229,39,0,33 4 34,0,86,,31232,39,0,33 4 34,0,30,,31234,39,0,33 4 34,0,85,,31237,39,0,33 4 34,0,85,,31240,39,0,33 4 34,0,85,,31243,39,0,33 4 34,0,50,,31246,39,0,33 4 34,0
578301,'3',533,,31254,39,0,33 4 34,0,85,,31258,39,0,33 4 34,0,85,,31261,39,0,33 4 34,0,45,,31264,39,0,33 4 34,0,85,,31267,39,0,33 4 34,0,85,,31270,39,0,33 4 34,0,35,,31273,39,0,33 4 34,0,76,,31276,39,0,33 4 34,0,76,,31279,39,0,33 4 34,0,36,,31282,39,0,33 4 34,0,76,,31285,39,0,33 4 34,0,36,,31288,39,0,33 4 34,0,76,,31291,39,0,33 4 34,0,76,,31294,39,0,33 4 34,0,36,,31297,39,0,33 4 34,0,76,,31300,39,0,33 4 34,0,36,,31303,39,0,33 4 34,0,76,,31306,39,0,33 4 34,0,76,,31309,39,0,33 4 34,0,36,,31312,39,0,33 4 34,0,76,,31315,39,0,33 4 34,0,36,,31318,39,0,33 4 34,0,78,,31321,39,0,33 4 34,0,85,,31324,39,0,33 4 34,0,85,,31327,39,0,33 4 34,0,47,,31330,39,0,33 4 34,0,85,,31333,39,0,33 4 34,0,85,,31336,39,0,33 4 34,0,30,,31338,39,0,33 4 34,0
578301,'4',541,,31407,39,0,33 4 34,0,66,,31344,39,0,33 4 34,0,26,,31347,39,0,33 4 34,0,85,,31350,39,0,33 4 34,0,85,,31353,39,0,33 4 34,0,45,,31356,39,0,33 4 34,0,85,,31359,39,0,33 4 34,0,84,,31362,39,0,33 4 34,0,85,,31365,39,0,33 4 34,0,45,,31368,39,0,33 4 34,0,85,,31371,39,0,33 4 34,0,85,,31374,39,0,33 4 34,0,85,,31377,39,0,33 4 34,0,45,,31380,39,0,33 4 34,0,85,,31383,39,0,33 4 34,0,85,,31386,39,0,33 4 34,0,85,,31389,39,0,33 4 34,0,47,,31392,39,0,33 4 34,0,85,,31395,39,0,33 4 34,0,85,,31398,39,0,33 4 34,0,85,,31401,39,0,33 4 34,0,45,,31405,39,0,33 4 34,0
578301,'6',533,,31411,39,0,33 4 34,0,85,,31415,39,0,33 4 34,0,85,,31418,39,0,33 4 34,0,45,,31421,39,0,33 4 34,0,85,,31424,39,0,33 4 34,0,85,,31427,39,0,33 4 34,0,35,,31430,39,0,33 4 34,0,76,,31433,39,0,33 4 34,0,76,,31436,39,0,33 4 34,0,36,,31439,39,0,33 4 34,0,76,,31442,39,0,33 4 34,0,36,,31445,39,0,33 4 34,0,76,,31448,39,0,33 4 34,0,76,,31451,39,0,33 4 34,0,36,,31454,39,0,33 4 34,0,76,,31457,39,0,33 4 34,0,36,,31460,39,0,33 4 34,0,76,,31463,39,0,33 4 34,0,76,,31466,39,0,33 4 34,0,36,,31469,39,0,33 4 34,0,76,,31472,39,0,33 4 34,0,36,,31475,39,0,33 4 34,0,78,,31478,39,0,33 4 34,0,85,,31481,39,0,33 4 34,0,85,,31484,39,0,33 4 34,0,47,,31487,39,0,33 4 34,0,85,,31490,39,0,33 4 34,0,85,,31493,39,0,33 4 34,0,30,,31495,39,0,33 4 34,0
578401,'1',538,,31649,6,,,0,70,,31650,6,,,0,30,,31651,6,,,0,65,,31652,6,,,0,16,,31653,6,,,0,20,,31654,6,,,0,20,,31655,6,,,0,60,,31656,6,,,0,20,,31657,6,,,0,20,,31658,6,,,0,61,,31659,6,,,0,20,,31660,6,,,0,60,,31661,6,,,0,20,,31662,6,,,0,30,,31663,6,,,0,70,,31664,6,,,0,30,,31665,6,,,0,70,,31666,6,,,0,30,,31667,6,,,0,70,,31668,6,,,0,30,,31669,6,,,0,66,,31670,6,,,0,20,,31671,6,,,0,20,,31672,6,,,0,60,,31673,6,,,0,20,,31674,6,,,0,20,,31675,6,,,0,60,,31676,6,,,0,20,,31677,6,,,0,20,,31678,6,,,0,60,,31679,6,,,0,30,,31680,6,,,0,70,,31681,6,,,0,30,,31682,6,,,0,82,,31683,6,,,0,100,,31684,6,,,0,100,,31685,6,,,0,101,,31686,6,,,0,100,,31687,6,,,0,100,,31688,6,,,0,104,,31689,6,,,0
578401,'2',457,,31724,6,,,0,70,,31690,6,,,0,30,,31721,6,,,0,70,,31691,6,,,0,30,,31723,6,,,0,70,,31692,6,,,0,31,,31722,6,,,0,70,,31693,6,,,0,30,,31694,6,,,0,70,,31695,6,,,0,30,,31696,6,,,0,70,,31697,6,,,0,30,,31698,6,,,0,70,,31699,6,,,0,30,,31700,6,,,0,70,,31701,6,,,0,30,,31702,6,,,0,70,,31703,6,,,0,30,,31704,6,,,0,70,,31705,6,,,0,30,,31706,6,,,0,70,,31707,6,,,0,30,,31708,6,,,0,70,,31709,6,,,0,30,,31710,6,,,0,70,,31711,6,,,0,30,,31712,6,,,0,75,,31713,6,,,0,102,,31714,6,,,0,100,,31715,6,,,0,100,,31716,6,,,0,101,,31717,6,,,0,100,,31718,6,,,0,100,,31719,6,,,0,100,,31720,6,,,0
578401,'3',607,,31755,6,,,0,30,,31733,6,,,0,70,,31749,6,,,0,30,,31732,6,,,0,70,,31751,6,,,0,30,,31731,6,,,0,70,,31750,6,,,0,30,,31730,6,,,0,67,,31752,6,,,0,30,,31729,6,,,0,70,,31728,6,,,0,30,,31727,6,,,0,70,,31726,6,,,0,30,,31725,6,,,0,70,,31748,6,,,0,30,,31747,6,,,0,70,,31746,6,,,0,30,,31745,6,,,0,70,,31744,6,,,0,30,,31743,6,,,0,70,,31742,6,,,0,30,,31741,6,,,0,70,,31740,6,,,0,30,,31739,6,,,0,100,,31738,6,,,0,103,,31737,6,,,0,100,,31736,6,,,0,100,,31735,6,,,0,100,,31734,6,,,0,100,,31753,6,,,0,100,,31754,6,,,0
578401,'4',621,,31756,6,,,0,100,,31757,6,,,0,100,,31758,6,,,0,100,,31759,6,,,0,100,,31760,6,,,0,100,,31761,6,,,0,100,,31762,6,,,0,100,,31763,6,,,0,100,,31764,6,,,0,100,,31765,6,,,0,100,,31766,6,,,0,100,,31767,6,,,0,100,,31768,6,,,0,100,,31769,6,,,0,100,,31770,6,,,0
578401,'6',607,,31801,6,,,0,30,,31779,6,,,0,70,,31795,6,,,0,30,,31778,6,,,0,70,,31797,6,,,0,30,,31777,6,,,0,70,,31796,6,,,0,30,,31776,6,,,0,67,,31798,6,,,0,30,,31775,6,,,0,70,,31774,6,,,0,30,,31773,6,,,0,70,,31772,6,,,0,30,,31771,6,,,0,70,,31794,6,,,0,30,,31793,6,,,0,70,,31792,6,,,0,30,,31791,6,,,0,70,,31790,6,,,0,30,,31789,6,,,0,70,,31788,6,,,0,30,,31787,6,,,0,70,,31786,6,,,0,30,,31785,6,,,0,100,,31784,6,,,0,103,,31783,6,,,0,100,,31782,6,,,0,100,,31781,6,,,0,100,,31780,6,,,0,100,,31799,6,,,0,100,,31800,6,,,0
580801,'14601',524,,39528,28,,,0,20,,39522,28,,,0,60,,39523,28,,,0,20,,39524,28,,,0,20,,39525,28,,,0,60,,39526,28,,,0,20,,39527,28,,,0,20,,39520,28,,,0,59,,39521,28,,,0,10,,39423,28,,,0,10,,39454,28,,,0,10,,39424,28,,,0,8,,39455,28,,,0,7,,39425,28,,,0,8,,39456,28,,,0,49,,39426,28,,,0,8,,39457,28,,,0,8,,39427,28,,,0,8,,39458,28,,,0,5,,39428,28,,,0,8,,39459,28,,,0,7,,39460,28,,,0,8,,39461,28,,,0,53,,39462,28,,,0,12,,39429,28,,,0,10,,39430,28,,,0,10,,39431,28,,,0,10,,39432,28,,,0,50,,39433,28,,,0,10,,39434,28,,,0,10,,39435,28,,,0,10,,39436,28,,,0,10,,39437,28,,,0,10,,39438,28,,,0,50,,39439,28,,,0,10,,39440,28,,,0,10,,39441,28,,,0,10,,39442,28,,,0,10,,39443,28,,,0,10,,39444,28,,,0,50,,39445,28,,,0,10,,39446,28,,,0,10,,39447,28,,,0,10,,39448,28,,,0,10,,39449,28,,,0,10,,39450,28,,,0,50,,39451,28,,,0,10,,39452,28,,,0,10,,39453,28,,,0,10,,39488,28,,,0,9,,39489,28,,,0,8,,39492,28,,,0,7,,39490,28,,,0,48,,39493,28,,,0,7,,39491,28,,,0,8,,39463,28,,,0,7,,39476,28,,,0,8,,39464,28,,,0,7,,39477,28,,,0,8,,39465,28,,,0,7,,39478,28,,,0,48,,39466,28,,,0,7,,39479,28,,,0,8,,39467,28,,,0,7,,39480,28,,,0,8,,39468,28,,,0,7,,39481,28,,,0,8,,39469,28,,,0,7,,39482,28,,,0,48,,39470,28,,,0,7,,39483,28,,,0,8,,39471,28,,,0,7,,39484,28,,,0,8,,39472,28,,,0,7,,39485,28,,,0,8,,39473,28,,,0,8,,39486,28,,,0,48,,39474,28,,,0,7,,39487,28,,,0,8,,39475,28,,,0,8,,39503,28,,,0,10,,39504,28,,,0,10,,39505,28,,,0,10,,39506,28,,,0,50,,39507,28,,,0,10,,39494,28,,,0,14,,39495,28,,,0,15,,39496,28,,,0,55,,39498,28,,,0,15,,39499,28,,,0,15,,39500,28,,,0,15,,39501,28,,,0,55,,39502,28,,,0,15,,39497,28,,,0,15,,39515,28,,,0,15,,39516,28,,,0,55,,39519,28,,,0,17,,39517,28,,,0,22,,39518,28,,,0,70,,39508,28,,,0,30,,39509,28,,,0,70,,39510,28,,,0,30,,39511,28,,,0,70,,39512,28,,,0,30,,39513,28,,,0,70,,39514,28,,,0
580801,'14602',540,,39559,28,,,0,70,,39560,28,,,0,30,,39561,28,,,0,70,,39562,28,,,0,30,,39563,28,,,0,70,,39564,28,,,0,30,,39565,28,,,0,70,,39566,28,,,0,29,,39567,28,,,0,70,,39568,28,,,0,30,,39569,28,,,0,70,,39570,28,,,0,30,,39558,28,,,0,70,,39541,28,,,0,30,,39542,28,,,0,70,,39543,28,,,0,30,,39544,28,,,0,70,,39545,28,,,0,30,,39546,28,,,0,70,,39547,28,,,0,30,,39548,28,,,0,70,,39549,28,,,0,30,,39550,28,,,0,70,,39551,28,,,0,30,,39552,28,,,0,70,,39553,28,,,0,30,,39554,28,,,0,71,,39555,28,,,0,30,,39556,28,,,0,70,,39557,28,,,0,30,,39540,28,,,0,70,,39539,28,,,0,30,,39538,28,,,0,70,,39537,28,,,0,31,,39536,28,,,0,70,,39535,28,,,0,30,,39534,28,,,0,70,,39533,28,,,0,30,,39532,28,,,0,70,,39531,28,,,0,30,,39530,28,,,0,70,,39529,28,,,0
580801,'14603',640,,39596,28,,,0,70,,39597,28,,,0,30,,39598,28,,,0,70,,39599,28,,,0,30,,39600,28,,,0,70,,39601,28,,,0,29,,39602,28,,,0,70,,39603,28,,,0,30,,39604,28,,,0,70,,39605,28,,,0,30,,39571,28,,,0,70,,39588,28,,,0,30,,39587,28,,,0,70,,39586,28,,,0,30,,39585,28,,,0,70,,39584,28,,,0,30,,39583,28,,,0,70,,39582,28,,,0,30,,39581,28,,,0,70,,39580,28,,,0,30,,39579,28,,,0,70,,39578,28,,,0,30,,39577,28,,,0,70,,39576,28,,,0,30,,39575,28,,,0,71,,39574,28,,,0,30,,39573,28,,,0,70,,39572,28,,,0,30,,39589,28,,,0,70,,39590,28,,,0,30,,39591,28,,,0,70,,39592,28,,,0,31,,39593,28,,,0,70,,39594,28,,,0,30,,39595,28,,,0,70,,39606,28,,,0
580801,'14604',640,,39627,28,,,0,70,,39628,28,,,0,30,,39629,28,,,0,70,,39630,28,,,0,30,,39631,28,,,0,70,,39632,28,,,0,29,,39633,28,,,0,70,,39634,28,,,0,30,,39635,28,,,0,70,,39636,28,,,0,30,,39607,28,,,0,70,,39624,28,,,0,30,,39623,28,,,0,70,,39622,28,,,0,30,,39621,28,,,0,70,,39620,28,,,0,30,,39619,28,,,0,70,,39618,28,,,0,30,,39617,28,,,0,70,,39616,28,,,0,30,,39615,28,,,0,70,,39614,28,,,0,30,,39613,28,,,0,70,,39612,28,,,0,30,,39611,28,,,0,71,,39610,28,,,0,30,,39609,28,,,0,70,,39608,28,,,0,30,,39625,28,,,0,70,,39626,28,,,0
580801,'14606',640,,39662,28,,,0,70,,39663,28,,,0,30,,39664,28,,,0,70,,39665,28,,,0,30,,39666,28,,,0,70,,39667,28,,,0,29,,39668,28,,,0,70,,39669,28,,,0,30,,39670,28,,,0,70,,39671,28,,,0,30,,39637,28,,,0,70,,39654,28,,,0,30,,39653,28,,,0,70,,39652,28,,,0,30,,39651,28,,,0,70,,39650,28,,,0,30,,39649,28,,,0,70,,39648,28,,,0,30,,39647,28,,,0,70,,39646,28,,,0,30,,39645,28,,,0,70,,39644,28,,,0,30,,39643,28,,,0,70,,39642,28,,,0,30,,39641,28,,,0,71,,39640,28,,,0,30,,39639,28,,,0,70,,39638,28,,,0,30,,39655,28,,,0,70,,39656,28,,,0,30,,39657,28,,,0,70,,39658,28,,,0,31,,39659,28,,,0,70,,39660,28,,,0,30,,39661,28,,,0,70,,39672,28,,,0
582800,'1',659,,40229,22,,,0,55,,40231,22,,,0,15,,40233,22,,,0,15,,40235,22,,,0,15,,40237,22,,,0,55,,40239,22,,,0,15,,40241,22,,,0,15,,40243,22,,,0,14,,40245,22,,,0,52,,40247,22,,,0,12,,40249,22,,,0,12,,40251,22,,,0,12,,40253,22,,,0,12,,40255,22,,,0,52,,40257,22,,,0,12,,40259,22,,,0,12,,40261,22,,,0,12,,40263,22,,,0,12,,40265,22,,,0,52,,40267,22,,,0,12,,40269,22,,,0,12,,40271,22,,,0,12,,40273,22,,,0,12,,40275,22,,,0,52,,40277,22,,,0,12,,40279,22,,,0,12,,40281,22,,,0,12,,40283,22,,,0,12,,40285,22,,,0,52,,40287,22,,,0,12,,40289,22,,,0,12,,40291,22,,,0,12,,40293,22,,,0,12,,40295,22,,,0,50,,40297,22,,,0,12,,40299,22,,,0,12,,40301,22,,,0,12,,40303,22,,,0,12,,40305,22,,,0,52,,40307,22,,,0,12,,40309,22,,,0,12,,40311,22,,,0,12,,40313,22,,,0,13,,40315,22,,,0,52,,40317,22,,,0,12,,40319,22,,,0,12,,40321,22,,,0,12,,40323,22,,,0,12,,40325,22,,,0,52,,40327,22,,,0,12,,40329,22,,,0,14,,40331,22,,,0,12,,40333,22,,,0,12,,40335,22,,,0,52,,40337,22,,,0,12,,40215,22,,,0,12,,40339,22,,,0,12,,40341,22,,,0
