578200,'1',454,,30152,12,,,0,55,,30182,12,,,0,20,,30189,12,,,0,20,,30188,12,,,0,60,,30187,12,,,0,20,,30186,12,,,0,20,,30185,12,,,0,62,,30184,12,,,0,20,,30183,12,,,0,20,,30190,12,,,0,60,,30153,12,,,0,20,,30154,12,,,0,20,,30155,12,,,0,60,,30156,12,,,0,20,,30157,12,,,0,20,,30158,12,,,0,60,,30159,12,,,0,20,,30162,12,,,0,20,,30163,12,,,0,60,,30164,12,,,0,20,,30165,12,,,0,20,,30166,12,,,0,60,,30167,12,,,0,20,,30160,12,,,0,20,,30161,12,,,0,60,,30136,12,,,0,20,,30168,12,,,0,21,,30169,12,,,0,60,,30170,12,,,0,20,,30171,12,,,0,20,,30172,12,,,0,60,,30173,12,,,0,20,,30174,12,,,0,20,,30175,12,,,0,60,,30176,12,,,0,20,,30177,12,,,0,20,,30178,12,,,0,60,,30179,12,,,0,20,,30180,12,,,0,20,,30181,12,,,0,63,,30151,12,,,0,30,,30150,12,,,0,73,,30149,12,,,0,30,,30148,12,,,0,70,,30147,12,,,0,30,,30146,12,,,0,70,,30145,12,,,0,30,,30137,12,,,0,68,,30138,12,,,0,30,,30139,12,,,0,70,,30140,12,,,0,30,,30141,12,,,0,70,,30142,12,,,0,32,,30143,12,,,0,80,,30144,12,,,0
578200,'2',508,,30191,12,,,0,30,,30192,12,,,0,71,,30193,12,,,0,30,,30194,12,,,0,70,,30195,12,,,0,30,,30196,12,,,0,70,,30197,12,,,0,20,,30239,12,,,0,20,,30198,12,,,0,61,,30199,12,,,0,20,,30200,12,,,0,20,,30201,12,,,0,60,,30202,12,,,0,20,,30203,12,,,0,20,,30204,12,,,0,60,,30205,12,,,0,20,,30206,12,,,0,20,,30207,12,,,0,60,,30208,12,,,0,20,,30209,12,,,0,20,,30210,12,,,0,60,,30211,12,,,0,20,,30212,12,,,0,20,,30213,12,,,0,60,,30214,12,,,0,20,,30215,12,,,0,20,,30216,12,,,0,60,,30217,12,,,0,20,,30218,12,,,0,20,,30219,12,,,0,60,,30220,12,,,0,20,,30221,12,,,0,20,,30222,12,,,0,60,,30223,12,,,0,30,,30224,12,,,0,70,,30225,12,,,0,30,,30226,12,,,0,70,,30227,12,,,0,30,,30228,12,,,0,70,,30229,12,,,0,30,,30230,12,,,0,70,,30231,12,,,0,30,,30232,12,,,0,68,,30233,12,,,0,30,,30234,12,,,0,70,,30235,12,,,0,30,,30236,12,,,0,70,,30237,12,,,0,30,,30240,12,,,0,90,,30238,12,,,0
578200,'3',608,,30276,12,,,0,100,,30275,12,,,0,30,,30274,12,,,0,70,,30273,12,,,0,30,,30272,12,,,0,72,,30271,12,,,0,30,,30270,12,,,0,70,,30269,12,,,0,30,,30268,12,,,0,70,,30267,12,,,0,30,,30266,12,,,0,70,,30265,12,,,0,30,,30264,12,,,0,70,,30263,12,,,0,30,,30262,12,,,0,70,,30261,12,,,0,30,,30260,12,,,0,70,,30259,12,,,0,30,,30258,12,,,0,70,,30257,12,,,0,30,,30256,12,,,0,70,,30255,12,,,0,30,,30254,12,,,0,70,,30253,12,,,0,30,,30252,12,,,0,70,,30251,12,,,0,30,,30250,12,,,0,69,,30249,12,,,0,30,,30248,12,,,0,70,,30247,12,,,0,30,,30246,12,,,0,70,,30245,12,,,0,30,,30244,12,,,0,70,,30243,12,,,0,30,,30242,12,,,0,70,,30241,12,,,0
578200,'4',536,,30277,12,,,0,80,,30278,12,,,0,40,,30279,12,,,0,80,,30280,12,,,0,80,,30281,12,,,0,40,,30282,12,,,0,80,,30283,12,,,0,80,,30284,12,,,0,40,,30285,12,,,0,80,,30286,12,,,0,80,,30287,12,,,0,40,,30288,12,,,0,80,,30289,12,,,0,80,,30290,12,,,0,90,,30291,12,,,0,100,,30292,12,,,0,100,,30293,12,,,0,100,,30294,12,,,0,100,,30295,12,,,0,100,,30296,12,,,0,100,,30297,12,,,0
578200,'6',608,,30333,12,,,0,100,,30332,12,,,0,30,,30331,12,,,0,70,,30330,12,,,0,30,,30329,12,,,0,72,,30328,12,,,0,30,,30327,12,,,0,70,,30326,12,,,0,30,,30325,12,,,0,70,,30324,12,,,0,30,,30323,12,,,0,70,,30322,12,,,0,30,,30321,12,,,0,70,,30320,12,,,0,30,,30319,12,,,0,70,,30318,12,,,0,30,,30317,12,,,0,70,,30316,12,,,0,30,,30315,12,,,0,70,,30314,12,,,0,30,,30313,12,,,0,70,,30312,12,,,0,30,,30311,12,,,0,70,,30310,12,,,0,30,,30309,12,,,0,70,,30308,12,,,0,30,,30307,12,,,0,69,,30306,12,,,0,30,,30305,12,,,0,70,,30304,12,,,0,30,,30303,12,,,0,70,,30302,12,,,0,30,,30301,12,,,0,70,,30300,12,,,0,30,,30299,12,,,0,70,,30298,12,,,0
579301,'1',543,,33902,25,,,0,15,,33903,25,,,0,55,,33833,25,,,0,15,,33904,25,,,0,15,,33832,25,,,0,15,,33905,25,,,0,55,,33835,25,,,0,15,,33836,25,,,0,19,,33837,25,,,0,10,,33847,25,,,0,50,,33875,25,,,0,10,,33846,25,,,0,10,,33845,25,,,0,10,,33876,25,,,0,10,,33844,25,,,0,10,,33843,25,,,0,50,,33877,25,,,0,10,,33842,25,,,0,10,,33841,25,,,0,10,,33878,25,,,0,10,,33840,25,,,0,10,,33839,25,,,0,50,,33879,25,,,0,10,,33838,25,,,0,10,,33913,25,,,0,10,,33892,25,,,0,20,,33893,25,,,0,60,,33894,25,,,0,20,,33895,25,,,0,20,,33896,25,,,0,60,,33897,25,,,0,20,,33898,25,,,0,20,,33899,25,,,0,60,,33900,25,,,0,20,,33901,25,,,0,20,,33834,25,,,0,60,,33880,25,,,0,20,,33867,25,,,0,20,,33866,25,,,0,60,,33881,25,,,0,20,,33865,25,,,0,13,,33882,25,,,0,50,,33864,25,,,0,10,,33863,25,,,0,10,,33883,25,,,0,10,,33862,25,,,0,10,,33861,25,,,0,10,,33884,25,,,0,50,,33860,25,,,0,10,,33859,25,,,0,10,,33885,25,,,0,10,,33858,25,,,0,10,,33857,25,,,0,10,,33886,25,,,0,50,,33856,25,,,0,10,,33855,25,,,0,10,,33887,25,,,0,10,,33854,25,,,0,10,,33888,25,,,0,10,,33853,25,,,0,50,,33852,25,,,0,10,,33889,25,,,0,15,,33851,25,,,0,16,,33850,25,,,0,60,,33910,25,,,0,20,,33911,25,,,0,20,,33849,25,,,0,60,,33848,25,,,0,20,,33906,25,,,0,20,,33868,25,,,0,60,,33869,25,,,0,20,,33907,25,,,0,17,,33870,25,,,0,20,,33871,25,,,0,60,,33908,25,,,0,20,,33872,25,,,0,20,,33873,25,,,0,60,,33909,25,,,0,20,,33874,25,,,0,20,,33891,25,,,0,60,,33890,25,,,0,20,,33912,25,,,0
579301,'2',542,,33984,25,,,0,60,,33914,25,,,0,20,,33974,25,,,0,20,,33915,25,,,0,60,,33916,25,,,0,20,,33975,25,,,0,20,,33917,25,,,0,60,,33918,25,,,0,20,,33919,25,,,0,22,,33920,25,,,0,15,,33921,25,,,0,55,,33922,25,,,0,15,,33923,25,,,0,15,,33924,25,,,0,15,,33925,25,,,0,55,,33926,25,,,0,15,,33927,25,,,0,15,,33928,25,,,0,15,,33929,25,,,0,55,,33930,25,,,0,15,,33931,25,,,0,13,,33932,25,,,0,17,,33933,25,,,0,55,,33934,25,,,0,15,,33935,25,,,0,15,,33936,25,,,0,15,,33937,25,,,0,55,,33938,25,,,0,15,,33939,25,,,0,15,,33940,25,,,0,15,,33941,25,,,0,55,,33942,25,,,0,15,,33943,25,,,0,15,,33944,25,,,0,15,,33945,25,,,0,55,,33946,25,,,0,15,,33947,25,,,0,15,,33948,25,,,0,15,,33949,25,,,0,55,,33950,25,,,0,15,,33951,25,,,0,15,,33952,25,,,0,15,,33953,25,,,0,55,,33954,25,,,0,15,,33955,25,,,0,15,,33956,25,,,0,15,,33957,25,,,0,55,,33958,25,,,0,15,,33959,25,,,0,15,,33960,25,,,0,60,,33961,25,,,0,20,,33976,25,,,0,19,,33962,25,,,0,60,,33977,25,,,0,20,,33963,25,,,0,20,,33964,25,,,0,60,,33978,25,,,0,20,,33965,25,,,0,20,,33966,25,,,0,60,,33979,25,,,0,20,,33967,25,,,0,19,,33968,25,,,0,60,,33980,25,,,0,20,,33969,25,,,0,20,,33970,25,,,0,60,,33981,25,,,0,20,,33971,25,,,0,20,,33972,25,,,0,60,,33973,25,,,0,20,,33982,25,,,0,20,,33983,25,,,0
579301,'3',541,,34030,25,,,0,70,,33985,25,,,0,30,,33986,25,,,0,70,,33987,25,,,0,30,,33988,25,,,0,70,,33989,25,,,0,30,,33990,25,,,0,70,,33991,25,,,0,30,,33992,25,,,0,60,,33993,25,,,0,20,,33994,25,,,0,22,,33995,25,,,0,60,,33996,25,,,0,20,,33997,25,,,0,20,,33998,25,,,0,65,,33999,25,,,0,20,,34000,25,,,0,20,,34001,25,,,0,60,,34002,25,,,0,20,,34003,25,,,0,20,,34004,25,,,0,60,,34005,25,,,0,20,,34006,25,,,0,20,,34007,25,,,0,60,,34008,25,,,0,20,,34009,25,,,0,20,,34010,25,,,0,60,,34011,25,,,0,20,,34012,25,,,0,20,,34013,25,,,0,60,,34014,25,,,0,20,,34015,25,,,0,20,,34016,25,,,0,60,,34017,25,,,0,20,,34018,25,,,0,30,,34019,25,,,0,70,,34020,25,,,0,30,,34021,25,,,0,70,,34022,25,,,0,30,,34023,25,,,0,70,,34024,25,,,0,30,,34025,25,,,0,70,,34026,25,,,0,28,,34027,25,,,0,70,,34028,25,,,0,30,,34029,25,,,0,70,,34031,25,,,0
579301,'4',636,,34069,25,,,0,70,,34068,25,,,0,30,,34067,25,,,0,70,,34066,25,,,0,30,,34065,25,,,0,70,,34064,25,,,0,30,,34063,25,,,0,70,,34062,25,,,0,20,,34061,25,,,0,20,,34060,25,,,0,60,,34059,25,,,0,20,,34058,25,,,0,20,,34057,25,,,0,60,,34056,25,,,0,20,,34055,25,,,0,20,,34054,25,,,0,60,,34053,25,,,0,20,,34052,25,,,0,20,,34051,25,,,0,60,,34050,25,,,0,20,,34049,25,,,0,20,,34048,25,,,0,60,,34047,25,,,0,20,,34046,25,,,0,20,,34045,25,,,0,60,,34044,25,,,0,20,,34043,25,,,0,20,,34042,25,,,0,60,,34041,25,,,0,20,,34040,25,,,0,20,,34039,25,,,0,60,,34038,25,,,0,20,,34037,25,,,0,20,,34036,25,,,0,70,,34035,25,,,0,30,,34034,25,,,0,70,,34033,25,,,0,30,,34032,25,,,0
579301,'6',541,,34115,25,,,0,70,,34070,25,,,0,30,,34071,25,,,0,70,,34072,25,,,0,30,,34073,25,,,0,70,,34074,25,,,0,30,,34075,25,,,0,70,,34076,25,,,0,30,,34077,25,,,0,60,,34078,25,,,0,20,,34079,25,,,0,22,,34080,25,,,0,60,,34081,25,,,0,20,,34082,25,,,0,20,,34083,25,,,0,65,,34084,25,,,0,20,,34085,25,,,0,20,,34086,25,,,0,60,,34087,25,,,0,20,,34088,25,,,0,20,,34089,25,,,0,60,,34090,25,,,0,20,,34091,25,,,0,20,,34092,25,,,0,60,,34093,25,,,0,20,,34094,25,,,0,20,,34095,25,,,0,60,,34096,25,,,0,20,,34097,25,,,0,20,,34098,25,,,0,60,,34099,25,,,0,20,,34100,25,,,0,20,,34101,25,,,0,60,,34102,25,,,0,20,,34103,25,,,0,30,,34104,25,,,0,70,,34105,25,,,0,30,,34106,25,,,0,70,,34107,25,,,0,30,,34108,25,,,0,70,,34109,25,,,0,30,,34110,25,,,0,70,,34111,25,,,0,28,,34112,25,,,0,70,,34113,25,,,0,30,,34114,25,,,0,70,,34116,25,,,0
