579401,'1601',859,,34328,28,,,0,98,,34329,28,,,0
579401,'1',538,,34330,49,,,0,20,,34331,49,,,0,60,,34332,49,,,0,20,,34333,49,,,0,20,,34334,49,,,0,56,,34335,49,,,0,16,,34336,49,,,0,18,,34337,49,,,0,55,,34338,49,,,0,15,,34339,49,,,0,15,,34340,49,,,0,15,,34341,49,,,0,55,,34342,49,,,0,15,,34343,49,,,0,16,,34344,49,,,0,16,,34345,49,,,0,53,,34346,49,,,0,15,,34347,49,,,0,15,,34348,49,,,0,15,,34349,49,,,0,55,,34350,49,,,0,15,,34351,49,,,0,15,,34352,49,,,0,15,,34353,49,,,0,55,,34354,49,,,0,15,,34355,49,,,0,15,,34356,49,,,0,15,,34357,49,,,0,55,,34358,49,,,0,15,,34359,49,,,0,15,,34360,49,,,0,15,,34361,49,,,0,55,,34362,49,,,0,17,,34363,49,,,0,15,,34364,49,,,0,15,,34365,49,,,0,55,,34366,49,,,0,15,,34367,49,,,0,15,,34368,49,,,0,15,,34369,49,,,0,55,,34370,49,,,0,15,,34371,49,,,0,15,,34372,49,,,0,15,,34373,49,,,0,55,,34374,49,,,0,15,,34375,49,,,0,15,,34376,49,,,0,15,,34377,49,,,0,55,,34378,49,,,0,15,,34379,49,,,0,15,,34380,49,,,0,15,,34381,49,,,0,70,,34382,49,,,0,32,,34383,49,,,0,70,,34384,49,,,0,30,,34385,49,,,0,70,,34386,49,,,0,30,,34387,49,,,0,70,,34388,49,,,0,28,,34389,49,,,0,70,,34390,49,,,0,30,,34391,49,,,0,70,,34392,49,,,0,30,,34393,49,,,0,61,,34394,49,,,0
579401,'2',546,,34433,49,,,0,70,,34432,49,,,0,30,,34431,49,,,0,70,,34430,49,,,0,30,,34429,49,,,0,70,,34428,49,,,0,30,,34427,49,,,0,70,,34426,49,,,0,33,,34425,49,,,0,70,,34424,49,,,0,30,,34423,49,,,0,70,,34422,49,,,0,30,,34421,49,,,0,70,,34420,49,,,0,30,,34419,49,,,0,70,,34418,49,,,0,30,,34417,49,,,0,70,,34416,49,,,0,30,,34415,49,,,0,70,,34414,49,,,0,30,,34413,49,,,0,70,,34412,49,,,0,30,,34411,49,,,0,70,,34410,49,,,0,30,,34409,49,,,0,70,,34408,49,,,0,30,,34407,49,,,0,72,,34406,49,,,0,30,,34405,49,,,0,70,,34404,49,,,0,30,,34403,49,,,0,70,,34402,49,,,0,30,,34401,49,,,0,70,,34400,49,,,0,30,,34399,49,,,0,70,,34398,49,,,0,30,,34397,49,,,0,70,,34396,49,,,0,30,,34395,49,,,0
579401,'3',605,,34470,49,,,0,30,,34469,49,,,0,70,,34468,49,,,0,30,,34467,49,,,0,70,,34466,49,,,0,30,,34465,49,,,0,70,,34464,49,,,0,31,,34463,49,,,0,70,,34462,49,,,0,30,,34461,49,,,0,70,,34460,49,,,0,30,,34459,49,,,0,70,,34458,49,,,0,30,,34457,49,,,0,70,,34456,49,,,0,30,,34455,49,,,0,70,,34454,49,,,0,30,,34453,49,,,0,70,,34452,49,,,0,30,,34451,49,,,0,70,,34450,49,,,0,30,,34449,49,,,0,70,,34448,49,,,0,30,,34447,49,,,0,70,,34446,49,,,0,30,,34445,49,,,0,70,,34444,49,,,0,27,,34443,49,,,0,70,,34442,49,,,0,30,,34441,49,,,0,70,,34440,49,,,0,30,,34439,49,,,0,70,,34438,49,,,0,30,,34437,49,,,0,70,,34436,49,,,0,25,,34435,49,,,0,22,,34434,49,,,0
579401,'4',625,,34471,49,,,0,25,,34472,49,,,0,70,,34473,49,,,0,30,,34474,49,,,0,70,,34475,49,,,0,30,,34476,49,,,0,70,,34477,49,,,0,30,,34478,49,,,0,70,,34479,49,,,0,30,,34480,49,,,0,70,,34481,49,,,0,30,,34482,49,,,0,70,,34483,49,,,0,30,,34484,49,,,0,70,,34485,49,,,0,30,,34486,49,,,0,70,,34487,49,,,0,30,,34488,49,,,0,70,,34489,49,,,0,30,,34490,49,,,0,70,,34491,49,,,0,30,,34492,49,,,0,70,,34493,49,,,0,30,,34494,49,,,0,70,,34500,49,,,0,30,,34495,49,,,0,70,,34496,49,,,0,30,,34497,49,,,0,70,,34498,49,,,0,30,,34499,49,,,0,63,,34501,49,,,0
579401,'6',546,,34540,49,,,0,70,,34539,49,,,0,30,,34538,49,,,0,70,,34537,49,,,0,30,,34536,49,,,0,70,,34535,49,,,0,30,,34534,49,,,0,70,,34533,49,,,0,33,,34532,49,,,0,70,,34531,49,,,0,30,,34530,49,,,0,70,,34529,49,,,0,30,,34528,49,,,0,70,,34527,49,,,0,30,,34526,49,,,0,70,,34525,49,,,0,30,,34524,49,,,0,70,,34523,49,,,0,30,,34522,49,,,0,70,,34521,49,,,0,30,,34520,49,,,0,70,,34519,49,,,0,30,,34518,49,,,0,70,,34517,49,,,0,30,,34516,49,,,0,70,,34515,49,,,0,30,,34514,49,,,0,72,,34513,49,,,0,30,,34512,49,,,0,70,,34511,49,,,0,30,,34510,49,,,0,70,,34509,49,,,0,30,,34508,49,,,0,70,,34507,49,,,0,30,,34506,49,,,0,70,,34505,49,,,0,30,,34504,49,,,0,70,,34503,49,,,0,30,,34502,49,,,0
579501,'1',528,,34741,37,,,0,20,,34742,37,,,0,60,,34743,37,,,0,20,,34744,37,,,0,18,,34745,37,,,0,55,,34746,37,,,0,15,,34747,37,,,0,12,,34748,37,,,0,15,,34749,37,,,0,15,,34750,37,,,0,55,,34751,37,,,0,15,,34752,37,,,0,15,,34753,37,,,0,15,,34754,37,,,0,55,,34755,37,,,0,15,,34756,37,,,0,15,,34757,37,,,0,15,,34758,37,,,0,55,,34759,37,,,0,17,,34760,37,,,0,20,,34761,37,,,0,60,,34762,37,,,0,20,,34763,37,,,0,20,,34764,37,,,0,60,,34765,37,,,0,20,,34766,37,,,0,20,,34767,37,,,0,60,,34768,37,,,0,20,,34769,37,,,0,20,,34770,37,,,0,61,,34771,37,,,0,19,,34772,37,,,0,14,,34773,37,,,0,56,,34774,37,,,0,14,,34775,37,,,0,15,,34776,37,,,0,15,,34777,37,,,0,15,,34778,37,,,0,55,,34779,37,,,0,15,,34780,37,,,0,15,,34781,37,,,0,15,,34782,37,,,0,55,,34783,37,,,0,15,,34784,37,,,0,15,,34785,37,,,0,15,,34786,37,,,0,60,,34787,37,,,0,30,,34788,37,,,0,69,,34789,37,,,0,30,,34790,37,,,0,70,,34791,37,,,0,30,,34792,37,,,0,70,,34793,37,,,0,30,,34794,37,,,0,70,,34795,37,,,0,30,,34796,37,,,0,70,,34797,37,,,0,30,,34798,37,,,0,70,,34799,37,,,0,87,,34800,37,,,0,33,,34801,37,,,0
579501,'2',606,,34835,37,,,0,34,,34833,37,,,0,70,,34830,37,,,0,30,,34813,37,,,0,70,,34826,37,,,0,30,,34827,37,,,0,70,,34832,37,,,0,28,,34837,37,,,0,70,,34838,37,,,0,30,,34831,37,,,0,70,,34836,37,,,0,30,,34834,37,,,0,70,,34840,37,,,0,30,,34802,37,,,0,70,,34806,37,,,0,30,,34805,37,,,0,70,,34839,37,,,0,30,,34803,37,,,0,70,,34804,37,,,0,30,,34807,37,,,0,70,,34811,37,,,0,30,,34812,37,,,0,70,,34815,37,,,0,30,,34818,37,,,0,70,,34819,37,,,0,32,,34809,37,,,0,70,,34808,37,,,0,30,,34810,37,,,0,70,,34820,37,,,0,30,,34821,37,,,0,70,,34823,37,,,0,30,,34816,37,,,0,70,,34817,37,,,0,30,,34814,37,,,0,70,,34828,37,,,0,30,,34829,37,,,0,70,,34822,37,,,0,30,,34824,37,,,0,70,,34825,37,,,0
579501,'3',611,,34846,37,,,0,35,,34845,37,,,0,73,,34847,37,,,0,30,,34844,37,,,0,70,,34848,37,,,0,30,,34843,37,,,0,70,,34849,37,,,0,28,,34850,37,,,0,70,,34851,37,,,0,30,,34852,37,,,0,70,,34853,37,,,0,30,,34854,37,,,0,70,,34855,37,,,0,30,,34856,37,,,0,70,,34857,37,,,0,30,,34858,37,,,0,70,,34859,37,,,0,30,,34860,37,,,0,70,,34861,37,,,0,30,,34862,37,,,0,70,,34863,37,,,0,30,,34864,37,,,0,70,,34865,37,,,0,30,,34866,37,,,0,70,,34867,37,,,0,30,,34868,37,,,0,70,,34842,37,,,0,30,,34869,37,,,0,70,,34841,37,,,0,30,,34870,37,,,0,70,,34871,37,,,0,30,,34872,37,,,0,70,,34873,37,,,0,32,,34874,37,,,0,70,,34875,37,,,0,30,,34876,37,,,0
579501,'4',648,,34899,37,,,0,100,,34898,37,,,0,70,,34897,37,,,0,30,,34896,37,,,0,70,,34895,37,,,0,30,,34894,37,,,0,70,,34893,37,,,0,30,,34892,37,,,0,70,,34891,37,,,0,30,,34890,37,,,0,70,,34889,37,,,0,30,,34888,37,,,0,70,,34887,37,,,0,30,,34886,37,,,0,70,,34885,37,,,0,30,,34884,37,,,0,70,,34883,37,,,0,30,,34882,37,,,0,70,,34881,37,,,0,85,,34880,37,,,0,45,,34900,37,,,0,85,,34879,37,,,0,85,,34878,37,,,0,85,,34877,37,,,0,45,,34901,37,,,0
579501,'6',611,,34907,37,,,0,35,,34906,37,,,0,73,,34908,37,,,0,30,,34905,37,,,0,70,,34909,37,,,0,30,,34904,37,,,0,70,,34910,37,,,0,28,,34911,37,,,0,70,,34912,37,,,0,30,,34913,37,,,0,70,,34914,37,,,0,30,,34915,37,,,0,70,,34916,37,,,0,30,,34917,37,,,0,70,,34918,37,,,0,30,,34919,37,,,0,70,,34920,37,,,0,30,,34921,37,,,0,70,,34922,37,,,0,30,,34923,37,,,0,70,,34924,37,,,0,30,,34925,37,,,0,70,,34926,37,,,0,30,,34927,37,,,0,70,,34928,37,,,0,30,,34929,37,,,0,70,,34903,37,,,0,30,,34930,37,,,0,70,,34902,37,,,0,30,,34931,37,,,0,70,,34932,37,,,0,30,,34933,37,,,0,70,,34934,37,,,0,32,,34935,37,,,0,70,,34936,37,,,0,30,,34937,37,,,0
579601,'1',500,,35143,38,,,0,20,,35144,38,,,0,20,,35145,38,,,0,18,,35146,38,,,0,54,,35147,38,,,0,15,,35148,38,,,0,15,,35149,38,,,0,15,,35150,38,,,0,55,,35151,38,,,0,15,,35152,38,,,0,15,,35153,38,,,0,15,,35154,38,,,0,55,,35155,38,,,0,15,,35156,38,,,0,15,,35157,38,,,0,15,,35158,38,,,0,55,,35159,38,,,0,15,,35160,38,,,0,16,,35161,38,,,0,57,,35162,38,,,0,20,,35163,38,,,0,20,,35164,38,,,0,60,,35165,38,,,0,20,,35166,38,,,0,20,,35167,38,,,0,60,,35168,38,,,0,20,,35169,38,,,0,20,,35170,38,,,0,60,,35171,38,,,0,20,,35172,38,,,0,20,,35173,38,,,0,60,,35174,38,,,0,20,,35175,38,,,0,20,,35176,38,,,0,15,,35177,38,,,0,55,,35178,38,,,0,15,,35179,38,,,0,15,,35180,38,,,0,15,,35181,38,,,0,55,,35182,38,,,0,15,,35183,38,,,0,15,,35184,38,,,0,15,,35185,38,,,0,55,,35186,38,,,0,15,,35187,38,,,0,20,,35188,38,,,0,60,,35189,38,,,0,28,,35190,38,,,0,70,,35191,38,,,0,27,,35192,38,,,0,70,,35193,38,,,0,30,,35194,38,,,0,70,,35195,38,,,0,30,,35196,38,,,0,28,,35197,38,,,0,65,,35198,38,,,0,30,,35199,38,,,0,70,,35200,38,,,0,25,,35201,38,,,0,70,,35202,38,,,0,28,,35203,38,,,0,70,,35204,38,,,0
579601,'2',541,,35217,38,,,0,70,,35218,38,,,0,32,,35219,38,,,0,70,,35220,38,,,0,30,,35221,38,,,0,70,,35222,38,,,0,30,,35223,38,,,0,65,,35224,38,,,0,20,,35225,38,,,0,20,,35226,38,,,0,60,,35227,38,,,0,20,,35228,38,,,0,20,,35229,38,,,0,60,,35230,38,,,0,20,,35231,38,,,0,20,,35232,38,,,0,60,,35233,38,,,0,20,,35234,38,,,0,20,,35235,38,,,0,60,,35236,38,,,0,20,,35237,38,,,0,20,,35238,38,,,0,60,,35239,38,,,0,20,,35240,38,,,0,20,,35241,38,,,0,60,,35242,38,,,0,20,,35243,38,,,0,20,,35244,38,,,0,60,,35245,38,,,0,20,,35246,38,,,0,20,,35247,38,,,0,60,,35248,38,,,0,22,,35253,38,,,0,70,,35249,38,,,0,29,,35250,38,,,0,30,,35251,38,,,0,70,,35252,38,,,0,30,,35205,38,,,0,70,,35206,38,,,0,30,,35207,38,,,0,70,,35208,38,,,0,28,,35209,38,,,0,66,,35210,38,,,0,30,,35211,38,,,0,70,,35212,38,,,0,30,,35213,38,,,0,70,,35214,38,,,0,30,,35215,38,,,0,70,,35216,38,,,0
579601,'3',608,,35278,38,,,0,30,,35279,38,,,0,70,,35277,38,,,0,30,,35280,38,,,0,70,,35276,38,,,0,30,,35281,38,,,0,65,,35274,38,,,0,25,,35275,38,,,0,30,,35273,38,,,0,70,,35272,38,,,0,30,,35271,38,,,0,70,,35270,38,,,0,30,,35269,38,,,0,70,,35268,38,,,0,30,,35267,38,,,0,70,,35266,38,,,0,30,,35265,38,,,0,70,,35264,38,,,0,30,,35263,38,,,0,70,,35262,38,,,0,30,,35261,38,,,0,70,,35260,38,,,0,30,,35259,38,,,0,70,,35258,38,,,0,28,,35254,38,,,0,70,,35257,38,,,0,30,,35282,38,,,0,70,,35256,38,,,0,30,,35283,38,,,0,70,,35255,38,,,0,31,,35284,38,,,0,67,,35285,38,,,0,30,,35286,38,,,0,59,,35288,38,,,0,30,,35287,38,,,0,70,,35289,38,,,0,30,,35290,38,,,0
579601,'4',621,,35291,38,,,0,100,,35292,38,,,0,85,,35293,38,,,0,30,,35294,38,,,0,70,,35295,38,,,0,33,,35296,38,,,0,70,,35297,38,,,0,30,,35298,38,,,0,70,,35299,38,,,0,30,,35300,38,,,0,70,,35301,38,,,0,30,,35302,38,,,0,70,,35303,38,,,0,30,,35304,38,,,0,70,,35305,38,,,0,30,,35306,38,,,0,70,,35307,38,,,0,30,,35308,38,,,0,82,,35309,38,,,0,100,,35310,38,,,0,98,,35311,38,,,0,100,,35312,38,,,0,100,,35313,38,,,0
579601,'6',608,,35338,38,,,0,30,,35339,38,,,0,70,,35337,38,,,0,30,,35340,38,,,0,70,,35336,38,,,0,30,,35341,38,,,0,65,,35334,38,,,0,25,,35335,38,,,0,30,,35333,38,,,0,70,,35332,38,,,0,30,,35331,38,,,0,70,,35330,38,,,0,30,,35329,38,,,0,70,,35328,38,,,0,30,,35327,38,,,0,70,,35326,38,,,0,30,,35325,38,,,0,70,,35324,38,,,0,30,,35323,38,,,0,70,,35322,38,,,0,30,,35321,38,,,0,70,,35320,38,,,0,30,,35319,38,,,0,70,,35318,38,,,0,28,,35314,38,,,0,70,,35317,38,,,0,30,,35342,38,,,0,70,,35316,38,,,0,30,,35343,38,,,0,70,,35315,38,,,0,31,,35344,38,,,0,67,,35345,38,,,0,30,,35346,38,,,0,59,,35348,38,,,0,30,,35347,38,,,0,70,,35349,38,,,0,30,,35350,38,,,0
579701,'1601',1517,,35553,33,,,0,30,,35552,33,,,0
579701,'1',524,,35554,33,,,0,22,,35555,33,,,0,60,,35556,33,,,0,20,,35557,33,,,0,20,,35558,33,,,0,59,,35559,33,,,0,15,,35560,33,,,0,15,,35561,33,,,0,15,,35562,33,,,0,55,,35563,33,,,0,15,,35564,33,,,0,15,,35565,33,,,0,15,,35566,33,,,0,60,,35567,33,,,0,20,,35568,33,,,0,20,,35569,33,,,0,59,,35570,33,,,0,20,,35571,33,,,0,20,,35572,33,,,0,60,,35573,33,,,0,20,,35574,33,,,0,20,,35575,33,,,0,60,,35576,33,,,0,20,,35577,33,,,0,20,,35578,33,,,0,60,,35579,33,,,0,20,,35580,33,,,0,20,,35581,33,,,0,56,,35582,33,,,0,15,,35583,33,,,0,15,,35584,33,,,0,15,,35585,33,,,0,55,,35586,33,,,0,15,,35587,33,,,0,15,,35588,33,,,0,15,,35589,33,,,0,55,,35590,33,,,0,15,,35591,33,,,0,15,,35592,33,,,0,15,,35593,33,,,0,55,,35594,33,,,0,15,,35595,33,,,0,15,,35596,33,,,0,15,,35597,33,,,0,69,,35598,33,,,0,30,,35599,33,,,0,66,,35600,33,,,0,28,,35601,33,,,0,70,,35602,33,,,0,30,,35603,33,,,0,70,,35604,33,,,0,30,,35605,33,,,0,69,,35606,33,,,0,25,,35607,33,,,0,70,,35608,33,,,0,30,,35609,33,,,0,70,,35610,33,,,0,32,,35611,33,,,0,70,,35612,33,,,0
579701,'2',556,,35656,33,,,0,72,,35657,33,,,0,30,,35658,33,,,0,70,,35659,33,,,0,30,,35613,33,,,0,70,,35614,33,,,0,30,,35615,33,,,0,60,,35616,33,,,0,20,,35617,33,,,0,20,,35618,33,,,0,60,,35619,33,,,0,20,,35620,33,,,0,20,,35621,33,,,0,60,,35622,33,,,0,20,,35623,33,,,0,20,,35624,33,,,0,60,,35625,33,,,0,20,,35626,33,,,0,20,,35627,33,,,0,60,,35628,33,,,0,20,,35629,33,,,0,20,,35630,33,,,0,60,,35631,33,,,0,20,,35632,33,,,0,20,,35633,33,,,0,60,,35634,33,,,0,20,,35635,33,,,0,20,,35636,33,,,0,60,,35637,33,,,0,20,,35638,33,,,0,20,,35639,33,,,0,60,,35640,33,,,0,20,,35660,33,,,0,20,,35661,33,,,0,60,,35641,33,,,0,26,,35642,33,,,0,70,,35643,33,,,0,30,,35644,33,,,0,70,,35645,33,,,0,30,,35646,33,,,0,70,,35647,33,,,0,30,,35648,33,,,0,64,,35649,33,,,0,30,,35650,33,,,0,70,,35651,33,,,0,30,,35652,33,,,0,70,,35653,33,,,0,30,,35654,33,,,0,73,,35655,33,,,0
579701,'3',630,,35667,33,,,0,29,,35666,33,,,0,70,,35668,33,,,0,30,,35665,33,,,0,70,,35669,33,,,0,30,,35670,33,,,0,79,,35671,33,,,0,70,,35672,33,,,0,30,,35673,33,,,0,70,,35674,33,,,0,30,,35675,33,,,0,70,,35676,33,,,0,30,,35677,33,,,0,70,,35678,33,,,0,30,,35679,33,,,0,70,,35680,33,,,0,30,,35681,33,,,0,70,,35682,33,,,0,30,,35683,33,,,0,70,,35684,33,,,0,30,,35685,33,,,0,70,,35686,33,,,0,30,,35687,33,,,0,68,,35664,33,,,0,30,,35688,33,,,0,70,,35663,33,,,0,30,,35689,33,,,0,70,,35662,33,,,0,30,,35690,33,,,0,68,,35691,33,,,0,30,,35692,33,,,0,68,,35693,33,,,0,30,,35694,33,,,0,70,,35695,33,,,0,30,,35696,33,,,0,24,,35697,33,,,0
579701,'4',651,,35698,33,,,0,100,,35699,33,,,0,70,,35700,33,,,0,30,,35701,33,,,0,70,,35702,33,,,0,34,,35703,33,,,0,70,,35704,33,,,0,30,,35705,33,,,0,70,,35706,33,,,0,30,,35707,33,,,0,70,,35708,33,,,0,30,,35709,33,,,0,70,,35710,33,,,0,30,,35711,33,,,0,70,,35712,33,,,0,30,,35713,33,,,0,65,,35714,33,,,0,30,,35715,33,,,0,100,,35716,33,,,0,98,,35717,33,,,0,100,,35718,33,,,0,100,,35719,33,,,0,100,,35720,33,,,0
579701,'6',630,,35726,33,,,0,29,,35725,33,,,0,70,,35727,33,,,0,30,,35724,33,,,0,70,,35728,33,,,0,30,,35729,33,,,0,79,,35730,33,,,0,70,,35731,33,,,0,30,,35732,33,,,0,70,,35733,33,,,0,30,,35734,33,,,0,70,,35735,33,,,0,30,,35736,33,,,0,70,,35737,33,,,0,30,,35738,33,,,0,70,,35739,33,,,0,30,,35740,33,,,0,70,,35741,33,,,0,30,,35742,33,,,0,70,,35743,33,,,0,30,,35744,33,,,0,70,,35745,33,,,0,30,,35746,33,,,0,68,,35723,33,,,0,30,,35747,33,,,0,70,,35722,33,,,0,30,,35748,33,,,0,70,,35721,33,,,0,30,,35749,33,,,0,68,,35750,33,,,0,30,,35751,33,,,0,68,,35752,33,,,0,30,,35753,33,,,0,70,,35754,33,,,0,30,,35755,33,,,0,24,,35756,33,,,0
579801,'1',529,,35991,18,,,0,20,,35992,18,,,0,60,,35993,18,,,0,20,,35994,18,,,0,20,,35995,18,,,0,57,,35996,18,,,0,16,,35997,18,,,0,14,,35998,18,,,0,12,,35999,18,,,0,52,,36000,18,,,0,12,,36001,18,,,0,12,,36002,18,,,0,12,,36003,18,,,0,14,,36004,18,,,0,52,,36005,18,,,0,12,,36006,18,,,0,12,,36007,18,,,0,13,,36008,18,,,0,15,,36009,18,,,0,55,,36010,18,,,0,15,,36011,18,,,0,15,,36012,18,,,0,15,,36013,18,,,0,55,,36014,18,,,0,15,,36015,18,,,0,15,,36016,18,,,0,15,,36017,18,,,0,55,,36018,18,,,0,15,,36019,18,,,0,15,,36020,18,,,0,15,,36021,18,,,0,55,,36022,18,,,0,15,,36023,18,,,0,15,,36024,18,,,0,15,,36025,18,,,0,56,,36026,18,,,0,15,,36027,18,,,0,15,,36028,18,,,0,15,,36029,18,,,0,55,,36030,18,,,0,12,,36031,18,,,0,12,,36032,18,,,0,12,,36033,18,,,0,12,,36034,18,,,0,52,,36035,18,,,0,12,,36036,18,,,0,12,,36037,18,,,0,12,,36038,18,,,0,12,,36039,18,,,0,52,,36040,18,,,0,12,,36041,18,,,0,12,,36042,18,,,0,12,,36043,18,,,0,12,,36044,18,,,0,52,,36045,18,,,0,11,,36046,18,,,0,12,,36047,18,,,0,12,,36048,18,,,0,12,,36049,18,,,0,54,,36050,18,,,0,14,,36051,18,,,0,15,,36052,18,,,0,15,,36053,18,,,0,54,,36054,18,,,0,18,,36055,18,,,0,12,,36056,18,,,0,14,,36057,18,,,0,60,,36058,18,,,0,20,,36059,18,,,0,20,,36060,18,,,0,61,,36061,18,,,0,20,,36062,18,,,0,20,,36063,18,,,0,70,,36064,18,,,0,30,,36065,18,,,0,97,,36066,18,,,0
579801,'2',530,,36098,18,,,0,29,,36099,18,,,0,71,,36100,18,,,0,70,,36101,18,,,0,30,,36102,18,,,0,70,,36103,18,,,0,30,,36104,18,,,0,70,,36105,18,,,0,30,,36106,18,,,0,20,,36107,18,,,0,65,,36108,18,,,0,20,,36109,18,,,0,20,,36110,18,,,0,60,,36111,18,,,0,20,,36112,18,,,0,20,,36113,18,,,0,62,,36114,18,,,0,20,,36067,18,,,0,20,,36068,18,,,0,55,,36069,18,,,0,20,,36070,18,,,0,20,,36071,18,,,0,60,,36072,18,,,0,20,,36073,18,,,0,20,,36074,18,,,0,60,,36075,18,,,0,20,,36076,18,,,0,20,,36077,18,,,0,60,,36078,18,,,0,20,,36079,18,,,0,20,,36080,18,,,0,60,,36081,18,,,0,20,,36082,18,,,0,20,,36083,18,,,0,60,,36084,18,,,0,21,,36085,18,,,0,70,,36086,18,,,0,30,,36087,18,,,0,70,,36088,18,,,0,30,,36089,18,,,0,70,,36090,18,,,0,28,,36091,18,,,0,70,,36092,18,,,0,30,,36093,18,,,0,70,,36094,18,,,0,30,,36095,18,,,0,22,,36096,18,,,0,100,,36097,18,,,0
579801,'3',623,,36115,18,,,0,36,,36146,18,,,0,70,,36116,18,,,0,30,,36117,18,,,0,70,,36118,18,,,0,30,,36119,18,,,0,71,,36120,18,,,0,70,,36121,18,,,0,33,,36122,18,,,0,70,,36123,18,,,0,30,,36124,18,,,0,70,,36125,18,,,0,30,,36126,18,,,0,70,,36127,18,,,0,30,,36128,18,,,0,70,,36129,18,,,0,30,,36130,18,,,0,70,,36131,18,,,0,30,,36132,18,,,0,70,,36133,18,,,0,30,,36134,18,,,0,70,,36135,18,,,0,30,,36139,18,,,0,70,,36140,18,,,0,30,,36141,18,,,0,70,,36142,18,,,0,30,,36143,18,,,0,70,,36144,18,,,0,30,,36145,18,,,0,70,,36136,18,,,0,33,,36149,18,,,0,70,,36137,18,,,0,30,,36147,18,,,0,70,,36138,18,,,0,30,,36148,18,,,0
579801,'4',524,,36150,18,,,0,100,,36151,18,,,0,30,,36152,18,,,0,70,,36153,18,,,0,30,,36154,18,,,0,70,,36155,18,,,0,30,,36156,18,,,0,73,,36157,18,,,0,74,,36158,18,,,0,34,,36159,18,,,0,70,,36160,18,,,0,30,,36161,18,,,0,70,,36162,18,,,0,30,,36163,18,,,0,70,,36164,18,,,0,30,,36165,18,,,0,90,,36166,18,,,0,95,,36167,18,,,0,100,,36168,18,,,0,100,,36169,18,,,0,100,,36170,18,,,0,100,,36171,18,,,0,100,,36172,18,,,0
579801,'6',530,,36204,18,,,0,29,,36205,18,,,0,71,,36206,18,,,0,70,,36207,18,,,0,30,,36208,18,,,0,70,,36209,18,,,0,30,,36210,18,,,0,70,,36211,18,,,0,30,,36212,18,,,0,20,,36213,18,,,0,65,,36214,18,,,0,20,,36215,18,,,0,20,,36216,18,,,0,60,,36217,18,,,0,20,,36218,18,,,0,20,,36219,18,,,0,62,,36220,18,,,0,20,,36173,18,,,0,20,,36174,18,,,0,55,,36175,18,,,0,20,,36176,18,,,0,20,,36177,18,,,0,60,,36178,18,,,0,20,,36179,18,,,0,20,,36180,18,,,0,60,,36181,18,,,0,20,,36182,18,,,0,20,,36183,18,,,0,60,,36184,18,,,0,20,,36185,18,,,0,20,,36186,18,,,0,60,,36187,18,,,0,20,,36188,18,,,0,20,,36189,18,,,0,60,,36190,18,,,0,21,,36191,18,,,0,70,,36192,18,,,0,30,,36193,18,,,0,70,,36194,18,,,0,30,,36195,18,,,0,70,,36196,18,,,0,28,,36197,18,,,0,70,,36198,18,,,0,30,,36199,18,,,0,70,,36200,18,,,0,30,,36201,18,,,0,22,,36202,18,,,0,100,,36203,18,,,0
579901,'1',544,,36452,32,,,0,60,,36453,32,,,0,20,,36454,32,,,0,22,,36455,32,,,0,64,,36456,32,,,0,14,,36457,32,,,0,12,,36458,32,,,0,11,,36459,32,,,0,12,,36460,32,,,0,52,,36461,32,,,0,12,,36462,32,,,0,12,,36463,32,,,0,12,,36464,32,,,0,11,,36465,32,,,0,52,,36466,32,,,0,12,,36467,32,,,0,12,,36468,32,,,0,15,,36469,32,,,0,55,,36470,32,,,0,15,,36471,32,,,0,15,,36472,32,,,0,15,,36473,32,,,0,55,,36474,32,,,0,15,,36475,32,,,0,15,,36476,32,,,0,15,,36477,32,,,0,55,,36478,32,,,0,15,,36479,32,,,0,15,,36480,32,,,0,15,,36481,32,,,0,55,,36482,32,,,0,15,,36483,32,,,0,15,,36484,32,,,0,15,,36485,32,,,0,55,,36486,32,,,0,15,,36487,32,,,0,15,,36488,32,,,0,15,,36489,32,,,0,54,,36490,32,,,0,13,,36491,32,,,0,12,,36492,32,,,0,12,,36493,32,,,0,12,,36494,32,,,0,52,,36495,32,,,0,12,,36496,32,,,0,12,,36497,32,,,0,12,,36498,32,,,0,12,,36499,32,,,0,52,,36500,32,,,0,12,,36501,32,,,0,12,,36502,32,,,0,12,,36503,32,,,0,12,,36504,32,,,0,52,,36505,32,,,0,14,,36506,32,,,0,12,,36507,32,,,0,15,,36508,32,,,0,56,,36510,32,,,0,16,,36511,32,,,0,17,,36512,32,,,0,16,,36513,32,,,0,59,,36514,32,,,0,14,,36515,32,,,0,20,,36517,32,,,0,60,,36518,32,,,0,20,,36519,32,,,0,20,,36520,32,,,0,73,,36521,32,,,0,30,,36522,32,,,0,63,,36523,32,,,0,41,,36524,32,,,0,70,,36525,32,,,0,91,,36527,32,,,0
579901,'2',556,,36540,32,,,0,68,,36541,32,,,0,26,,36542,32,,,0,70,,36543,32,,,0,30,,36544,32,,,0,70,,36545,32,,,0,30,,36546,32,,,0,71,,36547,32,,,0,20,,36548,32,,,0,60,,36549,32,,,0,20,,36550,32,,,0,20,,36551,32,,,0,60,,36552,32,,,0,20,,36553,32,,,0,20,,36554,32,,,0,62,,36555,32,,,0,22,,36556,32,,,0,18,,36557,32,,,0,60,,36558,32,,,0,20,,36559,32,,,0,20,,36560,32,,,0,60,,36561,32,,,0,20,,36562,32,,,0,20,,36563,32,,,0,60,,36564,32,,,0,20,,36565,32,,,0,20,,36566,32,,,0,60,,36567,32,,,0,20,,36568,32,,,0,20,,36569,32,,,0,60,,36570,32,,,0,20,,36571,32,,,0,20,,36572,32,,,0,60,,36573,32,,,0,15,,36574,32,,,0,30,,36575,32,,,0,70,,36576,32,,,0,30,,36577,32,,,0,70,,36531,32,,,0,30,,36532,32,,,0,70,,36533,32,,,0,28,,36534,32,,,0,70,,36535,32,,,0,28,,36536,32,,,0,70,,36537,32,,,0,30,,36538,32,,,0,75,,36539,32,,,0
579901,'3',615,,36580,32,,,0,30,,36612,32,,,0,70,,36581,32,,,0,30,,36582,32,,,0,70,,36583,32,,,0,30,,36584,32,,,0,70,,36585,32,,,0,30,,36586,32,,,0,70,,36587,32,,,0,30,,36588,32,,,0,73,,36589,32,,,0,30,,36590,32,,,0,70,,36591,32,,,0,30,,36592,32,,,0,70,,36593,32,,,0,30,,36594,32,,,0,70,,36595,32,,,0,30,,36596,32,,,0,70,,36597,32,,,0,30,,36598,32,,,0,70,,36599,32,,,0,30,,36600,32,,,0,70,,36601,32,,,0,30,,36605,32,,,0,70,,36606,32,,,0,30,,36607,32,,,0,70,,36608,32,,,0,30,,36609,32,,,0,70,,36610,32,,,0,30,,36611,32,,,0,70,,36613,32,,,0,33,,36602,32,,,0,70,,36614,32,,,0,30,,36603,32,,,0,70,,36615,32,,,0,30,,36604,32,,,0
579901,'4',609,,36616,32,,,0,30,,36617,32,,,0,70,,36618,32,,,0,30,,36619,32,,,0,70,,36620,32,,,0,30,,36621,32,,,0,74,,36622,32,,,0,34,,36623,32,,,0,70,,36624,32,,,0,30,,36625,32,,,0,70,,36626,32,,,0,30,,36627,32,,,0,70,,36628,32,,,0,30,,36629,32,,,0,70,,36630,32,,,0,30,,36631,32,,,0,100,,36632,32,,,0,100,,36633,32,,,0,100,,36634,32,,,0,100,,36635,32,,,0,100,,36636,32,,,0,100,,36637,32,,,0,100,,36638,32,,,0
579901,'6',556,,36650,32,,,0,68,,36651,32,,,0,26,,36652,32,,,0,70,,36653,32,,,0,30,,36654,32,,,0,70,,36655,32,,,0,30,,36656,32,,,0,71,,36657,32,,,0,20,,36658,32,,,0,60,,36659,32,,,0,20,,36660,32,,,0,20,,36661,32,,,0,60,,36662,32,,,0,20,,36663,32,,,0,20,,36664,32,,,0,62,,36665,32,,,0,22,,36666,32,,,0,18,,36667,32,,,0,60,,36668,32,,,0,20,,36669,32,,,0,20,,36670,32,,,0,60,,36671,32,,,0,20,,36672,32,,,0,20,,36673,32,,,0,60,,36674,32,,,0,20,,36675,32,,,0,20,,36676,32,,,0,60,,36677,32,,,0,20,,36678,32,,,0,20,,36679,32,,,0,60,,36680,32,,,0,20,,36681,32,,,0,20,,36682,32,,,0,60,,36683,32,,,0,15,,36684,32,,,0,30,,36685,32,,,0,70,,36686,32,,,0,30,,36687,32,,,0,70,,36641,32,,,0,30,,36642,32,,,0,70,,36643,32,,,0,28,,36644,32,,,0,70,,36645,32,,,0,28,,36646,32,,,0,70,,36647,32,,,0,30,,36648,32,,,0,75,,36649,32,,,0
580001,'1',446,,36910,33,,,0,56,,36911,33,,,0,6,,36912,33,,,0,9,,36913,33,,,0,20,,36914,33,,,0,10,,36915,33,,,0,2,,36916,33,,,0,8,,36917,33,,,0,1,,36918,33,,,0,53,,36919,33,,,0,12,,36920,33,,,0,15,,36921,33,,,0,15,,36922,33,,,0,55,,36923,33,,,0,15,,36924,33,,,0,15,,36925,33,,,0,15,,36926,33,,,0,55,,36927,33,,,0,15,,36928,33,,,0,15,,36929,33,,,0,15,,36930,33,,,0,56,,36931,33,,,0,15,,36932,33,,,0,25,,36933,33,,,0,70,,36934,33,,,0,30,,36935,33,,,0,70,,36936,33,,,0,30,,36937,33,,,0,70,,36938,33,,,0,30,,36939,33,,,0,70,,36940,33,,,0,30,,36941,33,,,0,70,,36942,33,,,0,30,,36943,33,,,0,69,,36944,33,,,0,15,,36945,33,,,0,15,,36946,33,,,0,55,,36947,33,,,0,15,,36948,33,,,0,15,,36949,33,,,0,15,,36950,33,,,0,55,,36951,33,,,0,15,,36952,33,,,0,15,,36953,33,,,0,15,,36954,33,,,0,55,,36955,33,,,0,30,,36956,33,,,0,68,,36957,33,,,0,30,,36958,33,,,0,72,,36959,33,,,0,30,,36960,33,,,0,70,,36961,33,,,0,30,,36962,33,,,0,70,,36963,33,,,0,30,,36964,33,,,0,70,,36965,33,,,0,34,,36966,33,,,0,70,,36967,33,,,0,30,,36968,33,,,0,76,,36969,33,,,0
580001,'2',504,,37020,33,,,0,4,,37014,33,,,0,30,,37013,33,,,0,70,,37012,33,,,0,30,,37011,33,,,0,70,,37010,33,,,0,30,,37009,33,,,0,70,,37008,33,,,0,30,,37007,33,,,0,70,,37006,33,,,0,20,,37005,33,,,0,20,,37004,33,,,0,60,,37003,33,,,0,20,,37002,33,,,0,20,,36996,33,,,0,60,,36997,33,,,0,20,,36985,33,,,0,20,,36988,33,,,0,60,,36989,33,,,0,20,,36987,33,,,0,20,,36993,33,,,0,60,,36995,33,,,0,20,,36994,33,,,0,20,,36992,33,,,0,60,,36980,33,,,0,20,,36981,33,,,0,20,,36982,33,,,0,60,,36983,33,,,0,20,,36984,33,,,0,20,,36986,33,,,0,60,,37001,33,,,0,20,,36998,33,,,0,20,,36999,33,,,0,60,,37000,33,,,0,20,,36978,33,,,0,20,,36977,33,,,0,60,,36979,33,,,0,20,,36970,33,,,0,20,,36990,33,,,0,70,,36991,33,,,0,30,,36976,33,,,0,70,,36975,33,,,0,30,,36974,33,,,0,70,,36973,33,,,0,30,,36972,33,,,0,70,,36971,33,,,0,30,,37019,33,,,0,75,,37018,33,,,0,30,,37017,33,,,0,70,,37016,33,,,0,30,,37015,33,,,0
580001,'3',503,,37053,33,,,0,18,,37026,33,,,0,23,,37021,33,,,0,7,,37035,33,,,0,56,,37054,33,,,0,13,,37025,33,,,0,30,,37044,33,,,0,70,,37024,33,,,0,30,,37045,33,,,0,70,,37023,33,,,0,30,,37046,33,,,0,70,,37022,33,,,0,29,,37027,33,,,0,70,,37049,33,,,0,30,,37029,33,,,0,70,,37043,33,,,0,30,,37032,33,,,0,70,,37042,33,,,0,30,,37041,33,,,0,70,,37047,33,,,0,30,,37048,33,,,0,70,,37028,33,,,0,30,,37033,33,,,0,70,,37030,33,,,0,30,,37034,33,,,0,70,,37031,33,,,0,30,,37036,33,,,0,70,,37039,33,,,0,30,,37037,33,,,0,70,,37050,33,,,0,30,,37038,33,,,0,71,,37051,33,,,0,30,,37040,33,,,0,70,,37052,33,,,0,30,,37055,33,,,0,70,,37056,33,,,0,30,,37057,33,,,0,71,,37058,33,,,0,30,,37059,33,,,0,70,,37060,33,,,0,30,,37061,33,,,0
580001,'4',547,,37062,33,,,0,86,,37063,33,,,0,85,,37064,33,,,0,85,,37065,33,,,0,45,,37066,33,,,0,85,,37067,33,,,0,85,,37068,33,,,0,85,,37069,33,,,0,45,,37070,33,,,0,85,,37071,33,,,0,85,,37072,33,,,0,85,,37073,33,,,0,45,,37074,33,,,0,85,,37075,33,,,0,85,,37076,33,,,0,85,,37077,33,,,0,45,,37078,33,,,0,85,,37079,33,,,0,85,,37080,33,,,0,85,,37081,33,,,0,45,,37082,33,,,0
580001,'6',503,,37115,33,,,0,18,,37088,33,,,0,23,,37083,33,,,0,7,,37097,33,,,0,56,,37116,33,,,0,13,,37087,33,,,0,30,,37106,33,,,0,70,,37086,33,,,0,30,,37107,33,,,0,70,,37085,33,,,0,30,,37108,33,,,0,70,,37084,33,,,0,29,,37089,33,,,0,70,,37111,33,,,0,30,,37091,33,,,0,70,,37105,33,,,0,30,,37094,33,,,0,70,,37104,33,,,0,30,,37103,33,,,0,70,,37109,33,,,0,30,,37110,33,,,0,70,,37090,33,,,0,30,,37095,33,,,0,70,,37092,33,,,0,30,,37096,33,,,0,70,,37093,33,,,0,30,,37098,33,,,0,70,,37101,33,,,0,30,,37099,33,,,0,70,,37112,33,,,0,30,,37100,33,,,0,71,,37113,33,,,0,30,,37102,33,,,0,70,,37114,33,,,0,30,,37117,33,,,0,70,,37118,33,,,0,30,,37119,33,,,0,71,,37120,33,,,0,30,,37121,33,,,0,70,,37122,33,,,0,30,,37123,33,,,0
580101,'1',529,,37315,40,,,0,20,,37316,40,,,0,60,,37317,40,,,0,20,,37318,40,,,0,20,,37319,40,,,0,60,,37320,40,,,0,15,,37321,40,,,0,19,,37322,40,,,0,15,,37323,40,,,0,55,,37324,40,,,0,18,,37325,40,,,0,20,,37326,40,,,0,60,,37327,40,,,0,19,,37328,40,,,0,20,,37329,40,,,0,60,,37330,40,,,0,20,,37331,40,,,0,20,,37332,40,,,0,60,,37333,40,,,0,20,,37334,40,,,0,20,,37335,40,,,0,60,,37336,40,,,0,20,,37337,40,,,0,20,,37338,40,,,0,60,,37339,40,,,0,20,,37340,40,,,0,20,,37341,40,,,0,60,,37342,40,,,0,15,,37343,40,,,0,15,,37344,40,,,0,15,,37345,40,,,0,55,,37346,40,,,0,15,,37347,40,,,0,15,,37348,40,,,0,15,,37349,40,,,0,55,,37350,40,,,0,15,,37351,40,,,0,15,,37352,40,,,0,15,,37353,40,,,0,55,,37354,40,,,0,15,,37355,40,,,0,15,,37356,40,,,0,15,,37357,40,,,0,55,,37358,40,,,0,30,,37359,40,,,0,70,,37360,40,,,0,30,,37361,40,,,0,70,,37362,40,,,0,26,,37363,40,,,0,70,,37364,40,,,0,45,,37365,40,,,0,80,,37366,40,,,0,80,,37367,40,,,0,40,,37368,40,,,0,80,,37369,40,,,0,80,,37370,40,,,0
580101,'2',528,,37406,40,,,0,30,,37407,40,,,0,70,,37371,40,,,0,30,,37372,40,,,0,70,,37373,40,,,0,30,,37374,40,,,0,70,,37375,40,,,0,30,,37376,40,,,0,75,,37377,40,,,0,70,,37378,40,,,0,30,,37379,40,,,0,70,,37380,40,,,0,30,,37381,40,,,0,70,,37382,40,,,0,30,,37383,40,,,0,70,,37384,40,,,0,30,,37385,40,,,0,70,,37386,40,,,0,30,,37387,40,,,0,70,,37388,40,,,0,30,,37389,40,,,0,70,,37390,40,,,0,30,,37391,40,,,0,70,,37392,40,,,0,30,,37393,40,,,0,70,,37394,40,,,0,30,,37395,40,,,0,70,,37396,40,,,0,30,,37397,40,,,0,70,,37398,40,,,0,26,,37399,40,,,0,30,,37400,40,,,0,70,,37401,40,,,0,30,,37402,40,,,0,70,,37403,40,,,0,80,,37404,40,,,0,40,,37405,40,,,0,80,,37408,40,,,0,80,,37409,40,,,0
580101,'3',615,,37410,40,,,0,30,,37411,40,,,0,70,,37412,40,,,0,30,,37413,40,,,0,70,,37414,40,,,0,30,,37415,40,,,0,70,,37416,40,,,0,34,,37417,40,,,0,70,,37418,40,,,0,30,,37419,40,,,0,70,,37420,40,,,0,30,,37421,40,,,0,70,,37422,40,,,0,30,,37423,40,,,0,70,,37424,40,,,0,30,,37425,40,,,0,70,,37426,40,,,0,30,,37427,40,,,0,70,,37428,40,,,0,30,,37429,40,,,0,70,,37430,40,,,0,30,,37431,40,,,0,70,,37432,40,,,0,30,,37433,40,,,0,70,,37434,40,,,0,30,,37435,40,,,0,70,,37436,40,,,0,30,,37437,40,,,0,70,,37438,40,,,0,25,,37439,40,,,0,70,,37440,40,,,0,35,,37441,40,,,0,80,,37442,40,,,0,80,,37443,40,,,0,40,,37444,40,,,0,75,,37445,40,,,0
580101,'4',651,,37467,40,,,0,80,,37466,40,,,0,80,,37446,40,,,0,40,,37447,40,,,0,80,,37448,40,,,0,80,,37449,40,,,0,40,,37450,40,,,0,80,,37451,40,,,0,80,,37452,40,,,0,40,,37453,40,,,0,80,,37454,40,,,0,80,,37455,40,,,0,40,,37456,40,,,0,80,,37457,40,,,0,80,,37458,40,,,0,40,,37459,40,,,0,80,,37460,40,,,0,80,,37461,40,,,0,40,,37462,40,,,0,80,,37463,40,,,0,80,,37464,40,,,0,40,,37465,40,,,0
580101,'6',615,,37468,40,,,0,30,,37469,40,,,0,70,,37470,40,,,0,30,,37471,40,,,0,70,,37472,40,,,0,30,,37473,40,,,0,70,,37474,40,,,0,34,,37475,40,,,0,70,,37476,40,,,0,30,,37477,40,,,0,70,,37478,40,,,0,30,,37479,40,,,0,70,,37480,40,,,0,30,,37481,40,,,0,70,,37482,40,,,0,30,,37483,40,,,0,70,,37484,40,,,0,30,,37485,40,,,0,70,,37486,40,,,0,30,,37487,40,,,0,70,,37488,40,,,0,30,,37489,40,,,0,70,,37490,40,,,0,30,,37491,40,,,0,70,,37492,40,,,0,30,,37493,40,,,0,70,,37494,40,,,0,30,,37495,40,,,0,70,,37496,40,,,0,25,,37497,40,,,0,70,,37498,40,,,0,35,,37499,40,,,0,80,,37500,40,,,0,80,,37501,40,,,0,40,,37502,40,,,0,75,,37503,40,,,0
580301,'1',500,,38076,30,,,0,35,,38077,30,,,0,23,,38078,33,,,0,62,,38079,30,,,0,20,,38080,33,,,0,60,,38081,30,,,0,20,,38082,33,,,0,17,,38083,30,,,0,15,,38084,33,,,0,55,,38085,30,,,0,15,,38086,33,,,0,15,,38087,30,,,0,15,,38088,33,,,0,55,,38089,30,,,0,15,,38090,33,,,0,15,,38091,30,,,0,15,,38092,33,,,0,55,,38093,30,,,0,17,,38094,33,,,0,20,,38095,30,,,0,60,,38096,33,,,0,20,,38097,30,,,0,20,,38098,33,,,0,60,,38099,30,,,0,20,,38100,33,,,0,20,,38101,30,,,0,60,,38102,33,,,0,20,,38103,30,,,0,20,,38104,33,,,0,60,,38105,30,,,0,16,,38106,33,,,0,12,,38107,30,,,0,15,,38108,33,,,0,55,,38109,30,,,0,15,,38110,33,,,0,15,,38111,30,,,0,15,,38112,33,,,0,55,,38113,30,,,0,15,,38114,33,,,0,15,,38115,30,,,0,15,,38116,33,,,0,55,,38117,30,,,0,15,,38118,33,,,0,18,,38119,30,,,0,15,,38120,33,,,0,55,,38121,30,,,0,15,,38122,33,,,0,15,,38123,30,,,0,15,,38124,33,,,0,55,,38125,30,,,0,15,,38126,33,,,0,15,,38127,30,,,0,20,,38128,33,,,0,60,,38129,30,,,0,20,,38130,33,,,0,20,,38131,30,,,0,60,,38132,33,,,0,20,,38133,30,,,0,16,,38134,33,,,0,69,,38135,30,,,0,30,,38136,33,,,0,70,,38137,30,,,0,30,,38138,33,,,0,68,,38139,30,,,0,28,,38140,33,,,0,68,,38141,30,,,0
580301,'2',537,,38165,33,,,0,70,,38158,30,,,0,30,,38178,33,,,0,70,,38179,30,,,0,30,,38180,33,,,0,70,,38181,30,,,0,30,,38163,33,,,0,70,,38164,30,,,0,30,,38147,33,,,0,70,,38175,30,,,0,24,,38176,33,,,0,20,,38177,30,,,0,60,,38172,33,,,0,20,,38173,30,,,0,20,,38174,33,,,0,60,,38166,30,,,0,20,,38167,33,,,0,20,,38168,30,,,0,60,,38169,33,,,0,20,,38170,30,,,0,20,,38171,33,,,0,60,,38182,30,,,0,20,,38185,33,,,0,20,,38156,30,,,0,60,,38157,33,,,0,20,,38155,30,,,0,20,,38152,33,,,0,60,,38153,30,,,0,20,,38150,33,,,0,20,,38151,30,,,0,60,,38154,33,,,0,20,,38145,30,,,0,20,,38159,33,,,0,60,,38161,30,,,0,20,,38162,33,,,0,20,,38160,30,,,0,60,,38186,33,,,0,30,,38187,30,,,0,70,,38183,33,,,0,30,,38184,30,,,0,70,,38149,33,,,0,30,,38146,30,,,0,70,,38190,33,,,0,30,,38142,30,,,0,70,,38143,33,,,0,30,,38144,30,,,0,70,,38188,33,,,0,30,,38189,30,,,0,70,,38148,33,,,0
580301,'3',620,,38208,33,,,0,30,,38207,30,,,0,70,,38206,33,,,0,30,,38205,30,,,0,70,,38204,33,,,0,30,,38203,30,,,0,70,,38202,33,,,0,30,,38201,30,,,0,72,,38209,33,,,0,20,,38222,30,,,0,60,,38210,30,,,0,20,,38223,33,,,0,20,,38211,30,,,0,60,,38224,33,,,0,20,,38212,30,,,0,20,,38225,33,,,0,60,,38213,30,,,0,20,,38226,33,,,0,20,,38214,30,,,0,60,,38227,33,,,0,20,,38215,30,,,0,20,,38228,33,,,0,60,,38216,30,,,0,20,,38229,33,,,0,20,,38217,30,,,0,60,,38230,33,,,0,20,,38218,30,,,0,20,,38231,33,,,0,60,,38219,30,,,0,20,,38232,33,,,0,20,,38220,30,,,0,60,,38233,33,,,0,20,,38221,30,,,0,20,,38234,33,,,0,58,,38235,30,,,0,19,,38200,33,,,0,31,,38199,30,,,0,69,,38198,33,,,0,31,,38197,30,,,0,69,,38196,33,,,0,31,,38195,30,,,0,66,,38194,33,,,0,31,,38193,30,,,0,69,,38192,33,,,0,31,,38191,30,,,0
580301,'4',620,,38236,33,,,0,30,,38251,30,,,0,70,,38237,33,,,0,30,,38252,30,,,0,70,,38238,33,,,0,30,,38253,30,,,0,70,,38239,33,,,0,30,,38254,30,,,0,70,,38240,33,,,0,30,,38255,30,,,0,70,,38241,33,,,0,30,,38256,30,,,0,70,,38242,33,,,0,30,,38257,30,,,0,70,,38243,33,,,0,30,,38258,30,,,0,70,,38244,33,,,0,30,,38259,30,,,0,70,,38245,33,,,0,30,,38260,30,,,0,70,,38246,33,,,0,30,,38261,30,,,0,70,,38247,33,,,0,30,,38262,30,,,0,70,,38248,33,,,0,30,,38263,30,,,0,70,,38249,33,,,0,30,,38264,30,,,0,70,,38250,33,,,0,30,,38265,30,,,0
580301,'6',620,,38283,33,,,0,30,,38282,30,,,0,70,,38281,33,,,0,30,,38280,30,,,0,70,,38279,33,,,0,30,,38278,30,,,0,70,,38277,33,,,0,30,,38276,30,,,0,72,,38284,33,,,0,20,,38297,30,,,0,60,,38285,30,,,0,20,,38298,33,,,0,20,,38286,30,,,0,60,,38299,33,,,0,20,,38287,30,,,0,20,,38300,33,,,0,60,,38288,30,,,0,20,,38301,33,,,0,20,,38289,30,,,0,60,,38302,33,,,0,20,,38290,30,,,0,20,,38303,33,,,0,60,,38291,30,,,0,20,,38304,33,,,0,20,,38292,30,,,0,60,,38305,33,,,0,20,,38293,30,,,0,20,,38306,33,,,0,60,,38294,30,,,0,20,,38307,33,,,0,20,,38295,30,,,0,60,,38308,33,,,0,20,,38296,30,,,0,20,,38309,33,,,0,58,,38310,30,,,0,19,,38275,33,,,0,31,,38274,30,,,0,69,,38273,33,,,0,31,,38272,30,,,0,69,,38271,33,,,0,31,,38270,30,,,0,66,,38269,33,,,0,31,,38268,30,,,0,69,,38267,33,,,0,31,,38266,30,,,0
