578900,'1',510,,32428,1,,,0,30,,32462,1,,,0,70,,32455,1,,,0,30,,32458,1,,,0,70,,32457,1,,,0,30,,32456,1,,,0,70,,32461,1,,,0,30,,32460,1,,,0,70,,32459,1,,,0,30,,32452,1,,,0,70,,32451,1,,,0,30,,32450,1,,,0,70,,32449,1,,,0,30,,32448,1,,,0,70,,32447,1,,,0,30,,32446,1,,,0,70,,32445,1,,,0,30,,32454,1,,,0,70,,32453,1,,,0,30,,32441,1,,,0,70,,32435,1,,,0,30,,32440,1,,,0,70,,32444,1,,,0,30,,32443,1,,,0,70,,32442,1,,,0,30,,32433,1,,,0,70,,32439,1,,,0,30,,32431,1,,,0,70,,32430,1,,,0,30,,32429,1,,,0,70,,32432,1,,,0,30,,32426,1,,,0,70,,32436,1,,,0,30,,32425,1,,,0,70,,32434,1,,,0,30,,32424,1,,,0,80,,32438,1,,,0,90,,32437,1,,,0,100,,32427,1,,,0
578900,'2',500,,32498,1,,,0,30,,32499,1,,,0,70,,32470,1,,,0,30,,32500,1,,,0,70,,32494,1,,,0,30,,32493,1,,,0,70,,32488,1,,,0,30,,32487,1,,,0,70,,32491,1,,,0,30,,32490,1,,,0,70,,32489,1,,,0,30,,32481,1,,,0,70,,32476,1,,,0,30,,32486,1,,,0,70,,32473,1,,,0,30,,32472,1,,,0,70,,32471,1,,,0,30,,32475,1,,,0,70,,32474,1,,,0,30,,32477,1,,,0,70,,32485,1,,,0,30,,32484,1,,,0,70,,32483,1,,,0,30,,32482,1,,,0,70,,32497,1,,,0,30,,32496,1,,,0,70,,32495,1,,,0,30,,32492,1,,,0,70,,32480,1,,,0,30,,32479,1,,,0,70,,32478,1,,,0,30,,32468,1,,,0,70,,32467,1,,,0,30,,32464,1,,,0,70,,32463,1,,,0,100,,32466,1,,,0,100,,32465,1,,,0,100,,32469,1,,,0
578900,'3',500,,32535,1,,,0,30,,32536,1,,,0,70,,32507,1,,,0,30,,32537,1,,,0,70,,32531,1,,,0,30,,32530,1,,,0,70,,32525,1,,,0,30,,32524,1,,,0,70,,32528,1,,,0,30,,32527,1,,,0,70,,32526,1,,,0,30,,32518,1,,,0,70,,32513,1,,,0,30,,32523,1,,,0,70,,32510,1,,,0,30,,32509,1,,,0,70,,32508,1,,,0,30,,32512,1,,,0,70,,32511,1,,,0,30,,32514,1,,,0,70,,32522,1,,,0,30,,32521,1,,,0,70,,32520,1,,,0,30,,32519,1,,,0,70,,32534,1,,,0,30,,32533,1,,,0,70,,32532,1,,,0,30,,32529,1,,,0,70,,32517,1,,,0,30,,32516,1,,,0,70,,32515,1,,,0,30,,32506,1,,,0,70,,32505,1,,,0,30,,32502,1,,,0,70,,32501,1,,,0,100,,32504,1,,,0,100,,32503,1,,,0
578900,'4',620,,32538,1,,,0,100,,32539,1,,,0,100,,32540,1,,,0,100,,32541,1,,,0,100,,32542,1,,,0,100,,32543,1,,,0,100,,32544,1,,,0,100,,32545,1,,,0,100,,32546,1,,,0,100,,32547,1,,,0,100,,32548,1,,,0,100,,32549,1,,,0,100,,32550,1,,,0,100,,32551,1,,,0,100,,32552,1,,,0,100,,32553,1,,,0
578900,'6',500,,32588,1,,,0,30,,32589,1,,,0,70,,32560,1,,,0,30,,32590,1,,,0,70,,32584,1,,,0,30,,32583,1,,,0,70,,32578,1,,,0,30,,32577,1,,,0,70,,32581,1,,,0,30,,32580,1,,,0,70,,32579,1,,,0,30,,32571,1,,,0,70,,32566,1,,,0,30,,32576,1,,,0,70,,32563,1,,,0,30,,32562,1,,,0,70,,32561,1,,,0,30,,32565,1,,,0,70,,32564,1,,,0,30,,32567,1,,,0,70,,32575,1,,,0,30,,32574,1,,,0,70,,32573,1,,,0,30,,32572,1,,,0,70,,32587,1,,,0,30,,32586,1,,,0,70,,32585,1,,,0,30,,32582,1,,,0,70,,32570,1,,,0,30,,32569,1,,,0,70,,32568,1,,,0,30,,32559,1,,,0,70,,32558,1,,,0,30,,32555,1,,,0,70,,32554,1,,,0,100,,32557,1,,,0,100,,32556,1,,,0
578901,'1',549,,32625,67,4,,0,70,,32627,67,4,,0,30,,32620,67,4,,0,70,,32621,67,4,,0,35,,32597,67,4,,0,70,,32626,67,4,,0,30,,32624,67,4,,0,70,,32623,67,4,,0,26,,32622,67,4,,0,76,,32619,67,4,,0,30,,32611,67,4,,0,70,,32610,67,4,,0,30,,32609,67,4,,0,70,,32614,67,4,,0,30,,32613,67,4,,0,70,,32612,67,4,,0,30,,32618,67,4,,0,70,,32617,67,4,,0,33,,32616,67,4,,0,70,,32596,67,4,,0,30,,32603,67,4,,0,70,,32602,67,4,,0,30,,32606,67,4,,0,70,,32605,67,4,,0,30,,32604,67,4,,0,70,,32608,67,4,,0,24,,32600,67,4,,0,70,,32599,67,4,,0,30,,32601,67,4,,0,70,,32593,67,4,,0,30,,32615,67,4,,0,70,,32592,67,4,,0,30,,32598,67,4,,0,70,,32591,67,4,,0,33,,32607,67,4,,0,100,,32595,67,4,,0,100,,32594,67,4,,0
578901,'2',542,,32664,65,4,,0,70,,32642,65,4,,0,30,,32635,65,4,,0,70,,32641,65,4,,0,30,,32640,65,4,,0,70,,32656,65,4,,0,30,,32655,65,4,,0,70,,32654,65,4,,0,31,,32658,65,4,,0,70,,32657,65,4,,0,30,,32659,65,4,,0,70,,32650,65,4,,0,30,,32649,65,4,,0,70,,32648,65,4,,0,30,,32653,65,4,,0,70,,32652,65,4,,0,30,,32651,65,4,,0,70,,32662,65,4,,0,30,,32661,65,4,,0,70,,32645,65,4,,0,30,,32644,65,4,,0,70,,32660,65,4,,0,30,,32643,65,4,,0,70,,32647,65,4,,0,30,,32646,65,4,,0,70,,32637,65,4,,0,30,,32636,65,4,,0,70,,32639,65,4,,0,29,,32638,65,4,,0,70,,32630,65,4,,0,30,,32629,65,4,,0,70,,32634,65,4,,0,30,,32628,65,4,,0,100,,32633,65,4,,0,100,,32632,65,4,,0,100,,32631,65,4,,0,100,,32663,65,4,,0
578901,'3',542,,32700,65,4,,0,70,,32679,65,4,,0,30,,32672,65,4,,0,70,,32678,65,4,,0,30,,32677,65,4,,0,70,,32693,65,4,,0,30,,32692,65,4,,0,70,,32691,65,4,,0,31,,32695,65,4,,0,70,,32694,65,4,,0,30,,32696,65,4,,0,70,,32687,65,4,,0,30,,32686,65,4,,0,70,,32685,65,4,,0,30,,32690,65,4,,0,70,,32689,65,4,,0,30,,32688,65,4,,0,70,,32699,65,4,,0,30,,32698,65,4,,0,70,,32682,65,4,,0,30,,32681,65,4,,0,70,,32697,65,4,,0,30,,32680,65,4,,0,70,,32684,65,4,,0,30,,32683,65,4,,0,70,,32674,65,4,,0,30,,32673,65,4,,0,70,,32676,65,4,,0,29,,32675,65,4,,0,70,,32667,65,4,,0,30,,32666,65,4,,0,70,,32671,65,4,,0,30,,32665,65,4,,0,100,,32670,65,4,,0,100,,32669,65,4,,0,100,,32668,65,4,,0
578901,'4',602,,32701,65,4,,0,100,,32702,65,4,,0,100,,32703,65,4,,0,100,,32704,65,4,,0,102,,32705,65,4,,0,100,,32706,65,4,,0,100,,32707,65,4,,0,100,,32708,65,4,,0,100,,32709,65,4,,0,100,,32710,65,4,,0,100,,32711,65,4,,0,100,,32712,65,4,,0,100,,32713,65,4,,0,96,,32714,65,4,,0,100,,32715,65,4,,0,100,,32716,65,4,,0
578901,'6',542,,32752,65,4,,0,70,,32731,65,4,,0,30,,32724,65,4,,0,70,,32730,65,4,,0,30,,32729,65,4,,0,70,,32745,65,4,,0,30,,32744,65,4,,0,70,,32743,65,4,,0,31,,32747,65,4,,0,70,,32746,65,4,,0,30,,32748,65,4,,0,70,,32739,65,4,,0,30,,32738,65,4,,0,70,,32737,65,4,,0,30,,32742,65,4,,0,70,,32741,65,4,,0,30,,32740,65,4,,0,70,,32751,65,4,,0,30,,32750,65,4,,0,70,,32734,65,4,,0,30,,32733,65,4,,0,70,,32749,65,4,,0,30,,32732,65,4,,0,70,,32736,65,4,,0,30,,32735,65,4,,0,70,,32726,65,4,,0,30,,32725,65,4,,0,70,,32728,65,4,,0,29,,32727,65,4,,0,70,,32719,65,4,,0,30,,32718,65,4,,0,70,,32723,65,4,,0,30,,32717,65,4,,0,100,,32722,65,4,,0,100,,32721,65,4,,0,100,,32720,65,4,,0
