578201,'1',516,,30350,32,,,0,20,,30336,32,,,0,20,,30349,32,,,0,60,,30348,32,,,0,20,,30351,32,,,0,20,,30352,32,,,0,60,,30353,32,,,0,20,,30354,32,,,0,20,,30355,32,,,0,60,,30356,32,,,0,20,,30357,32,,,0,20,,30358,32,,,0,60,,30359,32,,,0,20,,30360,32,,,0,20,,30361,32,,,0,60,,30362,32,,,0,21,,30363,32,,,0,20,,30364,32,,,0,60,,30365,32,,,0,20,,30366,32,,,0,20,,30367,32,,,0,60,,30368,32,,,0,20,,30369,32,,,0,20,,30370,32,,,0,60,,30371,32,,,0,20,,30372,32,,,0,20,,30373,32,,,0,60,,30374,32,,,0,19,,30375,32,,,0,20,,30376,32,,,0,60,,30377,32,,,0,20,,30378,32,,,0,20,,30379,32,,,0,60,,30380,32,,,0,20,,30381,32,,,0,20,,30382,32,,,0,60,,30383,32,,,0,20,,30384,32,,,0,20,,30385,32,,,0,65,,30386,32,,,0,30,,30337,32,,,0,70,,30338,32,,,0,31,,30339,32,,,0,70,,30340,32,,,0,30,,30341,32,,,0,70,,30342,32,,,0,30,,30343,32,,,0,71,,30344,32,,,0,30,,30345,32,,,0,70,,30335,32,,,0,30,,30346,32,,,0,80,,30334,32,,,0,25,,30347,32,,,0
578201,'2',556,,30388,32,,,0,70,,30389,32,,,0,30,,30390,32,,,0,70,,30391,32,,,0,30,,30392,32,,,0,69,,30393,32,,,0,29,,30394,32,,,0,66,,30395,32,,,0,20,,30396,32,,,0,60,,30397,32,,,0,20,,30398,32,,,0,20,,30399,32,,,0,60,,30400,32,,,0,20,,30401,32,,,0,20,,30402,32,,,0,60,,30403,32,,,0,20,,30404,32,,,0,20,,30405,32,,,0,60,,30406,32,,,0,20,,30407,32,,,0,20,,30408,32,,,0,60,,30409,32,,,0,20,,30410,32,,,0,20,,30411,32,,,0,60,,30412,32,,,0,20,,30413,32,,,0,20,,30414,32,,,0,60,,30415,32,,,0,20,,30416,32,,,0,20,,30417,32,,,0,60,,30418,32,,,0,27,,30419,32,,,0,30,,30420,32,,,0,70,,30421,32,,,0,30,,30422,32,,,0,70,,30423,32,,,0,30,,30424,32,,,0,70,,30425,32,,,0,30,,30426,32,,,0,70,,30427,32,,,0,30,,30428,32,,,0,72,,30429,32,,,0,30,,30430,32,,,0,70,,30431,32,,,0,30,,30432,32,,,0,90,,30433,32,,,0
578201,'3',620,,30469,32,,,0,35,,30468,32,,,0,70,,30467,32,,,0,30,,30466,32,,,0,70,,30465,32,,,0,30,,30464,32,,,0,70,,30463,32,,,0,30,,30462,32,,,0,70,,30461,32,,,0,30,,30460,32,,,0,70,,30459,32,,,0,30,,30458,32,,,0,70,,30457,32,,,0,30,,30456,32,,,0,70,,30455,32,,,0,30,,30454,32,,,0,70,,30453,32,,,0,30,,30452,32,,,0,70,,30451,32,,,0,30,,30450,32,,,0,70,,30449,32,,,0,30,,30448,32,,,0,70,,30447,32,,,0,30,,30446,32,,,0,70,,30445,32,,,0,30,,30444,32,,,0,70,,30443,32,,,0,30,,30442,32,,,0,72,,30441,32,,,0,30,,30440,32,,,0,70,,30439,32,,,0,30,,30438,32,,,0,70,,30437,32,,,0,30,,30436,32,,,0,70,,30435,32,,,0,30,,30434,32,,,0
578201,'4',658,,30471,32,,,0,80,,30472,32,,,0,80,,30473,32,,,0,40,,30474,32,,,0,80,,30475,32,,,0,80,,30476,32,,,0,40,,30477,32,,,0,80,,30478,32,,,0,80,,30479,32,,,0,40,,30480,32,,,0,80,,30481,32,,,0,80,,30482,32,,,0,105,,30483,32,,,0,100,,30484,32,,,0,100,,30485,32,,,0,100,,30486,32,,,0,100,,30487,32,,,0,100,,30488,32,,,0,90,,30489,32,,,0
578201,'6',620,,30525,32,,,0,35,,30524,32,,,0,70,,30523,32,,,0,30,,30522,32,,,0,70,,30521,32,,,0,30,,30520,32,,,0,70,,30519,32,,,0,30,,30518,32,,,0,70,,30517,32,,,0,30,,30516,32,,,0,70,,30515,32,,,0,30,,30514,32,,,0,70,,30513,32,,,0,30,,30512,32,,,0,70,,30511,32,,,0,30,,30510,32,,,0,70,,30509,32,,,0,30,,30508,32,,,0,70,,30507,32,,,0,30,,30506,32,,,0,70,,30505,32,,,0,30,,30504,32,,,0,70,,30503,32,,,0,30,,30502,32,,,0,70,,30501,32,,,0,30,,30500,32,,,0,70,,30499,32,,,0,30,,30498,32,,,0,72,,30497,32,,,0,30,,30496,32,,,0,70,,30495,32,,,0,30,,30494,32,,,0,70,,30493,32,,,0,30,,30492,32,,,0,70,,30491,32,,,0,30,,30490,32,,,0
578900,'1',529,,32428,28,,,0,30,,32462,28,,,0,70,,32455,28,,,0,30,,32458,28,,,0,71,,32457,28,,,0,70,,32456,28,,,0,30,,32461,28,,,0,70,,32460,28,,,0,30,,32459,28,,,0,70,,32452,28,,,0,30,,32451,28,,,0,70,,32450,28,,,0,30,,32449,28,,,0,70,,32448,28,,,0,30,,32447,28,,,0,70,,32446,28,,,0,30,,32445,28,,,0,70,,32454,28,,,0,30,,32453,28,,,0,70,,32441,28,,,0,30,,32435,28,,,0,70,,32440,28,,,0,30,,32444,28,,,0,70,,32443,28,,,0,30,,32442,28,,,0,70,,32433,28,,,0,29,,32439,28,,,0,30,,32431,28,,,0,70,,32430,28,,,0,30,,32429,28,,,0,70,,32432,28,,,0,30,,32426,28,,,0,70,,32436,28,,,0,30,,32425,28,,,0,70,,32434,28,,,0,30,,32424,28,,,0,80,,32438,28,,,0,90,,32437,28,,,0,100,,32427,28,,,0
578900,'2',515,,32498,26,,,0,30,,32499,26,,,0,70,,32470,26,,,0,30,,32500,26,,,0,70,,32494,26,,,0,30,,32493,26,,,0,72,,32488,26,,,0,30,,32487,26,,,0,70,,32491,26,,,0,30,,32490,26,,,0,70,,32489,26,,,0,30,,32481,26,,,0,70,,32476,26,,,0,30,,32486,26,,,0,70,,32473,26,,,0,30,,32472,26,,,0,70,,32471,26,,,0,30,,32475,26,,,0,70,,32474,26,,,0,30,,32477,26,,,0,70,,32485,26,,,0,30,,32484,26,,,0,70,,32483,26,,,0,30,,32482,26,,,0,70,,32497,26,,,0,30,,32496,26,,,0,69,,32495,26,,,0,30,,32492,26,,,0,70,,32480,26,,,0,30,,32479,26,,,0,70,,32478,26,,,0,30,,32468,26,,,0,70,,32467,26,,,0,30,,32464,26,,,0,70,,32463,26,,,0,100,,32466,26,,,0,100,,32465,26,,,0,100,,32469,26,,,0
578900,'3',515,,32535,26,,,0,30,,32536,26,,,0,70,,32507,26,,,0,30,,32537,26,,,0,70,,32531,26,,,0,30,,32530,26,,,0,72,,32525,26,,,0,30,,32524,26,,,0,70,,32528,26,,,0,30,,32527,26,,,0,70,,32526,26,,,0,30,,32518,26,,,0,70,,32513,26,,,0,30,,32523,26,,,0,70,,32510,26,,,0,30,,32509,26,,,0,70,,32508,26,,,0,30,,32512,26,,,0,70,,32511,26,,,0,30,,32514,26,,,0,70,,32522,26,,,0,30,,32521,26,,,0,70,,32520,26,,,0,30,,32519,26,,,0,70,,32534,26,,,0,30,,32533,26,,,0,69,,32532,26,,,0,30,,32529,26,,,0,70,,32517,26,,,0,30,,32516,26,,,0,70,,32515,26,,,0,30,,32506,26,,,0,70,,32505,26,,,0,30,,32502,26,,,0,70,,32501,26,,,0,100,,32504,26,,,0,100,,32503,26,,,0
578900,'4',634,,32538,26,,,0,100,,32539,26,,,0,100,,32540,26,,,0,101,,32541,26,,,0,100,,32542,26,,,0,100,,32543,26,,,0,100,,32544,26,,,0,100,,32545,26,,,0,100,,32546,26,,,0,100,,32547,26,,,0,100,,32548,26,,,0,100,,32549,26,,,0,99,,32550,26,,,0,100,,32551,26,,,0,100,,32552,26,,,0,100,,32553,26,,,0
578900,'6',515,,32588,26,,,0,30,,32589,26,,,0,70,,32560,26,,,0,30,,32590,26,,,0,70,,32584,26,,,0,30,,32583,26,,,0,72,,32578,26,,,0,30,,32577,26,,,0,70,,32581,26,,,0,30,,32580,26,,,0,70,,32579,26,,,0,30,,32571,26,,,0,70,,32566,26,,,0,30,,32576,26,,,0,70,,32563,26,,,0,30,,32562,26,,,0,70,,32561,26,,,0,30,,32565,26,,,0,70,,32564,26,,,0,30,,32567,26,,,0,70,,32575,26,,,0,30,,32574,26,,,0,70,,32573,26,,,0,30,,32572,26,,,0,70,,32587,26,,,0,30,,32586,26,,,0,69,,32585,26,,,0,30,,32582,26,,,0,70,,32570,26,,,0,30,,32569,26,,,0,70,,32568,26,,,0,30,,32559,26,,,0,70,,32558,26,,,0,30,,32555,26,,,0,70,,32554,26,,,0,100,,32557,26,,,0,100,,32556,26,,,0
