579500,'1',500,,34542,1,,,0,20,,34543,1,,,0,20,,34544,1,,,0,60,,34545,1,,,0,20,,34546,1,,,0,20,,34547,1,,,0,15,,34548,1,,,0,55,,34549,1,,,0,15,,34550,1,,,0,15,,34551,1,,,0,15,,34552,1,,,0,55,,34553,1,,,0,15,,34554,1,,,0,15,,34555,1,,,0,15,,34556,1,,,0,55,,34557,1,,,0,15,,34558,1,,,0,20,,34559,1,,,0,63,,34560,1,,,0,17,,34561,1,,,0,20,,34562,1,,,0,60,,34563,1,,,0,20,,34564,1,,,0,20,,34565,1,,,0,60,,34566,1,,,0,20,,34567,1,,,0,20,,34568,1,,,0,60,,34569,1,,,0,20,,34570,1,,,0,20,,34571,1,,,0,60,,34572,1,,,0,20,,34573,1,,,0,20,,34574,1,,,0,55,,34575,1,,,0,15,,34576,1,,,0,15,,34577,1,,,0,15,,34578,1,,,0,55,,34579,1,,,0,15,,34580,1,,,0,15,,34581,1,,,0,15,,34582,1,,,0,55,,34583,1,,,0,15,,34584,1,,,0,15,,34585,1,,,0,15,,34586,1,,,0,55,,34587,1,,,0,30,,34588,1,,,0,70,,34589,1,,,0,30,,34590,1,,,0,70,,34591,1,,,0,30,,34592,1,,,0,70,,34593,1,,,0,30,,34594,1,,,0,70,,34595,1,,,0,30,,34596,1,,,0,70,,34597,1,,,0,30,,34598,1,,,0,70,,34599,1,,,0,30,,34600,1,,,0,90,,34601,1,,,0
579500,'2',550,,34622,1,,,0,70,,34631,1,,,0,30,,34633,1,,,0,70,,34637,1,,,0,30,,34614,1,,,0,70,,34638,1,,,0,30,,34613,1,,,0,70,,34628,1,,,0,30,,34626,1,,,0,70,,34629,1,,,0,30,,34603,1,,,0,70,,34640,1,,,0,30,,34609,1,,,0,70,,34623,1,,,0,30,,34632,1,,,0,70,,34607,1,,,0,30,,34604,1,,,0,70,,34606,1,,,0,30,,34602,1,,,0,70,,34608,1,,,0,30,,34615,1,,,0,70,,34605,1,,,0,30,,34612,1,,,0,70,,34610,1,,,0,30,,34611,1,,,0,70,,34616,1,,,0,30,,34636,1,,,0,70,,34627,1,,,0,30,,34617,1,,,0,70,,34619,1,,,0,30,,34634,1,,,0,70,,34630,1,,,0,30,,34618,1,,,0,70,,34620,1,,,0,30,,34621,1,,,0,70,,34635,1,,,0,30,,34639,1,,,0,80,,34625,1,,,0,90,,34624,1,,,0
579500,'3',600,,34653,1,,,0,30,,34645,1,,,0,70,,34652,1,,,0,30,,34644,1,,,0,70,,34654,1,,,0,30,,34643,1,,,0,70,,34646,1,,,0,30,,34647,1,,,0,70,,34648,1,,,0,30,,34649,1,,,0,70,,34650,1,,,0,30,,34655,1,,,0,70,,34657,1,,,0,30,,34669,1,,,0,70,,34656,1,,,0,30,,34658,1,,,0,70,,34661,1,,,0,30,,34660,1,,,0,70,,34659,1,,,0,30,,34662,1,,,0,70,,34663,1,,,0,30,,34664,1,,,0,70,,34666,1,,,0,30,,34668,1,,,0,70,,34667,1,,,0,30,,34665,1,,,0,70,,34642,1,,,0,30,,34651,1,,,0,70,,34641,1,,,0,30,,34670,1,,,0,70,,34671,1,,,0,30,,34672,1,,,0,70,,34673,1,,,0,30,,34674,1,,,0,70,,34675,1,,,0,30,,34676,1,,,0,70,,34677,1,,,0
579500,'4',630,,34703,1,,,0,70,,34700,1,,,0,30,,34699,1,,,0,70,,34698,1,,,0,30,,34697,1,,,0,70,,34696,1,,,0,30,,34695,1,,,0,70,,34694,1,,,0,30,,34693,1,,,0,70,,34692,1,,,0,30,,34691,1,,,0,70,,34690,1,,,0,30,,34689,1,,,0,70,,34688,1,,,0,30,,34687,1,,,0,70,,34686,1,,,0,30,,34685,1,,,0,70,,34684,1,,,0,45,,34680,1,,,0,85,,34679,1,,,0,85,,34701,1,,,0,85,,34678,1,,,0,45,,34683,1,,,0,85,,34682,1,,,0,85,,34702,1,,,0,85,,34681,1,,,0
579500,'6',600,,34716,1,,,0,30,,34708,1,,,0,70,,34715,1,,,0,30,,34707,1,,,0,70,,34717,1,,,0,30,,34706,1,,,0,70,,34709,1,,,0,30,,34710,1,,,0,70,,34711,1,,,0,30,,34712,1,,,0,70,,34713,1,,,0,30,,34718,1,,,0,70,,34720,1,,,0,30,,34732,1,,,0,70,,34719,1,,,0,30,,34721,1,,,0,70,,34724,1,,,0,30,,34723,1,,,0,70,,34722,1,,,0,30,,34725,1,,,0,70,,34726,1,,,0,30,,34727,1,,,0,70,,34729,1,,,0,30,,34731,1,,,0,70,,34730,1,,,0,30,,34728,1,,,0,70,,34705,1,,,0,30,,34714,1,,,0,70,,34704,1,,,0,30,,34733,1,,,0,70,,34734,1,,,0,30,,34735,1,,,0,70,,34736,1,,,0,30,,34737,1,,,0,70,,34738,1,,,0,30,,34739,1,,,0,70,,34740,1,,,0
579501,'1',534,,34741,41,4,,0,20,,34742,41,4,,0,60,,34743,41,4,,0,20,,34744,41,4,,0,18,,34745,41,4,,0,55,,34746,41,4,,0,15,,34747,41,4,,0,13,,34748,41,4,,0,15,,34749,41,4,,0,55,,34750,41,4,,0,15,,34751,41,4,,0,15,,34752,41,4,,0,15,,34753,41,4,,0,55,,34754,41,4,,0,15,,34755,41,4,,0,15,,34756,41,4,,0,15,,34757,41,4,,0,55,,34758,41,4,,0,15,,34759,41,4,,0,17,,34760,41,4,,0,20,,34761,41,4,,0,60,,34762,41,4,,0,20,,34763,41,4,,0,20,,34764,41,4,,0,60,,34765,41,4,,0,20,,34766,41,4,,0,20,,34767,41,4,,0,60,,34768,41,4,,0,20,,34769,41,4,,0,20,,34770,41,4,,0,61,,34771,41,4,,0,19,,34772,41,4,,0,14,,34773,41,4,,0,56,,34774,41,4,,0,14,,34775,41,4,,0,15,,34776,41,4,,0,15,,34777,41,4,,0,55,,34778,41,4,,0,15,,34779,41,4,,0,15,,34780,41,4,,0,15,,34781,41,4,,0,55,,34782,41,4,,0,15,,34783,41,4,,0,15,,34784,41,4,,0,15,,34785,41,4,,0,55,,34786,41,4,,0,20,,34787,41,4,,0,30,,34788,41,4,,0,69,,34789,41,4,,0,30,,34790,41,4,,0,70,,34791,41,4,,0,30,,34792,41,4,,0,70,,34793,41,4,,0,30,,34794,41,4,,0,70,,34795,41,4,,0,30,,34796,41,4,,0,70,,34797,41,4,,0,30,,34798,41,4,,0,70,,34799,41,4,,0,87,,34800,41,4,,0,33,,34801,41,4,,0
579501,'2',611,,34835,41,4,,0,34,,34833,41,4,,0,70,,34830,41,4,,0,30,,34813,41,4,,0,70,,34826,41,4,,0,30,,34827,41,4,,0,70,,34832,41,4,,0,30,,34837,41,4,,0,70,,34838,41,4,,0,30,,34831,41,4,,0,70,,34836,41,4,,0,30,,34834,41,4,,0,70,,34840,41,4,,0,30,,34802,41,4,,0,70,,34806,41,4,,0,30,,34805,41,4,,0,70,,34839,41,4,,0,30,,34803,41,4,,0,70,,34804,41,4,,0,30,,34807,41,4,,0,70,,34811,41,4,,0,30,,34812,41,4,,0,70,,34815,41,4,,0,30,,34818,41,4,,0,70,,34819,41,4,,0,30,,34809,41,4,,0,70,,34808,41,4,,0,30,,34810,41,4,,0,70,,34820,41,4,,0,30,,34821,41,4,,0,70,,34823,41,4,,0,30,,34816,41,4,,0,70,,34817,41,4,,0,30,,34814,41,4,,0,70,,34828,41,4,,0,30,,34829,41,4,,0,70,,34822,41,4,,0,30,,34824,41,4,,0,70,,34825,41,4,,0
579501,'3',616,,34846,41,4,,0,35,,34845,41,4,,0,73,,34847,41,4,,0,30,,34844,41,4,,0,70,,34848,41,4,,0,30,,34843,41,4,,0,70,,34849,41,4,,0,30,,34850,41,4,,0,70,,34851,41,4,,0,30,,34852,41,4,,0,70,,34853,41,4,,0,30,,34854,41,4,,0,70,,34855,41,4,,0,30,,34856,41,4,,0,70,,34857,41,4,,0,30,,34858,41,4,,0,70,,34859,41,4,,0,30,,34860,41,4,,0,70,,34861,41,4,,0,30,,34862,41,4,,0,70,,34863,41,4,,0,30,,34864,41,4,,0,70,,34865,41,4,,0,30,,34866,41,4,,0,70,,34867,41,4,,0,30,,34868,41,4,,0,70,,34842,41,4,,0,30,,34869,41,4,,0,70,,34841,41,4,,0,30,,34870,41,4,,0,70,,34871,41,4,,0,30,,34872,41,4,,0,70,,34873,41,4,,0,30,,34874,41,4,,0,70,,34875,41,4,,0,30,,34876,41,4,,0
579501,'4',653,,34899,41,4,,0,100,,34898,41,4,,0,70,,34897,41,4,,0,30,,34896,41,4,,0,70,,34895,41,4,,0,30,,34894,41,4,,0,70,,34893,41,4,,0,30,,34892,41,4,,0,70,,34891,41,4,,0,30,,34890,41,4,,0,70,,34889,41,4,,0,30,,34888,41,4,,0,70,,34887,41,4,,0,30,,34886,41,4,,0,70,,34885,41,4,,0,30,,34884,41,4,,0,70,,34883,41,4,,0,30,,34882,41,4,,0,70,,34881,41,4,,0,85,,34880,41,4,,0,45,,34900,41,4,,0,85,,34879,41,4,,0,85,,34878,41,4,,0,85,,34877,41,4,,0,45,,34901,41,4,,0
579501,'6',616,,34907,41,4,,0,35,,34906,41,4,,0,73,,34908,41,4,,0,30,,34905,41,4,,0,70,,34909,41,4,,0,30,,34904,41,4,,0,70,,34910,41,4,,0,30,,34911,41,4,,0,70,,34912,41,4,,0,30,,34913,41,4,,0,70,,34914,41,4,,0,30,,34915,41,4,,0,70,,34916,41,4,,0,30,,34917,41,4,,0,70,,34918,41,4,,0,30,,34919,41,4,,0,70,,34920,41,4,,0,30,,34921,41,4,,0,70,,34922,41,4,,0,30,,34923,41,4,,0,70,,34924,41,4,,0,30,,34925,41,4,,0,70,,34926,41,4,,0,30,,34927,41,4,,0,70,,34928,41,4,,0,30,,34929,41,4,,0,70,,34903,41,4,,0,30,,34930,41,4,,0,70,,34902,41,4,,0,30,,34931,41,4,,0,70,,34932,41,4,,0,30,,34933,41,4,,0,70,,34934,41,4,,0,30,,34935,41,4,,0,70,,34936,41,4,,0,30,,34937,41,4,,0
