578201,'1',517,,30350,34,,,0,20,,30336,34,,,0,20,,30349,34,,,0,60,,30348,34,,,0,20,,30351,34,,,0,20,,30352,34,,,0,60,,30353,34,,,0,20,,30354,34,,,0,20,,30355,34,,,0,60,,30356,34,,,0,20,,30357,34,,,0,20,,30358,34,,,0,60,,30359,34,,,0,20,,30360,34,,,0,20,,30361,34,,,0,60,,30362,34,,,0,21,,30363,34,,,0,20,,30364,34,,,0,60,,30365,34,,,0,20,,30366,34,,,0,20,,30367,34,,,0,60,,30368,34,,,0,20,,30369,34,,,0,20,,30370,34,,,0,60,,30371,34,,,0,20,,30372,34,,,0,20,,30373,34,,,0,60,,30374,34,,,0,19,,30375,34,,,0,20,,30376,34,,,0,60,,30377,34,,,0,20,,30378,34,,,0,20,,30379,34,,,0,60,,30380,34,,,0,20,,30381,34,,,0,20,,30382,34,,,0,60,,30383,34,,,0,20,,30384,34,,,0,20,,30385,34,,,0,65,,30386,34,,,0,30,,30337,34,,,0,70,,30338,34,,,0,31,,30339,34,,,0,70,,30340,34,,,0,30,,30341,34,,,0,70,,30342,34,,,0,30,,30343,34,,,0,71,,30344,34,,,0,30,,30345,34,,,0,70,,30335,34,,,0,30,,30346,34,,,0,80,,30334,34,,,0,25,,30347,34,,,0
578201,'2',557,,30388,34,,,0,70,,30389,34,,,0,30,,30390,34,,,0,70,,30391,34,,,0,30,,30392,34,,,0,69,,30393,34,,,0,29,,30394,34,,,0,67,,30395,34,,,0,20,,30396,34,,,0,60,,30397,34,,,0,20,,30398,34,,,0,20,,30399,34,,,0,60,,30400,34,,,0,20,,30401,34,,,0,20,,30402,34,,,0,60,,30403,34,,,0,20,,30404,34,,,0,20,,30405,34,,,0,60,,30406,34,,,0,20,,30407,34,,,0,20,,30408,34,,,0,60,,30409,34,,,0,20,,30410,34,,,0,20,,30411,34,,,0,60,,30412,34,,,0,20,,30413,34,,,0,20,,30414,34,,,0,60,,30415,34,,,0,20,,30416,34,,,0,20,,30417,34,,,0,60,,30418,34,,,0,26,,30419,34,,,0,30,,30420,34,,,0,70,,30421,34,,,0,30,,30422,34,,,0,70,,30423,34,,,0,30,,30424,34,,,0,70,,30425,34,,,0,30,,30426,34,,,0,70,,30427,34,,,0,30,,30428,34,,,0,72,,30429,34,,,0,70,,30430,34,,,0,30,,30431,34,,,0,70,,30432,34,,,0,50,,30433,34,,,0
578201,'3',621,,30469,34,,,0,35,,30468,34,,,0,70,,30467,34,,,0,30,,30466,34,,,0,70,,30465,34,,,0,30,,30464,34,,,0,70,,30463,34,,,0,30,,30462,34,,,0,70,,30461,34,,,0,30,,30460,34,,,0,70,,30459,34,,,0,30,,30458,34,,,0,70,,30457,34,,,0,30,,30456,34,,,0,70,,30455,34,,,0,30,,30454,34,,,0,70,,30453,34,,,0,30,,30452,34,,,0,70,,30451,34,,,0,30,,30450,34,,,0,70,,30449,34,,,0,30,,30448,34,,,0,70,,30447,34,,,0,30,,30446,34,,,0,70,,30445,34,,,0,30,,30444,34,,,0,70,,30443,34,,,0,30,,30442,34,,,0,72,,30441,34,,,0,30,,30440,34,,,0,70,,30439,34,,,0,30,,30438,34,,,0,70,,30437,34,,,0,30,,30436,34,,,0,70,,30435,34,,,0,30,,30434,34,,,0
578201,'4',659,,30471,34,,,0,80,,30472,34,,,0,80,,30473,34,,,0,40,,30474,34,,,0,80,,30475,34,,,0,80,,30476,34,,,0,40,,30477,34,,,0,80,,30478,34,,,0,80,,30479,34,,,0,40,,30480,34,,,0,80,,30481,34,,,0,80,,30482,34,,,0,105,,30483,34,,,0,100,,30484,34,,,0,100,,30485,34,,,0,100,,30486,34,,,0,100,,30487,34,,,0,100,,30488,34,,,0,90,,30489,34,,,0
578201,'6',621,,30525,34,,,0,35,,30524,34,,,0,70,,30523,34,,,0,30,,30522,34,,,0,70,,30521,34,,,0,30,,30520,34,,,0,70,,30519,34,,,0,30,,30518,34,,,0,70,,30517,34,,,0,30,,30516,34,,,0,70,,30515,34,,,0,30,,30514,34,,,0,70,,30513,34,,,0,30,,30512,34,,,0,70,,30511,34,,,0,30,,30510,34,,,0,70,,30509,34,,,0,30,,30508,34,,,0,70,,30507,34,,,0,30,,30506,34,,,0,70,,30505,34,,,0,30,,30504,34,,,0,70,,30503,34,,,0,30,,30502,34,,,0,70,,30501,34,,,0,30,,30500,34,,,0,70,,30499,34,,,0,30,,30498,34,,,0,72,,30497,34,,,0,30,,30496,34,,,0,70,,30495,34,,,0,30,,30494,34,,,0,70,,30493,34,,,0,30,,30492,34,,,0,70,,30491,34,,,0,30,,30490,34,,,0
578900,'1',531,,32428,30,,,0,70,,32462,30,,,0,30,,32455,30,,,0,70,,32458,30,,,0,31,,32457,30,,,0,70,,32456,30,,,0,30,,32461,30,,,0,70,,32460,30,,,0,30,,32459,30,,,0,70,,32452,30,,,0,30,,32451,30,,,0,70,,32450,30,,,0,30,,32449,30,,,0,70,,32448,30,,,0,30,,32447,30,,,0,70,,32446,30,,,0,30,,32445,30,,,0,70,,32454,30,,,0,30,,32453,30,,,0,70,,32441,30,,,0,30,,32435,30,,,0,70,,32440,30,,,0,30,,32444,30,,,0,70,,32443,30,,,0,30,,32442,30,,,0,70,,32433,30,,,0,29,,32439,30,,,0,70,,32431,30,,,0,30,,32430,30,,,0,70,,32429,30,,,0,30,,32432,30,,,0,70,,32426,30,,,0,30,,32436,30,,,0,70,,32425,30,,,0,30,,32434,30,,,0,70,,32424,30,,,0,40,,32438,30,,,0,90,,32437,30,,,0,100,,32427,30,,,0
578900,'2',516,,32498,28,,,0,30,,32499,28,,,0,70,,32470,28,,,0,30,,32500,28,,,0,70,,32494,28,,,0,30,,32493,28,,,0,72,,32488,28,,,0,30,,32487,28,,,0,70,,32491,28,,,0,30,,32490,28,,,0,70,,32489,28,,,0,30,,32481,28,,,0,70,,32476,28,,,0,30,,32486,28,,,0,70,,32473,28,,,0,30,,32472,28,,,0,70,,32471,28,,,0,30,,32475,28,,,0,70,,32474,28,,,0,30,,32477,28,,,0,70,,32485,28,,,0,30,,32484,28,,,0,70,,32483,28,,,0,30,,32482,28,,,0,70,,32497,28,,,0,30,,32496,28,,,0,69,,32495,28,,,0,30,,32492,28,,,0,70,,32480,28,,,0,30,,32479,28,,,0,70,,32478,28,,,0,30,,32468,28,,,0,70,,32467,28,,,0,30,,32464,28,,,0,70,,32463,28,,,0,100,,32466,28,,,0,100,,32465,28,,,0,100,,32469,28,,,0
578900,'3',516,,32535,28,,,0,30,,32536,28,,,0,70,,32507,28,,,0,30,,32537,28,,,0,70,,32531,28,,,0,30,,32530,28,,,0,72,,32525,28,,,0,30,,32524,28,,,0,70,,32528,28,,,0,30,,32527,28,,,0,70,,32526,28,,,0,30,,32518,28,,,0,70,,32513,28,,,0,30,,32523,28,,,0,70,,32510,28,,,0,30,,32509,28,,,0,70,,32508,28,,,0,30,,32512,28,,,0,70,,32511,28,,,0,30,,32514,28,,,0,70,,32522,28,,,0,30,,32521,28,,,0,70,,32520,28,,,0,30,,32519,28,,,0,70,,32534,28,,,0,30,,32533,28,,,0,69,,32532,28,,,0,30,,32529,28,,,0,70,,32517,28,,,0,30,,32516,28,,,0,70,,32515,28,,,0,30,,32506,28,,,0,70,,32505,28,,,0,30,,32502,28,,,0,70,,32501,28,,,0,100,,32504,28,,,0,100,,32503,28,,,0
578900,'4',635,,32538,28,,,0,100,,32539,28,,,0,100,,32540,28,,,0,101,,32541,28,,,0,100,,32542,28,,,0,100,,32543,28,,,0,100,,32544,28,,,0,100,,32545,28,,,0,100,,32546,28,,,0,100,,32547,28,,,0,100,,32548,28,,,0,100,,32549,28,,,0,99,,32550,28,,,0,100,,32551,28,,,0,100,,32552,28,,,0,100,,32553,28,,,0
578900,'6',516,,32588,28,,,0,30,,32589,28,,,0,70,,32560,28,,,0,30,,32590,28,,,0,70,,32584,28,,,0,30,,32583,28,,,0,72,,32578,28,,,0,30,,32577,28,,,0,70,,32581,28,,,0,30,,32580,28,,,0,70,,32579,28,,,0,30,,32571,28,,,0,70,,32566,28,,,0,30,,32576,28,,,0,70,,32563,28,,,0,30,,32562,28,,,0,70,,32561,28,,,0,30,,32565,28,,,0,70,,32564,28,,,0,30,,32567,28,,,0,70,,32575,28,,,0,30,,32574,28,,,0,70,,32573,28,,,0,30,,32572,28,,,0,70,,32587,28,,,0,30,,32586,28,,,0,69,,32585,28,,,0,30,,32582,28,,,0,70,,32570,28,,,0,30,,32569,28,,,0,70,,32568,28,,,0,30,,32559,28,,,0,70,,32558,28,,,0,30,,32555,28,,,0,70,,32554,28,,,0,100,,32557,28,,,0,100,,32556,28,,,0
