579900,'1',513,,36221,9,,,0,20,,36222,9,,,0,19,,36223,35,,,0,65,,36224,35,,,0,20,,36225,35,,,0,12,,36226,35,,,0,52,,36227,35,,,0,21,,36228,35,,,0,12,,36229,35,,,0,12,,36230,35,,,0,12,,36231,35,,,0,52,,36232,35,,,0,12,,36233,35,,,0,12,,36234,35,,,0,12,,36235,35,,,0,12,,36236,35,,,0,52,,36237,35,,,0,8,,36238,35,,,0,14,,36239,35,,,0,15,,36240,35,,,0,55,,36241,35,,,0,15,,36242,35,,,0,15,,36243,35,,,0,15,,36244,35,,,0,55,,36245,35,,,0,15,,36246,35,,,0,15,,36247,35,,,0,15,,36248,35,,,0,55,,36249,35,,,0,15,,36250,35,,,0,15,,36251,35,,,0,15,,36252,35,,,0,55,,36253,35,,,0,15,,36254,35,,,0,15,,36255,35,,,0,15,,36256,35,,,0,55,,36257,35,,,0,15,,36258,35,,,0,15,,36259,35,,,0,18,,36260,35,,,0,53,,36261,35,,,0,12,,36262,35,,,0,12,,36263,35,,,0,12,,36264,35,,,0,12,,36265,35,,,0,52,,36266,35,,,0,12,,36267,35,,,0,12,,36268,35,,,0,12,,36269,35,,,0,12,,36270,35,,,0,52,,36271,35,,,0,12,,36272,35,,,0,12,,36273,35,,,0,12,,36274,35,,,0,12,,36275,35,,,0,52,,36276,35,,,0,12,,36277,35,,,0,12,,36278,35,,,0,12,,36279,35,,,0,14,,36280,35,,,0,54,,36281,35,,,0,15,,36282,35,,,0,15,,36283,35,,,0,15,,36284,35,,,0,55,,36285,35,,,0,10,,36286,35,,,0,18,,36287,35,,,0,20,,36288,35,,,0,60,,36289,35,,,0,20,,36290,35,,,0,20,,36291,35,,,0,60,,36292,35,,,0,18,,36293,35,,,0,70,,36294,35,,,0,30,,36295,35,,,0,70,,36298,35,,,0,30,,36296,35,,,0,90,,36297,35,,,0
579900,'2',610,,36313,35,,,0,33,,36314,35,,,0,70,,36315,35,,,0,30,,36316,35,,,0,70,,36317,35,,,0,25,,36318,35,,,0,70,,36319,35,,,0,25,,36320,35,,,0,25,,36321,35,,,0,60,,36322,35,,,0,20,,36323,35,,,0,20,,36324,35,,,0,60,,36325,35,,,0,20,,36326,35,,,0,20,,36327,35,,,0,60,,36328,35,,,0,23,,36329,35,,,0,60,,36330,35,,,0,20,,36331,35,,,0,20,,36332,35,,,0,60,,36333,35,,,0,20,,36334,35,,,0,20,,36335,35,,,0,60,,36336,35,,,0,20,,36337,35,,,0,20,,36338,35,,,0,60,,36339,35,,,0,20,,36340,35,,,0,20,,36341,35,,,0,60,,36342,35,,,0,20,,36343,35,,,0,20,,36344,35,,,0,60,,36345,35,,,0,20,,36299,35,,,0,20,,36300,35,,,0,70,,36301,35,,,0,30,,36302,35,,,0,70,,36303,35,,,0,30,,36304,35,,,0,70,,36305,35,,,0,25,,36306,35,,,0,70,,36307,35,,,0,30,,36308,35,,,0,70,,36309,35,,,0,25,,36310,35,,,0,90,,36311,35,,,0,100,,36312,35,,,0
579900,'3',635,,36378,35,,,0,70,,36346,35,,,0,30,,36347,35,,,0,70,,36348,35,,,0,30,,36349,35,,,0,70,,36350,35,,,0,33,,36351,35,,,0,70,,36352,35,,,0,30,,36353,35,,,0,72,,36354,35,,,0,30,,36355,35,,,0,70,,36356,35,,,0,30,,36357,35,,,0,70,,36358,35,,,0,30,,36359,35,,,0,70,,36360,35,,,0,30,,36361,35,,,0,70,,36362,35,,,0,30,,36363,35,,,0,70,,36364,35,,,0,30,,36365,35,,,0,70,,36366,35,,,0,30,,36367,35,,,0,70,,36368,35,,,0,30,,36372,35,,,0,70,,36373,35,,,0,30,,36374,35,,,0,70,,36375,35,,,0,30,,36376,35,,,0,70,,36377,35,,,0,25,,36369,35,,,0,70,,36379,35,,,0,30,,36370,35,,,0,70,,36380,35,,,0,30,,36371,35,,,0,70,,36381,35,,,0
579900,'4',635,,36382,35,,,0,70,,36383,35,,,0,30,,36384,35,,,0,70,,36385,35,,,0,30,,36386,35,,,0,70,,36387,35,,,0,33,,36388,35,,,0,70,,36389,35,,,0,30,,36390,35,,,0,70,,36391,35,,,0,30,,36392,35,,,0,70,,36393,35,,,0,30,,36394,35,,,0,70,,36395,35,,,0,30,,36396,35,,,0,70,,36397,35,,,0,45,,36398,35,,,0,100,,36399,35,,,0,100,,36400,35,,,0,100,,36401,35,,,0,97,,36402,35,,,0,100,,36403,35,,,0,100,,36404,35,,,0
579900,'6',610,,36419,35,,,0,33,,36420,35,,,0,70,,36421,35,,,0,30,,36422,35,,,0,70,,36423,35,,,0,25,,36424,35,,,0,70,,36425,35,,,0,25,,36426,35,,,0,25,,36427,35,,,0,60,,36428,35,,,0,20,,36429,35,,,0,20,,36430,35,,,0,60,,36431,35,,,0,20,,36432,35,,,0,20,,36433,35,,,0,60,,36434,35,,,0,23,,36435,35,,,0,60,,36436,35,,,0,20,,36437,35,,,0,20,,36438,35,,,0,60,,36439,35,,,0,20,,36440,35,,,0,20,,36441,35,,,0,60,,36442,35,,,0,20,,36443,35,,,0,20,,36444,35,,,0,60,,36445,35,,,0,20,,36446,35,,,0,20,,36447,35,,,0,60,,36448,35,,,0,20,,36449,35,,,0,20,,36450,35,,,0,60,,36451,35,,,0,20,,36405,35,,,0,20,,36406,35,,,0,70,,36407,35,,,0,30,,36408,35,,,0,70,,36409,35,,,0,30,,36410,35,,,0,70,,36411,35,,,0,25,,36412,35,,,0,70,,36413,35,,,0,30,,36414,35,,,0,70,,36415,35,,,0,25,,36416,35,,,0,90,,36417,35,,,0,100,,36418,35,,,0
580600,'1',519,,38394,21,,,0,32,,38393,21,,,0,70,,38392,21,,,0,30,,38391,21,,,0,65,,38390,21,,,0,20,,38389,21,,,0,15,,38388,21,,,0,55,,38387,21,,,0,15,,38386,21,,,0,15,,38385,21,,,0,15,,38384,21,,,0,55,,38383,21,,,0,15,,38382,21,,,0,15,,38381,21,,,0,64,,38380,21,,,0,30,,38379,21,,,0,70,,38378,21,,,0,30,,38377,21,,,0,70,,38376,21,,,0,30,,38375,21,,,0,70,,38374,21,,,0,30,,38373,21,,,0,29,,38372,21,,,0,65,,38371,21,,,0,25,,38370,21,,,0,55,,38369,21,,,0,15,,38368,21,,,0,15,,38367,21,,,0,15,,38366,21,,,0,55,,38365,21,,,0,15,,38364,21,,,0,15,,38363,21,,,0,15,,38362,21,,,0,55,,38361,21,,,0,15,,38360,21,,,0,15,,38359,21,,,0,15,,38358,21,,,0,55,,38357,21,,,0,15,,38356,21,,,0,10,,38355,21,,,0,73,,38354,21,,,0,30,,38353,21,,,0,70,,38352,21,,,0,30,,38351,21,,,0,70,,38350,21,,,0,30,,38349,21,,,0,70,,38348,21,,,0,30,,38347,21,,,0,70,,38345,21,,,0,30,,38344,21,,,0,70,,38346,21,,,0,30,,38343,21,,,0,70,,38342,21,,,0
580600,'2',523,,38397,21,,,0,30,,38434,21,,,0,70,,38417,21,,,0,30,,38418,21,,,0,70,,38416,21,,,0,30,,38419,21,,,0,70,,38403,21,,,0,30,,38420,21,,,0,70,,38414,21,,,0,30,,38421,21,,,0,70,,38406,21,,,0,30,,38422,21,,,0,70,,38407,21,,,0,30,,38423,21,,,0,70,,38408,21,,,0,30,,38424,21,,,0,70,,38409,21,,,0,30,,38425,21,,,0,70,,38410,21,,,0,30,,38426,21,,,0,70,,38411,21,,,0,30,,38427,21,,,0,70,,38412,21,,,0,30,,38428,21,,,0,70,,38413,21,,,0,30,,38429,21,,,0,70,,38415,21,,,0,30,,38405,21,,,0,70,,38404,21,,,0,30,,38402,21,,,0,70,,38401,21,,,0,30,,38400,21,,,0,70,,38399,21,,,0,30,,38430,21,,,0,70,,38431,21,,,0,30,,38432,21,,,0,70,,38433,21,,,0,30,,38398,21,,,0,65,,38435,21,,,0,30,,38436,21,,,0
580600,'3',623,,38457,21,,,0,30,,38458,21,,,0,70,,38456,21,,,0,30,,38459,21,,,0,70,,38443,21,,,0,30,,38460,21,,,0,70,,38454,21,,,0,30,,38461,21,,,0,70,,38446,21,,,0,30,,38462,21,,,0,70,,38447,21,,,0,30,,38463,21,,,0,70,,38448,21,,,0,30,,38464,21,,,0,70,,38449,21,,,0,30,,38465,21,,,0,70,,38450,21,,,0,30,,38466,21,,,0,70,,38451,21,,,0,30,,38467,21,,,0,70,,38452,21,,,0,30,,38468,21,,,0,70,,38453,21,,,0,30,,38469,21,,,0,70,,38455,21,,,0,30,,38445,21,,,0,70,,38444,21,,,0,30,,38442,21,,,0,70,,38441,21,,,0,30,,38440,21,,,0,70,,38439,21,,,0,30,,38470,21,,,0,70,,38471,21,,,0,30,,38472,21,,,0,70,,38473,21,,,0,30,,38438,21,,,0
580600,'4',623,,38491,21,,,0,30,,38492,21,,,0,70,,38490,21,,,0,30,,38493,21,,,0,70,,38477,21,,,0,30,,38494,21,,,0,70,,38488,21,,,0,30,,38495,21,,,0,70,,38480,21,,,0,30,,38496,21,,,0,70,,38481,21,,,0,30,,38497,21,,,0,70,,38482,21,,,0,30,,38498,21,,,0,70,,38483,21,,,0,30,,38499,21,,,0,70,,38484,21,,,0,30,,38500,21,,,0,70,,38485,21,,,0,30,,38501,21,,,0,70,,38486,21,,,0,30,,38502,21,,,0,70,,38487,21,,,0,30,,38503,21,,,0,70,,38489,21,,,0,30,,38479,21,,,0,70,,38478,21,,,0,30,,38476,21,,,0,70,,38475,21,,,0,30,,38474,21,,,0
580600,'6',523,,38505,21,,,0,30,,38542,21,,,0,70,,38525,21,,,0,30,,38526,21,,,0,70,,38524,21,,,0,30,,38527,21,,,0,70,,38511,21,,,0,30,,38528,21,,,0,70,,38522,21,,,0,30,,38529,21,,,0,70,,38514,21,,,0,30,,38530,21,,,0,70,,38515,21,,,0,30,,38531,21,,,0,70,,38516,21,,,0,30,,38532,21,,,0,70,,38517,21,,,0,30,,38533,21,,,0,70,,38518,21,,,0,30,,38534,21,,,0,70,,38519,21,,,0,30,,38535,21,,,0,70,,38520,21,,,0,30,,38536,21,,,0,70,,38521,21,,,0,30,,38537,21,,,0,70,,38523,21,,,0,30,,38513,21,,,0,70,,38512,21,,,0,30,,38510,21,,,0,70,,38509,21,,,0,30,,38508,21,,,0,70,,38507,21,,,0,30,,38538,21,,,0,70,,38539,21,,,0,30,,38540,21,,,0,70,,38541,21,,,0,30,,38506,21,,,0,65,,38543,21,,,0,30,,38544,21,,,0
580601,'1601',725,,38545,28,0,8 40 10,0
580601,'1',530,,38600,28,,,0,29,,38599,28,,,0,70,,38598,28,,,0,30,,38597,28,,,0,70,,38596,28,,,0,30,,38595,28,,,0,60,,38594,28,,,0,20,,38593,28,,,0,20,,38592,28,,,0,55,,38591,28,,,0,15,,38590,28,,,0,15,,38589,28,,,0,15,,38588,28,,,0,70,,38587,28,,,0,30,,38586,28,,,0,70,,38585,28,,,0,30,,38584,28,,,0,70,,38583,28,,,0,30,,38582,28,,,0,70,,38581,28,,,0,30,,38580,28,,,0,70,,38579,28,,,0,30,,38578,28,,,0,55,,38577,28,,,0,15,,38576,28,,,0,15,,38575,28,,,0,15,,38574,28,,,0,55,,38573,28,,,0,15,,38548,28,,,0,15,,38572,28,,,0,15,,38571,28,,,0,55,,38570,28,,,0,15,,38569,28,,,0,15,,38568,28,,,0,15,,38567,28,,,0,55,,38566,28,,,0,15,,38565,28,,,0,15,,38564,28,,,0,15,,38563,28,,,0,55,,38562,28,,,0,20,,38561,28,,,0,25,,38560,28,,,0,70,,38559,28,,,0,30,,38558,28,,,0,70,,38557,28,,,0,30,,38556,28,,,0,70,,38551,28,,,0,71,,38555,28,,,0,30,,38554,28,,,0,70,,38550,28,,,0,30,,38553,28,,,0,70,,38549,28,,,0,37,,38552,28,,,0
580601,'2',521,,38638,28,,,0,30,,38639,28,,,0,70,,38640,28,,,0,26,,38619,28,,,0,70,,38621,28,,,0,30,,38620,28,,,0,70,,38622,28,,,0,30,,38618,28,,,0,70,,38623,28,,,0,30,,38615,28,,,0,70,,38624,28,,,0,30,,38607,28,,,0,70,,38625,28,,,0,30,,38608,28,,,0,70,,38626,28,,,0,30,,38609,28,,,0,70,,38627,28,,,0,30,,38610,28,,,0,70,,38628,28,,,0,30,,38611,28,,,0,70,,38629,28,,,0,30,,38612,28,,,0,70,,38630,28,,,0,30,,38613,28,,,0,70,,38631,28,,,0,30,,38614,28,,,0,70,,38632,28,,,0,30,,38616,28,,,0,70,,38617,28,,,0,30,,38633,28,,,0,70,,38606,28,,,0,30,,38605,28,,,0,70,,38604,28,,,0,30,,38603,28,,,0,70,,38602,28,,,0,30,,38634,28,,,0,70,,38635,28,,,0,30,,38636,28,,,0,70,,38601,28,,,0,30,,38637,28,,,0,70,,38641,28,,,0
580601,'3',647,,38660,28,,,0,70,,38662,28,,,0,30,,38661,28,,,0,70,,38663,28,,,0,30,,38659,28,,,0,70,,38664,28,,,0,30,,38656,28,,,0,70,,38665,28,,,0,30,,38648,28,,,0,70,,38666,28,,,0,30,,38649,28,,,0,70,,38667,28,,,0,30,,38650,28,,,0,70,,38668,28,,,0,30,,38651,28,,,0,70,,38669,28,,,0,30,,38652,28,,,0,70,,38670,28,,,0,30,,38653,28,,,0,70,,38671,28,,,0,30,,38654,28,,,0,70,,38672,28,,,0,30,,38655,28,,,0,70,,38673,28,,,0,30,,38657,28,,,0,70,,38658,28,,,0,30,,38674,28,,,0,70,,38647,28,,,0,30,,38646,28,,,0,70,,38645,28,,,0,30,,38644,28,,,0,70,,38643,28,,,0,30,,38675,28,,,0,70,,38676,28,,,0,30,,38677,28,,,0,79,,38642,28,,,0
580601,'4',647,,38693,28,,,0,70,,38695,28,,,0,30,,38694,28,,,0,70,,38696,28,,,0,30,,38692,28,,,0,70,,38697,28,,,0,30,,38689,28,,,0,70,,38698,28,,,0,30,,38681,28,,,0,70,,38699,28,,,0,30,,38682,28,,,0,70,,38700,28,,,0,30,,38683,28,,,0,70,,38701,28,,,0,30,,38684,28,,,0,70,,38702,28,,,0,30,,38685,28,,,0,70,,38703,28,,,0,30,,38686,28,,,0,70,,38704,28,,,0,30,,38687,28,,,0,70,,38705,28,,,0,30,,38688,28,,,0,70,,38706,28,,,0,30,,38690,28,,,0,70,,38691,28,,,0,30,,38707,28,,,0,70,,38680,28,,,0,30,,38679,28,,,0,70,,38678,28,,,0
580601,'6',521,,38745,28,,,0,30,,38746,28,,,0,70,,38747,28,,,0,26,,38726,28,,,0,70,,38728,28,,,0,30,,38727,28,,,0,70,,38729,28,,,0,30,,38725,28,,,0,70,,38730,28,,,0,30,,38722,28,,,0,70,,38731,28,,,0,30,,38714,28,,,0,70,,38732,28,,,0,30,,38715,28,,,0,70,,38733,28,,,0,30,,38716,28,,,0,70,,38734,28,,,0,30,,38717,28,,,0,70,,38735,28,,,0,30,,38718,28,,,0,70,,38736,28,,,0,30,,38719,28,,,0,70,,38737,28,,,0,30,,38720,28,,,0,70,,38738,28,,,0,30,,38721,28,,,0,70,,38739,28,,,0,30,,38723,28,,,0,70,,38724,28,,,0,30,,38740,28,,,0,70,,38713,28,,,0,30,,38712,28,,,0,70,,38711,28,,,0,30,,38710,28,,,0,70,,38709,28,,,0,30,,38741,28,,,0,70,,38742,28,,,0,30,,38743,28,,,0,70,,38708,28,,,0,30,,38744,28,,,0,70,,38748,28,,,0
