578901,'1',506,,32625,11,,,0,30,,32627,11,,,0,70,,32620,11,,,0,30,,32621,11,,,0,71,,32597,11,,,0,30,,32626,11,,,0,70,,32624,11,,,0,30,,32623,11,,,0,69,,32622,11,,,0,36,,32619,11,,,0,70,,32611,11,,,0,30,,32610,11,,,0,70,,32609,11,,,0,30,,32614,11,,,0,70,,32613,11,,,0,30,,32612,11,,,0,70,,32618,11,,,0,30,,32617,11,,,0,70,,32616,11,,,0,30,,32596,11,,,0,70,,32603,11,,,0,30,,32602,11,,,0,70,,32606,11,,,0,30,,32605,11,,,0,70,,32604,11,,,0,30,,32608,11,,,0,70,,32600,11,,,0,30,,32599,11,,,0,70,,32601,11,,,0,30,,32593,11,,,0,70,,32615,11,,,0,30,,32592,11,,,0,70,,32598,11,,,0,30,,32591,11,,,0,74,,32607,11,,,0,100,,32595,11,,,0,100,,32594,11,,,0
578901,'2',505,,32664,11,,,0,30,,32642,11,,,0,70,,32635,11,,,0,30,,32641,11,,,0,70,,32640,11,,,0,30,,32656,11,,,0,70,,32655,11,,,0,30,,32654,11,,,0,70,,32658,11,,,0,30,,32657,11,,,0,70,,32659,11,,,0,30,,32650,11,,,0,70,,32649,11,,,0,30,,32648,11,,,0,70,,32653,11,,,0,30,,32652,11,,,0,70,,32651,11,,,0,30,,32662,11,,,0,70,,32661,11,,,0,30,,32645,11,,,0,70,,32644,11,,,0,30,,32660,11,,,0,70,,32643,11,,,0,30,,32647,11,,,0,70,,32646,11,,,0,30,,32637,11,,,0,70,,32636,11,,,0,30,,32639,11,,,0,69,,32638,11,,,0,30,,32630,11,,,0,70,,32629,11,,,0,30,,32634,11,,,0,70,,32628,11,,,0,100,,32633,11,,,0,100,,32632,11,,,0,100,,32631,11,,,0,100,,32663,11,,,0
578901,'3',505,,32700,11,,,0,30,,32679,11,,,0,70,,32672,11,,,0,30,,32678,11,,,0,70,,32677,11,,,0,30,,32693,11,,,0,70,,32692,11,,,0,30,,32691,11,,,0,70,,32695,11,,,0,30,,32694,11,,,0,70,,32696,11,,,0,30,,32687,11,,,0,70,,32686,11,,,0,30,,32685,11,,,0,70,,32690,11,,,0,30,,32689,11,,,0,70,,32688,11,,,0,30,,32699,11,,,0,70,,32698,11,,,0,30,,32682,11,,,0,70,,32681,11,,,0,30,,32697,11,,,0,70,,32680,11,,,0,30,,32684,11,,,0,70,,32683,11,,,0,30,,32674,11,,,0,70,,32673,11,,,0,30,,32676,11,,,0,69,,32675,11,,,0,30,,32667,11,,,0,70,,32666,11,,,0,30,,32671,11,,,0,70,,32665,11,,,0,100,,32670,11,,,0,100,,32669,11,,,0,100,,32668,11,,,0
578901,'4',525,,32701,11,,,0,100,,32702,11,,,0,100,,32703,11,,,0,100,,32704,11,,,0,100,,32705,11,,,0,100,,32706,11,,,0,100,,32707,11,,,0,100,,32708,11,,,0,100,,32709,11,,,0,100,,32710,11,,,0,100,,32711,11,,,0,100,,32712,11,,,0,100,,32713,11,,,0,99,,32714,11,,,0,100,,32715,11,,,0,100,,32716,11,,,0
578901,'6',505,,32752,11,,,0,30,,32731,11,,,0,70,,32724,11,,,0,30,,32730,11,,,0,70,,32729,11,,,0,30,,32745,11,,,0,70,,32744,11,,,0,30,,32743,11,,,0,70,,32747,11,,,0,30,,32746,11,,,0,70,,32748,11,,,0,30,,32739,11,,,0,70,,32738,11,,,0,30,,32737,11,,,0,70,,32742,11,,,0,30,,32741,11,,,0,70,,32740,11,,,0,30,,32751,11,,,0,70,,32750,11,,,0,30,,32734,11,,,0,70,,32733,11,,,0,30,,32749,11,,,0,70,,32732,11,,,0,30,,32736,11,,,0,70,,32735,11,,,0,30,,32726,11,,,0,70,,32725,11,,,0,30,,32728,11,,,0,69,,32727,11,,,0,30,,32719,11,,,0,70,,32718,11,,,0,30,,32723,11,,,0,70,,32717,11,,,0,100,,32722,11,,,0,100,,32721,11,,,0,100,,32720,11,,,0
580601,'1601',710,,38545,11,0,8 40 10,0,803,,38546,11,0,8 29 30 10,0
580601,'1',516,,38600,11,,,0,29,,38599,11,,,0,70,,38598,11,,,0,29,,38597,11,,,0,70,,38596,11,,,0,30,,38595,11,,,0,60,,38594,11,,,0,20,,38593,11,,,0,20,,38592,11,,,0,15,,38591,11,,,0,55,,38590,11,,,0,15,,38589,11,,,0,14,,38588,11,,,0,70,,38587,11,,,0,30,,38586,11,,,0,70,,38585,11,,,0,30,,38584,11,,,0,70,,38583,11,,,0,30,,38582,11,,,0,70,,38581,11,,,0,28,,38580,11,,,0,70,,38579,11,,,0,30,,38578,11,,,0,15,,38577,11,,,0,55,,38576,11,,,0,15,,38575,11,,,0,15,,38574,11,,,0,15,,38573,11,,,0,55,,38548,11,,,0,15,,38572,11,,,0,15,,38571,11,,,0,15,,38570,11,,,0,55,,38569,11,,,0,15,,38568,11,,,0,15,,38567,11,,,0,15,,38566,11,,,0,55,,38565,11,,,0,15,,38564,11,,,0,18,,38563,11,,,0,15,,38562,11,,,0,60,,38561,11,,,0,25,,38560,11,,,0,70,,38559,11,,,0,30,,38558,11,,,0,70,,38557,11,,,0,30,,38556,11,,,0,70,,38551,11,,,0,33,,38555,11,,,0,70,,38554,11,,,0,30,,38550,11,,,0,70,,38553,11,,,0,30,,38549,11,,,0,77,,38552,11,,,0
580601,'2',505,,38638,11,,,0,30,,38639,11,,,0,70,,38640,11,,,0,26,,38619,11,,,0,70,,38621,11,,,0,30,,38620,11,,,0,70,,38622,11,,,0,30,,38618,11,,,0,70,,38623,11,,,0,30,,38615,11,,,0,70,,38624,11,,,0,30,,38607,11,,,0,70,,38625,11,,,0,30,,38608,11,,,0,70,,38626,11,,,0,30,,38609,11,,,0,70,,38627,11,,,0,30,,38610,11,,,0,70,,38628,11,,,0,30,,38611,11,,,0,70,,38629,11,,,0,30,,38612,11,,,0,70,,38630,11,,,0,30,,38613,11,,,0,70,,38631,11,,,0,30,,38614,11,,,0,70,,38632,11,,,0,30,,38616,11,,,0,70,,38617,11,,,0,30,,38633,11,,,0,70,,38606,11,,,0,30,,38605,11,,,0,70,,38604,11,,,0,30,,38603,11,,,0,70,,38602,11,,,0,30,,38634,11,,,0,70,,38635,11,,,0,30,,38636,11,,,0,70,,38601,11,,,0,30,,38637,11,,,0,70,,38641,11,,,0
580601,'3',631,,38660,11,,,0,70,,38662,11,,,0,30,,38661,11,,,0,70,,38663,11,,,0,30,,38659,11,,,0,70,,38664,11,,,0,30,,38656,11,,,0,70,,38665,11,,,0,30,,38648,11,,,0,70,,38666,11,,,0,30,,38649,11,,,0,70,,38667,11,,,0,30,,38650,11,,,0,70,,38668,11,,,0,30,,38651,11,,,0,70,,38669,11,,,0,30,,38652,11,,,0,70,,38670,11,,,0,30,,38653,11,,,0,70,,38671,11,,,0,30,,38654,11,,,0,70,,38672,11,,,0,30,,38655,11,,,0,70,,38673,11,,,0,30,,38657,11,,,0,70,,38658,11,,,0,30,,38674,11,,,0,70,,38647,11,,,0,30,,38646,11,,,0,70,,38645,11,,,0,30,,38644,11,,,0,70,,38643,11,,,0,30,,38675,11,,,0,70,,38676,11,,,0,30,,38677,11,,,0,79,,38642,11,,,0
580601,'4',633,,38693,11,,,0,70,,38695,11,,,0,30,,38694,11,,,0,70,,38696,11,,,0,30,,38692,11,,,0,70,,38697,11,,,0,30,,38689,11,,,0,70,,38698,11,,,0,30,,38681,11,,,0,70,,38699,11,,,0,30,,38682,11,,,0,70,,38700,11,,,0,30,,38683,11,,,0,70,,38701,11,,,0,30,,38684,11,,,0,70,,38702,11,,,0,30,,38685,11,,,0,70,,38703,11,,,0,30,,38686,11,,,0,70,,38704,11,,,0,30,,38687,11,,,0,70,,38705,11,,,0,30,,38688,11,,,0,70,,38706,11,,,0,30,,38690,11,,,0,70,,38691,11,,,0,30,,38707,11,,,0,70,,38680,11,,,0,30,,38679,11,,,0,70,,38678,11,,,0
580601,'6',505,,38745,11,,,0,30,,38746,11,,,0,70,,38747,11,,,0,26,,38726,11,,,0,70,,38728,11,,,0,30,,38727,11,,,0,70,,38729,11,,,0,30,,38725,11,,,0,70,,38730,11,,,0,30,,38722,11,,,0,70,,38731,11,,,0,30,,38714,11,,,0,70,,38732,11,,,0,30,,38715,11,,,0,70,,38733,11,,,0,30,,38716,11,,,0,70,,38734,11,,,0,30,,38717,11,,,0,70,,38735,11,,,0,30,,38718,11,,,0,70,,38736,11,,,0,30,,38719,11,,,0,70,,38737,11,,,0,30,,38720,11,,,0,70,,38738,11,,,0,30,,38721,11,,,0,70,,38739,11,,,0,30,,38723,11,,,0,70,,38724,11,,,0,30,,38740,11,,,0,70,,38713,11,,,0,30,,38712,11,,,0,70,,38711,11,,,0,30,,38710,11,,,0,70,,38709,11,,,0,30,,38741,11,,,0,70,,38742,11,,,0,30,,38743,11,,,0,70,,38708,11,,,0,30,,38744,11,,,0,70,,38748,11,,,0
