580300,'1',556,,37842,34,4,,0,53,,37843,34,4,,0,22,,37844,34,4,,0,13,,37845,34,4,,0,59,,37846,34,4,,0,14,,37847,34,4,,0,16,,37848,34,4,,0,14,,37849,34,4,,0,56,,37850,34,4,,0,14,,37851,34,4,,0,16,,37852,34,4,,0,14,,37853,34,4,,0,56,,37854,34,4,,0,14,,37855,34,4,,0,16,,37856,34,4,,0,15,,37857,34,4,,0,60,,37858,34,4,,0,20,,37859,34,4,,0,20,,37860,34,4,,0,60,,37861,34,4,,0,20,,37862,34,4,,0,20,,37863,34,4,,0,60,,37864,34,4,,0,20,,37865,34,4,,0,20,,37866,34,4,,0,60,,37867,34,4,,0,20,,37868,34,4,,0,20,,37869,34,4,,0,60,,37870,34,4,,0,20,,37871,34,4,,0,18,,37872,34,4,,0,65,,37873,34,4,,0,20,,37874,34,4,,0,15,,37875,34,4,,0,55,,37876,34,4,,0,15,,37877,34,4,,0,15,,37878,34,4,,0,15,,37879,34,4,,0,55,,37880,34,4,,0,15,,37881,34,4,,0,15,,37882,34,4,,0,15,,37883,34,4,,0,55,,37884,34,4,,0,15,,37885,34,4,,0,15,,37886,34,4,,0,20,,37887,34,4,,0,60,,37888,34,4,,0,17,,37889,34,4,,0,20,,37890,34,4,,0,60,,37891,34,4,,0,20,,37892,34,4,,0,20,,37893,34,4,,0,60,,37894,34,4,,0,20,,37895,34,4,,0,30,,37896,34,4,,0,65,,37897,34,4,,0,32,,37898,34,4,,0,68,,37899,34,4,,0,32,,37900,34,4,,0,68,,37901,34,4,,0,32,,37902,34,4,,0,88,,37903,34,4,,0
580300,'2',608,,37926,34,4,,0,33,,37906,34,4,,0,68,,37951,34,4,,0,32,,37952,34,4,,0,68,,37904,34,4,,0,32,,37946,34,4,,0,68,,37947,34,4,,0,27,,37927,34,4,,0,17,,37907,34,4,,0,63,,37908,34,4,,0,17,,37905,34,4,,0,23,,37915,34,4,,0,57,,37916,34,4,,0,23,,37917,34,4,,0,17,,37912,34,4,,0,63,,37913,34,4,,0,17,,37914,34,4,,0,23,,37929,34,4,,0,57,,37919,34,4,,0,23,,37920,34,4,,0,17,,37918,34,4,,0,63,,37939,34,4,,0,17,,37940,34,4,,0,23,,37928,34,4,,0,57,,37930,34,4,,0,23,,37909,34,4,,0,17,,37922,34,4,,0,63,,37923,34,4,,0,17,,37924,34,4,,0,23,,37911,34,4,,0,57,,37910,34,4,,0,20,,37921,34,4,,0,17,,37925,34,4,,0,69,,37950,34,4,,0,25,,37948,34,4,,0,73,,37949,34,4,,0,27,,37935,34,4,,0,73,,37931,34,4,,0,27,,37932,34,4,,0,73,,37933,34,4,,0,27,,37934,34,4,,0,73,,37943,34,4,,0,26,,37936,34,4,,0,71,,37937,34,4,,0,29,,37938,34,4,,0,71,,37941,34,4,,0,29,,37942,34,4,,0,71,,37944,34,4,,0,29,,37945,34,4,,0
580300,'3',625,,37956,34,4,,0,30,,37959,34,4,,0,70,,37958,34,4,,0,30,,37957,34,4,,0,70,,37955,34,4,,0,30,,37954,34,4,,0,70,,37953,34,4,,0,30,,37972,34,4,,0,73,,37971,34,4,,0,19,,37973,34,4,,0,61,,37986,34,4,,0,19,,37974,34,4,,0,21,,37987,34,4,,0,59,,37975,34,4,,0,21,,37988,34,4,,0,19,,37976,34,4,,0,61,,37989,34,4,,0,19,,37977,34,4,,0,21,,37990,34,4,,0,59,,37978,34,4,,0,21,,37991,34,4,,0,19,,37979,34,4,,0,61,,37992,34,4,,0,19,,37980,34,4,,0,21,,37993,34,4,,0,59,,37981,34,4,,0,21,,37994,34,4,,0,19,,37982,34,4,,0,61,,37995,34,4,,0,19,,37983,34,4,,0,21,,37996,34,4,,0,59,,37984,34,4,,0,21,,37997,34,4,,0,19,,37985,34,4,,0,60,,37998,34,4,,0,18,,37964,34,4,,0,30,,37967,34,4,,0,70,,37966,34,4,,0,30,,37965,34,4,,0,70,,37962,34,4,,0,30,,37961,34,4,,0,69,,37960,34,4,,0,29,,37963,34,4,,0,71,,37970,34,4,,0,29,,37969,34,4,,0,70,,37968,34,4,,0
580300,'4',625,,37999,34,4,,0,30,,38015,34,4,,0,70,,38000,34,4,,0,30,,38016,34,4,,0,70,,38001,34,4,,0,30,,38017,34,4,,0,70,,38002,34,4,,0,30,,38018,34,4,,0,70,,38003,34,4,,0,30,,38019,34,4,,0,70,,38004,34,4,,0,30,,38020,34,4,,0,70,,38005,34,4,,0,30,,38021,34,4,,0,70,,38006,34,4,,0,30,,38022,34,4,,0,70,,38007,34,4,,0,30,,38023,34,4,,0,70,,38008,34,4,,0,30,,38024,34,4,,0,70,,38009,34,4,,0,30,,38025,34,4,,0,70,,38010,34,4,,0,30,,38026,34,4,,0,70,,38011,34,4,,0,30,,38027,34,4,,0,70,,38012,34,4,,0,30,,38028,34,4,,0,70,,38013,34,4,,0,30,,38029,34,4,,0,70,,38014,34,4,,0
580300,'6',625,,38033,34,4,,0,30,,38036,34,4,,0,70,,38035,34,4,,0,30,,38034,34,4,,0,70,,38032,34,4,,0,30,,38031,34,4,,0,70,,38030,34,4,,0,30,,38049,34,4,,0,73,,38048,34,4,,0,19,,38050,34,4,,0,61,,38063,34,4,,0,19,,38051,34,4,,0,21,,38064,34,4,,0,59,,38052,34,4,,0,21,,38065,34,4,,0,19,,38053,34,4,,0,61,,38066,34,4,,0,19,,38054,34,4,,0,21,,38067,34,4,,0,59,,38055,34,4,,0,21,,38068,34,4,,0,19,,38056,34,4,,0,61,,38069,34,4,,0,19,,38057,34,4,,0,21,,38070,34,4,,0,59,,38058,34,4,,0,21,,38071,34,4,,0,19,,38059,34,4,,0,61,,38072,34,4,,0,19,,38060,34,4,,0,21,,38073,34,4,,0,59,,38061,34,4,,0,21,,38074,34,4,,0,19,,38062,34,4,,0,60,,38075,34,4,,0,18,,38041,34,4,,0,30,,38044,34,4,,0,70,,38043,34,4,,0,30,,38042,34,4,,0,70,,38039,34,4,,0,30,,38038,34,4,,0,69,,38037,34,4,,0,29,,38040,34,4,,0,71,,38047,34,4,,0,29,,38046,34,4,,0,70,,38045,34,4,,0
580301,'1',440,,38076,1,,,0,75,,38077,1,,,0,22,,38078,1,,,0,63,,38079,1,,,0,13,,38080,1,,,0,21,,38081,1,,,0,19,,38082,1,,,0,58,,38083,1,,,0,14,,38084,1,,,0,16,,38085,1,,,0,14,,38086,1,,,0,56,,38087,1,,,0,14,,38088,1,,,0,18,,38089,1,,,0,14,,38090,1,,,0,56,,38091,1,,,0,14,,38092,1,,,0,16,,38093,1,,,0,16,,38094,1,,,0,61,,38095,1,,,0,19,,38096,1,,,0,61,,38097,1,,,0,19,,38098,1,,,0,21,,38099,1,,,0,19,,38100,1,,,0,61,,38101,1,,,0,19,,38102,1,,,0,61,,38103,1,,,0,19,,38104,1,,,0,21,,38105,1,,,0,15,,38106,1,,,0,52,,38107,1,,,0,12,,38108,1,,,0,18,,38109,1,,,0,12,,38110,1,,,0,58,,38111,1,,,0,12,,38112,1,,,0,18,,38113,1,,,0,12,,38114,1,,,0,58,,38115,1,,,0,12,,38116,1,,,0,18,,38117,1,,,0,12,,38118,1,,,0,63,,38119,1,,,0,15,,38120,1,,,0,15,,38121,1,,,0,15,,38122,1,,,0,55,,38123,1,,,0,15,,38124,1,,,0,15,,38125,1,,,0,15,,38126,1,,,0,55,,38127,1,,,0,20,,38128,1,,,0,20,,38129,1,,,0,60,,38130,1,,,0,20,,38131,1,,,0,20,,38132,1,,,0,60,,38133,1,,,0,16,,38134,1,,,0,74,,38135,1,,,0,28,,38136,1,,,0,72,,38137,1,,,0,28,,38138,1,,,0,70,,38139,1,,,0,26,,38140,1,,,0,30,,38141,1,,,0
580301,'2',518,,38165,1,,,0,30,,38158,1,,,0,70,,38178,1,,,0,30,,38179,1,,,0,70,,38180,1,,,0,30,,38181,1,,,0,70,,38163,1,,,0,30,,38164,1,,,0,64,,38147,1,,,0,32,,38175,1,,,0,62,,38176,1,,,0,22,,38177,1,,,0,18,,38172,1,,,0,62,,38173,1,,,0,18,,38174,1,,,0,22,,38166,1,,,0,58,,38167,1,,,0,22,,38168,1,,,0,18,,38169,1,,,0,62,,38170,1,,,0,18,,38171,1,,,0,22,,38182,1,,,0,58,,38185,1,,,0,22,,38156,1,,,0,18,,38157,1,,,0,62,,38155,1,,,0,18,,38152,1,,,0,22,,38153,1,,,0,58,,38150,1,,,0,22,,38151,1,,,0,18,,38154,1,,,0,67,,38145,1,,,0,17,,38159,1,,,0,23,,38161,1,,,0,57,,38162,1,,,0,23,,38160,1,,,0,17,,38186,1,,,0,73,,38187,1,,,0,27,,38183,1,,,0,73,,38184,1,,,0,27,,38149,1,,,0,73,,38146,1,,,0,27,,38190,1,,,0,74,,38142,1,,,0,29,,38143,1,,,0,71,,38144,1,,,0,29,,38188,1,,,0,71,,38189,1,,,0,29,,38148,1,,,0
580301,'3',600,,38208,1,,,0,30,,38207,1,,,0,70,,38206,1,,,0,30,,38205,1,,,0,70,,38204,1,,,0,30,,38203,1,,,0,70,,38202,1,,,0,30,,38201,1,,,0,70,,38209,1,,,0,20,,38222,1,,,0,20,,38210,1,,,0,60,,38223,1,,,0,20,,38211,1,,,0,20,,38224,1,,,0,60,,38212,1,,,0,20,,38225,1,,,0,20,,38213,1,,,0,60,,38226,1,,,0,20,,38214,1,,,0,20,,38227,1,,,0,60,,38215,1,,,0,20,,38228,1,,,0,20,,38216,1,,,0,60,,38229,1,,,0,20,,38217,1,,,0,20,,38230,1,,,0,60,,38218,1,,,0,20,,38231,1,,,0,20,,38219,1,,,0,60,,38232,1,,,0,20,,38220,1,,,0,20,,38233,1,,,0,60,,38221,1,,,0,20,,38234,1,,,0,20,,38235,1,,,0,60,,38200,1,,,0,30,,38199,1,,,0,70,,38198,1,,,0,30,,38197,1,,,0,70,,38196,1,,,0,30,,38195,1,,,0,70,,38194,1,,,0,30,,38193,1,,,0,70,,38192,1,,,0,30,,38191,1,,,0
580301,'4',600,,38236,1,,,0,30,,38251,1,,,0,70,,38237,1,,,0,30,,38252,1,,,0,70,,38238,1,,,0,30,,38253,1,,,0,70,,38239,1,,,0,30,,38254,1,,,0,70,,38240,1,,,0,30,,38255,1,,,0,70,,38241,1,,,0,30,,38256,1,,,0,70,,38242,1,,,0,30,,38257,1,,,0,70,,38243,1,,,0,30,,38258,1,,,0,70,,38244,1,,,0,30,,38259,1,,,0,70,,38245,1,,,0,30,,38260,1,,,0,70,,38246,1,,,0,30,,38261,1,,,0,70,,38247,1,,,0,30,,38262,1,,,0,70,,38248,1,,,0,30,,38263,1,,,0,70,,38249,1,,,0,30,,38264,1,,,0,70,,38250,1,,,0,30,,38265,1,,,0
580301,'6',600,,38283,1,,,0,30,,38282,1,,,0,70,,38281,1,,,0,30,,38280,1,,,0,70,,38279,1,,,0,30,,38278,1,,,0,70,,38277,1,,,0,30,,38276,1,,,0,70,,38284,1,,,0,20,,38297,1,,,0,20,,38285,1,,,0,60,,38298,1,,,0,20,,38286,1,,,0,20,,38299,1,,,0,60,,38287,1,,,0,20,,38300,1,,,0,20,,38288,1,,,0,60,,38301,1,,,0,20,,38289,1,,,0,20,,38302,1,,,0,60,,38290,1,,,0,20,,38303,1,,,0,20,,38291,1,,,0,60,,38304,1,,,0,20,,38292,1,,,0,20,,38305,1,,,0,60,,38293,1,,,0,20,,38306,1,,,0,20,,38294,1,,,0,60,,38307,1,,,0,20,,38295,1,,,0,20,,38308,1,,,0,60,,38296,1,,,0,20,,38309,1,,,0,20,,38310,1,,,0,60,,38275,1,,,0,30,,38274,1,,,0,70,,38273,1,,,0,30,,38272,1,,,0,70,,38271,1,,,0,30,,38270,1,,,0,70,,38269,1,,,0,30,,38268,1,,,0,70,,38267,1,,,0,30,,38266,1,,,0
