579501,'1',525,,34741,34,,,0,20,,34742,34,,,0,60,,34743,34,,,0,20,,34744,34,,,0,18,,34745,34,,,0,15,,34746,34,,,0,55,,34747,34,,,0,12,,34748,34,,,0,15,,34749,34,,,0,15,,34750,34,,,0,55,,34751,34,,,0,15,,34752,34,,,0,15,,34753,34,,,0,15,,34754,34,,,0,55,,34755,34,,,0,15,,34756,34,,,0,15,,34757,34,,,0,15,,34758,34,,,0,55,,34759,34,,,0,17,,34760,34,,,0,20,,34761,34,,,0,60,,34762,34,,,0,20,,34763,34,,,0,20,,34764,34,,,0,60,,34765,34,,,0,20,,34766,34,,,0,20,,34767,34,,,0,60,,34768,34,,,0,20,,34769,34,,,0,20,,34770,34,,,0,61,,34771,34,,,0,19,,34772,34,,,0,14,,34773,34,,,0,16,,34774,34,,,0,54,,34775,34,,,0,15,,34776,34,,,0,15,,34777,34,,,0,15,,34778,34,,,0,55,,34779,34,,,0,15,,34780,34,,,0,15,,34781,34,,,0,15,,34782,34,,,0,55,,34783,34,,,0,15,,34784,34,,,0,15,,34785,34,,,0,15,,34786,34,,,0,60,,34787,34,,,0,30,,34788,34,,,0,69,,34789,34,,,0,30,,34790,34,,,0,70,,34791,34,,,0,30,,34792,34,,,0,70,,34793,34,,,0,30,,34794,34,,,0,70,,34795,34,,,0,30,,34796,34,,,0,70,,34797,34,,,0,30,,34798,34,,,0,70,,34799,34,,,0,87,,34800,34,,,0,33,,34801,34,,,0
579501,'2',603,,34835,34,,,0,34,,34833,34,,,0,70,,34830,34,,,0,30,,34813,34,,,0,70,,34826,34,,,0,30,,34827,34,,,0,70,,34832,34,,,0,28,,34837,34,,,0,70,,34838,34,,,0,30,,34831,34,,,0,70,,34836,34,,,0,30,,34834,34,,,0,70,,34840,34,,,0,30,,34802,34,,,0,70,,34806,34,,,0,30,,34805,34,,,0,70,,34839,34,,,0,30,,34803,34,,,0,70,,34804,34,,,0,30,,34807,34,,,0,70,,34811,34,,,0,30,,34812,34,,,0,70,,34815,34,,,0,30,,34818,34,,,0,70,,34819,34,,,0,32,,34809,34,,,0,70,,34808,34,,,0,30,,34810,34,,,0,70,,34820,34,,,0,30,,34821,34,,,0,70,,34823,34,,,0,30,,34816,34,,,0,70,,34817,34,,,0,30,,34814,34,,,0,70,,34828,34,,,0,30,,34829,34,,,0,70,,34822,34,,,0,30,,34824,34,,,0,70,,34825,34,,,0
579501,'3',608,,34846,34,,,0,35,,34845,34,,,0,73,,34847,34,,,0,30,,34844,34,,,0,70,,34848,34,,,0,30,,34843,34,,,0,70,,34849,34,,,0,28,,34850,34,,,0,70,,34851,34,,,0,30,,34852,34,,,0,70,,34853,34,,,0,30,,34854,34,,,0,70,,34855,34,,,0,30,,34856,34,,,0,70,,34857,34,,,0,30,,34858,34,,,0,70,,34859,34,,,0,30,,34860,34,,,0,70,,34861,34,,,0,30,,34862,34,,,0,70,,34863,34,,,0,30,,34864,34,,,0,70,,34865,34,,,0,30,,34866,34,,,0,70,,34867,34,,,0,30,,34868,34,,,0,70,,34842,34,,,0,30,,34869,34,,,0,70,,34841,34,,,0,30,,34870,34,,,0,70,,34871,34,,,0,30,,34872,34,,,0,70,,34873,34,,,0,32,,34874,34,,,0,70,,34875,34,,,0,30,,34876,34,,,0
579501,'4',646,,34899,34,,,0,100,,34898,34,,,0,70,,34897,34,,,0,30,,34896,34,,,0,70,,34895,34,,,0,30,,34894,34,,,0,70,,34893,34,,,0,30,,34892,34,,,0,70,,34891,34,,,0,30,,34890,34,,,0,70,,34889,34,,,0,30,,34888,34,,,0,70,,34887,34,,,0,30,,34886,34,,,0,70,,34885,34,,,0,30,,34884,34,,,0,70,,34883,34,,,0,30,,34882,34,,,0,70,,34881,34,,,0,85,,34880,34,,,0,45,,34900,34,,,0,85,,34879,34,,,0,85,,34878,34,,,0,85,,34877,34,,,0,45,,34901,34,,,0
579501,'6',608,,34907,34,,,0,35,,34906,34,,,0,73,,34908,34,,,0,30,,34905,34,,,0,70,,34909,34,,,0,30,,34904,34,,,0,70,,34910,34,,,0,28,,34911,34,,,0,70,,34912,34,,,0,30,,34913,34,,,0,70,,34914,34,,,0,30,,34915,34,,,0,70,,34916,34,,,0,30,,34917,34,,,0,70,,34918,34,,,0,30,,34919,34,,,0,70,,34920,34,,,0,30,,34921,34,,,0,70,,34922,34,,,0,30,,34923,34,,,0,70,,34924,34,,,0,30,,34925,34,,,0,70,,34926,34,,,0,30,,34927,34,,,0,70,,34928,34,,,0,30,,34929,34,,,0,70,,34903,34,,,0,30,,34930,34,,,0,70,,34902,34,,,0,30,,34931,34,,,0,70,,34932,34,,,0,30,,34933,34,,,0,70,,34934,34,,,0,32,,34935,34,,,0,70,,34936,34,,,0,30,,34937,34,,,0
579901,'1',541,,36452,29,,,0,60,,36453,29,,,0,20,,36454,29,,,0,22,,36455,29,,,0,64,,36456,29,,,0,14,,36457,29,,,0,12,,36458,29,,,0,11,,36459,29,,,0,12,,36460,29,,,0,52,,36461,29,,,0,12,,36462,29,,,0,12,,36463,29,,,0,12,,36464,29,,,0,11,,36465,29,,,0,52,,36466,29,,,0,12,,36467,29,,,0,12,,36468,29,,,0,15,,36469,29,,,0,55,,36470,29,,,0,15,,36471,29,,,0,15,,36472,29,,,0,15,,36473,29,,,0,55,,36474,29,,,0,15,,36475,29,,,0,15,,36476,29,,,0,15,,36477,29,,,0,55,,36478,29,,,0,15,,36479,29,,,0,15,,36480,29,,,0,15,,36481,29,,,0,55,,36482,29,,,0,15,,36483,29,,,0,15,,36484,29,,,0,15,,36485,29,,,0,55,,36486,29,,,0,15,,36487,29,,,0,15,,36488,29,,,0,15,,36489,29,,,0,54,,36490,29,,,0,13,,36491,29,,,0,12,,36492,29,,,0,12,,36493,29,,,0,12,,36494,29,,,0,52,,36495,29,,,0,12,,36496,29,,,0,12,,36497,29,,,0,12,,36498,29,,,0,12,,36499,29,,,0,52,,36500,29,,,0,12,,36501,29,,,0,12,,36502,29,,,0,12,,36503,29,,,0,12,,36504,29,,,0,52,,36505,29,,,0,14,,36506,29,,,0,12,,36507,29,,,0,15,,36508,29,,,0,16,,36510,29,,,0,56,,36511,29,,,0,17,,36512,29,,,0,16,,36513,29,,,0,59,,36514,29,,,0,14,,36515,29,,,0,20,,36517,29,,,0,60,,36518,29,,,0,20,,36519,29,,,0,20,,36520,29,,,0,73,,36521,29,,,0,30,,36522,29,,,0,63,,36523,29,,,0,41,,36524,29,,,0,70,,36525,29,,,0,91,,36527,29,,,0
579901,'2',553,,36540,29,,,0,68,,36541,29,,,0,26,,36542,29,,,0,70,,36543,29,,,0,30,,36544,29,,,0,70,,36545,29,,,0,30,,36546,29,,,0,71,,36547,29,,,0,20,,36548,29,,,0,20,,36549,29,,,0,60,,36550,29,,,0,20,,36551,29,,,0,20,,36552,29,,,0,60,,36553,29,,,0,20,,36554,29,,,0,62,,36555,29,,,0,22,,36556,29,,,0,18,,36557,29,,,0,60,,36558,29,,,0,20,,36559,29,,,0,20,,36560,29,,,0,60,,36561,29,,,0,20,,36562,29,,,0,20,,36563,29,,,0,60,,36564,29,,,0,20,,36565,29,,,0,20,,36566,29,,,0,60,,36567,29,,,0,20,,36568,29,,,0,20,,36569,29,,,0,60,,36570,29,,,0,20,,36571,29,,,0,20,,36572,29,,,0,60,,36573,29,,,0,15,,36574,29,,,0,30,,36575,29,,,0,70,,36576,29,,,0,30,,36577,29,,,0,70,,36531,29,,,0,30,,36532,29,,,0,70,,36533,29,,,0,28,,36534,29,,,0,70,,36535,29,,,0,28,,36536,29,,,0,70,,36537,29,,,0,30,,36538,29,,,0,75,,36539,29,,,0
579901,'3',612,,36580,29,,,0,30,,36612,29,,,0,70,,36581,29,,,0,30,,36582,29,,,0,70,,36583,29,,,0,30,,36584,29,,,0,70,,36585,29,,,0,30,,36586,29,,,0,70,,36587,29,,,0,30,,36588,29,,,0,73,,36589,29,,,0,30,,36590,29,,,0,70,,36591,29,,,0,30,,36592,29,,,0,70,,36593,29,,,0,30,,36594,29,,,0,70,,36595,29,,,0,30,,36596,29,,,0,70,,36597,29,,,0,30,,36598,29,,,0,70,,36599,29,,,0,30,,36600,29,,,0,70,,36601,29,,,0,30,,36605,29,,,0,70,,36606,29,,,0,30,,36607,29,,,0,70,,36608,29,,,0,30,,36609,29,,,0,70,,36610,29,,,0,30,,36611,29,,,0,70,,36613,29,,,0,33,,36602,29,,,0,70,,36614,29,,,0,30,,36603,29,,,0,70,,36615,29,,,0,30,,36604,29,,,0
579901,'4',606,,36616,29,,,0,30,,36617,29,,,0,70,,36618,29,,,0,30,,36619,29,,,0,70,,36620,29,,,0,30,,36621,29,,,0,74,,36622,29,,,0,34,,36623,29,,,0,70,,36624,29,,,0,30,,36625,29,,,0,70,,36626,29,,,0,30,,36627,29,,,0,70,,36628,29,,,0,30,,36629,29,,,0,70,,36630,29,,,0,30,,36631,29,,,0,100,,36632,29,,,0,100,,36633,29,,,0,100,,36634,29,,,0,100,,36635,29,,,0,100,,36636,29,,,0,100,,36637,29,,,0,100,,36638,29,,,0
579901,'6',553,,36650,29,,,0,68,,36651,29,,,0,26,,36652,29,,,0,70,,36653,29,,,0,30,,36654,29,,,0,70,,36655,29,,,0,30,,36656,29,,,0,71,,36657,29,,,0,20,,36658,29,,,0,20,,36659,29,,,0,60,,36660,29,,,0,20,,36661,29,,,0,20,,36662,29,,,0,60,,36663,29,,,0,20,,36664,29,,,0,62,,36665,29,,,0,22,,36666,29,,,0,18,,36667,29,,,0,60,,36668,29,,,0,20,,36669,29,,,0,20,,36670,29,,,0,60,,36671,29,,,0,20,,36672,29,,,0,20,,36673,29,,,0,60,,36674,29,,,0,20,,36675,29,,,0,20,,36676,29,,,0,60,,36677,29,,,0,20,,36678,29,,,0,20,,36679,29,,,0,60,,36680,29,,,0,20,,36681,29,,,0,20,,36682,29,,,0,60,,36683,29,,,0,15,,36684,29,,,0,30,,36685,29,,,0,70,,36686,29,,,0,30,,36687,29,,,0,70,,36641,29,,,0,30,,36642,29,,,0,70,,36643,29,,,0,28,,36644,29,,,0,70,,36645,29,,,0,28,,36646,29,,,0,70,,36647,29,,,0,30,,36648,29,,,0,75,,36649,29,,,0
580001,'1',443,,36910,30,,,0,16,,36911,30,,,0,46,,36912,30,,,0,9,,36913,30,,,0,20,,36914,30,,,0,10,,36915,30,,,0,2,,36916,30,,,0,8,,36917,30,,,0,1,,36918,30,,,0,53,,36919,30,,,0,12,,36920,30,,,0,15,,36921,30,,,0,15,,36922,30,,,0,55,,36923,30,,,0,15,,36924,30,,,0,15,,36925,30,,,0,15,,36926,30,,,0,55,,36927,30,,,0,15,,36928,30,,,0,15,,36929,30,,,0,15,,36930,30,,,0,56,,36931,30,,,0,15,,36932,30,,,0,25,,36933,30,,,0,70,,36934,30,,,0,30,,36935,30,,,0,70,,36936,30,,,0,30,,36937,30,,,0,70,,36938,30,,,0,30,,36939,30,,,0,70,,36940,30,,,0,30,,36941,30,,,0,70,,36942,30,,,0,30,,36943,30,,,0,69,,36944,30,,,0,15,,36945,30,,,0,15,,36946,30,,,0,55,,36947,30,,,0,15,,36948,30,,,0,15,,36949,30,,,0,15,,36950,30,,,0,55,,36951,30,,,0,15,,36952,30,,,0,15,,36953,30,,,0,15,,36954,30,,,0,55,,36955,30,,,0,30,,36956,30,,,0,28,,36957,30,,,0,70,,36958,30,,,0,72,,36959,30,,,0,30,,36960,30,,,0,70,,36961,30,,,0,30,,36962,30,,,0,70,,36963,30,,,0,30,,36964,30,,,0,70,,36965,30,,,0,34,,36966,30,,,0,70,,36967,30,,,0,30,,36968,30,,,0,76,,36969,30,,,0
580001,'2',500,,37020,30,,,0,4,,37014,30,,,0,30,,37013,30,,,0,70,,37012,30,,,0,30,,37011,30,,,0,70,,37010,30,,,0,30,,37009,30,,,0,70,,37008,30,,,0,30,,37007,30,,,0,70,,37006,30,,,0,20,,37005,30,,,0,20,,37004,30,,,0,60,,37003,30,,,0,20,,37002,30,,,0,20,,36996,30,,,0,60,,36997,30,,,0,20,,36985,30,,,0,20,,36988,30,,,0,60,,36989,30,,,0,20,,36987,30,,,0,20,,36993,30,,,0,60,,36995,30,,,0,20,,36994,30,,,0,20,,36992,30,,,0,60,,36980,30,,,0,20,,36981,30,,,0,20,,36982,30,,,0,60,,36983,30,,,0,20,,36984,30,,,0,20,,36986,30,,,0,60,,37001,30,,,0,20,,36998,30,,,0,20,,36999,30,,,0,60,,37000,30,,,0,20,,36978,30,,,0,20,,36977,30,,,0,60,,36979,30,,,0,20,,36970,30,,,0,20,,36990,30,,,0,70,,36991,30,,,0,30,,36976,30,,,0,70,,36975,30,,,0,30,,36974,30,,,0,70,,36973,30,,,0,30,,36972,30,,,0,70,,36971,30,,,0,30,,37019,30,,,0,75,,37018,30,,,0,30,,37017,30,,,0,70,,37016,30,,,0,30,,37015,30,,,0
580001,'3',459,,37053,30,,,0,58,,37026,30,,,0,23,,37021,30,,,0,7,,37035,30,,,0,56,,37054,30,,,0,13,,37025,30,,,0,30,,37044,30,,,0,70,,37024,30,,,0,30,,37045,30,,,0,70,,37023,30,,,0,30,,37046,30,,,0,70,,37022,30,,,0,29,,37027,30,,,0,70,,37049,30,,,0,30,,37029,30,,,0,70,,37043,30,,,0,30,,37032,30,,,0,70,,37042,30,,,0,30,,37041,30,,,0,70,,37047,30,,,0,30,,37048,30,,,0,70,,37028,30,,,0,30,,37033,30,,,0,70,,37030,30,,,0,30,,37034,30,,,0,70,,37031,30,,,0,30,,37036,30,,,0,70,,37039,30,,,0,30,,37037,30,,,0,70,,37050,30,,,0,30,,37038,30,,,0,71,,37051,30,,,0,30,,37040,30,,,0,70,,37052,30,,,0,30,,37055,30,,,0,70,,37056,30,,,0,30,,37057,30,,,0,71,,37058,30,,,0,30,,37059,30,,,0,70,,37060,30,,,0,30,,37061,30,,,0
580001,'4',544,,37062,30,,,0,86,,37063,30,,,0,85,,37064,30,,,0,85,,37065,30,,,0,45,,37066,30,,,0,85,,37067,30,,,0,85,,37068,30,,,0,85,,37069,30,,,0,45,,37070,30,,,0,85,,37071,30,,,0,85,,37072,30,,,0,85,,37073,30,,,0,45,,37074,30,,,0,85,,37075,30,,,0,85,,37076,30,,,0,85,,37077,30,,,0,45,,37078,30,,,0,85,,37079,30,,,0,85,,37080,30,,,0,85,,37081,30,,,0,45,,37082,30,,,0
580001,'6',459,,37115,30,,,0,58,,37088,30,,,0,23,,37083,30,,,0,7,,37097,30,,,0,56,,37116,30,,,0,13,,37087,30,,,0,30,,37106,30,,,0,70,,37086,30,,,0,30,,37107,30,,,0,70,,37085,30,,,0,30,,37108,30,,,0,70,,37084,30,,,0,29,,37089,30,,,0,70,,37111,30,,,0,30,,37091,30,,,0,70,,37105,30,,,0,30,,37094,30,,,0,70,,37104,30,,,0,30,,37103,30,,,0,70,,37109,30,,,0,30,,37110,30,,,0,70,,37090,30,,,0,30,,37095,30,,,0,70,,37092,30,,,0,30,,37096,30,,,0,70,,37093,30,,,0,30,,37098,30,,,0,70,,37101,30,,,0,30,,37099,30,,,0,70,,37112,30,,,0,30,,37100,30,,,0,71,,37113,30,,,0,30,,37102,30,,,0,70,,37114,30,,,0,30,,37117,30,,,0,70,,37118,30,,,0,30,,37119,30,,,0,71,,37120,30,,,0,30,,37121,30,,,0,70,,37122,30,,,0,30,,37123,30,,,0
