578300,'1',508,,30532,12,0,23 24,0,10,,30533,28,0,31 4 32,0,10,,30534,35,0,27 28,0,10,,30535,12,0,23 24,0,15,,30536,28,0,31 4 32,0,47,,30537,35,0,27 28,0,8,,30538,12,0,23 24,0,7,,30539,28,0,31 4 32,0,8,,30540,12,0,23 24,0,7,,30541,35,0,27 28,0,7,,30542,12,0,23 24,0,8,,30543,28,0,31 4 32,0,7,,30544,12,0,23 24,0,48,,30545,35,0,27 28,0,7,,30546,12,0,23 24,0,8,,30547,28,0,31 4 32,0,7,,30548,12,0,23 24,0,8,,30549,35,0,27 28,0,7,,30550,12,0,23 24,0,8,,30551,28,0,31 4 32,0,7,,30552,12,0,23 24,0,48,,30553,35,0,27 28,0,7,,30554,12,0,23 24,0,8,,30555,28,0,31 4 32,0,7,,30556,12,0,23 24,0,8,,30557,35,0,27 28,0,7,,30558,12,0,23 24,0,7,,30559,28,0,31 4 32,0,8,,30560,12,0,23 24,0,7,,30561,35,0,27 28,0,48,,30562,12,0,23 24,0,10,,30563,28,0,31 4 32,0,7,,30564,12,0,17 25 4 26,0,3,,30565,35,0,27 28,0,10,,30566,12,0,23 24,0,10,,30567,28,0,31 4 32,0,10,,30568,35,0,27 28,0,50,,30569,12,0,23 24,0,10,,30570,28,0,31 4 32,0,10,,30571,35,0,27 28,0,10,,30572,12,0,23 24,0,10,,30573,28,0,31 4 32,0,10,,30574,35,0,27 28,0,50,,30575,12,0,23 24,0,10,,30576,28,0,31 4 32,0,10,,30577,35,0,27 28,0,10,,30578,12,0,23 24,0,10,,30579,28,0,31 4 32,0,10,,30580,35,0,27 28,0,50,,30581,12,0,23 24,0,10,,30582,28,0,31 4 32,0,10,,30583,35,0,27 28,0,10,,30584,12,0,23 24,0,10,,30585,28,0,31 4 32,0,10,,30586,35,0,27 28,0,50,,30587,12,0,23 24,0,10,,30588,28,0,31 4 32,0,10,,30589,35,0,27 28,0,9,,30590,12,0,23 24,0,8,,30591,28,0,31 4 32,0,7,,30592,12,0,23 24,0,7,,30593,35,0,27 28,0,48,,30594,12,0,23 24,0,7,,30595,28,0,31 4 32,0,8,,30596,12,0,23 24,0,7,,30597,35,0,27 28,0,8,,30598,12,0,23 24,0,7,,30599,28,0,31 4 32,0,8,,30600,12,0,23 24,0,7,,30601,35,0,27 28,0,48,,30602,12,0,23 24,0,7,,30603,28,0,31 4 32,0,8,,30604,12,0,23 24,0,7,,30605,35,0,27 28,0,8,,30606,12,0,23 24,0,7,,30607,28,0,31 4 32,0,8,,30608,12,0,23 24,0,7,,30609,35,0,27 28,0,48,,30610,12,0,23 24,0,7,,30611,28,0,31 4 32,0,8,,30612,12,0,23 24,0,7,,30613,35,0,27 28,0,8,,30614,12,0,23 24,0,7,,30615,28,0,31 4 32,0,8,,30616,12,0,23 24,0,7,,30617,35,0,27 28,0,48,,30618,12,0,23 24,0,7,,30619,28,0,31 4 32,0,8,,30620,12,0,23 24,0,7,,30621,35,0,27 28,0,8,,30622,12,0,23 24,0,7,,30623,28,0,31 4 32,0,8,,30624,12,0,23 24,0,8,,30625,35,0,27 28,0,47,,30626,12,0,23 24,0,10,,30627,28,0,31 4 32,0,10,,30628,35,0,27 28,0,10,,30629,12,0,23 24,0,10,,30630,28,0,31 4 32,0,10,,30631,35,0,27 28,0,50,,30632,12,0,23 24,0,10,,30633,28,0,31 4 32,0,10,,30634,35,0,27 28,0,10,,30635,12,0,23 24,0,10,,30636,28,0,31 4 32,0,10,,30637,35,0,27 28,0,50,,30638,12,0,23 24,0,10,,30639,28,0,31 4 32,0,10,,30640,35,0,27 28,0,10,,30641,12,0,23 24,0,10,,30642,28,0,31 4 32,0,10,,30643,35,0,27 28,0,50,,30644,12,0,23 24,0,10,,30645,28,0,31 4 32,0,10,,30646,35,0,27 28,0,11,,30647,12,0,23 24,0,15,,30648,35,0,27 28,0,55,,30649,28,0,31 4 32,0,15,,30650,12,0,23 24,0,15,,30651,35,0,27 28,0,15,,30652,28,0,31 4 32,0,55,,30653,12,0,23 24,0,15,,30654,35,0,27 28,0,15,,30655,28,0,31 4 32,0,15,,30656,12,0,23 24,0,55,,30657,35,0,27 28,0,15,,30658,28,0,31 4 32,0,15,,30659,12,0,23 24,0,20,,30660,28,0,17 25 4 26,0,1,,30662,12,0,23 24,0,62,,30663,35,0,17 25 4 26,0,80,,30664,35,0,17 25 4 26,0
578300,'2',526,,30670,12,0,23 24,0,15,,30671,28,0,31 4 32,0,12,,30672,12,0,23 24,0,52,,30673,35,0,27 28,0,12,,30674,28,0,31 4 32,0,12,,30675,12,0,23 24,0,12,,30676,35,0,27 28,0,12,,30677,28,0,31 4 32,0,52,,30678,12,0,23 24,0,12,,30679,35,0,27 28,0,12,,30680,28,0,31 4 32,0,6,,30682,12,0,23 24,0,12,,30683,35,0,27 28,0,12,,30684,28,0,31 4 32,0,52,,30685,12,0,23 24,0,12,,30686,35,0,27 28,0,12,,30687,28,0,31 4 32,0,12,,30688,12,0,23 24,0,12,,30689,35,0,27 28,0,52,,30690,28,0,31 4 32,0,12,,30691,12,0,23 24,0,12,,30692,35,0,27 28,0,12,,30693,28,0,31 4 32,0,12,,30694,12,0,23 24,0,52,,30695,35,0,27 28,0,12,,30696,28,0,31 4 32,0,12,,30697,12,0,23 24,0,12,,30698,35,0,27 28,0,12,,30699,28,0,31 4 32,0,52,,30700,12,0,23 24,0,12,,30701,35,0,27 28,0,12,,30702,28,0,31 4 32,0,12,,30703,12,0,23 24,0,12,,30704,35,0,27 28,0,52,,30705,28,0,31 4 32,0,12,,30706,12,0,23 24,0,12,,30707,35,0,27 28,0,12,,30708,28,0,31 4 32,0,12,,30709,12,0,23 24,0,52,,30710,35,0,27 28,0,12,,30711,28,0,31 4 32,0,12,,30712,12,0,23 24,0,12,,30713,35,0,27 28,0,12,,30714,28,0,31 4 32,0,52,,30715,12,0,23 24,0,12,,30716,35,0,27 28,0,12,,30717,28,0,31 4 32,0,12,,30718,12,0,23 24,0,12,,30719,35,0,27 28,0,52,,30720,28,0,31 4 32,0,12,,30721,12,0,23 24,0,12,,30722,35,0,27 28,0,12,,30723,28,0,31 4 32,0,12,,30724,12,0,23 24,0,52,,30725,35,0,27 28,0,12,,30726,28,0,31 4 32,0,12,,30727,12,0,23 24,0,12,,30728,35,0,27 28,0,12,,30729,28,0,31 4 32,0,55,,30730,12,0,23 24,0,10,,30731,35,0,27 28,0,10,,30732,28,0,31 4 32,0,12,,30733,12,0,23 24,0,12,,30734,35,0,27 28,0,52,,30735,28,0,31 4 32,0,12,,30736,12,0,23 24,0,12,,30737,35,0,27 28,0,12,,30738,28,0,31 4 32,0,13,,30739,12,0,23 24,0,52,,30740,35,0,27 28,0,12,,30741,28,0,31 4 32,0,12,,30742,12,0,23 24,0,12,,30743,35,0,27 28,0,12,,30744,28,0,31 4 32,0,52,,30745,12,0,23 24,0,12,,30746,35,0,27 28,0,12,,30747,28,0,31 4 32,0,12,,30748,12,0,23 24,0,12,,30749,35,0,27 28,0,52,,30750,28,0,31 4 32,0,13,,30751,12,0,23 24,0,15,,30752,35,0,27 28,0,15,,30753,28,0,31 4 32,0,55,,30754,12,0,23 24,0,15,,30755,35,0,27 28,0,15,,30756,12,0,23 24,0,15,,30757,28,0,31 4 32,0,55,,30758,35,0,27 28,0,15,,30759,12,0,23 24,0,15,,30760,28,0,31 4 32,0,15,,30761,35,0,27 28,0,55,,30762,12,0,23 24,0,15,,30763,35,0,27 28,0,15,,30764,28,0,31 4 32,0,20,,30765,35,0,17 25 4 26,0,85,,30767,35,0,17 25 4 26,0
578300,'3',541,,30772,12,0,23 24,0,15,,30773,28,0,31 4 32,0,55,,30775,35,0,27 28,0,15,,30776,12,0,23 24,0,15,,30777,28,0,31 4 32,0,15,,30778,35,0,27 28,0,55,,30779,12,0,23 24,0,15,,30780,28,0,31 4 32,0,15,,30781,35,0,27 28,0,15,,30782,12,0,23 24,0,55,,30783,28,0,31 4 32,0,15,,30784,35,0,27 28,0,15,,30785,12,0,23 24,0,12,,30786,28,0,31 4 32,0,52,,30787,35,0,27 28,0,12,,30788,12,0,23 24,0,12,,30789,28,0,31 4 32,0,9,,30790,35,0,27 28,0,12,,30791,12,0,23 24,0,52,,30792,28,0,31 4 32,0,12,,30793,35,0,27 28,0,12,,30794,12,0,23 24,0,12,,30795,28,0,31 4 32,0,12,,30796,35,0,27 28,0,52,,30797,12,0,23 24,0,12,,30798,28,0,31 4 32,0,12,,30799,35,0,27 28,0,12,,30800,12,0,23 24,0,12,,30801,28,0,31 4 32,0,52,,30802,35,0,27 28,0,12,,30803,12,0,23 24,0,12,,30804,28,0,31 4 32,0,12,,30805,35,0,27 28,0,12,,30806,12,0,23 24,0,52,,30807,28,0,31 4 32,0,12,,30808,35,0,27 28,0,12,,30809,12,0,23 24,0,12,,30810,28,0,31 4 32,0,12,,30811,35,0,27 28,0,52,,30812,12,0,23 24,0,12,,30813,28,0,31 4 32,0,12,,30814,35,0,27 28,0,12,,30815,12,0,23 24,0,12,,30816,28,0,31 4 32,0,52,,30817,35,0,27 28,0,12,,30818,12,0,23 24,0,12,,30819,28,0,31 4 32,0,12,,30820,35,0,27 28,0,12,,30821,12,0,23 24,0,52,,30822,28,0,31 4 32,0,12,,30823,35,0,27 28,0,12,,30824,12,0,23 24,0,12,,30825,28,0,31 4 32,0,12,,30826,35,0,27 28,0,52,,30827,12,0,23 24,0,12,,30828,28,0,31 4 32,0,12,,30829,35,0,27 28,0,12,,30830,12,0,23 24,0,15,,30831,28,0,31 4 32,0,55,,30832,35,0,27 28,0,15,,30833,12,0,23 24,0,15,,30834,28,0,31 4 32,0,15,,30835,35,0,27 28,0,55,,30836,12,0,23 24,0,15,,30837,28,0,31 4 32,0,15,,30838,35,0,27 28,0,15,,30839,12,0,23 24,0,55,,30840,28,0,31 4 32,0,15,,30841,35,0,27 28,0,15,,30842,12,0,23 24,0,15,,30843,28,0,31 4 32,0,55,,30844,35,0,27 28,0,15,,30845,12,0,23 24,0,18,,30846,28,0,31 4 32,0,15,,30847,35,0,27 28,0,55,,30848,12,0,23 24,0,15,,30849,28,0,31 4 32,0,15,,30850,35,0,27 28,0,15,,30851,12,0,23 24,0,55,,30852,28,0,31 4 32,0,15,,30853,35,0,27 28,0,15,,30855,12,0,23 24,0
578300,'4',611,,30859,28,0,31 4 32,0,15,,30860,12,0,23 24,0,15,,30861,35,0,27 28,0,15,,30862,28,0,31 4 32,0,55,,30863,12,0,23 24,0,15,,30864,35,0,27 28,0,15,,30865,28,0,31 4 32,0,15,,30866,12,0,23 24,0,55,,30867,35,0,27 28,0,15,,30868,28,0,31 4 32,0,15,,30869,12,0,23 24,0,15,,30870,35,0,27 28,0,55,,30871,28,0,31 4 32,0,15,,30872,12,0,23 24,0,12,,30873,35,0,27 28,0,15,,30874,28,0,31 4 32,0,55,,30875,12,0,23 24,0,15,,30876,35,0,27 28,0,15,,30877,28,0,31 4 32,0,15,,30878,12,0,23 24,0,55,,30879,35,0,27 28,0,15,,30880,28,0,31 4 32,0,15,,30881,12,0,23 24,0,15,,30882,35,0,27 28,0,55,,30883,28,0,31 4 32,0,15,,30884,12,0,23 24,0,15,,30885,35,0,27 28,0,15,,30886,28,0,31 4 32,0,55,,30887,12,0,23 24,0,15,,30888,35,0,27 28,0,15,,30889,28,0,31 4 32,0,15,,30890,12,0,23 24,0,55,,30891,35,0,27 28,0,15,,30892,28,0,31 4 32,0,15,,30893,12,0,23 24,0,15,,30894,35,0,27 28,0,55,,30895,28,0,31 4 32,0,15,,30896,12,0,23 24,0,15,,30897,35,0,27 28,0,15,,30898,28,0,31 4 32,0,55,,30899,12,0,23 24,0,15,,30900,35,0,27 28,0,15,,30901,28,0,31 4 32,0,15,,30902,12,0,23 24,0,55,,30903,35,0,27 28,0,15,,30904,28,0,31 4 32,0,18,,30905,12,0,23 24,0,15,,30906,35,0,27 28,0,55,,30907,28,0,31 4 32,0,15,,30908,12,0,23 24,0,15,,30909,35,0,27 28,0,15,,30910,28,0,31 4 32,0,55,,30911,12,0,23 24,0,15,,30912,35,0,27 28,0,15,,30913,28,0,31 4 32,0,15,,30914,12,0,23 24,0,55,,30915,35,0,27 28,0,15,,30916,28,0,31 4 32,0,15,,30917,35,0,17 25 4 26,0
578300,'6',541,,30926,12,0,23 24,0,15,,30927,28,0,31 4 32,0,55,,30929,35,0,27 28,0,15,,30930,12,0,23 24,0,15,,30931,28,0,31 4 32,0,15,,30932,35,0,27 28,0,55,,30933,12,0,23 24,0,15,,30934,28,0,31 4 32,0,15,,30935,35,0,27 28,0,15,,30936,12,0,23 24,0,55,,30937,28,0,31 4 32,0,15,,30938,35,0,27 28,0,15,,30939,12,0,23 24,0,12,,30940,28,0,31 4 32,0,52,,30941,35,0,27 28,0,12,,30942,12,0,23 24,0,12,,30943,28,0,31 4 32,0,9,,30944,35,0,27 28,0,12,,30945,12,0,23 24,0,52,,30946,28,0,31 4 32,0,12,,30947,35,0,27 28,0,12,,30948,12,0,23 24,0,12,,30949,28,0,31 4 32,0,12,,30950,35,0,27 28,0,52,,30951,12,0,23 24,0,12,,30952,28,0,31 4 32,0,12,,30953,35,0,27 28,0,12,,30954,12,0,23 24,0,12,,30955,28,0,31 4 32,0,52,,30956,35,0,27 28,0,12,,30957,12,0,23 24,0,12,,30958,28,0,31 4 32,0,12,,30959,35,0,27 28,0,12,,30960,12,0,23 24,0,52,,30961,28,0,31 4 32,0,12,,30962,35,0,27 28,0,12,,30963,12,0,23 24,0,12,,30964,28,0,31 4 32,0,12,,30965,35,0,27 28,0,52,,30966,12,0,23 24,0,12,,30967,28,0,31 4 32,0,12,,30968,35,0,27 28,0,12,,30969,12,0,23 24,0,12,,30970,28,0,31 4 32,0,52,,30971,35,0,27 28,0,12,,30972,12,0,23 24,0,12,,30973,28,0,31 4 32,0,12,,30974,35,0,27 28,0,12,,30975,12,0,23 24,0,52,,30976,28,0,31 4 32,0,12,,30977,35,0,27 28,0,12,,30978,12,0,23 24,0,12,,30979,28,0,31 4 32,0,12,,30980,35,0,27 28,0,52,,30981,12,0,23 24,0,12,,30982,28,0,31 4 32,0,12,,30983,35,0,27 28,0,12,,30984,12,0,23 24,0,15,,30985,28,0,31 4 32,0,55,,30986,35,0,27 28,0,15,,30987,12,0,23 24,0,15,,30988,28,0,31 4 32,0,15,,30989,35,0,27 28,0,55,,30990,12,0,23 24,0,15,,30991,28,0,31 4 32,0,15,,30992,35,0,27 28,0,15,,30993,12,0,23 24,0,55,,30994,28,0,31 4 32,0,15,,30995,35,0,27 28,0,15,,30996,12,0,23 24,0,15,,30997,28,0,31 4 32,0,55,,30998,35,0,27 28,0,15,,30999,12,0,23 24,0,18,,31000,28,0,31 4 32,0,15,,31001,35,0,27 28,0,55,,31002,12,0,23 24,0,15,,31003,28,0,31 4 32,0,15,,31004,35,0,27 28,0,15,,31005,12,0,23 24,0,55,,31006,28,0,31 4 32,0,15,,31007,35,0,27 28,0,15,,31009,12,0,23 24,0
583001,'1',533,,41992,56,,,0,75,,42011,56,,,0,40,,41990,56,,,0,65,,41958,36,,,0,31,,41983,56,,,0,70,,41982,56,,,0,30,,41981,56,,,0,70,,41980,56,,,0,30,,41979,56,,,0,80,,41994,56,,,0,82,,41995,56,,,0,40,,41997,56,,,0,80,,41999,56,,,0,80,,42001,56,,,0,40,,42003,56,,,0,75,,41986,56,,,0,31,,41966,56,,,0,70,,41965,56,,,0,30,,41964,56,,,0,70,,41963,56,,,0,30,,41962,56,,,0,70,,41961,56,,,0,30,,41960,56,,,0,70,,41959,56,,,0,30,,42004,56,,,0,75,,42006,56,,,0,75,,42008,56,,,0,40,,42010,56,,,0,80,,42025,56,,,0,80,,42023,56,,,0,36,,42021,56,,,0,80,,42019,56,,,0,40,,42017,56,,,0,80,,42015,56,,,0
583001,'2',614,,42081,56,,,0,104,,42079,56,,,0,101,,42077,56,,,0,90,,42076,56,,,0,40,,42073,56,,,0,80,,42071,56,,,0,80,,42069,56,,,0,40,,42067,56,,,0,80,,42065,56,,,0,80,,42063,56,,,0,40,,42061,56,,,0,80,,42059,56,,,0,80,,42057,56,,,0,40,,42055,56,,,0,80,,42053,56,,,0,80,,42051,56,,,0,40,,42049,56,,,0,80,,42047,56,,,0,80,,42045,56,,,0,34,,42043,56,,,0,80,,42041,56,,,0,80,,42039,56,,,0,40,,42037,56,,,0,80,,42035,56,,,0,79,,42033,56,,,0,41,,42031,56,,,0,80,,42029,56,,,0,78,,42027,56,,,0
583001,'3',556,,42097,56,,,0,160,,42096,56,,,0,120,,42088,56,,,0,100,,42113,56,,,0,80,,42114,56,,,0,43,,42115,56,,,0,80,,42116,56,,,0,80,,42117,56,,,0,40,,42118,56,,,0,80,,42119,56,,,0,80,,42120,56,,,0,40,,42121,56,,,0,80,,42122,56,,,0,80,,42123,56,,,0,40,,42124,56,,,0,80,,42125,56,,,0,80,,42126,56,,,0,40,,42127,56,,,0,77,,42128,56,,,0,85,,42129,56,,,0,80,,42089,56,,,0,50,,42087,56,,,0,99,,42086,56,,,0,100,,42083,56,,,0
583001,'4',626,,42160,36,,,0,94,,42131,56,,,0,100,,42133,56,,,0,100,,42135,56,,,0,100,,42137,56,,,0,100,,42139,56,,,0,100,,42141,56,,,0,100,,42143,56,,,0,100,,42145,56,,,0,100,,42147,56,,,0,100,,42149,56,,,0,100,,42151,56,,,0,100,,42153,56,,,0,100,,42155,56,,,0,100,,42157,56,,,0,100,,42159,56,,,0
583001,'6',614,,42216,56,,,0,104,,42214,56,,,0,101,,42212,56,,,0,90,,42211,56,,,0,40,,42208,56,,,0,80,,42206,56,,,0,80,,42204,56,,,0,40,,42202,56,,,0,80,,42200,56,,,0,80,,42198,56,,,0,40,,42196,56,,,0,80,,42194,56,,,0,80,,42192,56,,,0,40,,42190,56,,,0,80,,42188,56,,,0,80,,42186,56,,,0,40,,42184,56,,,0,80,,42182,56,,,0,80,,42180,56,,,0,34,,42178,56,,,0,80,,42176,56,,,0,80,,42174,56,,,0,40,,42172,56,,,0,80,,42170,56,,,0,79,,42168,56,,,0,41,,42166,56,,,0,80,,42164,56,,,0,78,,42162,56,,,0
