578301,'1',502,,31014,8,0,33 4 34,0,35,,31017,8,0,33 4 34,0,63,,31020,8,0,33 4 34,0,15,,31022,8,0,33 4 34,0,12,,31024,8,0,33 4 34,0,15,,31026,8,0,33 4 34,0,15,,31028,8,0,33 4 34,0,55,,31030,8,0,33 4 34,0,15,,31032,8,0,33 4 34,0,15,,31034,8,0,33 4 34,0,15,,31036,8,0,33 4 34,0,55,,31038,8,0,33 4 34,0,15,,31040,8,0,33 4 34,0,15,,31042,8,0,33 4 34,0,15,,31044,8,0,33 4 34,0,55,,31046,8,0,33 4 34,0,15,,31048,8,0,17 18 4 19,0,17,,31050,8,0,33 4 34,0,70,,31053,8,0,33 4 34,0,30,,31056,8,0,33 4 34,0,70,,31059,8,0,33 4 34,0,30,,31062,8,0,33 4 34,0,70,,31065,8,0,33 4 34,0,30,,31068,8,0,33 4 34,0,70,,31071,8,0,33 4 34,0,27,,31074,8,0,33 4 34,0,18,,31076,8,0,33 4 34,0,55,,31078,8,0,33 4 34,0,15,,31080,8,0,33 4 34,0,15,,31082,8,0,33 4 34,0,15,,31084,8,0,33 4 34,0,55,,31086,8,0,33 4 34,0,15,,31088,8,0,33 4 34,0,15,,31090,8,0,33 4 34,0,15,,31092,8,0,33 4 34,0,55,,31094,8,0,33 4 34,0,15,,31096,8,0,33 4 34,0,15,,31098,8,0,33 4 34,0,15,,31100,8,0,33 4 34,0,54,,31102,8,0,33 4 34,0,20,,31104,8,0,33 4 34,0,15,,31106,8,0,33 4 34,0,8,,31108,8,0,17 18 4 19,0,63,,31110,8,0,33 4 34,0,10,,31112,8,0,17 18 4 19,0,24,,31114,8,0,33 4 34,0,64,,31117,8,0,33 4 34,0,36,,31121,8,0,33 4 34,0,70,,31124,8,0,33 4 34,0,30,,31127,8,0,33 4 34,0,70,,31130,8,0,33 4 34,0,20,,31132,8,0,33 4 34,0,85,,31135,8,0,33 4 34,0,85,,31139,8,0,33 4 34,0,40,,31142,8,0,33 4 34,0,85,,31144,8,0,33 4 34,0
578301,'2',439,,31151,8,0,33 4 34,0,76,,31154,8,0,33 4 34,0,36,,31157,8,0,33 4 34,0,76,,31160,8,0,33 4 34,0,76,,31163,8,0,33 4 34,0,29,,31166,8,0,33 4 34,0,76,,31169,8,0,33 4 34,0,36,,31172,8,0,33 4 34,0,76,,31175,8,0,33 4 34,0,36,,31178,8,0,33 4 34,0,76,,31181,8,0,33 4 34,0,76,,31184,8,0,33 4 34,0,36,,31187,8,0,33 4 34,0,76,,31190,8,0,33 4 34,0,36,,31193,8,0,33 4 34,0,76,,31196,8,0,33 4 34,0,76,,31199,8,0,33 4 34,0,36,,31202,8,0,33 4 34,0,76,,31205,8,0,33 4 34,0,36,,31208,8,0,33 4 34,0,76,,31211,8,0,33 4 34,0,76,,31214,8,0,33 4 34,0,36,,31217,8,0,33 4 34,0,76,,31220,8,0,33 4 34,0,39,,31223,8,0,33 4 34,0,76,,31226,8,0,33 4 34,0,76,,31229,8,0,33 4 34,0,46,,31232,8,0,33 4 34,0,74,,31234,8,0,33 4 34,0,85,,31237,8,0,33 4 34,0,85,,31240,8,0,33 4 34,0,45,,31243,8,0,33 4 34,0,90,,31246,8,0,33 4 34,0
578301,'3',516,,31254,8,0,33 4 34,0,85,,31258,8,0,33 4 34,0,45,,31261,8,0,33 4 34,0,85,,31264,8,0,33 4 34,0,85,,31267,8,0,33 4 34,0,85,,31270,8,0,33 4 34,0,30,,31273,8,0,33 4 34,0,76,,31276,8,0,33 4 34,0,36,,31279,8,0,33 4 34,0,76,,31282,8,0,33 4 34,0,36,,31285,8,0,33 4 34,0,76,,31288,8,0,33 4 34,0,76,,31291,8,0,33 4 34,0,36,,31294,8,0,33 4 34,0,76,,31297,8,0,33 4 34,0,36,,31300,8,0,33 4 34,0,76,,31303,8,0,33 4 34,0,76,,31306,8,0,33 4 34,0,36,,31309,8,0,33 4 34,0,76,,31312,8,0,33 4 34,0,37,,31315,8,0,33 4 34,0,76,,31318,8,0,33 4 34,0,78,,31321,8,0,33 4 34,0,45,,31324,8,0,33 4 34,0,85,,31327,8,0,33 4 34,0,91,,31330,8,0,33 4 34,0,85,,31333,8,0,33 4 34,0,85,,31336,8,0,33 4 34,0,30,,31338,8,0,33 4 34,0
578301,'4',524,,31407,8,0,33 4 34,0,26,,31344,8,0,33 4 34,0,66,,31347,8,0,33 4 34,0,85,,31350,8,0,33 4 34,0,45,,31353,8,0,33 4 34,0,85,,31356,8,0,33 4 34,0,85,,31359,8,0,33 4 34,0,39,,31362,8,0,33 4 34,0,85,,31365,8,0,33 4 34,0,85,,31368,8,0,33 4 34,0,85,,31371,8,0,33 4 34,0,45,,31374,8,0,33 4 34,0,85,,31377,8,0,33 4 34,0,85,,31380,8,0,33 4 34,0,85,,31383,8,0,33 4 34,0,45,,31386,8,0,33 4 34,0,85,,31389,8,0,33 4 34,0,92,,31392,8,0,33 4 34,0,85,,31395,8,0,33 4 34,0,85,,31398,8,0,33 4 34,0,45,,31401,8,0,33 4 34,0,85,,31405,8,0,33 4 34,0
578301,'6',516,,31411,8,0,33 4 34,0,85,,31415,8,0,33 4 34,0,45,,31418,8,0,33 4 34,0,85,,31421,8,0,33 4 34,0,85,,31424,8,0,33 4 34,0,85,,31427,8,0,33 4 34,0,30,,31430,8,0,33 4 34,0,76,,31433,8,0,33 4 34,0,36,,31436,8,0,33 4 34,0,76,,31439,8,0,33 4 34,0,36,,31442,8,0,33 4 34,0,76,,31445,8,0,33 4 34,0,76,,31448,8,0,33 4 34,0,36,,31451,8,0,33 4 34,0,76,,31454,8,0,33 4 34,0,36,,31457,8,0,33 4 34,0,76,,31460,8,0,33 4 34,0,76,,31463,8,0,33 4 34,0,36,,31466,8,0,33 4 34,0,76,,31469,8,0,33 4 34,0,37,,31472,8,0,33 4 34,0,76,,31475,8,0,33 4 34,0,78,,31478,8,0,33 4 34,0,45,,31481,8,0,33 4 34,0,85,,31484,8,0,33 4 34,0,91,,31487,8,0,33 4 34,0,85,,31490,8,0,33 4 34,0,85,,31493,8,0,33 4 34,0,30,,31495,8,0,33 4 34,0
579100,'1',604,,32787,8,,,0,36,,32788,8,,,0,70,,32789,8,,,0,30,,32790,8,,,0,70,,32791,8,,,0,30,,32792,8,,,0,75,,32793,8,,,0,20,,32794,8,,,0,70,,32795,8,,,0,30,,32796,8,,,0,70,,32815,8,,,0,30,,32797,8,,,0,70,,32814,8,,,0,30,,32798,8,,,0,70,,32812,8,,,0,30,,32799,8,,,0,70,,32813,8,,,0,31,,32800,8,,,0,70,,32801,8,,,0,30,,32802,8,,,0,20,,32803,8,,,0,70,,32804,8,,,0,30,,32805,8,,,0,70,,32806,8,,,0,75,,32807,8,,,0,30,,32808,8,,,0,70,,32809,8,,,0,34,,32816,8,,,0,70,,32810,8,,,0,30,,32817,8,,,0,70,,32811,8,,,0,30,,32818,8,,,0,70,,32819,8,,,0,30,,32820,8,,,0,70,,32821,8,,,0,30,,32822,8,,,0,70,,32823,8,,,0,30,,32824,8,,,0,70,,32825,8,,,0
579100,'2',725,,32826,8,,,0,30,,32827,8,,,0,70,,32828,8,,,0,30,,32829,8,,,0,70,,32830,8,,,0,30,,32831,8,,,0,70,,32832,8,,,0,30,,32851,8,,,0,70,,32833,8,,,0,30,,32850,8,,,0,70,,32834,8,,,0,30,,32848,8,,,0,70,,32835,8,,,0,30,,32849,8,,,0,70,,32836,8,,,0,30,,32837,8,,,0,70,,32838,8,,,0,30,,32839,8,,,0,70,,32840,8,,,0,30,,32841,8,,,0,70,,32842,8,,,0,30,,32843,8,,,0,70,,32844,8,,,0,30,,32845,8,,,0,70,,32852,8,,,0,30,,32846,8,,,0,70,,32853,8,,,0,30,,32847,8,,,0,70,,32854,8,,,0,30,,32855,8,,,0,70,,32856,8,,,0,30,,32857,8,,,0,70,,32858,8,,,0,30,,32859,8,,,0,70,,32860,8,,,0
579100,'3',725,,32861,8,,,0,30,,32862,8,,,0,70,,32863,8,,,0,30,,32864,8,,,0,70,,32865,8,,,0,30,,32866,8,,,0,70,,32867,8,,,0,30,,32886,8,,,0,70,,32868,8,,,0,30,,32885,8,,,0,70,,32869,8,,,0,30,,32883,8,,,0,70,,32870,8,,,0,30,,32884,8,,,0,70,,32871,8,,,0,30,,32872,8,,,0,70,,32873,8,,,0,30,,32874,8,,,0,70,,32875,8,,,0,30,,32876,8,,,0,70,,32877,8,,,0,30,,32878,8,,,0,70,,32879,8,,,0,30,,32880,8,,,0,70,,32887,8,,,0,30,,32881,8,,,0,70,,32888,8,,,0,30,,32882,8,,,0,70,,32889,8,,,0,30,,32890,8,,,0,70,,32891,8,,,0,30,,32892,8,,,0,70,,32893,8,,,0,30,,32894,8,,,0
579100,'4',725,,32895,8,,,0,30,,32896,8,,,0,70,,32897,8,,,0,30,,32898,8,,,0,70,,32899,8,,,0,30,,32900,8,,,0,70,,32901,8,,,0,30,,32919,8,,,0,70,,32902,8,,,0,30,,32918,8,,,0,70,,32903,8,,,0,30,,32916,8,,,0,70,,32904,8,,,0,30,,32917,8,,,0,70,,32905,8,,,0,30,,32906,8,,,0,70,,32907,8,,,0,30,,32908,8,,,0,70,,32909,8,,,0,30,,32910,8,,,0,70,,32911,8,,,0,30,,32912,8,,,0,70,,32913,8,,,0,30,,32914,8,,,0,70,,32920,8,,,0,30,,32915,8,,,0,70,,32921,8,,,0
579100,'6',725,,32922,8,,,0,30,,32923,8,,,0,70,,32924,8,,,0,30,,32925,8,,,0,70,,32926,8,,,0,30,,32927,8,,,0,70,,32928,8,,,0,30,,32947,8,,,0,70,,32929,8,,,0,30,,32946,8,,,0,70,,32930,8,,,0,30,,32944,8,,,0,70,,32931,8,,,0,30,,32945,8,,,0,70,,32932,8,,,0,30,,32933,8,,,0,70,,32934,8,,,0,30,,32935,8,,,0,70,,32936,8,,,0,30,,32937,8,,,0,70,,32938,8,,,0,30,,32939,8,,,0,70,,32940,8,,,0,30,,32941,8,,,0,70,,32948,8,,,0,30,,32942,8,,,0,70,,32949,8,,,0,30,,32943,8,,,0,70,,32950,8,,,0,30,,32951,8,,,0,70,,32952,8,,,0,30,,32953,8,,,0,70,,32954,8,,,0,30,,32955,8,,,0,70,,32956,8,,,0
583501,'8502',1336,,42961,8,,,0,100,,42960,8,,,0,100,,42959,8,,,0,100,,42958,8,,,0,100,,42957,8,,,0,100,,42956,8,,,0,100,,42955,8,,,0,100,,42954,8,,,0
