583000,'1',535,,41714,1,,,0,23,,41713,1,,,0,52,,41710,1,,,0,25,,41709,1,,,0,15,,41707,1,,,0,60,,41702,1,,,0,10,,41706,1,,,0,20,,41701,1,,,0,10,,41705,1,,,0,60,,41700,1,,,0,10,,41704,1,,,0,20,,41699,1,,,0,10,,41703,1,,,0,60,,41682,1,,,0,9,,41708,1,,,0,21,,41749,1,,,0,9,,41748,1,,,0,66,,41747,1,,,0,14,,41746,1,,,0,26,,41716,1,,,0,54,,41717,1,,,0,26,,41718,1,,,0,14,,41719,1,,,0,66,,41720,1,,,0,14,,41721,1,,,0,26,,41722,1,,,0,52,,41723,1,,,0,25,,41724,1,,,0,15,,41698,1,,,0,60,,41690,1,,,0,15,,41697,1,,,0,10,,41689,1,,,0,20,,41696,1,,,0,50,,41688,1,,,0,20,,41695,1,,,0,10,,41687,1,,,0,20,,41694,1,,,0,50,,41686,1,,,0,20,,41693,1,,,0,10,,41685,1,,,0,20,,41692,1,,,0,50,,41684,1,,,0,20,,41691,1,,,0,10,,41683,1,,,0,20,,41712,1,,,0,50,,41681,1,,,0,30,,41725,1,,,0,16,,41726,1,,,0,60,,41727,1,,,0,24,,41745,1,,,0,16,,41744,1,,,0,60,,41743,1,,,0,24,,41742,1,,,0,16,,41741,1,,,0,64,,41740,1,,,0,16,,41739,1,,,0,24,,41738,1,,,0,62,,41737,1,,,0,24,,41736,1,,,0,20,,41735,1,,,0,56,,41734,1,,,0,24,,41733,1,,,0,16,,41732,1,,,0,64,,41731,1,,,0,16,,41730,1,,,0,24,,41729,1,,,0,56,,41728,1,,,0
583000,'2',601,,41807,1,,,0,39,,41806,1,,,0,71,,41805,1,,,0,36,,41804,1,,,0,70,,41754,1,,,0,35,,41803,1,,,0,65,,41802,1,,,0,25,,41801,1,,,0,15,,41800,1,,,0,65,,41799,1,,,0,15,,41798,1,,,0,65,,41797,1,,,0,15,,41796,1,,,0,25,,41795,1,,,0,15,,41794,1,,,0,65,,41793,1,,,0,15,,41792,1,,,0,65,,41791,1,,,0,15,,41790,1,,,0,25,,41789,1,,,0,15,,41788,1,,,0,65,,41787,1,,,0,15,,41786,1,,,0,65,,41785,1,,,0,15,,41784,1,,,0,25,,41783,1,,,0,15,,41782,1,,,0,65,,41781,1,,,0,15,,41780,1,,,0,65,,41779,1,,,0,15,,41778,1,,,0,25,,41777,1,,,0,15,,41776,1,,,0,65,,41775,1,,,0,10,,41774,1,,,0,69,,41773,1,,,0,16,,41772,1,,,0,24,,41771,1,,,0,16,,41770,1,,,0,64,,41769,1,,,0,16,,41768,1,,,0,64,,41767,1,,,0,16,,41766,1,,,0,24,,41765,1,,,0,67,,41764,1,,,0,16,,41763,1,,,0,24,,41762,1,,,0,56,,41761,1,,,0,24,,41760,1,,,0,16,,41759,1,,,0,64,,41758,1,,,0,16,,41757,1,,,0,32,,41756,1,,,0
583000,'3',623,,41851,1,,,0,77,,41841,1,,,0,43,,41848,1,,,0,77,,41849,1,,,0,83,,41822,1,,,0,35,,41824,1,,,0,69,,41823,1,,,0,16,,41846,1,,,0,24,,41821,1,,,0,56,,41847,1,,,0,24,,41836,1,,,0,16,,41834,1,,,0,64,,41835,1,,,0,16,,41817,1,,,0,24,,41832,1,,,0,56,,41837,1,,,0,24,,41838,1,,,0,16,,41839,1,,,0,64,,41840,1,,,0,16,,41820,1,,,0,24,,41844,1,,,0,56,,41842,1,,,0,24,,41816,1,,,0,16,,41854,1,,,0,64,,41859,1,,,0,16,,41852,1,,,0,24,,41853,1,,,0,56,,41843,1,,,0,24,,41818,1,,,0,16,,41856,1,,,0,59,,41826,1,,,0,19,,41830,1,,,0,23,,41825,1,,,0,57,,41819,1,,,0,23,,41855,1,,,0,17,,41857,1,,,0,63,,41828,1,,,0,17,,41831,1,,,0,23,,41833,1,,,0,57,,41829,1,,,0,24,,41827,1,,,0,20,,41858,1,,,0,68,,41815,1,,,0,27,,41813,1,,,0,73,,41814,1,,,0,37,,41812,1,,,0
583000,'4',645,,41875,1,,,0,65,,41888,1,,,0,33,,41874,1,,,0,67,,41887,1,,,0,33,,41873,1,,,0,67,,41886,1,,,0,33,,41872,1,,,0,67,,41885,1,,,0,33,,41871,1,,,0,67,,41884,1,,,0,33,,41870,1,,,0,67,,41883,1,,,0,33,,41869,1,,,0,67,,41868,1,,,0,33,,41867,1,,,0,67,,41866,1,,,0,33,,41882,1,,,0,67,,41865,1,,,0,33,,41881,1,,,0,67,,41864,1,,,0,33,,41880,1,,,0,67,,41863,1,,,0,33,,41879,1,,,0,67,,41862,1,,,0,33,,41878,1,,,0,67,,41861,1,,,0,33,,41877,1,,,0,67,,41860,1,,,0,33,,41876,1,,,0
583000,'6',601,,41943,1,,,0,39,,41942,1,,,0,71,,41941,1,,,0,36,,41940,1,,,0,70,,41890,1,,,0,35,,41939,1,,,0,65,,41938,1,,,0,25,,41937,1,,,0,15,,41936,1,,,0,65,,41935,1,,,0,15,,41934,1,,,0,65,,41933,1,,,0,15,,41932,1,,,0,25,,41931,1,,,0,15,,41930,1,,,0,65,,41929,1,,,0,15,,41928,1,,,0,65,,41927,1,,,0,15,,41926,1,,,0,25,,41925,1,,,0,15,,41924,1,,,0,65,,41923,1,,,0,15,,41922,1,,,0,65,,41921,1,,,0,15,,41920,1,,,0,25,,41919,1,,,0,15,,41918,1,,,0,65,,41917,1,,,0,15,,41916,1,,,0,65,,41915,1,,,0,15,,41914,1,,,0,25,,41913,1,,,0,15,,41912,1,,,0,65,,41911,1,,,0,10,,41910,1,,,0,69,,41909,1,,,0,16,,41908,1,,,0,24,,41907,1,,,0,16,,41906,1,,,0,64,,41905,1,,,0,16,,41904,1,,,0,64,,41903,1,,,0,16,,41902,1,,,0,24,,41901,1,,,0,67,,41900,1,,,0,16,,41899,1,,,0,24,,41898,1,,,0,56,,41897,1,,,0,24,,41896,1,,,0,16,,41895,1,,,0,64,,41894,1,,,0,16,,41893,1,,,0,32,,41892,1,,,0
583001,'1601',859,,41956,71,4,,0,761,,41951,59,4,,0
583001,'1',529,,41985,71,4,,0,20,,41992,74,4,,0,10,,41984,71,4,,0,65,,42011,74,4,,0,15,,41991,71,4,,0,65,,41990,74,4,,0,5,,41988,71,4,,0,20,,41958,54,4,,0,12,,41989,71,4,,0,59,,41983,74,4,,0,11,,41978,71,4,,0,19,,41982,74,4,,0,11,,41977,71,4,,0,59,,41981,74,4,,0,11,,41976,71,4,,0,19,,41980,74,4,,0,11,,41975,71,4,,0,59,,41979,74,4,,0,16,,41993,71,4,,0,24,,41994,74,4,,0,17,,42012,71,4,,0,66,,41995,74,4,,0,14,,41996,71,4,,0,66,,41997,74,4,,0,14,,41998,71,4,,0,26,,41999,74,4,,0,14,,42000,71,4,,0,66,,42001,74,4,,0,14,,42002,71,4,,0,66,,42003,74,4,,0,14,,41987,71,4,,0,21,,41986,74,4,,0,12,,41974,71,4,,0,61,,41966,74,4,,0,9,,41973,71,4,,0,21,,41965,74,4,,0,9,,41972,71,4,,0,61,,41964,74,4,,0,9,,41971,71,4,,0,21,,41963,74,4,,0,9,,41970,71,4,,0,61,,41962,74,4,,0,9,,41969,71,4,,0,21,,41961,74,4,,0,9,,41968,71,4,,0,61,,41960,74,4,,0,9,,41967,71,4,,0,21,,41959,74,4,,0,9,,41957,71,4,,0,61,,42004,74,4,,0,9,,42005,71,4,,0,26,,42006,74,4,,0,6,,42007,71,4,,0,65,,42008,74,4,,0,15,,42009,71,4,,0,25,,42010,74,4,,0,55,,42026,71,4,,0,25,,42025,74,4,,0,15,,42024,71,4,,0,65,,42023,74,4,,0,15,,42022,71,4,,0,19,,42021,74,4,,0,57,,42020,71,4,,0,23,,42019,74,4,,0,17,,42018,71,4,,0,63,,42017,74,4,,0,17,,42016,71,4,,0,23,,42015,74,4,,0,57,,42014,71,4,,0
583001,'2',549,,42082,71,4,,0,80,,42081,74,4,,0,71,,42080,71,4,,0,33,,42079,74,4,,0,67,,42078,71,4,,0,34,,42077,74,4,,0,66,,42075,51,4,,0,25,,42076,74,4,,0,15,,42074,71,4,,0,65,,42073,74,4,,0,15,,42072,71,4,,0,25,,42071,74,4,,0,55,,42070,71,4,,0,25,,42069,74,4,,0,15,,42068,71,4,,0,65,,42067,74,4,,0,15,,42066,71,4,,0,25,,42065,74,4,,0,55,,42064,71,4,,0,25,,42063,74,4,,0,15,,42062,71,4,,0,65,,42061,74,4,,0,15,,42060,71,4,,0,25,,42059,74,4,,0,55,,42058,71,4,,0,25,,42057,74,4,,0,15,,42056,71,4,,0,65,,42055,74,4,,0,15,,42054,71,4,,0,25,,42053,74,4,,0,55,,42052,71,4,,0,25,,42051,74,4,,0,15,,42050,71,4,,0,65,,42049,74,4,,0,15,,42048,71,4,,0,25,,42047,74,4,,0,55,,42046,71,4,,0,25,,42045,74,4,,0,15,,42044,71,4,,0,18,,42043,74,4,,0,56,,42042,71,4,,0,24,,42041,74,4,,0,16,,42040,71,4,,0,64,,42039,74,4,,0,16,,42038,71,4,,0,24,,42037,74,4,,0,56,,42036,71,4,,0,24,,42035,74,4,,0,15,,42034,71,4,,0,63,,42033,74,4,,0,17,,42032,71,4,,0,24,,42031,74,4,,0,57,,42030,71,4,,0,23,,42029,74,4,,0,17,,42028,71,4,,0,61,,42027,74,4,,0
583001,'3',610,,42097,74,4,,0,36,,42111,71,4,,0,84,,42096,74,4,,0,76,,42112,71,4,,0,44,,42088,74,4,,0,76,,42103,71,4,,0,24,,42113,74,4,,0,56,,42099,71,4,,0,24,,42114,74,4,,0,19,,42100,71,4,,0,65,,42115,74,4,,0,15,,42098,71,4,,0,25,,42116,74,4,,0,55,,42095,71,4,,0,25,,42117,74,4,,0,15,,42106,71,4,,0,65,,42118,74,4,,0,15,,42090,71,4,,0,25,,42119,74,4,,0,55,,42108,71,4,,0,25,,42120,74,4,,0,15,,42107,71,4,,0,65,,42121,74,4,,0,15,,42092,71,4,,0,25,,42122,74,4,,0,55,,42109,71,4,,0,25,,42123,74,4,,0,15,,42091,71,4,,0,65,,42124,74,4,,0,15,,42104,71,4,,0,25,,42125,74,4,,0,55,,42102,71,4,,0,25,,42126,74,4,,0,15,,42101,71,4,,0,65,,42127,74,4,,0,15,,42105,71,4,,0,21,,42128,74,4,,0,61,,42110,71,4,,0,24,,42129,74,4,,0,16,,42094,71,4,,0,64,,42089,74,4,,0,16,,42093,71,4,,0,74,,42087,74,4,,0,26,,42085,71,4,,0,73,,42086,74,4,,0,26,,42084,71,4,,0,74,,42083,74,4,,0
583001,'4',640,,42160,54,4,,0,60,,42130,71,4,,0,34,,42131,74,4,,0,66,,42132,71,4,,0,34,,42133,74,4,,0,66,,42134,71,4,,0,34,,42135,74,4,,0,66,,42136,71,4,,0,34,,42137,74,4,,0,66,,42138,71,4,,0,34,,42139,74,4,,0,66,,42140,71,4,,0,34,,42141,74,4,,0,66,,42142,71,4,,0,34,,42143,74,4,,0,66,,42144,71,4,,0,34,,42145,74,4,,0,66,,42146,71,4,,0,34,,42147,74,4,,0,66,,42148,71,4,,0,34,,42149,74,4,,0,66,,42150,71,4,,0,34,,42151,74,4,,0,66,,42152,71,4,,0,34,,42153,74,4,,0,66,,42154,71,4,,0,34,,42155,74,4,,0,66,,42156,71,4,,0,34,,42157,74,4,,0,66,,42158,71,4,,0,34,,42159,74,4,,0
583001,'6',549,,42217,71,4,,0,80,,42216,74,4,,0,71,,42215,71,4,,0,33,,42214,74,4,,0,67,,42213,71,4,,0,34,,42212,74,4,,0,66,,42210,51,4,,0,25,,42211,74,4,,0,15,,42209,71,4,,0,65,,42208,74,4,,0,15,,42207,71,4,,0,25,,42206,74,4,,0,55,,42205,71,4,,0,25,,42204,74,4,,0,15,,42203,71,4,,0,65,,42202,74,4,,0,15,,42201,71,4,,0,25,,42200,74,4,,0,55,,42199,71,4,,0,25,,42198,74,4,,0,15,,42197,71,4,,0,65,,42196,74,4,,0,15,,42195,71,4,,0,25,,42194,74,4,,0,55,,42193,71,4,,0,25,,42192,74,4,,0,15,,42191,71,4,,0,65,,42190,74,4,,0,15,,42189,71,4,,0,25,,42188,74,4,,0,55,,42187,71,4,,0,25,,42186,74,4,,0,15,,42185,71,4,,0,65,,42184,74,4,,0,15,,42183,71,4,,0,25,,42182,74,4,,0,55,,42181,71,4,,0,25,,42180,74,4,,0,15,,42179,71,4,,0,18,,42178,74,4,,0,56,,42177,71,4,,0,24,,42176,74,4,,0,16,,42175,71,4,,0,64,,42174,74,4,,0,16,,42173,71,4,,0,24,,42172,74,4,,0,56,,42171,71,4,,0,24,,42170,74,4,,0,15,,42169,71,4,,0,63,,42168,74,4,,0,17,,42167,71,4,,0,24,,42166,74,4,,0,57,,42165,71,4,,0,23,,42164,74,4,,0,17,,42163,71,4,,0,61,,42162,74,4,,0
