579500,'1',509,,34542,8,,,0,20,,34543,8,,,0,20,,34544,8,,,0,60,,34545,8,,,0,20,,34546,8,,,0,20,,34547,8,,,0,55,,34548,8,,,0,15,,34549,8,,,0,15,,34550,8,,,0,15,,34551,8,,,0,55,,34552,8,,,0,15,,34553,8,,,0,15,,34554,8,,,0,15,,34555,8,,,0,55,,34556,8,,,0,15,,34557,8,,,0,15,,34558,8,,,0,20,,34559,8,,,0,63,,34560,8,,,0,17,,34561,8,,,0,20,,34562,8,,,0,60,,34563,8,,,0,20,,34564,8,,,0,20,,34565,8,,,0,60,,34566,8,,,0,20,,34567,8,,,0,20,,34568,8,,,0,60,,34569,8,,,0,20,,34570,8,,,0,22,,34571,8,,,0,60,,34572,8,,,0,20,,34573,8,,,0,20,,34574,8,,,0,55,,34575,8,,,0,15,,34576,8,,,0,15,,34577,8,,,0,15,,34578,8,,,0,55,,34579,8,,,0,15,,34580,8,,,0,15,,34581,8,,,0,15,,34582,8,,,0,55,,34583,8,,,0,15,,34584,8,,,0,15,,34585,8,,,0,15,,34586,8,,,0,55,,34587,8,,,0,28,,34588,8,,,0,70,,34589,8,,,0,30,,34590,8,,,0,70,,34591,8,,,0,30,,34592,8,,,0,70,,34593,8,,,0,30,,34594,8,,,0,70,,34595,8,,,0,30,,34596,8,,,0,70,,34597,8,,,0,30,,34598,8,,,0,70,,34599,8,,,0,30,,34600,8,,,0,90,,34601,8,,,0
579500,'2',559,,34622,8,,,0,70,,34631,8,,,0,30,,34633,8,,,0,70,,34637,8,,,0,30,,34614,8,,,0,70,,34638,8,,,0,30,,34613,8,,,0,70,,34628,8,,,0,30,,34626,8,,,0,70,,34629,8,,,0,30,,34603,8,,,0,70,,34640,8,,,0,30,,34609,8,,,0,70,,34623,8,,,0,30,,34632,8,,,0,70,,34607,8,,,0,30,,34604,8,,,0,70,,34606,8,,,0,30,,34602,8,,,0,70,,34608,8,,,0,30,,34615,8,,,0,70,,34605,8,,,0,30,,34612,8,,,0,70,,34610,8,,,0,30,,34611,8,,,0,70,,34616,8,,,0,30,,34636,8,,,0,69,,34627,8,,,0,30,,34617,8,,,0,70,,34619,8,,,0,30,,34634,8,,,0,70,,34630,8,,,0,30,,34618,8,,,0,70,,34620,8,,,0,30,,34621,8,,,0,70,,34635,8,,,0,30,,34639,8,,,0,80,,34625,8,,,0,90,,34624,8,,,0
579500,'3',607,,34653,8,,,0,30,,34645,8,,,0,70,,34652,8,,,0,30,,34644,8,,,0,70,,34654,8,,,0,30,,34643,8,,,0,72,,34646,8,,,0,30,,34647,8,,,0,70,,34648,8,,,0,30,,34649,8,,,0,70,,34650,8,,,0,30,,34655,8,,,0,70,,34657,8,,,0,30,,34669,8,,,0,70,,34656,8,,,0,30,,34658,8,,,0,70,,34661,8,,,0,30,,34660,8,,,0,70,,34659,8,,,0,30,,34662,8,,,0,70,,34663,8,,,0,30,,34664,8,,,0,70,,34666,8,,,0,30,,34668,8,,,0,70,,34667,8,,,0,30,,34665,8,,,0,69,,34642,8,,,0,30,,34651,8,,,0,70,,34641,8,,,0,30,,34670,8,,,0,70,,34671,8,,,0,30,,34672,8,,,0,70,,34673,8,,,0,30,,34674,8,,,0,70,,34675,8,,,0,30,,34676,8,,,0,70,,34677,8,,,0
579500,'4',637,,34703,8,,,0,70,,34700,8,,,0,30,,34699,8,,,0,70,,34698,8,,,0,30,,34697,8,,,0,71,,34696,8,,,0,30,,34695,8,,,0,70,,34694,8,,,0,30,,34693,8,,,0,70,,34692,8,,,0,30,,34691,8,,,0,70,,34690,8,,,0,30,,34689,8,,,0,70,,34688,8,,,0,30,,34687,8,,,0,70,,34686,8,,,0,30,,34685,8,,,0,70,,34684,8,,,0,45,,34680,8,,,0,85,,34679,8,,,0,85,,34701,8,,,0,85,,34678,8,,,0,45,,34683,8,,,0,85,,34682,8,,,0,85,,34702,8,,,0,85,,34681,8,,,0
579500,'6',607,,34716,8,,,0,30,,34708,8,,,0,70,,34715,8,,,0,30,,34707,8,,,0,70,,34717,8,,,0,30,,34706,8,,,0,72,,34709,8,,,0,30,,34710,8,,,0,70,,34711,8,,,0,30,,34712,8,,,0,70,,34713,8,,,0,30,,34718,8,,,0,70,,34720,8,,,0,30,,34732,8,,,0,70,,34719,8,,,0,30,,34721,8,,,0,70,,34724,8,,,0,30,,34723,8,,,0,70,,34722,8,,,0,30,,34725,8,,,0,70,,34726,8,,,0,30,,34727,8,,,0,70,,34729,8,,,0,30,,34731,8,,,0,70,,34730,8,,,0,30,,34728,8,,,0,69,,34705,8,,,0,30,,34714,8,,,0,70,,34704,8,,,0,30,,34733,8,,,0,70,,34734,8,,,0,30,,34735,8,,,0,70,,34736,8,,,0,30,,34737,8,,,0,70,,34738,8,,,0,30,,34739,8,,,0,70,,34740,8,,,0
579900,'1',537,,36223,8,,,0,65,,36224,8,,,0,20,,36225,8,,,0,12,,36226,8,,,0,12,,36227,8,,,0,55,,36228,8,,,0,12,,36229,8,,,0,12,,36230,8,,,0,12,,36231,8,,,0,12,,36232,8,,,0,52,,36233,8,,,0,12,,36234,8,,,0,12,,36235,8,,,0,12,,36236,8,,,0,12,,36237,8,,,0,51,,36238,8,,,0,14,,36239,8,,,0,15,,36240,8,,,0,15,,36241,8,,,0,15,,36242,8,,,0,55,,36243,8,,,0,15,,36244,8,,,0,15,,36245,8,,,0,15,,36246,8,,,0,55,,36247,8,,,0,15,,36248,8,,,0,15,,36249,8,,,0,15,,36250,8,,,0,55,,36251,8,,,0,15,,36252,8,,,0,15,,36253,8,,,0,15,,36254,8,,,0,55,,36255,8,,,0,15,,36256,8,,,0,15,,36257,8,,,0,15,,36258,8,,,0,55,,36259,8,,,0,16,,36260,8,,,0,13,,36261,8,,,0,12,,36262,8,,,0,52,,36263,8,,,0,12,,36264,8,,,0,12,,36265,8,,,0,12,,36266,8,,,0,12,,36267,8,,,0,52,,36268,8,,,0,12,,36269,8,,,0,12,,36270,8,,,0,12,,36271,8,,,0,12,,36272,8,,,0,52,,36273,8,,,0,12,,36274,8,,,0,12,,36275,8,,,0,12,,36276,8,,,0,12,,36277,8,,,0,52,,36278,8,,,0,12,,36279,8,,,0,14,,36280,8,,,0,14,,36281,8,,,0,55,,36282,8,,,0,15,,36283,8,,,0,15,,36284,8,,,0,15,,36285,8,,,0,54,,36286,8,,,0,18,,36287,8,,,0,20,,36288,8,,,0,20,,36289,8,,,0,60,,36290,8,,,0,20,,36291,8,,,0,20,,36292,8,,,0,59,,36293,8,,,0,30,,36294,8,,,0,70,,36295,8,,,0,30,,36298,8,,,0,70,,36296,8,,,0,90,,36297,8,,,0
579900,'2',557,,36313,8,,,0,71,,36314,8,,,0,30,,36315,8,,,0,70,,36316,8,,,0,30,,36317,8,,,0,65,,36318,8,,,0,30,,36319,8,,,0,65,,36320,8,,,0,25,,36321,8,,,0,60,,36322,8,,,0,20,,36323,8,,,0,20,,36324,8,,,0,60,,36325,8,,,0,20,,36326,8,,,0,20,,36327,8,,,0,60,,36328,8,,,0,21,,36329,8,,,0,20,,36330,8,,,0,60,,36331,8,,,0,20,,36332,8,,,0,20,,36333,8,,,0,60,,36334,8,,,0,20,,36335,8,,,0,20,,36336,8,,,0,60,,36337,8,,,0,20,,36338,8,,,0,20,,36339,8,,,0,60,,36340,8,,,0,20,,36341,8,,,0,20,,36342,8,,,0,60,,36343,8,,,0,20,,36344,8,,,0,20,,36345,8,,,0,60,,36299,8,,,0,20,,36300,8,,,0,30,,36301,8,,,0,70,,36302,8,,,0,30,,36303,8,,,0,70,,36304,8,,,0,30,,36305,8,,,0,69,,36306,8,,,0,30,,36307,8,,,0,70,,36308,8,,,0,30,,36309,8,,,0,65,,36310,8,,,0,90,,36311,8,,,0,100,,36312,8,,,0
579900,'3',622,,36378,8,,,0,30,,36346,8,,,0,70,,36347,8,,,0,30,,36348,8,,,0,70,,36349,8,,,0,30,,36350,8,,,0,72,,36351,8,,,0,30,,36352,8,,,0,70,,36353,8,,,0,30,,36354,8,,,0,70,,36355,8,,,0,30,,36356,8,,,0,70,,36357,8,,,0,30,,36358,8,,,0,70,,36359,8,,,0,30,,36360,8,,,0,70,,36361,8,,,0,30,,36362,8,,,0,70,,36363,8,,,0,30,,36364,8,,,0,70,,36365,8,,,0,30,,36366,8,,,0,70,,36367,8,,,0,30,,36368,8,,,0,70,,36372,8,,,0,30,,36373,8,,,0,70,,36374,8,,,0,30,,36375,8,,,0,70,,36376,8,,,0,30,,36377,8,,,0,68,,36369,8,,,0,30,,36379,8,,,0,70,,36370,8,,,0,30,,36380,8,,,0,70,,36371,8,,,0,30,,36381,8,,,0
579900,'4',622,,36382,8,,,0,30,,36383,8,,,0,70,,36384,8,,,0,30,,36385,8,,,0,70,,36386,8,,,0,30,,36387,8,,,0,72,,36388,8,,,0,30,,36389,8,,,0,70,,36390,8,,,0,30,,36391,8,,,0,70,,36392,8,,,0,30,,36393,8,,,0,70,,36394,8,,,0,30,,36395,8,,,0,70,,36396,8,,,0,30,,36397,8,,,0,85,,36398,8,,,0,100,,36399,8,,,0,100,,36400,8,,,0,100,,36401,8,,,0,98,,36402,8,,,0,100,,36403,8,,,0,100,,36404,8,,,0
579900,'6',557,,36419,8,,,0,71,,36420,8,,,0,30,,36421,8,,,0,70,,36422,8,,,0,30,,36423,8,,,0,65,,36424,8,,,0,30,,36425,8,,,0,65,,36426,8,,,0,25,,36427,8,,,0,60,,36428,8,,,0,20,,36429,8,,,0,20,,36430,8,,,0,60,,36431,8,,,0,20,,36432,8,,,0,20,,36433,8,,,0,60,,36434,8,,,0,21,,36435,8,,,0,20,,36436,8,,,0,60,,36437,8,,,0,20,,36438,8,,,0,20,,36439,8,,,0,60,,36440,8,,,0,20,,36441,8,,,0,20,,36442,8,,,0,60,,36443,8,,,0,20,,36444,8,,,0,20,,36445,8,,,0,60,,36446,8,,,0,20,,36447,8,,,0,20,,36448,8,,,0,60,,36449,8,,,0,20,,36450,8,,,0,20,,36451,8,,,0,60,,36405,8,,,0,20,,36406,8,,,0,30,,36407,8,,,0,70,,36408,8,,,0,30,,36409,8,,,0,70,,36410,8,,,0,30,,36411,8,,,0,69,,36412,8,,,0,30,,36413,8,,,0,70,,36414,8,,,0,30,,36415,8,,,0,65,,36416,8,,,0,90,,36417,8,,,0,100,,36418,8,,,0
580000,'1',504,,36693,8,,,0,35,,36695,8,,,0,20,,36696,8,,,0,60,,36697,8,,,0,20,,36698,8,,,0,17,,36699,8,,,0,55,,36700,8,,,0,15,,36701,8,,,0,15,,36702,8,,,0,15,,36703,8,,,0,55,,36704,8,,,0,15,,36705,8,,,0,15,,36706,8,,,0,70,,36707,8,,,0,30,,36708,8,,,0,70,,36709,8,,,0,30,,36710,8,,,0,70,,36711,8,,,0,30,,36712,8,,,0,70,,36713,8,,,0,30,,36714,8,,,0,70,,36715,8,,,0,30,,36716,8,,,0,70,,36717,8,,,0,32,,36718,8,,,0,15,,36719,8,,,0,55,,36720,8,,,0,15,,36721,8,,,0,15,,36722,8,,,0,15,,36723,8,,,0,55,,36724,8,,,0,15,,36725,8,,,0,15,,36726,8,,,0,15,,36727,8,,,0,55,,36728,8,,,0,15,,36729,8,,,0,15,,36730,8,,,0,15,,36731,8,,,0,55,,36732,8,,,0,15,,36733,8,,,0,30,,36734,8,,,0,68,,36735,8,,,0,30,,36736,8,,,0,70,,36737,8,,,0,30,,36738,8,,,0,70,,36739,8,,,0,30,,36740,8,,,0,70,,36741,8,,,0,30,,36742,8,,,0,68,,36743,8,,,0,30,,36744,8,,,0,70,,36745,8,,,0,30,,36746,8,,,0,75,,36747,8,,,0
580000,'2',537,,36750,8,,,0,70,,36796,8,,,0,15,,36748,8,,,0,15,,36795,8,,,0,70,,36794,8,,,0,30,,36793,8,,,0,70,,36792,8,,,0,30,,36791,8,,,0,72,,36779,8,,,0,20,,36782,8,,,0,20,,36780,8,,,0,60,,36781,8,,,0,20,,36785,8,,,0,20,,36789,8,,,0,60,,36790,8,,,0,20,,36778,8,,,0,20,,36775,8,,,0,60,,36776,8,,,0,20,,36777,8,,,0,20,,36767,8,,,0,60,,36765,8,,,0,20,,36770,8,,,0,20,,36768,8,,,0,60,,36769,8,,,0,20,,36774,8,,,0,20,,36761,8,,,0,60,,36763,8,,,0,20,,36766,8,,,0,20,,36764,8,,,0,60,,36798,8,,,0,20,,36797,8,,,0,20,,36760,8,,,0,60,,36762,8,,,0,20,,36773,8,,,0,20,,36759,8,,,0,60,,36758,8,,,0,20,,36757,8,,,0,20,,36749,8,,,0,60,,36772,8,,,0,30,,36771,8,,,0,70,,36756,8,,,0,30,,36755,8,,,0,70,,36788,8,,,0,30,,36787,8,,,0,70,,36786,8,,,0,30,,36784,8,,,0,69,,36783,8,,,0,30,,36754,8,,,0,70,,36753,8,,,0,30,,36752,8,,,0,70,,36751,8,,,0
580000,'3',537,,36808,8,,,0,70,,36825,8,,,0,30,,36807,8,,,0,70,,36826,8,,,0,30,,36806,8,,,0,70,,36827,8,,,0,30,,36805,8,,,0,73,,36828,8,,,0,30,,36804,8,,,0,70,,36830,8,,,0,30,,36813,8,,,0,70,,36820,8,,,0,30,,36824,8,,,0,70,,36821,8,,,0,30,,36810,8,,,0,70,,36809,8,,,0,30,,36831,8,,,0,70,,36822,8,,,0,30,,36814,8,,,0,70,,36823,8,,,0,30,,36816,8,,,0,70,,36815,8,,,0,30,,36829,8,,,0,70,,36817,8,,,0,30,,36818,8,,,0,70,,36819,8,,,0,30,,36832,8,,,0,68,,36811,8,,,0,30,,36833,8,,,0,70,,36812,8,,,0,30,,36838,8,,,0,70,,36839,8,,,0,30,,36840,8,,,0,69,,36841,8,,,0,30,,36842,8,,,0,70,,36843,8,,,0,30,,36844,8,,,0,70,,36845,8,,,0
580000,'4',607,,36846,8,,,0,45,,36847,8,,,0,85,,36848,8,,,0,85,,36849,8,,,0,85,,36850,8,,,0,45,,36851,8,,,0,86,,36852,8,,,0,85,,36853,8,,,0,85,,36854,8,,,0,45,,36855,8,,,0,85,,36856,8,,,0,85,,36857,8,,,0,85,,36858,8,,,0,45,,36859,8,,,0,85,,36860,8,,,0,85,,36861,8,,,0,84,,36862,8,,,0,45,,36863,8,,,0,85,,36864,8,,,0,85,,36865,8,,,0,85,,36866,8,,,0
580000,'6',537,,36872,8,,,0,70,,36889,8,,,0,30,,36871,8,,,0,70,,36890,8,,,0,30,,36870,8,,,0,70,,36891,8,,,0,30,,36869,8,,,0,73,,36892,8,,,0,30,,36868,8,,,0,70,,36894,8,,,0,30,,36877,8,,,0,70,,36884,8,,,0,30,,36888,8,,,0,70,,36885,8,,,0,30,,36874,8,,,0,70,,36873,8,,,0,30,,36895,8,,,0,70,,36886,8,,,0,30,,36878,8,,,0,70,,36887,8,,,0,30,,36880,8,,,0,70,,36879,8,,,0,30,,36893,8,,,0,70,,36881,8,,,0,30,,36882,8,,,0,70,,36883,8,,,0,30,,36896,8,,,0,68,,36875,8,,,0,30,,36897,8,,,0,70,,36876,8,,,0,30,,36902,8,,,0,70,,36903,8,,,0,30,,36904,8,,,0,69,,36905,8,,,0,30,,36906,8,,,0,70,,36907,8,,,0,30,,36908,8,,,0,70,,36909,8,,,0
