578100,'1',629,,29782,21,,,0,17,,29783,21,,,0,55,,29784,21,,,0,15,,29785,21,,,0,15,,29786,21,,,0,15,,29787,21,,,0,55,,29788,21,,,0,15,,29789,21,,,0,15,,29790,21,,,0,15,,29791,21,,,0,55,,29792,21,,,0,15,,29793,21,,,0,30,,29794,21,,,0,70,,29795,21,,,0,30,,29796,21,,,0,70,,29797,21,,,0,30,,29798,21,,,0,70,,29799,21,,,0,30,,29800,21,,,0,70,,29801,21,,,0,30,,29802,21,,,0,65,,29803,21,,,0,15,,29804,21,,,0,15,,29805,21,,,0,15,,29806,21,,,0,56,,29807,21,,,0,15,,29808,21,,,0,15,,29809,21,,,0,15,,29810,21,,,0,55,,29811,21,,,0,15,,29812,21,,,0,15,,29813,21,,,0,15,,29814,21,,,0,55,,29815,21,,,0,15,,29816,21,,,0,15,,29817,21,,,0,15,,29834,21,,,0,65,,29818,21,,,0,24,,29819,21,,,0,70,,29820,21,,,0,30,,29821,21,,,0,70,,29822,21,,,0,30,,29823,21,,,0,70,,29824,21,,,0,28,,29825,21,,,0,70,,29826,21,,,0,30,,29827,21,,,0,70,,29828,21,,,0,30,,29829,21,,,0,70,,29830,21,,,0,30,,29831,21,,,0,70,,29832,21,,,0,20,,29833,21,,,0
578100,'2',644,,29848,21,,,0,70,,29849,21,,,0,30,,29839,21,,,0,70,,29840,21,,,0,30,,29841,21,,,0,70,,29842,21,,,0,35,,29845,21,,,0,70,,29846,21,,,0,40,,29847,21,,,0,70,,29843,21,,,0,30,,29844,21,,,0,70,,29838,21,,,0,30,,29852,21,,,0,70,,29850,21,,,0,30,,29851,21,,,0,70,,29855,21,,,0,30,,29856,21,,,0,70,,29853,21,,,0,30,,29854,21,,,0,70,,29858,21,,,0,30,,29857,21,,,0,70,,29859,21,,,0,30,,29864,21,,,0,66,,29860,21,,,0,30,,29863,21,,,0,70,,29861,21,,,0,30,,29865,21,,,0,70,,29862,21,,,0,30,,29835,21,,,0,70,,29836,21,,,0,30,,29837,21,,,0,70,,29866,21,,,0,30,,29867,21,,,0,70,,29868,21,,,0,30,,29869,21,,,0,70,,29870,21,,,0,30,,29871,21,,,0,80,,29872,21,,,0
578100,'3',844,,29892,21,,,0,70,,29891,21,,,0,30,,29890,21,,,0,70,,29889,21,,,0,30,,29888,21,,,0,70,,29887,21,,,0,30,,29886,21,,,0,73,,29885,21,,,0,30,,29884,21,,,0,70,,29883,21,,,0,30,,29882,21,,,0,70,,29881,21,,,0,30,,29880,21,,,0,70,,29879,21,,,0,30,,29878,21,,,0,70,,29877,21,,,0,30,,29876,21,,,0,70,,29875,21,,,0,30,,29874,21,,,0,70,,29873,21,,,0,30,,29893,21,,,0,70,,29894,21,,,0,30,,29895,21,,,0,67,,29896,21,,,0,30,,29897,21,,,0,70,,29898,21,,,0,30,,29899,21,,,0,70,,29900,21,,,0,30,,29901,21,,,0,70,,29902,21,,,0,30,,29903,21,,,0,70,,29904,21,,,0
578100,'4',843,,29905,21,,,0,70,,29906,21,,,0,30,,29907,21,,,0,70,,29908,21,,,0,30,,29909,21,,,0,70,,29910,21,,,0,30,,29911,21,,,0,70,,29912,21,,,0,30,,29913,21,,,0,70,,29914,21,,,0,30,,29915,21,,,0,70,,29916,21,,,0,30,,29917,21,,,0,70,,29918,21,,,0,30,,29919,21,,,0,70,,29920,21,,,0,30,,29921,21,,,0,70,,29922,21,,,0,30,,29923,21,,,0,70,,29924,21,,,0,30,,29925,21,,,0,70,,29926,21,,,0,100,,29927,21,,,0,100,,29928,21,,,0
578100,'6',844,,29948,21,,,0,70,,29947,21,,,0,30,,29946,21,,,0,70,,29945,21,,,0,30,,29944,21,,,0,70,,29943,21,,,0,30,,29942,21,,,0,73,,29941,21,,,0,30,,29940,21,,,0,70,,29939,21,,,0,30,,29938,21,,,0,70,,29937,21,,,0,30,,29936,21,,,0,70,,29935,21,,,0,30,,29934,21,,,0,70,,29933,21,,,0,30,,29932,21,,,0,70,,29931,21,,,0,30,,29930,21,,,0,70,,29929,21,,,0,30,,29949,21,,,0,70,,29950,21,,,0,30,,29951,21,,,0,67,,29952,21,,,0,30,,29953,21,,,0,70,,29954,21,,,0,30,,29955,21,,,0,70,,29956,21,,,0,30,,29957,21,,,0,70,,29958,21,,,0,30,,29959,21,,,0,70,,29960,21,,,0
583001,'1',540,,41992,64,,,0,75,,42011,64,,,0,40,,41990,64,,,0,65,,41958,44,,,0,31,,41983,64,,,0,70,,41982,64,,,0,30,,41981,64,,,0,70,,41980,64,,,0,30,,41979,64,,,0,80,,41994,64,,,0,83,,41995,64,,,0,40,,41997,64,,,0,80,,41999,64,,,0,80,,42001,64,,,0,40,,42003,64,,,0,75,,41986,64,,,0,71,,41966,64,,,0,30,,41965,64,,,0,70,,41964,64,,,0,30,,41963,64,,,0,70,,41962,64,,,0,30,,41961,64,,,0,70,,41960,64,,,0,30,,41959,64,,,0,70,,42004,64,,,0,35,,42006,64,,,0,74,,42008,64,,,0,40,,42010,64,,,0,80,,42025,64,,,0,80,,42023,64,,,0,35,,42021,64,,,0,80,,42019,64,,,0,80,,42017,64,,,0,40,,42015,64,,,0
583001,'2',620,,42081,64,,,0,104,,42079,64,,,0,101,,42077,64,,,0,91,,42076,64,,,0,40,,42073,64,,,0,80,,42071,64,,,0,80,,42069,64,,,0,40,,42067,64,,,0,80,,42065,64,,,0,80,,42063,64,,,0,40,,42061,64,,,0,80,,42059,64,,,0,80,,42057,64,,,0,40,,42055,64,,,0,80,,42053,64,,,0,80,,42051,64,,,0,40,,42049,64,,,0,80,,42047,64,,,0,80,,42045,64,,,0,33,,42043,64,,,0,80,,42041,64,,,0,80,,42039,64,,,0,40,,42037,64,,,0,80,,42035,64,,,0,79,,42033,64,,,0,41,,42031,64,,,0,80,,42029,64,,,0,78,,42027,64,,,0
583001,'3',601,,42097,64,,,0,120,,42096,64,,,0,120,,42088,64,,,0,100,,42113,64,,,0,80,,42114,64,,,0,84,,42115,64,,,0,40,,42116,64,,,0,80,,42117,64,,,0,80,,42118,64,,,0,40,,42119,64,,,0,80,,42120,64,,,0,80,,42121,64,,,0,40,,42122,64,,,0,80,,42123,64,,,0,80,,42124,64,,,0,40,,42125,64,,,0,80,,42126,64,,,0,80,,42127,64,,,0,36,,42128,64,,,0,85,,42129,64,,,0,80,,42089,64,,,0,50,,42087,64,,,0,99,,42086,64,,,0,100,,42083,64,,,0
583001,'4',631,,42160,44,,,0,94,,42131,64,,,0,100,,42133,64,,,0,100,,42135,64,,,0,100,,42137,64,,,0,100,,42139,64,,,0,100,,42141,64,,,0,100,,42143,64,,,0,100,,42145,64,,,0,100,,42147,64,,,0,100,,42149,64,,,0,100,,42151,64,,,0,100,,42153,64,,,0,100,,42155,64,,,0,100,,42157,64,,,0,100,,42159,64,,,0
583001,'6',620,,42216,64,,,0,104,,42214,64,,,0,101,,42212,64,,,0,91,,42211,64,,,0,40,,42208,64,,,0,80,,42206,64,,,0,80,,42204,64,,,0,40,,42202,64,,,0,80,,42200,64,,,0,80,,42198,64,,,0,40,,42196,64,,,0,80,,42194,64,,,0,80,,42192,64,,,0,40,,42190,64,,,0,80,,42188,64,,,0,80,,42186,64,,,0,40,,42184,64,,,0,80,,42182,64,,,0,80,,42180,64,,,0,33,,42178,64,,,0,80,,42176,64,,,0,80,,42174,64,,,0,40,,42172,64,,,0,80,,42170,64,,,0,79,,42168,64,,,0,41,,42166,64,,,0,80,,42164,64,,,0,78,,42162,64,,,0
