578300,'1',539,,30529,45,0,23 24,0,65,,30532,88,0,23 24,0,30,,30535,88,0,23 24,0,70,,30538,88,0,23 24,0,15,,30540,88,0,23 24,0,15,,30542,88,0,23 24,0,15,,30544,88,0,23 24,0,55,,30546,88,0,23 24,0,15,,30548,88,0,23 24,0,15,,30550,88,0,23 24,0,15,,30552,88,0,23 24,0,55,,30554,88,0,23 24,0,15,,30556,88,0,23 24,0,22,,30558,88,0,23 24,0,15,,30560,88,0,23 24,0,55,,30562,88,0,23 24,0,30,,30566,88,0,23 24,0,70,,30569,88,0,23 24,0,30,,30572,88,0,23 24,0,70,,30575,88,0,23 24,0,30,,30578,88,0,23 24,0,70,,30581,88,0,23 24,0,30,,30584,88,0,23 24,0,70,,30587,88,0,23 24,0,32,,30590,88,0,23 24,0,15,,30592,88,0,23 24,0,55,,30594,88,0,23 24,0,15,,30596,88,0,23 24,0,15,,30598,88,0,23 24,0,15,,30600,88,0,23 24,0,55,,30602,88,0,23 24,0,15,,30604,88,0,23 24,0,15,,30606,88,0,23 24,0,15,,30608,88,0,23 24,0,55,,30610,88,0,23 24,0,15,,30612,88,0,23 24,0,15,,30614,88,0,23 24,0,15,,30616,88,0,23 24,0,55,,30618,88,0,23 24,0,15,,30620,88,0,23 24,0,15,,30622,88,0,23 24,0,15,,30624,88,0,23 24,0,47,,30626,88,0,23 24,0,30,,30629,88,0,23 24,0,70,,30632,88,0,23 24,0,30,,30635,88,0,23 24,0,70,,30638,88,0,23 24,0,30,,30641,88,0,23 24,0,70,,30644,88,0,23 24,0,24,,30647,88,0,23 24,0,85,,30650,88,0,23 24,0,45,,30653,88,0,23 24,0,85,,30656,88,0,23 24,0,85,,30659,88,0,23 24,0,21,,30662,88,0,23 24,0
578300,'2',500,,30665,45,0,23 24,0,30,,30667,45,0,23 24,0,85,,30670,88,0,23 24,0,27,,30672,88,0,23 24,0,76,,30675,88,0,23 24,0,36,,30678,88,0,23 24,0,70,,30681,45,0,23 24,0,18,,30682,88,0,23 24,0,76,,30685,88,0,23 24,0,36,,30688,88,0,23 24,0,76,,30691,88,0,23 24,0,76,,30694,88,0,23 24,0,36,,30697,88,0,23 24,0,76,,30700,88,0,23 24,0,36,,30703,88,0,23 24,0,76,,30706,88,0,23 24,0,76,,30709,88,0,23 24,0,36,,30712,88,0,23 24,0,76,,30715,88,0,23 24,0,36,,30718,88,0,23 24,0,76,,30721,88,0,23 24,0,76,,30724,88,0,23 24,0,36,,30727,88,0,23 24,0,76,,30730,88,0,23 24,0,32,,30733,88,0,23 24,0,76,,30736,88,0,23 24,0,27,,30739,88,0,23 24,0,76,,30742,88,0,23 24,0,76,,30745,88,0,23 24,0,36,,30748,88,0,23 24,0,77,,30751,88,0,23 24,0,83,,30754,88,0,23 24,0,30,,30756,88,0,23 24,0,85,,30759,88,0,23 24,0,85,,30762,88,0,23 24,0,50,,30766,88,0,23 24,0
578300,'3',547,,30769,45,0,23 24,0,85,,30772,88,0,23 24,0,23,,30774,45,0,23 24,0,62,,30776,88,0,23 24,0,85,,30779,88,0,23 24,0,45,,30782,88,0,23 24,0,85,,30785,88,0,23 24,0,76,,30788,88,0,23 24,0,46,,30791,88,0,23 24,0,76,,30794,88,0,23 24,0,76,,30797,88,0,23 24,0,36,,30800,88,0,23 24,0,76,,30803,88,0,23 24,0,36,,30806,88,0,23 24,0,76,,30809,88,0,23 24,0,76,,30812,88,0,23 24,0,36,,30815,88,0,23 24,0,76,,30818,88,0,23 24,0,36,,30821,88,0,23 24,0,76,,30824,88,0,23 24,0,76,,30827,88,0,23 24,0,31,,30830,88,0,23 24,0,85,,30833,88,0,23 24,0,85,,30836,88,0,23 24,0,45,,30839,88,0,23 24,0,85,,30842,88,0,23 24,0,85,,30845,88,0,23 24,0,79,,30848,88,0,23 24,0,45,,30851,88,0,23 24,0,85,,30855,88,0,23 24,0
578300,'4',602,,30921,45,0,23 24,0,40,,30857,45,0,23 24,0,75,,30860,88,0,23 24,0,85,,30863,88,0,23 24,0,45,,30866,88,0,23 24,0,85,,30869,88,0,23 24,0,85,,30872,88,0,23 24,0,92,,30875,88,0,23 24,0,45,,30878,88,0,23 24,0,85,,30881,88,0,23 24,0,85,,30884,88,0,23 24,0,85,,30887,88,0,23 24,0,45,,30890,88,0,23 24,0,85,,30893,88,0,23 24,0,85,,30896,88,0,23 24,0,85,,30899,88,0,23 24,0,45,,30902,88,0,23 24,0,78,,30905,88,0,23 24,0,85,,30908,88,0,23 24,0,85,,30911,88,0,23 24,0,45,,30914,88,0,23 24,0,85,,30918,88,0,23 24,0
578300,'6',547,,30923,45,0,23 24,0,85,,30926,88,0,23 24,0,23,,30928,45,0,23 24,0,62,,30930,88,0,23 24,0,85,,30933,88,0,23 24,0,45,,30936,88,0,23 24,0,85,,30939,88,0,23 24,0,76,,30942,88,0,23 24,0,46,,30945,88,0,23 24,0,76,,30948,88,0,23 24,0,76,,30951,88,0,23 24,0,36,,30954,88,0,23 24,0,76,,30957,88,0,23 24,0,36,,30960,88,0,23 24,0,76,,30963,88,0,23 24,0,76,,30966,88,0,23 24,0,36,,30969,88,0,23 24,0,76,,30972,88,0,23 24,0,36,,30975,88,0,23 24,0,76,,30978,88,0,23 24,0,76,,30981,88,0,23 24,0,31,,30984,88,0,23 24,0,85,,30987,88,0,23 24,0,85,,30990,88,0,23 24,0,45,,30993,88,0,23 24,0,85,,30996,88,0,23 24,0,85,,30999,88,0,23 24,0,79,,31002,88,0,23 24,0,45,,31005,88,0,23 24,0,85,,31009,88,0,23 24,0
579101,'1',525,,32957,43,,,0,28,,32958,43,,,0,70,,32959,43,,,0,30,,32960,43,,,0,70,,32961,43,,,0,30,,32962,43,,,0,70,,32963,43,,,0,30,,32964,43,,,0,70,,32965,43,,,0,34,,32966,43,,,0,70,,32967,43,,,0,30,,32983,43,,,0,70,,32968,43,,,0,30,,32984,43,,,0,70,,32969,43,,,0,23,,32985,26,,,0,73,,32970,26,,,0,30,,32986,26,,,0,70,,32971,26,,,0,30,,32987,26,,,0,70,,32972,26,,,0,30,,32973,26,,,0,70,,32997,26,,,0,30,,32974,26,,,0,70,,32975,26,,,0,30,,32976,26,,,0,70,,32977,26,,,0,30,,32978,26,,,0,69,,32979,26,,,0,30,,32988,26,,,0,70,,32980,26,,,0,30,,32989,26,,,0,70,,32981,26,,,0,30,,32990,26,,,0,70,,32982,26,,,0,30,,32991,26,,,0,70,,32992,26,,,0,30,,32993,26,,,0,70,,32994,26,,,0,25,,32995,26,,,0,70,,32996,26,,,0
579101,'2',755,,32998,43,,,0,70,,32999,43,,,0,30,,33000,43,,,0,70,,33001,43,,,0,30,,33002,43,,,0,70,,33003,43,,,0,30,,33019,43,,,0,70,,33004,43,,,0,30,,33020,43,,,0,70,,33005,43,,,0,23,,33021,26,,,0,75,,33006,26,,,0,30,,33022,26,,,0,70,,33007,26,,,0,30,,33023,26,,,0,70,,33008,26,,,0,30,,33009,26,,,0,70,,33031,26,,,0,30,,33010,26,,,0,70,,33011,26,,,0,30,,33012,26,,,0,70,,33013,26,,,0,30,,33014,26,,,0,70,,33015,26,,,0,30,,33024,26,,,0,70,,33016,26,,,0,30,,33025,26,,,0,70,,33017,26,,,0,30,,33026,26,,,0,70,,33018,26,,,0,29,,33027,26,,,0,71,,33028,26,,,0,30,,33029,26,,,0,70,,33030,26,,,0
579101,'3',755,,33032,43,,,0,70,,33033,43,,,0,30,,33034,43,,,0,70,,33035,43,,,0,30,,33036,43,,,0,70,,33037,43,,,0,30,,33053,43,,,0,70,,33038,43,,,0,30,,33054,43,,,0,70,,33039,43,,,0,23,,33055,26,,,0,75,,33040,26,,,0,30,,33056,26,,,0,70,,33041,26,,,0,30,,33057,26,,,0,70,,33042,26,,,0,30,,33043,26,,,0,70,,33065,26,,,0,30,,33044,26,,,0,70,,33045,26,,,0,30,,33046,26,,,0,70,,33047,26,,,0,30,,33048,26,,,0,70,,33049,26,,,0,30,,33058,26,,,0,70,,33050,26,,,0,30,,33059,26,,,0,70,,33051,26,,,0,30,,33060,26,,,0,70,,33052,26,,,0,30,,33061,26,,,0,70,,33062,26,,,0,30,,33063,26,,,0,63,,33064,26,,,0
579101,'4',755,,33066,43,,,0,70,,33067,43,,,0,30,,33068,43,,,0,70,,33069,43,,,0,30,,33070,43,,,0,70,,33071,43,,,0,30,,33085,43,,,0,70,,33072,43,,,0,30,,33086,43,,,0,70,,33073,43,,,0,23,,33087,26,,,0,75,,33074,26,,,0,30,,33088,26,,,0,70,,33075,26,,,0,30,,33089,26,,,0,70,,33076,26,,,0,30,,33077,26,,,0,70,,33092,26,,,0,30,,33078,26,,,0,70,,33079,26,,,0,30,,33080,26,,,0,70,,33081,26,,,0,30,,33082,26,,,0,70,,33083,26,,,0,30,,33090,26,,,0,70,,33084,26,,,0,30,,33091,26,,,0
579101,'6',755,,33093,43,,,0,70,,33094,43,,,0,30,,33095,43,,,0,70,,33096,43,,,0,30,,33097,43,,,0,70,,33098,43,,,0,30,,33114,43,,,0,70,,33099,43,,,0,30,,33115,43,,,0,70,,33100,43,,,0,23,,33116,26,,,0,75,,33101,26,,,0,30,,33117,26,,,0,70,,33102,26,,,0,30,,33118,26,,,0,70,,33103,26,,,0,30,,33104,26,,,0,70,,33126,26,,,0,30,,33105,26,,,0,70,,33106,26,,,0,30,,33107,26,,,0,70,,33108,26,,,0,30,,33109,26,,,0,70,,33110,26,,,0,30,,33119,26,,,0,70,,33111,26,,,0,30,,33120,26,,,0,70,,33112,26,,,0,30,,33121,26,,,0,70,,33113,26,,,0,29,,33122,26,,,0,71,,33123,26,,,0,30,,33124,26,,,0,70,,33125,26,,,0
583500,'8502',1420,,42931,27,,,0,100,,42930,27,,,0,100,,42929,27,,,0,100,,42928,27,,,0,100,,42927,27,,,0,100,,42926,27,,,0,100,,42925,27,,,0,100,,42924,27,,,0,100,,42923,27,,,0,100,,42922,27,,,0
