579501,'1',515,,34741,21,,,0,20,,34742,21,,,0,20,,34743,21,,,0,60,,34744,21,,,0,18,,34745,21,,,0,15,,34746,21,,,0,55,,34747,21,,,0,11,,34748,21,,,0,15,,34749,21,,,0,15,,34750,21,,,0,15,,34751,21,,,0,55,,34752,21,,,0,15,,34753,21,,,0,15,,34754,21,,,0,15,,34755,21,,,0,56,,34756,21,,,0,15,,34757,21,,,0,15,,34758,21,,,0,55,,34759,21,,,0,17,,34760,21,,,0,20,,34761,21,,,0,20,,34762,21,,,0,60,,34763,21,,,0,20,,34764,21,,,0,20,,34765,21,,,0,60,,34766,21,,,0,20,,34767,21,,,0,20,,34768,21,,,0,60,,34769,21,,,0,20,,34770,21,,,0,21,,34771,21,,,0,59,,34772,21,,,0,14,,34773,21,,,0,16,,34774,21,,,0,54,,34775,21,,,0,15,,34776,21,,,0,15,,34777,21,,,0,15,,34778,21,,,0,55,,34779,21,,,0,15,,34780,21,,,0,15,,34781,21,,,0,15,,34782,21,,,0,55,,34783,21,,,0,15,,34784,21,,,0,15,,34785,21,,,0,15,,34786,21,,,0,60,,34787,21,,,0,30,,34788,21,,,0,69,,34789,21,,,0,30,,34790,21,,,0,70,,34791,21,,,0,30,,34792,21,,,0,70,,34793,21,,,0,30,,34794,21,,,0,70,,34795,21,,,0,30,,34796,21,,,0,70,,34797,21,,,0,30,,34798,21,,,0,70,,34799,21,,,0,47,,34800,21,,,0,73,,34801,21,,,0
579501,'2',555,,34835,21,,,0,74,,34833,21,,,0,30,,34830,21,,,0,70,,34813,21,,,0,30,,34826,21,,,0,70,,34827,21,,,0,30,,34832,21,,,0,66,,34837,21,,,0,30,,34838,21,,,0,70,,34831,21,,,0,30,,34836,21,,,0,70,,34834,21,,,0,30,,34840,21,,,0,70,,34802,21,,,0,30,,34806,21,,,0,70,,34805,21,,,0,30,,34839,21,,,0,70,,34803,21,,,0,30,,34804,21,,,0,70,,34807,21,,,0,30,,34811,21,,,0,70,,34812,21,,,0,30,,34815,21,,,0,70,,34818,21,,,0,30,,34819,21,,,0,73,,34809,21,,,0,30,,34808,21,,,0,70,,34810,21,,,0,30,,34820,21,,,0,70,,34821,21,,,0,30,,34823,21,,,0,70,,34816,21,,,0,30,,34817,21,,,0,70,,34814,21,,,0,30,,34828,21,,,0,70,,34829,21,,,0,30,,34822,21,,,0,70,,34824,21,,,0,30,,34825,21,,,0
579501,'3',600,,34846,21,,,0,35,,34845,21,,,0,73,,34847,21,,,0,30,,34844,21,,,0,70,,34848,21,,,0,30,,34843,21,,,0,70,,34849,21,,,0,28,,34850,21,,,0,70,,34851,21,,,0,30,,34852,21,,,0,70,,34853,21,,,0,30,,34854,21,,,0,70,,34855,21,,,0,30,,34856,21,,,0,70,,34857,21,,,0,30,,34858,21,,,0,70,,34859,21,,,0,30,,34860,21,,,0,70,,34861,21,,,0,30,,34862,21,,,0,70,,34863,21,,,0,30,,34864,21,,,0,70,,34865,21,,,0,30,,34866,21,,,0,70,,34867,21,,,0,30,,34868,21,,,0,70,,34842,21,,,0,30,,34869,21,,,0,70,,34841,21,,,0,30,,34870,21,,,0,70,,34871,21,,,0,30,,34872,21,,,0,70,,34873,21,,,0,32,,34874,21,,,0,70,,34875,21,,,0,30,,34876,21,,,0
579501,'4',639,,34899,21,,,0,100,,34898,21,,,0,70,,34897,21,,,0,30,,34896,21,,,0,70,,34895,21,,,0,30,,34894,21,,,0,70,,34893,21,,,0,30,,34892,21,,,0,70,,34891,21,,,0,30,,34890,21,,,0,70,,34889,21,,,0,30,,34888,21,,,0,70,,34887,21,,,0,30,,34886,21,,,0,70,,34885,21,,,0,30,,34884,21,,,0,70,,34883,21,,,0,30,,34882,21,,,0,70,,34881,21,,,0,45,,34880,21,,,0,85,,34900,21,,,0,85,,34879,21,,,0,85,,34878,21,,,0,45,,34877,21,,,0,85,,34901,21,,,0
579501,'6',600,,34907,21,,,0,35,,34906,21,,,0,73,,34908,21,,,0,30,,34905,21,,,0,70,,34909,21,,,0,30,,34904,21,,,0,70,,34910,21,,,0,28,,34911,21,,,0,70,,34912,21,,,0,30,,34913,21,,,0,70,,34914,21,,,0,30,,34915,21,,,0,70,,34916,21,,,0,30,,34917,21,,,0,70,,34918,21,,,0,30,,34919,21,,,0,70,,34920,21,,,0,30,,34921,21,,,0,70,,34922,21,,,0,30,,34923,21,,,0,70,,34924,21,,,0,30,,34925,21,,,0,70,,34926,21,,,0,30,,34927,21,,,0,70,,34928,21,,,0,30,,34929,21,,,0,70,,34903,21,,,0,30,,34930,21,,,0,70,,34902,21,,,0,30,,34931,21,,,0,70,,34932,21,,,0,30,,34933,21,,,0,70,,34934,21,,,0,32,,34935,21,,,0,70,,34936,21,,,0,30,,34937,21,,,0
583001,'1601',838,,41956,50,,,0,720,,41951,38,,,0
583001,'1',509,,41985,50,,,0,15,,41992,50,,,0,15,,41984,50,,,0,20,,42011,50,,,0,60,,41991,50,,,0,20,,41990,50,,,0,10,,41988,50,,,0,55,,41958,30,,,0,16,,41989,50,,,0,15,,41983,50,,,0,15,,41978,50,,,0,55,,41982,50,,,0,15,,41977,50,,,0,15,,41981,50,,,0,15,,41976,50,,,0,55,,41980,50,,,0,15,,41975,50,,,0,15,,41979,50,,,0,20,,41993,50,,,0,60,,41994,50,,,0,22,,42012,50,,,0,20,,41995,50,,,0,60,,41996,50,,,0,20,,41997,50,,,0,20,,41998,50,,,0,60,,41999,50,,,0,20,,42000,50,,,0,20,,42001,50,,,0,60,,42002,50,,,0,20,,42003,50,,,0,20,,41987,50,,,0,55,,41986,50,,,0,16,,41974,50,,,0,15,,41966,50,,,0,15,,41973,50,,,0,55,,41965,50,,,0,15,,41972,50,,,0,15,,41964,50,,,0,15,,41971,50,,,0,55,,41963,50,,,0,15,,41970,50,,,0,15,,41962,50,,,0,15,,41969,50,,,0,55,,41961,50,,,0,15,,41968,50,,,0,15,,41960,50,,,0,15,,41967,50,,,0,55,,41959,50,,,0,15,,41957,50,,,0,15,,42004,50,,,0,15,,42005,50,,,0,60,,42006,50,,,0,16,,42007,50,,,0,20,,42008,50,,,0,60,,42009,50,,,0,20,,42010,50,,,0,20,,42026,50,,,0,60,,42025,50,,,0,20,,42024,50,,,0,20,,42023,50,,,0,60,,42022,50,,,0,17,,42021,50,,,0,20,,42020,50,,,0,60,,42019,50,,,0,20,,42018,50,,,0,20,,42017,50,,,0,60,,42016,50,,,0,20,,42015,50,,,0,20,,42014,50,,,0
583001,'2',531,,42082,50,,,0,76,,42081,50,,,0,35,,42080,50,,,0,69,,42079,50,,,0,31,,42078,50,,,0,70,,42077,50,,,0,28,,42075,30,,,0,60,,42076,50,,,0,20,,42074,50,,,0,20,,42073,50,,,0,60,,42072,50,,,0,20,,42071,50,,,0,20,,42070,50,,,0,60,,42069,50,,,0,20,,42068,50,,,0,20,,42067,50,,,0,60,,42066,50,,,0,20,,42065,50,,,0,20,,42064,50,,,0,60,,42063,50,,,0,20,,42062,50,,,0,20,,42061,50,,,0,60,,42060,50,,,0,20,,42059,50,,,0,20,,42058,50,,,0,60,,42057,50,,,0,20,,42056,50,,,0,20,,42055,50,,,0,60,,42054,50,,,0,20,,42053,50,,,0,20,,42052,50,,,0,60,,42051,50,,,0,20,,42050,50,,,0,20,,42049,50,,,0,60,,42048,50,,,0,20,,42047,50,,,0,20,,42046,50,,,0,60,,42045,50,,,0,20,,42044,50,,,0,16,,42043,50,,,0,20,,42042,50,,,0,60,,42041,50,,,0,20,,42040,50,,,0,20,,42039,50,,,0,60,,42038,50,,,0,20,,42037,50,,,0,20,,42036,50,,,0,60,,42035,50,,,0,19,,42034,50,,,0,20,,42033,50,,,0,60,,42032,50,,,0,21,,42031,50,,,0,20,,42030,50,,,0,60,,42029,50,,,0,20,,42028,50,,,0,18,,42027,50,,,0
583001,'3',548,,42097,50,,,0,80,,42111,50,,,0,80,,42096,50,,,0,40,,42112,50,,,0,80,,42088,50,,,0,80,,42103,50,,,0,20,,42113,50,,,0,20,,42099,50,,,0,60,,42114,50,,,0,23,,42100,50,,,0,20,,42115,50,,,0,60,,42098,50,,,0,20,,42116,50,,,0,20,,42095,50,,,0,60,,42117,50,,,0,20,,42106,50,,,0,20,,42118,50,,,0,60,,42090,50,,,0,20,,42119,50,,,0,20,,42108,50,,,0,60,,42120,50,,,0,20,,42107,50,,,0,20,,42121,50,,,0,60,,42092,50,,,0,20,,42122,50,,,0,20,,42109,50,,,0,60,,42123,50,,,0,20,,42091,50,,,0,20,,42124,50,,,0,60,,42104,50,,,0,20,,42125,50,,,0,20,,42102,50,,,0,60,,42126,50,,,0,20,,42101,50,,,0,20,,42127,50,,,0,60,,42105,50,,,0,17,,42128,50,,,0,25,,42110,50,,,0,60,,42129,50,,,0,20,,42094,50,,,0,20,,42089,50,,,0,60,,42093,50,,,0,30,,42087,50,,,0,70,,42085,50,,,0,29,,42086,50,,,0,70,,42084,50,,,0,30,,42083,50,,,0
583001,'4',620,,42160,30,,,0,24,,42130,50,,,0,70,,42131,50,,,0,30,,42132,50,,,0,70,,42133,50,,,0,30,,42134,50,,,0,70,,42135,50,,,0,30,,42136,50,,,0,70,,42137,50,,,0,30,,42138,50,,,0,70,,42139,50,,,0,30,,42140,50,,,0,70,,42141,50,,,0,30,,42142,50,,,0,70,,42143,50,,,0,30,,42144,50,,,0,70,,42145,50,,,0,30,,42146,50,,,0,70,,42147,50,,,0,30,,42148,50,,,0,70,,42149,50,,,0,30,,42150,50,,,0,70,,42151,50,,,0,30,,42152,50,,,0,70,,42153,50,,,0,30,,42154,50,,,0,70,,42155,50,,,0,30,,42156,50,,,0,70,,42157,50,,,0,30,,42158,50,,,0,70,,42159,50,,,0
583001,'6',531,,42217,50,,,0,76,,42216,50,,,0,35,,42215,50,,,0,69,,42214,50,,,0,31,,42213,50,,,0,70,,42212,50,,,0,28,,42210,30,,,0,60,,42211,50,,,0,20,,42209,50,,,0,20,,42208,50,,,0,60,,42207,50,,,0,20,,42206,50,,,0,20,,42205,50,,,0,60,,42204,50,,,0,20,,42203,50,,,0,20,,42202,50,,,0,60,,42201,50,,,0,20,,42200,50,,,0,20,,42199,50,,,0,60,,42198,50,,,0,20,,42197,50,,,0,20,,42196,50,,,0,60,,42195,50,,,0,20,,42194,50,,,0,20,,42193,50,,,0,60,,42192,50,,,0,20,,42191,50,,,0,20,,42190,50,,,0,60,,42189,50,,,0,20,,42188,50,,,0,20,,42187,50,,,0,60,,42186,50,,,0,20,,42185,50,,,0,20,,42184,50,,,0,60,,42183,50,,,0,20,,42182,50,,,0,20,,42181,50,,,0,60,,42180,50,,,0,20,,42179,50,,,0,16,,42178,50,,,0,20,,42177,50,,,0,60,,42176,50,,,0,20,,42175,50,,,0,20,,42174,50,,,0,60,,42173,50,,,0,20,,42172,50,,,0,20,,42171,50,,,0,60,,42170,50,,,0,19,,42169,50,,,0,20,,42168,50,,,0,60,,42167,50,,,0,21,,42166,50,,,0,20,,42165,50,,,0,60,,42164,50,,,0,20,,42163,50,,,0,18,,42162,50,,,0
