578300,'1',537,,30529,43,0,23 24,0,65,,30532,86,0,23 24,0,30,,30535,86,0,23 24,0,70,,30538,86,0,23 24,0,15,,30540,86,0,23 24,0,15,,30542,86,0,23 24,0,15,,30544,86,0,23 24,0,55,,30546,86,0,23 24,0,15,,30548,86,0,23 24,0,15,,30550,86,0,23 24,0,15,,30552,86,0,23 24,0,55,,30554,86,0,23 24,0,15,,30556,86,0,23 24,0,22,,30558,86,0,23 24,0,15,,30560,86,0,23 24,0,55,,30562,86,0,23 24,0,30,,30566,86,0,23 24,0,70,,30569,86,0,23 24,0,30,,30572,86,0,23 24,0,70,,30575,86,0,23 24,0,30,,30578,86,0,23 24,0,70,,30581,86,0,23 24,0,30,,30584,86,0,23 24,0,70,,30587,86,0,23 24,0,32,,30590,86,0,23 24,0,15,,30592,86,0,23 24,0,55,,30594,86,0,23 24,0,15,,30596,86,0,23 24,0,15,,30598,86,0,23 24,0,15,,30600,86,0,23 24,0,55,,30602,86,0,23 24,0,15,,30604,86,0,23 24,0,15,,30606,86,0,23 24,0,15,,30608,86,0,23 24,0,55,,30610,86,0,23 24,0,15,,30612,86,0,23 24,0,15,,30614,86,0,23 24,0,15,,30616,86,0,23 24,0,55,,30618,86,0,23 24,0,15,,30620,86,0,23 24,0,15,,30622,86,0,23 24,0,15,,30624,86,0,23 24,0,47,,30626,86,0,23 24,0,30,,30629,86,0,23 24,0,70,,30632,86,0,23 24,0,30,,30635,86,0,23 24,0,70,,30638,86,0,23 24,0,30,,30641,86,0,23 24,0,70,,30644,86,0,23 24,0,24,,30647,86,0,23 24,0,85,,30650,86,0,23 24,0,45,,30653,86,0,23 24,0,85,,30656,86,0,23 24,0,85,,30659,86,0,23 24,0,21,,30662,86,0,23 24,0
578300,'2',458,,30665,43,0,23 24,0,70,,30667,43,0,23 24,0,85,,30670,86,0,23 24,0,27,,30672,86,0,23 24,0,76,,30675,86,0,23 24,0,36,,30678,86,0,23 24,0,70,,30681,43,0,23 24,0,17,,30682,86,0,23 24,0,76,,30685,86,0,23 24,0,36,,30688,86,0,23 24,0,76,,30691,86,0,23 24,0,76,,30694,86,0,23 24,0,36,,30697,86,0,23 24,0,76,,30700,86,0,23 24,0,36,,30703,86,0,23 24,0,76,,30706,86,0,23 24,0,76,,30709,86,0,23 24,0,36,,30712,86,0,23 24,0,76,,30715,86,0,23 24,0,36,,30718,86,0,23 24,0,76,,30721,86,0,23 24,0,76,,30724,86,0,23 24,0,36,,30727,86,0,23 24,0,76,,30730,86,0,23 24,0,32,,30733,86,0,23 24,0,76,,30736,86,0,23 24,0,28,,30739,86,0,23 24,0,76,,30742,86,0,23 24,0,76,,30745,86,0,23 24,0,36,,30748,86,0,23 24,0,77,,30751,86,0,23 24,0,43,,30754,86,0,23 24,0,70,,30756,86,0,23 24,0,85,,30759,86,0,23 24,0,45,,30762,86,0,23 24,0,90,,30766,86,0,23 24,0
578300,'3',545,,30769,43,0,23 24,0,85,,30772,86,0,23 24,0,23,,30774,43,0,23 24,0,62,,30776,86,0,23 24,0,85,,30779,86,0,23 24,0,45,,30782,86,0,23 24,0,85,,30785,86,0,23 24,0,76,,30788,86,0,23 24,0,45,,30791,86,0,23 24,0,76,,30794,86,0,23 24,0,76,,30797,86,0,23 24,0,36,,30800,86,0,23 24,0,76,,30803,86,0,23 24,0,36,,30806,86,0,23 24,0,76,,30809,86,0,23 24,0,76,,30812,86,0,23 24,0,36,,30815,86,0,23 24,0,76,,30818,86,0,23 24,0,36,,30821,86,0,23 24,0,76,,30824,86,0,23 24,0,76,,30827,86,0,23 24,0,32,,30830,86,0,23 24,0,85,,30833,86,0,23 24,0,85,,30836,86,0,23 24,0,45,,30839,86,0,23 24,0,85,,30842,86,0,23 24,0,85,,30845,86,0,23 24,0,39,,30848,86,0,23 24,0,85,,30851,86,0,23 24,0,85,,30855,86,0,23 24,0
578300,'4',600,,30921,43,0,23 24,0,40,,30857,43,0,23 24,0,75,,30860,86,0,23 24,0,85,,30863,86,0,23 24,0,45,,30866,86,0,23 24,0,85,,30869,86,0,23 24,0,85,,30872,86,0,23 24,0,92,,30875,86,0,23 24,0,45,,30878,86,0,23 24,0,85,,30881,86,0,23 24,0,85,,30884,86,0,23 24,0,85,,30887,86,0,23 24,0,45,,30890,86,0,23 24,0,85,,30893,86,0,23 24,0,85,,30896,86,0,23 24,0,85,,30899,86,0,23 24,0,45,,30902,86,0,23 24,0,78,,30905,86,0,23 24,0,85,,30908,86,0,23 24,0,85,,30911,86,0,23 24,0,45,,30914,86,0,23 24,0,85,,30918,86,0,23 24,0
578300,'6',545,,30923,43,0,23 24,0,85,,30926,86,0,23 24,0,23,,30928,43,0,23 24,0,62,,30930,86,0,23 24,0,85,,30933,86,0,23 24,0,45,,30936,86,0,23 24,0,85,,30939,86,0,23 24,0,76,,30942,86,0,23 24,0,45,,30945,86,0,23 24,0,76,,30948,86,0,23 24,0,76,,30951,86,0,23 24,0,36,,30954,86,0,23 24,0,76,,30957,86,0,23 24,0,36,,30960,86,0,23 24,0,76,,30963,86,0,23 24,0,76,,30966,86,0,23 24,0,36,,30969,86,0,23 24,0,76,,30972,86,0,23 24,0,36,,30975,86,0,23 24,0,76,,30978,86,0,23 24,0,76,,30981,86,0,23 24,0,32,,30984,86,0,23 24,0,85,,30987,86,0,23 24,0,85,,30990,86,0,23 24,0,45,,30993,86,0,23 24,0,85,,30996,86,0,23 24,0,85,,30999,86,0,23 24,0,39,,31002,86,0,23 24,0,85,,31005,86,0,23 24,0,85,,31009,86,0,23 24,0
579101,'1',522,,32957,41,,,0,28,,32958,41,,,0,70,,32959,41,,,0,30,,32960,41,,,0,70,,32961,41,,,0,30,,32962,41,,,0,70,,32963,41,,,0,30,,32964,41,,,0,70,,32965,41,,,0,34,,32966,41,,,0,70,,32967,41,,,0,30,,32983,41,,,0,70,,32968,41,,,0,30,,32984,41,,,0,70,,32969,41,,,0,23,,32985,24,,,0,73,,32970,24,,,0,30,,32986,24,,,0,70,,32971,24,,,0,30,,32987,24,,,0,70,,32972,24,,,0,30,,32973,24,,,0,70,,32997,24,,,0,30,,32974,24,,,0,70,,32975,24,,,0,30,,32976,24,,,0,70,,32977,24,,,0,30,,32978,24,,,0,70,,32979,24,,,0,30,,32988,24,,,0,70,,32980,24,,,0,30,,32989,24,,,0,70,,32981,24,,,0,30,,32990,24,,,0,70,,32982,24,,,0,30,,32991,24,,,0,70,,32992,24,,,0,30,,32993,24,,,0,70,,32994,24,,,0,25,,32995,24,,,0,70,,32996,24,,,0
579101,'2',752,,32998,41,,,0,70,,32999,41,,,0,30,,33000,41,,,0,70,,33001,41,,,0,30,,33002,41,,,0,70,,33003,41,,,0,30,,33019,41,,,0,70,,33004,41,,,0,30,,33020,41,,,0,70,,33005,41,,,0,23,,33021,24,,,0,75,,33006,24,,,0,30,,33022,24,,,0,70,,33007,24,,,0,30,,33023,24,,,0,70,,33008,24,,,0,30,,33009,24,,,0,70,,33031,24,,,0,30,,33010,24,,,0,70,,33011,24,,,0,30,,33012,24,,,0,70,,33013,24,,,0,30,,33014,24,,,0,70,,33015,24,,,0,30,,33024,24,,,0,70,,33016,24,,,0,30,,33025,24,,,0,70,,33017,24,,,0,30,,33026,24,,,0,70,,33018,24,,,0,29,,33027,24,,,0,71,,33028,24,,,0,30,,33029,24,,,0,70,,33030,24,,,0
579101,'3',752,,33032,41,,,0,70,,33033,41,,,0,30,,33034,41,,,0,70,,33035,41,,,0,30,,33036,41,,,0,70,,33037,41,,,0,30,,33053,41,,,0,70,,33038,41,,,0,30,,33054,41,,,0,70,,33039,41,,,0,23,,33055,24,,,0,75,,33040,24,,,0,30,,33056,24,,,0,70,,33041,24,,,0,30,,33057,24,,,0,70,,33042,24,,,0,30,,33043,24,,,0,70,,33065,24,,,0,30,,33044,24,,,0,70,,33045,24,,,0,30,,33046,24,,,0,70,,33047,24,,,0,30,,33048,24,,,0,70,,33049,24,,,0,30,,33058,24,,,0,70,,33050,24,,,0,30,,33059,24,,,0,70,,33051,24,,,0,30,,33060,24,,,0,70,,33052,24,,,0,30,,33061,24,,,0,70,,33062,24,,,0,30,,33063,24,,,0,63,,33064,24,,,0
579101,'4',752,,33066,41,,,0,70,,33067,41,,,0,30,,33068,41,,,0,70,,33069,41,,,0,30,,33070,41,,,0,70,,33071,41,,,0,30,,33085,41,,,0,70,,33072,41,,,0,30,,33086,41,,,0,70,,33073,41,,,0,23,,33087,24,,,0,75,,33074,24,,,0,30,,33088,24,,,0,70,,33075,24,,,0,30,,33089,24,,,0,70,,33076,24,,,0,30,,33077,24,,,0,70,,33092,24,,,0,30,,33078,24,,,0,70,,33079,24,,,0,30,,33080,24,,,0,70,,33081,24,,,0,30,,33082,24,,,0,70,,33083,24,,,0,30,,33090,24,,,0,70,,33084,24,,,0,30,,33091,24,,,0
579101,'6',752,,33093,41,,,0,70,,33094,41,,,0,30,,33095,41,,,0,70,,33096,41,,,0,30,,33097,41,,,0,70,,33098,41,,,0,30,,33114,41,,,0,70,,33099,41,,,0,30,,33115,41,,,0,70,,33100,41,,,0,23,,33116,24,,,0,75,,33101,24,,,0,30,,33117,24,,,0,70,,33102,24,,,0,30,,33118,24,,,0,70,,33103,24,,,0,30,,33104,24,,,0,70,,33126,24,,,0,30,,33105,24,,,0,70,,33106,24,,,0,30,,33107,24,,,0,70,,33108,24,,,0,30,,33109,24,,,0,70,,33110,24,,,0,30,,33119,24,,,0,70,,33111,24,,,0,30,,33120,24,,,0,70,,33112,24,,,0,30,,33121,24,,,0,70,,33113,24,,,0,29,,33122,24,,,0,71,,33123,24,,,0,30,,33124,24,,,0,70,,33125,24,,,0
583500,'8502',1417,,42931,25,,,0,100,,42930,25,,,0,100,,42929,25,,,0,100,,42928,25,,,0,100,,42927,25,,,0,100,,42926,25,,,0,100,,42925,25,,,0,100,,42924,25,,,0,100,,42923,25,,,0,100,,42922,25,,,0
