578301,'1',510,,31014,20,0,33 4 34,0,35,,31017,20,0,33 4 34,0,63,,31020,20,0,33 4 34,0,15,,31022,20,0,33 4 34,0,14,,31024,20,0,33 4 34,0,15,,31026,20,0,33 4 34,0,55,,31028,20,0,33 4 34,0,15,,31030,20,0,33 4 34,0,15,,31032,20,0,33 4 34,0,15,,31034,20,0,33 4 34,0,55,,31036,20,0,33 4 34,0,15,,31038,20,0,33 4 34,0,15,,31040,20,0,33 4 34,0,15,,31042,20,0,33 4 34,0,55,,31044,20,0,33 4 34,0,15,,31046,20,0,33 4 34,0,15,,31048,20,0,17 18 4 19,0,17,,31050,20,0,33 4 34,0,70,,31053,20,0,33 4 34,0,30,,31056,20,0,33 4 34,0,70,,31059,20,0,33 4 34,0,30,,31062,20,0,33 4 34,0,70,,31065,20,0,33 4 34,0,30,,31068,20,0,33 4 34,0,70,,31071,20,0,33 4 34,0,27,,31074,20,0,33 4 34,0,58,,31076,20,0,33 4 34,0,15,,31078,20,0,33 4 34,0,15,,31080,20,0,33 4 34,0,15,,31082,20,0,33 4 34,0,55,,31084,20,0,33 4 34,0,15,,31086,20,0,33 4 34,0,15,,31088,20,0,33 4 34,0,15,,31090,20,0,33 4 34,0,55,,31092,20,0,33 4 34,0,15,,31094,20,0,33 4 34,0,15,,31096,20,0,33 4 34,0,15,,31098,20,0,33 4 34,0,55,,31100,20,0,33 4 34,0,14,,31102,20,0,33 4 34,0,18,,31104,20,0,33 4 34,0,15,,31106,20,0,33 4 34,0,50,,31108,20,0,17 18 4 19,0,21,,31110,20,0,33 4 34,0,12,,31112,20,0,17 18 4 19,0,62,,31114,20,0,33 4 34,0,24,,31117,20,0,33 4 34,0,76,,31121,20,0,33 4 34,0,30,,31124,20,0,33 4 34,0,70,,31127,20,0,33 4 34,0,30,,31130,20,0,33 4 34,0,19,,31132,20,0,33 4 34,0,85,,31135,20,0,33 4 34,0,85,,31139,20,0,33 4 34,0,80,,31142,20,0,33 4 34,0,45,,31144,20,0,33 4 34,0
578301,'2',446,,31151,20,0,33 4 34,0,76,,31154,20,0,33 4 34,0,36,,31157,20,0,33 4 34,0,76,,31160,20,0,33 4 34,0,76,,31163,20,0,33 4 34,0,30,,31166,20,0,33 4 34,0,76,,31169,20,0,33 4 34,0,36,,31172,20,0,33 4 34,0,76,,31175,20,0,33 4 34,0,76,,31178,20,0,33 4 34,0,36,,31181,20,0,33 4 34,0,76,,31184,20,0,33 4 34,0,36,,31187,20,0,33 4 34,0,76,,31190,20,0,33 4 34,0,76,,31193,20,0,33 4 34,0,36,,31196,20,0,33 4 34,0,76,,31199,20,0,33 4 34,0,36,,31202,20,0,33 4 34,0,76,,31205,20,0,33 4 34,0,76,,31208,20,0,33 4 34,0,36,,31211,20,0,33 4 34,0,76,,31214,20,0,33 4 34,0,36,,31217,20,0,33 4 34,0,76,,31220,20,0,33 4 34,0,79,,31223,20,0,33 4 34,0,36,,31226,20,0,33 4 34,0,76,,31229,20,0,33 4 34,0,86,,31232,20,0,33 4 34,0,32,,31234,20,0,33 4 34,0,85,,31237,20,0,33 4 34,0,85,,31240,20,0,33 4 34,0,45,,31243,20,0,33 4 34,0,90,,31246,20,0,33 4 34,0
578301,'3',523,,31254,20,0,33 4 34,0,85,,31258,20,0,33 4 34,0,45,,31261,20,0,33 4 34,0,85,,31264,20,0,33 4 34,0,85,,31267,20,0,33 4 34,0,85,,31270,20,0,33 4 34,0,32,,31273,20,0,33 4 34,0,76,,31276,20,0,33 4 34,0,36,,31279,20,0,33 4 34,0,76,,31282,20,0,33 4 34,0,76,,31285,20,0,33 4 34,0,36,,31288,20,0,33 4 34,0,76,,31291,20,0,33 4 34,0,36,,31294,20,0,33 4 34,0,76,,31297,20,0,33 4 34,0,76,,31300,20,0,33 4 34,0,36,,31303,20,0,33 4 34,0,76,,31306,20,0,33 4 34,0,36,,31309,20,0,33 4 34,0,76,,31312,20,0,33 4 34,0,76,,31315,20,0,33 4 34,0,36,,31318,20,0,33 4 34,0,78,,31321,20,0,33 4 34,0,85,,31324,20,0,33 4 34,0,45,,31327,20,0,33 4 34,0,90,,31330,20,0,33 4 34,0,85,,31333,20,0,33 4 34,0,85,,31336,20,0,33 4 34,0,30,,31338,20,0,33 4 34,0
578301,'4',531,,31407,20,0,33 4 34,0,26,,31344,20,0,33 4 34,0,66,,31347,20,0,33 4 34,0,85,,31350,20,0,33 4 34,0,45,,31353,20,0,33 4 34,0,85,,31356,20,0,33 4 34,0,85,,31359,20,0,33 4 34,0,81,,31362,20,0,33 4 34,0,45,,31365,20,0,33 4 34,0,85,,31368,20,0,33 4 34,0,85,,31371,20,0,33 4 34,0,85,,31374,20,0,33 4 34,0,45,,31377,20,0,33 4 34,0,85,,31380,20,0,33 4 34,0,85,,31383,20,0,33 4 34,0,85,,31386,20,0,33 4 34,0,45,,31389,20,0,33 4 34,0,90,,31392,20,0,33 4 34,0,85,,31395,20,0,33 4 34,0,85,,31398,20,0,33 4 34,0,45,,31401,20,0,33 4 34,0,85,,31405,20,0,33 4 34,0
578301,'6',523,,31411,20,0,33 4 34,0,85,,31415,20,0,33 4 34,0,45,,31418,20,0,33 4 34,0,85,,31421,20,0,33 4 34,0,85,,31424,20,0,33 4 34,0,85,,31427,20,0,33 4 34,0,32,,31430,20,0,33 4 34,0,76,,31433,20,0,33 4 34,0,36,,31436,20,0,33 4 34,0,76,,31439,20,0,33 4 34,0,76,,31442,20,0,33 4 34,0,36,,31445,20,0,33 4 34,0,76,,31448,20,0,33 4 34,0,36,,31451,20,0,33 4 34,0,76,,31454,20,0,33 4 34,0,76,,31457,20,0,33 4 34,0,36,,31460,20,0,33 4 34,0,76,,31463,20,0,33 4 34,0,36,,31466,20,0,33 4 34,0,76,,31469,20,0,33 4 34,0,76,,31472,20,0,33 4 34,0,36,,31475,20,0,33 4 34,0,78,,31478,20,0,33 4 34,0,85,,31481,20,0,33 4 34,0,45,,31484,20,0,33 4 34,0,90,,31487,20,0,33 4 34,0,85,,31490,20,0,33 4 34,0,85,,31493,20,0,33 4 34,0,30,,31495,20,0,33 4 34,0
580801,'14601',507,,39528,9,,,0,20,,39522,9,,,0,20,,39523,9,,,0,60,,39524,9,,,0,20,,39525,9,,,0,20,,39526,9,,,0,60,,39527,9,,,0,20,,39520,9,,,0,19,,39521,9,,,0,10,,39423,9,,,0,50,,39454,9,,,0,10,,39424,9,,,0,8,,39455,9,,,0,7,,39425,9,,,0,8,,39456,9,,,0,9,,39426,9,,,0,8,,39457,9,,,0,48,,39427,9,,,0,8,,39458,9,,,0,5,,39428,9,,,0,8,,39459,9,,,0,7,,39460,9,,,0,8,,39461,9,,,0,13,,39462,9,,,0,52,,39429,9,,,0,10,,39430,9,,,0,10,,39431,9,,,0,10,,39432,9,,,0,10,,39433,9,,,0,10,,39434,9,,,0,50,,39435,9,,,0,10,,39436,9,,,0,10,,39437,9,,,0,10,,39438,9,,,0,10,,39439,9,,,0,10,,39440,9,,,0,50,,39441,9,,,0,10,,39442,9,,,0,10,,39443,9,,,0,10,,39444,9,,,0,10,,39445,9,,,0,10,,39446,9,,,0,50,,39447,9,,,0,10,,39448,9,,,0,10,,39449,9,,,0,10,,39450,9,,,0,10,,39451,9,,,0,10,,39452,9,,,0,50,,39453,9,,,0,10,,39488,9,,,0,9,,39489,9,,,0,8,,39492,9,,,0,7,,39490,9,,,0,8,,39493,9,,,0,7,,39491,9,,,0,48,,39463,9,,,0,7,,39476,9,,,0,8,,39464,9,,,0,7,,39477,9,,,0,8,,39465,9,,,0,7,,39478,9,,,0,8,,39466,9,,,0,7,,39479,9,,,0,48,,39467,9,,,0,7,,39480,9,,,0,8,,39468,9,,,0,7,,39481,9,,,0,8,,39469,9,,,0,7,,39482,9,,,0,8,,39470,9,,,0,7,,39483,9,,,0,48,,39471,9,,,0,7,,39484,9,,,0,8,,39472,9,,,0,7,,39485,9,,,0,8,,39473,9,,,0,8,,39486,9,,,0,8,,39474,9,,,0,7,,39487,9,,,0,48,,39475,9,,,0,8,,39503,9,,,0,10,,39504,9,,,0,10,,39505,9,,,0,10,,39506,9,,,0,10,,39507,9,,,0,50,,39494,9,,,0,15,,39495,9,,,0,15,,39496,9,,,0,15,,39498,9,,,0,55,,39499,9,,,0,15,,39500,9,,,0,15,,39501,9,,,0,15,,39502,9,,,0,55,,39497,9,,,0,15,,39515,9,,,0,15,,39516,9,,,0,15,,39519,9,,,0,58,,39517,9,,,0,22,,39518,9,,,0,30,,39508,9,,,0,70,,39509,9,,,0,30,,39510,9,,,0,70,,39511,9,,,0,30,,39512,9,,,0,70,,39513,9,,,0,30,,39514,9,,,0
580801,'14602',523,,39559,9,,,0,30,,39560,9,,,0,70,,39561,9,,,0,30,,39562,9,,,0,70,,39563,9,,,0,30,,39564,9,,,0,70,,39565,9,,,0,30,,39566,9,,,0,69,,39567,9,,,0,30,,39568,9,,,0,70,,39569,9,,,0,30,,39570,9,,,0,70,,39558,9,,,0,30,,39541,9,,,0,70,,39542,9,,,0,30,,39543,9,,,0,70,,39544,9,,,0,30,,39545,9,,,0,70,,39546,9,,,0,30,,39547,9,,,0,70,,39548,9,,,0,30,,39549,9,,,0,70,,39550,9,,,0,30,,39551,9,,,0,70,,39552,9,,,0,30,,39553,9,,,0,70,,39554,9,,,0,32,,39555,9,,,0,70,,39556,9,,,0,30,,39557,9,,,0,70,,39540,9,,,0,30,,39539,9,,,0,70,,39538,9,,,0,30,,39537,9,,,0,72,,39536,9,,,0,30,,39535,9,,,0,70,,39534,9,,,0,30,,39533,9,,,0,70,,39532,9,,,0,30,,39531,9,,,0,70,,39530,9,,,0,30,,39529,9,,,0
580801,'14603',623,,39596,9,,,0,30,,39597,9,,,0,70,,39598,9,,,0,30,,39599,9,,,0,70,,39600,9,,,0,30,,39601,9,,,0,69,,39602,9,,,0,30,,39603,9,,,0,70,,39604,9,,,0,30,,39605,9,,,0,70,,39571,9,,,0,30,,39588,9,,,0,70,,39587,9,,,0,30,,39586,9,,,0,70,,39585,9,,,0,30,,39584,9,,,0,70,,39583,9,,,0,30,,39582,9,,,0,70,,39581,9,,,0,30,,39580,9,,,0,70,,39579,9,,,0,30,,39578,9,,,0,70,,39577,9,,,0,30,,39576,9,,,0,70,,39575,9,,,0,32,,39574,9,,,0,70,,39573,9,,,0,30,,39572,9,,,0,70,,39589,9,,,0,30,,39590,9,,,0,70,,39591,9,,,0,30,,39592,9,,,0,72,,39593,9,,,0,30,,39594,9,,,0,70,,39595,9,,,0,30,,39606,9,,,0
580801,'14604',623,,39627,9,,,0,30,,39628,9,,,0,70,,39629,9,,,0,30,,39630,9,,,0,70,,39631,9,,,0,30,,39632,9,,,0,69,,39633,9,,,0,30,,39634,9,,,0,70,,39635,9,,,0,30,,39636,9,,,0,70,,39607,9,,,0,30,,39624,9,,,0,70,,39623,9,,,0,30,,39622,9,,,0,70,,39621,9,,,0,30,,39620,9,,,0,70,,39619,9,,,0,30,,39618,9,,,0,70,,39617,9,,,0,30,,39616,9,,,0,70,,39615,9,,,0,30,,39614,9,,,0,70,,39613,9,,,0,30,,39612,9,,,0,70,,39611,9,,,0,32,,39610,9,,,0,70,,39609,9,,,0,30,,39608,9,,,0,70,,39625,9,,,0,30,,39626,9,,,0
580801,'14606',623,,39662,9,,,0,30,,39663,9,,,0,70,,39664,9,,,0,30,,39665,9,,,0,70,,39666,9,,,0,30,,39667,9,,,0,69,,39668,9,,,0,30,,39669,9,,,0,70,,39670,9,,,0,30,,39671,9,,,0,70,,39637,9,,,0,30,,39654,9,,,0,70,,39653,9,,,0,30,,39652,9,,,0,70,,39651,9,,,0,30,,39650,9,,,0,70,,39649,9,,,0,30,,39648,9,,,0,70,,39647,9,,,0,30,,39646,9,,,0,70,,39645,9,,,0,30,,39644,9,,,0,70,,39643,9,,,0,30,,39642,9,,,0,70,,39641,9,,,0,32,,39640,9,,,0,70,,39639,9,,,0,30,,39638,9,,,0,70,,39655,9,,,0,30,,39656,9,,,0,70,,39657,9,,,0,30,,39658,9,,,0,72,,39659,9,,,0,30,,39660,9,,,0,70,,39661,9,,,0,30,,39672,9,,,0
