578300,'1601',1548,,30527,48,4,,0
578300,'1',517,,30528,48,4,,0,26,,30530,48,4,,0,80,,30534,113,4,,0,32,,30537,113,4,,0,70,,30541,113,4,,0,33,,30545,113,4,,0,70,,30549,113,4,,0,30,,30553,113,4,,0,70,,30557,113,4,,0,73,,30561,113,4,,0,28,,30565,113,4,,0,30,,30568,113,4,,0,70,,30571,113,4,,0,30,,30574,113,4,,0,70,,30577,113,4,,0,30,,30580,113,4,,0,70,,30583,113,4,,0,30,,30586,113,4,,0,70,,30589,113,4,,0,76,,30593,113,4,,0,30,,30597,113,4,,0,70,,30601,113,4,,0,30,,30605,113,4,,0,70,,30609,113,4,,0,30,,30613,113,4,,0,70,,30617,113,4,,0,30,,30621,113,4,,0,71,,30625,113,4,,0,17,,30628,113,4,,0,30,,30631,113,4,,0,70,,30634,113,4,,0,30,,30637,113,4,,0,70,,30640,113,4,,0,30,,30643,113,4,,0,70,,30646,113,4,,0,21,,30648,113,4,,0,85,,30651,113,4,,0,85,,30654,113,4,,0,45,,30657,113,4,,0,90,,30661,113,4,,0
578300,'2',520,,30666,48,4,,0,35,,30669,48,4,,0,99,,30673,113,4,,0,76,,30676,113,4,,0,76,,30679,113,4,,0,45,,30683,113,4,,0,76,,30686,113,4,,0,76,,30689,113,4,,0,36,,30692,113,4,,0,76,,30695,113,4,,0,36,,30698,113,4,,0,76,,30701,113,4,,0,76,,30704,113,4,,0,36,,30707,113,4,,0,76,,30710,113,4,,0,36,,30713,113,4,,0,76,,30716,113,4,,0,76,,30719,113,4,,0,36,,30722,113,4,,0,76,,30725,113,4,,0,36,,30728,113,4,,0,74,,30731,113,4,,0,34,,30734,113,4,,0,76,,30737,113,4,,0,72,,30740,113,4,,0,36,,30743,113,4,,0,76,,30746,113,4,,0,36,,30749,113,4,,0,77,,30752,113,4,,0,85,,30755,113,4,,0,85,,30758,113,4,,0,45,,30761,113,4,,0,70,,30763,113,4,,0
578300,'3',522,,30768,48,4,,0,86,,30771,48,4,,0,92,,30775,113,4,,0,45,,30778,113,4,,0,85,,30781,113,4,,0,85,,30784,113,4,,0,39,,30787,113,4,,0,86,,30790,113,4,,0,76,,30793,113,4,,0,36,,30796,113,4,,0,76,,30799,113,4,,0,76,,30802,113,4,,0,36,,30805,113,4,,0,76,,30808,113,4,,0,36,,30811,113,4,,0,76,,30814,113,4,,0,76,,30817,113,4,,0,36,,30820,113,4,,0,76,,30823,113,4,,0,36,,30826,113,4,,0,76,,30829,113,4,,0,78,,30832,113,4,,0,45,,30835,113,4,,0,85,,30838,113,4,,0,85,,30841,113,4,,0,85,,30844,113,4,,0,40,,30847,113,4,,0,85,,30850,113,4,,0,85,,30853,113,4,,0
578300,'4',613,,30920,48,4,,0,35,,30858,48,4,,0,80,,30861,113,4,,0,85,,30864,113,4,,0,45,,30867,113,4,,0,85,,30870,113,4,,0,91,,30873,113,4,,0,85,,30876,113,4,,0,85,,30879,113,4,,0,45,,30882,113,4,,0,85,,30885,113,4,,0,85,,30888,113,4,,0,85,,30891,113,4,,0,45,,30894,113,4,,0,85,,30897,113,4,,0,85,,30900,113,4,,0,85,,30903,113,4,,0,39,,30906,113,4,,0,85,,30909,113,4,,0,85,,30912,113,4,,0,45,,30915,113,4,,0
578300,'6',522,,30922,48,4,,0,86,,30925,48,4,,0,92,,30929,113,4,,0,45,,30932,113,4,,0,85,,30935,113,4,,0,85,,30938,113,4,,0,39,,30941,113,4,,0,86,,30944,113,4,,0,76,,30947,113,4,,0,36,,30950,113,4,,0,76,,30953,113,4,,0,76,,30956,113,4,,0,36,,30959,113,4,,0,76,,30962,113,4,,0,36,,30965,113,4,,0,76,,30968,113,4,,0,76,,30971,113,4,,0,36,,30974,113,4,,0,76,,30977,113,4,,0,36,,30980,113,4,,0,76,,30983,113,4,,0,78,,30986,113,4,,0,45,,30989,113,4,,0,85,,30992,113,4,,0,85,,30995,113,4,,0,85,,30998,113,4,,0,40,,31001,113,4,,0,85,,31004,113,4,,0,85,,31007,113,4,,0
578301,'1601',1557,,31010,1,0,17 18 4 19,0
578301,'1',448,,31013,1,0,20 4 12 13,0,75,,31016,1,0,20 4 12 13,0,26,,31019,1,0,20 4 12 13,0,70,,31023,1,0,20 4 12 13,0,29,,31027,1,0,20 4 12 13,0,70,,31031,1,0,20 4 12 13,0,30,,31035,1,0,20 4 12 13,0,70,,31039,1,0,20 4 12 13,0,30,,31043,1,0,20 4 12 13,0,70,,31047,1,0,20 4 12 13,0,31,,31051,1,0,20 4 12 13,0,70,,31054,1,0,20 4 12 13,0,30,,31057,1,0,20 4 12 13,0,70,,31060,1,0,20 4 12 13,0,30,,31063,1,0,20 4 12 13,0,70,,31066,1,0,20 4 12 13,0,30,,31069,1,0,20 4 12 13,0,70,,31072,1,0,20 4 12 13,0,26,,31075,1,0,20 4 12 13,0,71,,31079,1,0,20 4 12 13,0,30,,31083,1,0,20 4 12 13,0,70,,31087,1,0,20 4 12 13,0,30,,31091,1,0,20 4 12 13,0,70,,31095,1,0,20 4 12 13,0,30,,31099,1,0,20 4 12 13,0,68,,31103,1,0,20 4 12 13,0,37,,31107,1,0,20 4 12 13,0,73,,31111,1,0,20 4 12 13,0,33,,31115,1,0,20 4 12 13,0,64,,31118,1,0,20 4 12 13,0,8,,31119,1,0,17 18 4 19,0,30,,31122,1,0,20 4 12 13,0,80,,31126,1,0,20 4 12 13,0,20,,31128,1,0,20 4 12 13,0,73,,31131,1,0,20 4 12 13,0,80,,31134,1,0,20 4 12 13,0,20,,31136,1,0,17 18 4 19,0,25,,31138,1,0,20 4 12 13,0,85,,31141,1,0,20 4 12 13,0,80,,31143,1,0,20 4 12 13,0,87,,31146,1,0,17 18 4 19,0,48,,31148,1,0,17 18 4 19,0
578301,'2',425,,31150,1,0,20 4 12 13,0,22,,31152,1,0,20 4 12 13,0,76,,31155,1,0,20 4 12 13,0,36,,31158,1,0,20 4 12 13,0,76,,31161,1,0,20 4 12 13,0,76,,31164,1,0,20 4 12 13,0,26,,31167,1,0,20 4 12 13,0,76,,31170,1,0,20 4 12 13,0,36,,31173,1,0,20 4 12 13,0,76,,31176,1,0,20 4 12 13,0,76,,31179,1,0,20 4 12 13,0,36,,31182,1,0,20 4 12 13,0,76,,31185,1,0,20 4 12 13,0,36,,31188,1,0,20 4 12 13,0,76,,31191,1,0,20 4 12 13,0,76,,31194,1,0,20 4 12 13,0,36,,31197,1,0,20 4 12 13,0,76,,31200,1,0,20 4 12 13,0,36,,31203,1,0,20 4 12 13,0,76,,31206,1,0,20 4 12 13,0,76,,31209,1,0,20 4 12 13,0,36,,31212,1,0,20 4 12 13,0,78,,31215,1,0,20 4 12 13,0,36,,31218,1,0,20 4 12 13,0,76,,31221,1,0,20 4 12 13,0,81,,31224,1,0,20 4 12 13,0,36,,31227,1,0,20 4 12 13,0,80,,31230,1,0,20 4 12 13,0,85,,31233,1,0,20 4 12 13,0,47,,31236,1,0,20 4 12 13,0,85,,31239,1,0,20 4 12 13,0,85,,31242,1,0,20 4 12 13,0,85,,31245,1,0,20 4 12 13,0,38,,31248,1,0,17 18 4 19,0,68,,31249,1,0,17 18 4 19,0
578301,'3',527,,31256,1,0,20 4 12 13,0,85,,31259,1,0,20 4 12 13,0,45,,31262,1,0,20 4 12 13,0,85,,31265,1,0,20 4 12 13,0,85,,31268,1,0,20 4 12 13,0,83,,31271,1,0,20 4 12 13,0,30,,31274,1,0,20 4 12 13,0,76,,31277,1,0,20 4 12 13,0,36,,31280,1,0,20 4 12 13,0,76,,31283,1,0,20 4 12 13,0,76,,31286,1,0,20 4 12 13,0,36,,31289,1,0,20 4 12 13,0,76,,31292,1,0,20 4 12 13,0,36,,31295,1,0,20 4 12 13,0,76,,31298,1,0,20 4 12 13,0,76,,31301,1,0,20 4 12 13,0,36,,31304,1,0,20 4 12 13,0,76,,31307,1,0,20 4 12 13,0,36,,31310,1,0,20 4 12 13,0,77,,31313,1,0,20 4 12 13,0,76,,31316,1,0,20 4 12 13,0,35,,31319,1,0,20 4 12 13,0,82,,31322,1,0,20 4 12 13,0,85,,31325,1,0,20 4 12 13,0,45,,31328,1,0,20 4 12 13,0,90,,31331,1,0,20 4 12 13,0,85,,31334,1,0,20 4 12 13,0,85,,31337,1,0,20 4 12 13,0,108,,31341,1,0,17 18 4 19,0
578301,'4',542,,31345,1,0,20 4 12 13,0,85,,31348,1,0,20 4 12 13,0,85,,31351,1,0,20 4 12 13,0,45,,31354,1,0,20 4 12 13,0,85,,31357,1,0,20 4 12 13,0,81,,31360,1,0,20 4 12 13,0,85,,31363,1,0,20 4 12 13,0,45,,31366,1,0,20 4 12 13,0,85,,31369,1,0,20 4 12 13,0,85,,31372,1,0,20 4 12 13,0,85,,31375,1,0,20 4 12 13,0,45,,31378,1,0,20 4 12 13,0,85,,31381,1,0,20 4 12 13,0,85,,31384,1,0,20 4 12 13,0,85,,31387,1,0,20 4 12 13,0,45,,31390,1,0,20 4 12 13,0,89,,31393,1,0,20 4 12 13,0,85,,31396,1,0,20 4 12 13,0,85,,31399,1,0,20 4 12 13,0,45,,31402,1,0,20 4 12 13,0,70,,31404,1,0,17 18 4 19,0
578301,'6',527,,31413,1,0,20 4 12 13,0,85,,31416,1,0,20 4 12 13,0,45,,31419,1,0,20 4 12 13,0,85,,31422,1,0,20 4 12 13,0,85,,31425,1,0,20 4 12 13,0,83,,31428,1,0,20 4 12 13,0,30,,31431,1,0,20 4 12 13,0,76,,31434,1,0,20 4 12 13,0,36,,31437,1,0,20 4 12 13,0,76,,31440,1,0,20 4 12 13,0,76,,31443,1,0,20 4 12 13,0,36,,31446,1,0,20 4 12 13,0,76,,31449,1,0,20 4 12 13,0,36,,31452,1,0,20 4 12 13,0,76,,31455,1,0,20 4 12 13,0,76,,31458,1,0,20 4 12 13,0,36,,31461,1,0,20 4 12 13,0,76,,31464,1,0,20 4 12 13,0,36,,31467,1,0,20 4 12 13,0,77,,31470,1,0,20 4 12 13,0,76,,31473,1,0,20 4 12 13,0,35,,31476,1,0,20 4 12 13,0,82,,31479,1,0,20 4 12 13,0,85,,31482,1,0,20 4 12 13,0,45,,31485,1,0,20 4 12 13,0,90,,31488,1,0,20 4 12 13,0,85,,31491,1,0,20 4 12 13,0,85,,31494,1,0,20 4 12 13,0,108,,31498,1,0,17 18 4 19,0
