578600,'1',523,,32106,15,4,,0,30,,32107,15,4,,0,70,,32108,15,4,,0,30,,32109,15,4,,0,70,,32110,15,4,,0,30,,32111,15,4,,0,66,,32112,15,4,,0,20,,32113,15,4,,0,20,,32114,15,4,,0,60,,32115,15,4,,0,20,,32116,15,4,,0,20,,32117,15,4,,0,65,,32118,15,4,,0,25,,32119,15,4,,0,70,,32120,15,4,,0,30,,32121,15,4,,0,70,,32122,15,4,,0,30,,32123,15,4,,0,70,,32124,15,4,,0,30,,32125,15,4,,0,70,,32126,15,4,,0,30,,32127,15,4,,0,60,,32128,15,4,,0,21,,32129,15,4,,0,20,,32130,15,4,,0,60,,32131,15,4,,0,20,,32132,15,4,,0,20,,32133,15,4,,0,60,,32134,15,4,,0,20,,32135,15,4,,0,20,,32136,15,4,,0,60,,32137,15,4,,0,28,,32138,15,4,,0,75,,32139,15,4,,0,30,,32145,15,4,,0,100,,32140,15,4,,0,100,,32141,15,4,,0,100,,32142,15,4,,0,105,,32143,15,4,,0,100,,32144,15,4,,0,100,,32146,15,4,,0
578600,'2',512,,32181,15,4,,0,30,,32174,15,4,,0,70,,32175,15,4,,0,30,,32173,15,4,,0,70,,32176,15,4,,0,30,,32172,15,4,,0,72,,32147,15,4,,0,30,,32171,15,4,,0,70,,32170,15,4,,0,30,,32169,15,4,,0,70,,32168,15,4,,0,30,,32167,15,4,,0,70,,32166,15,4,,0,30,,32165,15,4,,0,70,,32164,15,4,,0,30,,32163,15,4,,0,70,,32162,15,4,,0,30,,32161,15,4,,0,70,,32160,15,4,,0,30,,32159,15,4,,0,70,,32158,15,4,,0,30,,32157,15,4,,0,70,,32156,15,4,,0,30,,32155,15,4,,0,70,,32154,15,4,,0,30,,32153,15,4,,0,70,,32152,15,4,,0,30,,32151,15,4,,0,103,,32150,15,4,,0,100,,32149,15,4,,0,100,,32148,15,4,,0,100,,32177,15,4,,0,100,,32178,15,4,,0,100,,32179,15,4,,0,100,,32180,15,4,,0
578600,'3',611,,32210,15,4,,0,30,,32211,15,4,,0,70,,32209,15,4,,0,30,,32203,15,4,,0,70,,32205,15,4,,0,30,,32202,15,4,,0,70,,32206,15,4,,0,30,,32201,15,4,,0,72,,32200,15,4,,0,30,,32199,15,4,,0,70,,32198,15,4,,0,30,,32197,15,4,,0,70,,32196,15,4,,0,30,,32195,15,4,,0,70,,32194,15,4,,0,30,,32193,15,4,,0,70,,32192,15,4,,0,30,,32191,15,4,,0,70,,32190,15,4,,0,30,,32189,15,4,,0,70,,32188,15,4,,0,30,,32187,15,4,,0,70,,32186,15,4,,0,30,,32185,15,4,,0,70,,32212,15,4,,0,30,,32184,15,4,,0,98,,32183,15,4,,0,100,,32182,15,4,,0,100,,32204,15,4,,0,100,,32207,15,4,,0,100,,32208,15,4,,0
578600,'4',731,,32213,15,4,,0,100,,32214,15,4,,0,101,,32215,15,4,,0,100,,32216,15,4,,0,100,,32217,15,4,,0,100,,32218,15,4,,0,100,,32219,15,4,,0,100,,32220,15,4,,0,100,,32221,15,4,,0,100,,32222,15,4,,0,99,,32223,15,4,,0,100,,32224,15,4,,0,100,,32225,15,4,,0,100,,32226,15,4,,0
578600,'6',611,,32255,15,4,,0,30,,32256,15,4,,0,70,,32254,15,4,,0,30,,32248,15,4,,0,70,,32250,15,4,,0,30,,32247,15,4,,0,70,,32251,15,4,,0,30,,32246,15,4,,0,72,,32245,15,4,,0,30,,32244,15,4,,0,70,,32243,15,4,,0,30,,32242,15,4,,0,70,,32241,15,4,,0,30,,32240,15,4,,0,70,,32239,15,4,,0,30,,32238,15,4,,0,70,,32237,15,4,,0,30,,32236,15,4,,0,70,,32235,15,4,,0,30,,32234,15,4,,0,70,,32233,15,4,,0,30,,32232,15,4,,0,70,,32231,15,4,,0,30,,32230,15,4,,0,70,,32257,15,4,,0,30,,32229,15,4,,0,98,,32228,15,4,,0,100,,32227,15,4,,0,100,,32249,15,4,,0,100,,32252,15,4,,0,100,,32253,15,4,,0
578601,'1',540,,32258,1,,,0,70,,32259,1,,,0,30,,32260,1,,,0,70,,32261,1,,,0,30,,32262,1,,,0,65,,32263,1,,,0,20,,32264,1,,,0,20,,32265,1,,,0,60,,32266,1,,,0,20,,32267,1,,,0,20,,32268,1,,,0,59,,32269,1,,,0,25,,32270,1,,,0,30,,32271,1,,,0,70,,32272,1,,,0,30,,32273,1,,,0,70,,32274,1,,,0,30,,32275,1,,,0,70,,32276,1,,,0,25,,32277,1,,,0,70,,32278,1,,,0,30,,32279,1,,,0,60,,32280,1,,,0,20,,32281,1,,,0,20,,32282,1,,,0,60,,32283,1,,,0,20,,32284,1,,,0,20,,32285,1,,,0,60,,32286,1,,,0,20,,32287,1,,,0,20,,32288,1,,,0,62,,32289,1,,,0,35,,32290,1,,,0,77,,32297,1,,,0,23,,32291,1,,,0,100,,32292,1,,,0,100,,32293,1,,,0,100,,32294,1,,,0,100,,32295,1,,,0,100,,32296,1,,,0,101,,32298,1,,,0
578601,'2',520,,32333,1,,,0,30,,32326,1,,,0,70,,32327,1,,,0,30,,32325,1,,,0,70,,32328,1,,,0,30,,32324,1,,,0,70,,32299,1,,,0,30,,32323,1,,,0,70,,32322,1,,,0,30,,32321,1,,,0,70,,32320,1,,,0,30,,32319,1,,,0,70,,32318,1,,,0,30,,32317,1,,,0,70,,32316,1,,,0,30,,32315,1,,,0,70,,32314,1,,,0,30,,32313,1,,,0,70,,32312,1,,,0,30,,32311,1,,,0,70,,32310,1,,,0,30,,32309,1,,,0,70,,32308,1,,,0,30,,32307,1,,,0,70,,32306,1,,,0,30,,32305,1,,,0,70,,32304,1,,,0,30,,32303,1,,,0,102,,32302,1,,,0,100,,32301,1,,,0,100,,32300,1,,,0,100,,32329,1,,,0,100,,32330,1,,,0,100,,32331,1,,,0,100,,32332,1,,,0
578601,'3',621,,32361,1,,,0,30,,32360,1,,,0,70,,32359,1,,,0,30,,32355,1,,,0,70,,32357,1,,,0,30,,32354,1,,,0,70,,32358,1,,,0,30,,32353,1,,,0,69,,32352,1,,,0,30,,32351,1,,,0,70,,32350,1,,,0,30,,32349,1,,,0,70,,32348,1,,,0,30,,32347,1,,,0,70,,32346,1,,,0,30,,32345,1,,,0,70,,32344,1,,,0,30,,32343,1,,,0,70,,32342,1,,,0,30,,32341,1,,,0,70,,32340,1,,,0,30,,32339,1,,,0,70,,32338,1,,,0,30,,32337,1,,,0,70,,32364,1,,,0,30,,32336,1,,,0,102,,32335,1,,,0,100,,32334,1,,,0,100,,32356,1,,,0,100,,32362,1,,,0,100,,32363,1,,,0
578601,'4',747,,32365,1,,,0,100,,32366,1,,,0,99,,32367,1,,,0,100,,32368,1,,,0,100,,32369,1,,,0,100,,32370,1,,,0,100,,32371,1,,,0,100,,32372,1,,,0,100,,32373,1,,,0,100,,32374,1,,,0,102,,32375,1,,,0,100,,32376,1,,,0,100,,32377,1,,,0,100,,32378,1,,,0
578601,'6',621,,32406,1,,,0,30,,32405,1,,,0,70,,32404,1,,,0,30,,32400,1,,,0,70,,32402,1,,,0,30,,32399,1,,,0,70,,32403,1,,,0,30,,32398,1,,,0,69,,32397,1,,,0,30,,32396,1,,,0,70,,32395,1,,,0,30,,32394,1,,,0,70,,32393,1,,,0,30,,32392,1,,,0,70,,32391,1,,,0,30,,32390,1,,,0,70,,32389,1,,,0,30,,32388,1,,,0,70,,32387,1,,,0,30,,32386,1,,,0,70,,32385,1,,,0,30,,32384,1,,,0,70,,32383,1,,,0,30,,32382,1,,,0,70,,32409,1,,,0,30,,32381,1,,,0,102,,32380,1,,,0,100,,32379,1,,,0,100,,32401,1,,,0,100,,32407,1,,,0,100,,32408,1,,,0
