580700,'1',553,,38810,29,,,0,70,,38808,29,,,0,17,,38806,29,,,0,15,,38805,29,,,0,55,,38804,29,,,0,15,,38803,29,,,0,15,,38802,29,,,0,15,,38801,29,,,0,55,,38800,29,,,0,15,,38799,29,,,0,15,,38798,29,,,0,15,,38797,29,,,0,55,,38796,29,,,0,15,,38795,29,,,0,21,,38794,29,,,0,60,,38793,29,,,0,30,,38792,29,,,0,70,,38791,29,,,0,30,,38790,29,,,0,70,,38789,29,,,0,30,,38788,29,,,0,70,,38787,29,,,0,28,,38785,29,,,0,70,,38783,29,,,0,25,,38781,29,,,0,15,,38780,29,,,0,15,,38779,29,,,0,55,,38778,29,,,0,15,,38777,29,,,0,15,,38776,29,,,0,15,,38775,29,,,0,55,,38774,29,,,0,15,,38773,29,,,0,15,,38772,29,,,0,15,,38771,29,,,0,55,,38770,29,,,0,15,,38769,29,,,0,15,,38768,29,,,0,15,,38767,29,,,0,55,,38766,29,,,0,15,,38765,29,,,0,30,,38764,29,,,0,70,,38763,29,,,0,30,,38762,29,,,0,70,,38761,29,,,0,30,,38760,29,,,0,70,,38759,29,,,0,71,,38758,29,,,0,30,,38757,29,,,0,70,,38756,29,,,0,30,,38755,29,,,0,70,,38754,29,,,0,30,,38750,29,,,0,70,,38753,29,,,0,25,,38752,29,0,5 6,0,97,,38751,29,0,7 4 8 9 10,0
580700,'2',535,,38854,29,,,0,70,,38816,29,,,0,30,,38817,29,,,0,75,,38818,29,,,0,30,,38819,29,,,0,70,,38820,29,,,0,30,,38821,29,,,0,70,,38822,29,,,0,30,,38823,29,,,0,70,,38824,29,,,0,29,,38825,29,,,0,70,,38826,29,,,0,30,,38827,29,,,0,70,,38828,29,,,0,30,,38829,29,,,0,70,,38830,29,,,0,30,,38831,29,,,0,70,,38832,29,,,0,30,,38833,29,,,0,70,,38834,29,,,0,30,,38835,29,,,0,70,,38836,29,,,0,30,,38837,29,,,0,70,,38838,29,,,0,30,,38839,29,,,0,70,,38840,29,,,0,30,,38841,29,,,0,72,,38842,29,,,0,30,,38843,29,,,0,70,,38844,29,,,0,30,,38845,29,,,0,70,,38846,29,,,0,30,,38847,29,,,0,70,,38848,29,,,0,30,,38849,29,,,0,70,,38850,29,,,0,30,,38851,29,,,0,70,,38852,29,,,0,43,,38853,29,,,0
580700,'3',628,,38855,29,,,0,30,,38868,29,,,0,80,,38856,29,,,0,70,,38869,29,,,0,30,,38857,29,,,0,70,,38870,29,,,0,30,,38858,29,,,0,70,,38871,29,,,0,31,,38859,29,,,0,70,,38872,29,,,0,30,,38860,29,,,0,70,,38873,29,,,0,30,,38861,29,,,0,70,,38874,29,,,0,30,,38862,29,,,0,70,,38875,29,,,0,30,,38863,29,,,0,70,,38876,29,,,0,30,,38864,29,,,0,70,,38877,29,,,0,30,,38865,29,,,0,70,,38878,29,,,0,30,,38866,29,,,0,70,,38879,29,,,0,33,,38867,29,,,0,70,,38889,29,,,0,30,,38880,29,,,0,70,,38886,29,,,0,30,,38881,29,,,0,70,,38887,29,,,0,30,,38882,29,,,0,70,,38888,29,,,0,30,,38883,29,,,0,70,,38890,29,,,0,30,,38884,29,,,0,70,,38891,29,,,0,30,,38885,29,0,7 4 8 9 10,0
580700,'4',650,,38907,29,,,0,70,,38892,29,,,0,30,,38908,29,,,0,70,,38893,29,,,0,30,,38909,29,,,0,70,,38894,29,,,0,30,,38910,29,,,0,70,,38895,29,,,0,30,,38911,29,,,0,70,,38896,29,,,0,30,,38912,29,,,0,70,,38897,29,,,0,30,,38913,29,,,0,70,,38898,29,,,0,30,,38914,29,,,0,70,,38899,29,,,0,30,,38915,29,,,0,70,,38900,29,,,0,30,,38916,29,,,0,70,,38901,29,,,0,30,,38917,29,,,0,70,,38902,29,,,0,30,,38918,29,,,0,70,,38903,29,,,0,30,,38919,29,,,0,70,,38904,29,,,0,30,,38920,29,,,0,70,,38905,29,,,0,30,,38921,29,,,0,70,,38906,29,0,7 4 8 9 10,0
580700,'6',628,,38924,29,,,0,30,,38937,29,,,0,80,,38925,29,,,0,70,,38938,29,,,0,30,,38926,29,,,0,70,,38939,29,,,0,30,,38927,29,,,0,70,,38940,29,,,0,31,,38928,29,,,0,70,,38941,29,,,0,30,,38929,29,,,0,70,,38942,29,,,0,30,,38930,29,,,0,70,,38943,29,,,0,30,,38931,29,,,0,70,,38944,29,,,0,30,,38932,29,,,0,70,,38945,29,,,0,30,,38933,29,,,0,70,,38946,29,,,0,30,,38934,29,,,0,70,,38947,29,,,0,30,,38935,29,,,0,70,,38948,29,,,0,33,,38936,29,,,0,70,,38958,29,,,0,30,,38949,29,,,0,70,,38955,29,,,0,30,,38950,29,,,0,70,,38956,29,,,0,30,,38951,29,,,0,70,,38957,29,,,0,30,,38952,29,,,0,70,,38959,29,,,0,30,,38953,29,,,0,70,,38960,29,,,0,30,,38954,29,0,7 4 8 9 10,0
580701,'1601',832,,38961,30,0,21 22,0
580701,'1',427,,39023,20,,,0,28,,39022,20,,,0,76,,39021,20,,,0,15,,39020,20,,,0,10,,39018,20,,,0,2,,39019,55,,,0,68,,39016,20,,,0,2,,39017,55,,,0,24,,39015,55,,,0,4,,39014,20,,,0,58,,39013,55,,,0,14,,39012,55,,,0,15,,39011,55,,,0,15,,39010,55,,,0,55,,39009,55,,,0,15,,39008,55,,,0,15,,39007,55,,,0,15,,39006,55,,,0,55,,39005,55,,,0,15,,39004,55,,,0,15,,39003,55,,,0,65,,39002,55,,,0,28,,39001,55,,,0,70,,39000,55,,,0,30,,38999,55,,,0,70,,38998,55,,,0,30,,38997,55,,,0,70,,38996,55,,,0,20,,38995,20,,,0,10,,38994,55,,,0,20,,38993,20,,,0,50,,38992,55,,,0,27,,38991,55,,,0,15,,38990,55,,,0,55,,38989,55,,,0,15,,38988,55,,,0,15,,38987,55,,,0,15,,38986,55,,,0,55,,38985,55,,,0,15,,38984,55,,,0,15,,38983,55,,,0,15,,38982,55,,,0,55,,38981,55,,,0,15,,38980,55,,,0,15,,38979,55,,,0,15,,38978,55,,,0,55,,38977,55,,,0,15,,38976,55,,,0,20,,38975,55,,,0,70,,38974,55,,,0,33,,38973,55,,,0,70,,38972,55,,,0,30,,38971,55,,,0,70,,38970,55,,,0,30,,38969,55,,,0,70,,38968,55,,,0,30,,38967,55,,,0,70,,38966,55,,,0,30,,38963,55,,,0,70,,38965,55,,,0,30,,38962,55,,,0,70,,38964,55,,,0
580701,'2',545,,39063,55,,,0,70,,39024,55,,,0,30,,39025,55,,,0,70,,39026,55,,,0,25,,39038,55,,,0,70,,39027,55,,,0,30,,39039,55,,,0,70,,39028,55,,,0,30,,39040,55,,,0,70,,39029,55,,,0,31,,39041,55,,,0,70,,39030,55,,,0,30,,39042,55,,,0,70,,39043,55,,,0,30,,39044,55,,,0,70,,39045,55,,,0,30,,39046,55,,,0,70,,39047,55,,,0,30,,39048,55,,,0,70,,39031,55,,,0,30,,39049,55,,,0,70,,39032,55,,,0,30,,39050,55,,,0,70,,39033,55,,,0,30,,39051,55,,,0,70,,39052,55,,,0,30,,39053,55,,,0,70,,39034,55,,,0,29,,39054,55,,,0,70,,39055,55,,,0,30,,39056,55,,,0,70,,39057,55,,,0,30,,39058,55,,,0,70,,39059,55,,,0,30,,39060,55,,,0,70,,39035,55,,,0,30,,39036,55,,,0,70,,39061,55,,,0,30,,39037,55,,,0,85,,39062,55,,,0
580701,'3',606,,39065,20,,,0,30,,39066,20,,,0,70,,39101,55,,,0,30,,39067,55,,,0,76,,39084,55,,,0,24,,39068,55,,,0,76,,39085,55,,,0,30,,39069,55,,,0,70,,39086,55,,,0,30,,39070,55,,,0,70,,39087,55,,,0,30,,39071,55,,,0,70,,39088,55,,,0,30,,39072,55,,,0,70,,39089,55,,,0,30,,39073,55,,,0,70,,39090,55,,,0,30,,39074,55,,,0,70,,39091,55,,,0,30,,39075,55,,,0,70,,39092,55,,,0,30,,39076,55,,,0,70,,39093,55,,,0,30,,39077,55,,,0,70,,39094,55,,,0,30,,39078,55,,,0,70,,39095,55,,,0,30,,39079,55,,,0,70,,39096,55,,,0,30,,39080,55,,,0,70,,39097,55,,,0,30,,39081,55,,,0,70,,39098,55,,,0,30,,39082,55,,,0,70,,39099,55,,,0,30,,39083,55,,,0,70,,39100,55,,,0
580701,'4',654,,39131,55,,,0,70,,39132,55,,,0,30,,39115,55,,,0,70,,39117,55,,,0,30,,39114,55,,,0,70,,39118,55,,,0,30,,39113,55,,,0,70,,39119,55,,,0,30,,39112,55,,,0,70,,39120,55,,,0,30,,39111,55,,,0,70,,39121,55,,,0,30,,39110,55,,,0,70,,39122,55,,,0,30,,39109,55,,,0,70,,39123,55,,,0,30,,39108,55,,,0,70,,39124,55,,,0,30,,39107,55,,,0,70,,39125,55,,,0,30,,39106,55,,,0,70,,39126,55,,,0,30,,39105,55,,,0,70,,39127,55,,,0,30,,39104,55,,,0,70,,39128,55,,,0,30,,39103,55,,,0,70,,39129,55,,,0,30,,39102,55,,,0,70,,39130,55,,,0
580701,'6',606,,39134,20,,,0,30,,39135,20,,,0,70,,39170,55,,,0,30,,39136,55,,,0,76,,39153,55,,,0,24,,39137,55,,,0,76,,39154,55,,,0,30,,39138,55,,,0,70,,39155,55,,,0,30,,39139,55,,,0,70,,39156,55,,,0,30,,39140,55,,,0,70,,39157,55,,,0,30,,39141,55,,,0,70,,39158,55,,,0,30,,39142,55,,,0,70,,39159,55,,,0,30,,39143,55,,,0,70,,39160,55,,,0,30,,39144,55,,,0,70,,39161,55,,,0,30,,39145,55,,,0,70,,39162,55,,,0,30,,39146,55,,,0,70,,39163,55,,,0,30,,39147,55,,,0,70,,39164,55,,,0,30,,39148,55,,,0,70,,39165,55,,,0,30,,39149,55,,,0,70,,39166,55,,,0,30,,39150,55,,,0,70,,39167,55,,,0,30,,39151,55,,,0,70,,39168,55,,,0,30,,39152,55,,,0,70,,39169,55,,,0
