578301,'1',520,,31014,36,0,33 4 34,0,35,,31017,36,0,33 4 34,0,63,,31020,36,0,33 4 34,0,15,,31022,36,0,33 4 34,0,15,,31024,36,0,33 4 34,0,55,,31026,36,0,33 4 34,0,15,,31028,36,0,33 4 34,0,15,,31030,36,0,33 4 34,0,15,,31032,36,0,33 4 34,0,55,,31034,36,0,33 4 34,0,15,,31036,36,0,33 4 34,0,15,,31038,36,0,33 4 34,0,15,,31040,36,0,33 4 34,0,55,,31042,36,0,33 4 34,0,15,,31044,36,0,33 4 34,0,15,,31046,36,0,33 4 34,0,15,,31048,36,0,17 18 4 19,0,56,,31050,36,0,33 4 34,0,30,,31053,36,0,33 4 34,0,70,,31056,36,0,33 4 34,0,30,,31059,36,0,33 4 34,0,70,,31062,36,0,33 4 34,0,30,,31065,36,0,33 4 34,0,70,,31068,36,0,33 4 34,0,30,,31071,36,0,33 4 34,0,68,,31074,36,0,33 4 34,0,18,,31076,36,0,33 4 34,0,15,,31078,36,0,33 4 34,0,15,,31080,36,0,33 4 34,0,55,,31082,36,0,33 4 34,0,15,,31084,36,0,33 4 34,0,15,,31086,36,0,33 4 34,0,15,,31088,36,0,33 4 34,0,55,,31090,36,0,33 4 34,0,15,,31092,36,0,33 4 34,0,15,,31094,36,0,33 4 34,0,15,,31096,36,0,33 4 34,0,55,,31098,36,0,33 4 34,0,15,,31100,36,0,33 4 34,0,14,,31102,36,0,33 4 34,0,16,,31104,36,0,33 4 34,0,55,,31106,36,0,33 4 34,0,12,,31108,36,0,17 18 4 19,0,19,,31110,36,0,33 4 34,0,14,,31112,36,0,17 18 4 19,0,60,,31114,36,0,33 4 34,0,24,,31117,36,0,33 4 34,0,76,,31121,36,0,33 4 34,0,30,,31124,36,0,33 4 34,0,70,,31127,36,0,33 4 34,0,30,,31130,36,0,33 4 34,0,19,,31132,36,0,33 4 34,0,85,,31135,36,0,33 4 34,0,85,,31139,36,0,33 4 34,0,80,,31142,36,0,33 4 34,0,45,,31144,36,0,33 4 34,0
578301,'2',454,,31151,36,0,33 4 34,0,76,,31154,36,0,33 4 34,0,76,,31157,36,0,33 4 34,0,36,,31160,36,0,33 4 34,0,76,,31163,36,0,33 4 34,0,32,,31166,36,0,33 4 34,0,76,,31169,36,0,33 4 34,0,76,,31172,36,0,33 4 34,0,36,,31175,36,0,33 4 34,0,76,,31178,36,0,33 4 34,0,36,,31181,36,0,33 4 34,0,76,,31184,36,0,33 4 34,0,76,,31187,36,0,33 4 34,0,36,,31190,36,0,33 4 34,0,76,,31193,36,0,33 4 34,0,36,,31196,36,0,33 4 34,0,76,,31199,36,0,33 4 34,0,76,,31202,36,0,33 4 34,0,36,,31205,36,0,33 4 34,0,76,,31208,36,0,33 4 34,0,36,,31211,36,0,33 4 34,0,76,,31214,36,0,33 4 34,0,76,,31217,36,0,33 4 34,0,36,,31220,36,0,33 4 34,0,79,,31223,36,0,33 4 34,0,36,,31226,36,0,33 4 34,0,76,,31229,36,0,33 4 34,0,86,,31232,36,0,33 4 34,0,30,,31234,36,0,33 4 34,0,85,,31237,36,0,33 4 34,0,85,,31240,36,0,33 4 34,0,85,,31243,36,0,33 4 34,0,50,,31246,36,0,33 4 34,0
578301,'3',531,,31254,36,0,33 4 34,0,85,,31258,36,0,33 4 34,0,85,,31261,36,0,33 4 34,0,45,,31264,36,0,33 4 34,0,85,,31267,36,0,33 4 34,0,85,,31270,36,0,33 4 34,0,34,,31273,36,0,33 4 34,0,76,,31276,36,0,33 4 34,0,76,,31279,36,0,33 4 34,0,36,,31282,36,0,33 4 34,0,76,,31285,36,0,33 4 34,0,36,,31288,36,0,33 4 34,0,76,,31291,36,0,33 4 34,0,76,,31294,36,0,33 4 34,0,36,,31297,36,0,33 4 34,0,76,,31300,36,0,33 4 34,0,36,,31303,36,0,33 4 34,0,76,,31306,36,0,33 4 34,0,76,,31309,36,0,33 4 34,0,36,,31312,36,0,33 4 34,0,76,,31315,36,0,33 4 34,0,36,,31318,36,0,33 4 34,0,78,,31321,36,0,33 4 34,0,85,,31324,36,0,33 4 34,0,45,,31327,36,0,33 4 34,0,88,,31330,36,0,33 4 34,0,85,,31333,36,0,33 4 34,0,85,,31336,36,0,33 4 34,0,30,,31338,36,0,33 4 34,0
578301,'4',539,,31407,36,0,33 4 34,0,66,,31344,36,0,33 4 34,0,26,,31347,36,0,33 4 34,0,85,,31350,36,0,33 4 34,0,85,,31353,36,0,33 4 34,0,45,,31356,36,0,33 4 34,0,85,,31359,36,0,33 4 34,0,83,,31362,36,0,33 4 34,0,45,,31365,36,0,33 4 34,0,85,,31368,36,0,33 4 34,0,85,,31371,36,0,33 4 34,0,85,,31374,36,0,33 4 34,0,45,,31377,36,0,33 4 34,0,85,,31380,36,0,33 4 34,0,85,,31383,36,0,33 4 34,0,85,,31386,36,0,33 4 34,0,45,,31389,36,0,33 4 34,0,88,,31392,36,0,33 4 34,0,85,,31395,36,0,33 4 34,0,85,,31398,36,0,33 4 34,0,85,,31401,36,0,33 4 34,0,45,,31405,36,0,33 4 34,0
578301,'6',531,,31411,36,0,33 4 34,0,85,,31415,36,0,33 4 34,0,85,,31418,36,0,33 4 34,0,45,,31421,36,0,33 4 34,0,85,,31424,36,0,33 4 34,0,85,,31427,36,0,33 4 34,0,34,,31430,36,0,33 4 34,0,76,,31433,36,0,33 4 34,0,76,,31436,36,0,33 4 34,0,36,,31439,36,0,33 4 34,0,76,,31442,36,0,33 4 34,0,36,,31445,36,0,33 4 34,0,76,,31448,36,0,33 4 34,0,76,,31451,36,0,33 4 34,0,36,,31454,36,0,33 4 34,0,76,,31457,36,0,33 4 34,0,36,,31460,36,0,33 4 34,0,76,,31463,36,0,33 4 34,0,76,,31466,36,0,33 4 34,0,36,,31469,36,0,33 4 34,0,76,,31472,36,0,33 4 34,0,36,,31475,36,0,33 4 34,0,78,,31478,36,0,33 4 34,0,85,,31481,36,0,33 4 34,0,45,,31484,36,0,33 4 34,0,88,,31487,36,0,33 4 34,0,85,,31490,36,0,33 4 34,0,85,,31493,36,0,33 4 34,0,30,,31495,36,0,33 4 34,0
580801,'14601',519,,39528,25,,,0,20,,39522,25,,,0,20,,39523,25,,,0,60,,39524,25,,,0,20,,39525,25,,,0,20,,39526,25,,,0,60,,39527,25,,,0,20,,39520,25,,,0,19,,39521,25,,,0,50,,39423,25,,,0,10,,39454,25,,,0,10,,39424,25,,,0,8,,39455,25,,,0,7,,39425,25,,,0,8,,39456,25,,,0,49,,39426,25,,,0,8,,39457,25,,,0,8,,39427,25,,,0,8,,39458,25,,,0,5,,39428,25,,,0,8,,39459,25,,,0,7,,39460,25,,,0,8,,39461,25,,,0,53,,39462,25,,,0,12,,39429,25,,,0,10,,39430,25,,,0,10,,39431,25,,,0,10,,39432,25,,,0,10,,39433,25,,,0,50,,39434,25,,,0,10,,39435,25,,,0,10,,39436,25,,,0,10,,39437,25,,,0,10,,39438,25,,,0,10,,39439,25,,,0,50,,39440,25,,,0,10,,39441,25,,,0,10,,39442,25,,,0,10,,39443,25,,,0,10,,39444,25,,,0,10,,39445,25,,,0,50,,39446,25,,,0,10,,39447,25,,,0,10,,39448,25,,,0,10,,39449,25,,,0,10,,39450,25,,,0,10,,39451,25,,,0,50,,39452,25,,,0,10,,39453,25,,,0,10,,39488,25,,,0,9,,39489,25,,,0,8,,39492,25,,,0,7,,39490,25,,,0,8,,39493,25,,,0,47,,39491,25,,,0,8,,39463,25,,,0,7,,39476,25,,,0,8,,39464,25,,,0,7,,39477,25,,,0,8,,39465,25,,,0,7,,39478,25,,,0,8,,39466,25,,,0,47,,39479,25,,,0,8,,39467,25,,,0,7,,39480,25,,,0,8,,39468,25,,,0,7,,39481,25,,,0,8,,39469,25,,,0,7,,39482,25,,,0,8,,39470,25,,,0,47,,39483,25,,,0,8,,39471,25,,,0,7,,39484,25,,,0,8,,39472,25,,,0,7,,39485,25,,,0,8,,39473,25,,,0,8,,39486,25,,,0,48,,39474,25,,,0,7,,39487,25,,,0,8,,39475,25,,,0,8,,39503,25,,,0,10,,39504,25,,,0,10,,39505,25,,,0,10,,39506,25,,,0,50,,39507,25,,,0,10,,39494,25,,,0,14,,39495,25,,,0,15,,39496,25,,,0,15,,39498,25,,,0,55,,39499,25,,,0,15,,39500,25,,,0,15,,39501,25,,,0,15,,39502,25,,,0,55,,39497,25,,,0,15,,39515,25,,,0,15,,39516,25,,,0,15,,39519,25,,,0,57,,39517,25,,,0,22,,39518,25,,,0,70,,39508,25,,,0,30,,39509,25,,,0,70,,39510,25,,,0,30,,39511,25,,,0,70,,39512,25,,,0,30,,39513,25,,,0,70,,39514,25,,,0
580801,'14602',535,,39559,25,,,0,70,,39560,25,,,0,30,,39561,25,,,0,70,,39562,25,,,0,30,,39563,25,,,0,70,,39564,25,,,0,30,,39565,25,,,0,70,,39566,25,,,0,29,,39567,25,,,0,70,,39568,25,,,0,30,,39569,25,,,0,70,,39570,25,,,0,30,,39558,25,,,0,70,,39541,25,,,0,30,,39542,25,,,0,70,,39543,25,,,0,30,,39544,25,,,0,70,,39545,25,,,0,30,,39546,25,,,0,70,,39547,25,,,0,30,,39548,25,,,0,70,,39549,25,,,0,30,,39550,25,,,0,70,,39551,25,,,0,30,,39552,25,,,0,70,,39553,25,,,0,30,,39554,25,,,0,71,,39555,25,,,0,30,,39556,25,,,0,70,,39557,25,,,0,30,,39540,25,,,0,70,,39539,25,,,0,30,,39538,25,,,0,70,,39537,25,,,0,31,,39536,25,,,0,70,,39535,25,,,0,30,,39534,25,,,0,70,,39533,25,,,0,30,,39532,25,,,0,70,,39531,25,,,0,30,,39530,25,,,0,70,,39529,25,,,0
580801,'14603',635,,39596,25,,,0,70,,39597,25,,,0,30,,39598,25,,,0,70,,39599,25,,,0,30,,39600,25,,,0,70,,39601,25,,,0,29,,39602,25,,,0,70,,39603,25,,,0,30,,39604,25,,,0,70,,39605,25,,,0,30,,39571,25,,,0,70,,39588,25,,,0,30,,39587,25,,,0,70,,39586,25,,,0,30,,39585,25,,,0,70,,39584,25,,,0,30,,39583,25,,,0,70,,39582,25,,,0,30,,39581,25,,,0,70,,39580,25,,,0,30,,39579,25,,,0,70,,39578,25,,,0,30,,39577,25,,,0,70,,39576,25,,,0,30,,39575,25,,,0,71,,39574,25,,,0,30,,39573,25,,,0,70,,39572,25,,,0,30,,39589,25,,,0,70,,39590,25,,,0,30,,39591,25,,,0,70,,39592,25,,,0,31,,39593,25,,,0,70,,39594,25,,,0,30,,39595,25,,,0,70,,39606,25,,,0
580801,'14604',635,,39627,25,,,0,70,,39628,25,,,0,30,,39629,25,,,0,70,,39630,25,,,0,30,,39631,25,,,0,70,,39632,25,,,0,29,,39633,25,,,0,70,,39634,25,,,0,30,,39635,25,,,0,70,,39636,25,,,0,30,,39607,25,,,0,70,,39624,25,,,0,30,,39623,25,,,0,70,,39622,25,,,0,30,,39621,25,,,0,70,,39620,25,,,0,30,,39619,25,,,0,70,,39618,25,,,0,30,,39617,25,,,0,70,,39616,25,,,0,30,,39615,25,,,0,70,,39614,25,,,0,30,,39613,25,,,0,70,,39612,25,,,0,30,,39611,25,,,0,71,,39610,25,,,0,30,,39609,25,,,0,70,,39608,25,,,0,30,,39625,25,,,0,70,,39626,25,,,0
580801,'14606',635,,39662,25,,,0,70,,39663,25,,,0,30,,39664,25,,,0,70,,39665,25,,,0,30,,39666,25,,,0,70,,39667,25,,,0,29,,39668,25,,,0,70,,39669,25,,,0,30,,39670,25,,,0,70,,39671,25,,,0,30,,39637,25,,,0,70,,39654,25,,,0,30,,39653,25,,,0,70,,39652,25,,,0,30,,39651,25,,,0,70,,39650,25,,,0,30,,39649,25,,,0,70,,39648,25,,,0,30,,39647,25,,,0,70,,39646,25,,,0,30,,39645,25,,,0,70,,39644,25,,,0,30,,39643,25,,,0,70,,39642,25,,,0,30,,39641,25,,,0,71,,39640,25,,,0,30,,39639,25,,,0,70,,39638,25,,,0,30,,39655,25,,,0,70,,39656,25,,,0,30,,39657,25,,,0,70,,39658,25,,,0,31,,39659,25,,,0,70,,39660,25,,,0,30,,39661,25,,,0,70,,39672,25,,,0
582800,'1',654,,40229,19,,,0,55,,40231,19,,,0,15,,40233,19,,,0,15,,40235,19,,,0,15,,40237,19,,,0,55,,40239,19,,,0,15,,40241,19,,,0,15,,40243,19,,,0,14,,40245,19,,,0,52,,40247,19,,,0,12,,40249,19,,,0,12,,40251,19,,,0,12,,40253,19,,,0,12,,40255,19,,,0,52,,40257,19,,,0,12,,40259,19,,,0,12,,40261,19,,,0,12,,40263,19,,,0,12,,40265,19,,,0,52,,40267,19,,,0,12,,40269,19,,,0,12,,40271,19,,,0,12,,40273,19,,,0,12,,40275,19,,,0,52,,40277,19,,,0,12,,40279,19,,,0,12,,40281,19,,,0,12,,40283,19,,,0,12,,40285,19,,,0,52,,40287,19,,,0,12,,40289,19,,,0,12,,40291,19,,,0,12,,40293,19,,,0,12,,40295,19,,,0,49,,40297,19,,,0,12,,40299,19,,,0,12,,40301,19,,,0,12,,40303,19,,,0,12,,40305,19,,,0,52,,40307,19,,,0,12,,40309,19,,,0,12,,40311,19,,,0,12,,40313,19,,,0,13,,40315,19,,,0,52,,40317,19,,,0,12,,40319,19,,,0,12,,40321,19,,,0,12,,40323,19,,,0,12,,40325,19,,,0,52,,40327,19,,,0,12,,40329,19,,,0,15,,40331,19,,,0,12,,40333,19,,,0,12,,40335,19,,,0,52,,40337,19,,,0,12,,40215,19,,,0,12,,40339,19,,,0,12,,40341,19,,,0
