578000,'1',459,,28797,42,,,0,55,,28798,42,,,0,15,,28799,42,,,0,10,,28800,42,,,0,10,,28801,42,,,0,10,,28802,42,,,0,50,,28803,42,,,0,10,,28804,42,,,0,10,,28805,42,,,0,10,,28806,42,,,0,10,,28807,42,,,0,10,,28808,42,,,0,50,,28809,42,,,0,10,,28810,42,,,0,13,,28811,42,,,0,8,,28812,42,,,0,7,,28813,42,,,0,8,,28814,42,,,0,47,,28815,42,,,0,8,,28816,42,,,0,7,,28817,42,,,0,8,,28818,42,,,0,7,,28819,42,,,0,8,,28820,42,,,0,7,,28821,42,,,0,8,,28822,42,,,0,47,,28823,42,,,0,8,,28824,42,,,0,7,,28825,42,,,0,8,,28826,42,,,0,7,,28827,42,,,0,8,,28828,42,,,0,7,,28829,42,,,0,8,,28830,42,,,0,47,,28831,42,,,0,8,,28832,42,,,0,9,,28833,42,,,0,6,,28834,42,,,0,9,,28835,42,,,0,8,,28836,42,,,0,7,,28837,42,,,0,8,,28838,42,,,0,47,,28839,42,,,0,8,,28840,42,,,0,7,,28841,42,,,0,8,,28842,42,,,0,7,,28843,42,,,0,6,,28844,42,,,0,6,,28845,42,,,0,6,,28846,42,,,0,6,,28847,42,,,0,46,,28848,42,,,0,6,,28849,42,,,0,6,,28850,42,,,0,6,,28851,42,,,0,6,,28852,42,,,0,6,,28853,42,,,0,6,,28854,42,,,0,6,,28855,42,,,0,6,,28856,42,,,0,6,,28857,42,,,0,46,,28858,42,,,0,6,,28859,42,,,0,6,,28860,42,,,0,6,,28861,42,,,0,6,,28862,42,,,0,6,,28863,42,,,0,6,,28864,42,,,0,6,,28865,42,,,0,6,,28866,42,,,0,6,,28867,42,,,0,46,,28868,42,,,0,6,,28869,42,,,0,6,,28870,42,,,0,6,,28871,42,,,0,6,,28872,42,,,0,7,,28873,42,,,0,6,,28874,42,,,0,6,,28875,42,,,0,6,,28876,42,,,0,6,,28877,42,,,0,46,,28878,42,,,0,6,,28879,42,,,0,6,,28880,42,,,0,6,,28881,42,,,0,6,,28882,42,,,0,6,,28883,42,,,0,6,,28884,42,,,0,6,,28885,42,,,0,6,,28886,42,,,0,6,,28887,42,,,0,46,,28888,42,,,0,6,,28889,42,,,0,6,,28890,42,,,0,6,,28891,42,,,0,6,,28892,42,,,0,6,,28893,42,,,0,6,,28894,42,,,0,6,,28895,42,,,0,6,,28896,42,,,0,6,,28897,42,,,0,46,,28898,42,,,0,6,,28899,42,,,0,6,,28900,42,,,0,6,,28901,42,,,0,6,,28902,42,,,0,6,,28903,42,,,0,6,,28904,42,,,0,6,,28905,42,,,0,6,,28906,42,,,0,6,,28907,42,,,0,46,,28908,42,,,0,6,,28909,42,,,0,6,,28910,42,,,0,6,,28911,42,,,0,6,,28912,42,,,0,6,,28913,42,,,0,7,,28914,42,,,0,8,,28915,42,,,0,7,,28916,42,,,0,48,,28917,42,,,0,7,,28918,42,,,0,8,,28919,42,,,0,7,,28920,42,,,0,6,,28921,42,,,0,15,,28922,42,,,0,55,,28923,42,,,0,15,,28924,42,,,0,15,,28925,42,,,0,15,,28926,42,,,0,55,,28927,42,,,0,15,,28928,42,,,0,15,,28929,42,,,0,15,,28930,42,,,0,55,,28931,42,,,0,15,,28932,42,,,0,10,,28933,42,,,0,20,,28934,42,,,0,60,,28935,42,,,0,20,,28936,42,,,0,20,,28937,42,,,0,60,,28938,42,,,0,20,,28939,42,,,0,20,,28942,42,,,0,60,,28943,42,,,0,20,,28940,42,,,0,20,,28941,42,,,0
578000,'2',528,,28944,42,,,0,15,,28945,42,,,0,15,,28946,42,,,0,55,,28947,42,,,0,15,,28948,42,,,0,15,,28949,42,,,0,15,,28950,42,,,0,55,,28951,42,,,0,15,,28952,42,,,0,10,,28953,42,,,0,10,,28954,42,,,0,10,,28955,42,,,0,50,,28956,42,,,0,10,,28957,42,,,0,10,,28958,42,,,0,8,,28959,42,,,0,8,,28960,42,,,0,8,,28961,42,,,0,48,,28962,42,,,0,8,,28963,42,,,0,8,,28964,42,,,0,8,,28965,42,,,0,12,,28966,42,,,0,8,,28967,42,,,0,8,,28968,42,,,0,48,,28969,42,,,0,8,,28970,42,,,0,8,,28971,42,,,0,8,,28972,42,,,0,8,,28973,42,,,0,8,,28974,42,,,0,8,,28975,42,,,0,8,,28976,42,,,0,48,,28977,42,,,0,8,,28978,42,,,0,8,,28979,42,,,0,8,,28980,42,,,0,8,,28981,42,,,0,8,,28982,42,,,0,8,,28983,42,,,0,48,,28984,42,,,0,8,,28985,42,,,0,8,,28986,42,,,0,8,,28987,42,,,0,10,,28988,42,,,0,8,,28989,42,,,0,8,,28990,42,,,0,8,,28991,42,,,0,48,,28992,42,,,0,8,,28993,42,,,0,8,,28994,42,,,0,8,,28995,42,,,0,8,,28996,42,,,0,8,,28997,42,,,0,8,,28998,42,,,0,48,,28999,42,,,0,8,,29000,42,,,0,8,,29001,42,,,0,8,,29002,42,,,0,8,,29003,42,,,0,8,,29004,42,,,0,8,,29005,42,,,0,8,,29006,42,,,0,48,,29007,42,,,0,8,,29008,42,,,0,8,,29009,42,,,0,8,,29010,42,,,0,8,,29011,42,,,0,8,,29012,42,,,0,8,,29013,42,,,0,48,,29014,42,,,0,8,,29015,42,,,0,8,,29016,42,,,0,8,,29017,42,,,0,8,,29018,42,,,0,8,,29019,42,,,0,8,,29020,42,,,0,8,,29021,42,,,0,48,,29022,42,,,0,8,,29023,42,,,0,8,,29024,42,,,0,8,,29025,42,,,0,8,,29026,42,,,0,8,,29027,42,,,0,8,,29028,42,,,0,48,,29029,42,,,0,8,,29030,42,,,0,8,,29031,42,,,0,8,,29032,42,,,0,6,,29033,42,,,0,10,,29034,42,,,0,10,,29035,42,,,0,50,,29036,42,,,0,10,,29037,42,,,0,10,,29038,42,,,0,10,,29039,42,,,0,15,,29040,42,,,0,55,,29041,42,,,0,15,,29042,42,,,0,15,,29043,42,,,0,15,,29044,42,,,0,55,,29045,42,,,0,15,,29046,42,,,0,15,,29047,42,,,0,20,,29048,42,,,0,56,,29049,42,,,0,20,,29050,42,,,0,20,,29051,42,,,0,60,,29052,42,,,0,20,,29053,42,,,0,20,,29054,42,,,0,60,,29055,42,,,0,20,,29056,42,,,0,20,,29057,42,,,0,60,,29058,42,,,0,20,,29059,42,,,0,20,,29060,42,,,0
578000,'3',527,,29061,42,,,0,30,,29062,42,,,0,70,,29063,42,,,0,30,,29064,42,,,0,70,,29065,42,,,0,30,,29066,42,,,0,70,,29067,42,,,0,30,,29068,42,,,0,79,,29069,42,,,0,70,,29070,42,,,0,30,,29071,42,,,0,10,,29072,42,,,0,10,,29073,42,,,0,50,,29074,42,,,0,10,,29075,42,,,0,10,,29076,42,,,0,10,,29077,42,,,0,10,,29078,42,,,0,10,,29079,42,,,0,50,,29080,42,,,0,10,,29081,42,,,0,10,,29082,42,,,0,10,,29083,42,,,0,10,,29084,42,,,0,10,,29085,42,,,0,50,,29086,42,,,0,10,,29087,42,,,0,10,,29088,42,,,0,10,,29089,42,,,0,10,,29090,42,,,0,10,,29091,42,,,0,50,,29092,42,,,0,10,,29093,42,,,0,10,,29094,42,,,0,10,,29095,42,,,0,10,,29096,42,,,0,10,,29097,42,,,0,50,,29098,42,,,0,10,,29099,42,,,0,10,,29100,42,,,0,10,,29101,42,,,0,10,,29102,42,,,0,10,,29103,42,,,0,50,,29104,42,,,0,10,,29105,42,,,0,10,,29106,42,,,0,10,,29107,42,,,0,10,,29108,42,,,0,10,,29109,42,,,0,50,,29110,42,,,0,10,,29111,42,,,0,10,,29112,42,,,0,10,,29113,42,,,0,10,,29114,42,,,0,10,,29115,42,,,0,50,,29116,42,,,0,10,,29117,42,,,0,10,,29118,42,,,0,10,,29119,42,,,0,10,,29120,42,,,0,10,,29121,42,,,0,50,,29122,42,,,0,10,,29123,42,,,0,16,,29124,42,,,0,20,,29125,42,,,0,60,,29126,42,,,0,20,,29127,42,,,0,20,,29128,42,,,0,60,,29129,42,,,0,20,,29130,42,,,0,20,,29131,42,,,0,60,,29132,42,,,0,19,,29133,42,,,0,20,,29134,42,,,0,60,,29135,42,,,0,20,,29136,42,,,0,20,,29137,42,,,0,60,,29138,42,,,0,20,,29139,42,,,0
578000,'4',542,,29140,42,,,0,70,,29141,42,,,0,15,,29142,42,,,0,30,,29143,42,,,0,70,,29144,42,,,0,30,,29145,42,,,0,70,,29146,42,,,0,30,,29147,42,,,0,70,,29148,42,,,0,75,,29149,42,,,0,30,,29150,42,,,0,70,,29151,42,,,0,30,,29152,42,,,0,70,,29153,42,,,0,30,,29154,42,,,0,70,,29155,42,,,0,30,,29156,42,,,0,70,,29157,42,,,0,30,,29158,42,,,0,70,,29159,42,,,0,30,,29160,42,,,0,70,,29161,42,,,0,30,,29162,42,,,0,70,,29163,42,,,0,30,,29164,42,,,0,70,,29165,42,,,0,26,,29166,42,,,0,30,,29167,42,,,0,70,,29168,42,,,0,30,,29169,42,,,0,70,,29170,42,,,0,30,,29171,42,,,0,70,,29172,42,,,0
578000,'6',528,,29173,42,,,0,15,,29174,42,,,0,15,,29175,42,,,0,55,,29176,42,,,0,15,,29177,42,,,0,15,,29178,42,,,0,15,,29179,42,,,0,55,,29180,42,,,0,15,,29181,42,,,0,10,,29182,42,,,0,10,,29183,42,,,0,10,,29184,42,,,0,50,,29185,42,,,0,10,,29186,42,,,0,10,,29187,42,,,0,8,,29188,42,,,0,8,,29189,42,,,0,8,,29190,42,,,0,48,,29191,42,,,0,8,,29192,42,,,0,8,,29193,42,,,0,8,,29194,42,,,0,12,,29195,42,,,0,8,,29196,42,,,0,8,,29197,42,,,0,48,,29198,42,,,0,8,,29199,42,,,0,8,,29200,42,,,0,8,,29201,42,,,0,8,,29202,42,,,0,8,,29203,42,,,0,8,,29204,42,,,0,8,,29205,42,,,0,48,,29206,42,,,0,8,,29207,42,,,0,8,,29208,42,,,0,8,,29209,42,,,0,8,,29210,42,,,0,8,,29211,42,,,0,8,,29212,42,,,0,48,,29213,42,,,0,8,,29214,42,,,0,8,,29215,42,,,0,8,,29216,42,,,0,10,,29217,42,,,0,8,,29218,42,,,0,8,,29219,42,,,0,8,,29220,42,,,0,48,,29221,42,,,0,8,,29222,42,,,0,8,,29223,42,,,0,8,,29224,42,,,0,8,,29225,42,,,0,8,,29226,42,,,0,8,,29227,42,,,0,48,,29228,42,,,0,8,,29229,42,,,0,8,,29230,42,,,0,8,,29231,42,,,0,8,,29232,42,,,0,8,,29233,42,,,0,8,,29234,42,,,0,8,,29235,42,,,0,48,,29236,42,,,0,8,,29237,42,,,0,8,,29238,42,,,0,8,,29239,42,,,0,8,,29240,42,,,0,8,,29241,42,,,0,8,,29242,42,,,0,48,,29243,42,,,0,8,,29244,42,,,0,8,,29245,42,,,0,8,,29246,42,,,0,8,,29247,42,,,0,8,,29248,42,,,0,8,,29249,42,,,0,8,,29250,42,,,0,48,,29251,42,,,0,8,,29252,42,,,0,8,,29253,42,,,0,8,,29254,42,,,0,8,,29255,42,,,0,8,,29256,42,,,0,8,,29257,42,,,0,48,,29258,42,,,0,8,,29259,42,,,0,8,,29260,42,,,0,8,,29261,42,,,0,6,,29262,42,,,0,10,,29263,42,,,0,10,,29264,42,,,0,50,,29265,42,,,0,10,,29266,42,,,0,10,,29267,42,,,0,10,,29268,42,,,0,15,,29269,42,,,0,55,,29270,42,,,0,15,,29271,42,,,0,15,,29272,42,,,0,15,,29273,42,,,0,55,,29274,42,,,0,15,,29275,42,,,0,15,,29276,42,,,0,20,,29277,42,,,0,56,,29278,42,,,0,20,,29279,42,,,0,20,,29280,42,,,0,60,,29281,42,,,0,20,,29282,42,,,0,20,,29283,42,,,0,60,,29284,42,,,0,20,,29285,42,,,0,20,,29286,42,,,0,60,,29287,42,,,0,20,,29288,42,,,0,20,,29289,42,,,0
578200,'1',522,,30152,58,,,0,15,,30182,58,,,0,20,,30189,58,,,0,60,,30188,58,,,0,20,,30187,58,,,0,20,,30186,58,,,0,60,,30185,58,,,0,23,,30184,58,,,0,60,,30183,58,,,0,20,,30190,58,,,0,24,,30153,61,,,0,60,,30154,61,,,0,20,,30155,61,,,0,20,,30156,61,,,0,60,,30157,61,,,0,20,,30158,61,,,0,20,,30159,61,,,0,60,,30162,61,,,0,20,,30163,61,,,0,20,,30164,61,,,0,60,,30165,61,,,0,20,,30166,61,,,0,20,,30167,61,,,0,60,,30160,61,,,0,20,,30161,61,,,0,20,,30136,61,,,0,60,,30168,61,,,0,23,,30169,61,,,0,20,,30170,61,,,0,60,,30171,61,,,0,20,,30172,61,,,0,20,,30173,61,,,0,60,,30174,61,,,0,20,,30175,61,,,0,20,,30176,61,,,0,60,,30177,61,,,0,20,,30178,61,,,0,20,,30179,61,,,0,60,,30180,61,,,0,20,,30181,61,,,0,23,,30151,61,,,0,70,,30150,61,,,0,26,,30149,61,,,0,70,,30148,61,,,0,30,,30147,61,,,0,70,,30146,61,,,0,30,,30145,61,,,0,70,,30137,61,,,0,25,,30138,58,,,0,70,,30139,58,,,0,30,,30140,58,,,0,70,,30141,58,,,0,30,,30142,58,,,0,72,,30143,58,,,0,40,,30144,58,,,0
578200,'2',533,,30191,58,,,0,70,,30192,58,,,0,32,,30193,58,,,0,70,,30194,58,,,0,30,,30195,58,,,0,70,,30196,58,,,0,30,,30197,58,,,0,21,,30239,61,,,0,60,,30198,61,,,0,25,,30199,61,,,0,60,,30200,61,,,0,20,,30201,61,,,0,20,,30202,61,,,0,60,,30203,61,,,0,20,,30204,61,,,0,20,,30205,61,,,0,60,,30206,61,,,0,20,,30207,61,,,0,20,,30208,61,,,0,60,,30209,61,,,0,19,,30210,58,,,0,20,,30211,58,,,0,60,,30212,58,,,0,20,,30213,58,,,0,20,,30214,58,,,0,60,,30215,58,,,0,20,,30216,58,,,0,20,,30217,58,,,0,60,,30218,58,,,0,20,,30219,58,,,0,20,,30220,58,,,0,60,,30221,58,,,0,20,,30222,58,,,0,20,,30223,58,,,0,70,,30224,58,,,0,25,,30225,58,,,0,70,,30226,58,,,0,30,,30227,58,,,0,70,,30228,58,,,0,30,,30229,58,,,0,70,,30230,58,,,0,30,,30231,58,,,0,70,,30232,58,,,0,26,,30233,58,,,0,70,,30234,58,,,0,30,,30235,58,,,0,70,,30236,58,,,0,30,,30237,58,,,0,70,,30240,58,,,0,50,,30238,58,,,0
578200,'3',634,,30276,58,,,0,100,,30275,58,,,0,70,,30274,58,,,0,30,,30273,58,,,0,70,,30272,58,,,0,33,,30271,58,,,0,70,,30270,58,,,0,30,,30269,58,,,0,70,,30268,58,,,0,30,,30267,58,,,0,70,,30266,58,,,0,30,,30265,58,,,0,70,,30264,58,,,0,30,,30263,58,,,0,70,,30262,58,,,0,30,,30261,58,,,0,70,,30260,58,,,0,30,,30259,58,,,0,70,,30258,58,,,0,30,,30257,58,,,0,70,,30256,58,,,0,30,,30255,58,,,0,70,,30254,58,,,0,30,,30253,58,,,0,70,,30252,58,,,0,30,,30251,58,,,0,70,,30250,58,,,0,25,,30249,58,,,0,70,,30248,58,,,0,30,,30247,58,,,0,70,,30246,58,,,0,30,,30245,58,,,0,70,,30244,58,,,0,30,,30243,58,,,0,70,,30242,58,,,0,30,,30241,58,,,0
578200,'4',601,,30277,58,,,0,40,,30278,58,,,0,80,,30279,58,,,0,80,,30280,58,,,0,40,,30281,58,,,0,80,,30282,58,,,0,80,,30283,58,,,0,40,,30284,58,,,0,80,,30285,58,,,0,80,,30286,58,,,0,40,,30287,58,,,0,80,,30288,58,,,0,80,,30289,58,,,0,40,,30290,58,,,0,90,,30291,58,,,0,100,,30292,58,,,0,100,,30293,58,,,0,100,,30294,58,,,0,100,,30295,58,,,0,100,,30296,58,,,0,100,,30297,58,,,0
578200,'6',634,,30333,58,,,0,100,,30332,58,,,0,70,,30331,58,,,0,30,,30330,58,,,0,70,,30329,58,,,0,33,,30328,58,,,0,70,,30327,58,,,0,30,,30326,58,,,0,70,,30325,58,,,0,30,,30324,58,,,0,70,,30323,58,,,0,30,,30322,58,,,0,70,,30321,58,,,0,30,,30320,58,,,0,70,,30319,58,,,0,30,,30318,58,,,0,70,,30317,58,,,0,30,,30316,58,,,0,70,,30315,58,,,0,30,,30314,58,,,0,70,,30313,58,,,0,30,,30312,58,,,0,70,,30311,58,,,0,30,,30310,58,,,0,70,,30309,58,,,0,30,,30308,58,,,0,70,,30307,58,,,0,25,,30306,58,,,0,70,,30305,58,,,0,30,,30304,58,,,0,70,,30303,58,,,0,30,,30302,58,,,0,70,,30301,58,,,0,30,,30300,58,,,0,70,,30299,58,,,0,30,,30298,58,,,0
