579600,'1601',1545,,34938,15,,,0
579600,'1',542,,34939,15,,,0,60,,34940,15,,,0,17,,34941,15,,,0,15,,34942,15,,,0,16,,34943,15,,,0,55,,34944,15,,,0,15,,34945,15,,,0,15,,34946,15,,,0,15,,34947,15,,,0,55,,34948,15,,,0,15,,34949,15,,,0,15,,34950,15,,,0,15,,34951,15,,,0,55,,34952,15,,,0,18,,34953,15,,,0,20,,34954,15,,,0,60,,34955,15,,,0,21,,34956,15,,,0,20,,34957,15,,,0,60,,34958,15,,,0,20,,34959,15,,,0,20,,34960,15,,,0,60,,34961,15,,,0,20,,34962,15,,,0,20,,34963,15,,,0,60,,34964,15,,,0,20,,34965,15,,,0,21,,34966,15,,,0,60,,34967,15,,,0,15,,34968,15,,,0,15,,34969,15,,,0,15,,34970,15,,,0,55,,34971,15,,,0,15,,34972,15,,,0,15,,34973,15,,,0,15,,34974,15,,,0,55,,34975,15,,,0,15,,34976,15,,,0,15,,34977,15,,,0,15,,34978,15,,,0,55,,34979,15,,,0,15,,34980,15,,,0,15,,34981,15,,,0,15,,34982,15,,,0,60,,34983,15,,,0,25,,34984,15,,,0,65,,34985,15,,,0,28,,34986,15,,,0,30,,34987,15,,,0,70,,34988,15,,,0,30,,34989,15,,,0,70,,34990,15,,,0,28,,34991,15,,,0,70,,34992,15,,,0,30,,34993,15,,,0,70,,34994,15,,,0,30,,34995,15,,,0,70,,34996,15,,,0,75,,34997,15,,,0,30,,34998,15,,,0
579600,'2',551,,35010,15,,,0,70,,35011,15,,,0,30,,35012,15,,,0,70,,35013,15,,,0,30,,35014,15,,,0,70,,35015,15,,,0,32,,35016,15,,,0,60,,35017,15,,,0,20,,35018,15,,,0,20,,35019,15,,,0,60,,35020,15,,,0,20,,35021,15,,,0,20,,35022,15,,,0,60,,35023,15,,,0,20,,35024,15,,,0,20,,35025,15,,,0,60,,35026,15,,,0,20,,35027,15,,,0,20,,35028,15,,,0,60,,35029,15,,,0,20,,35030,15,,,0,20,,35031,15,,,0,60,,35032,15,,,0,20,,35033,15,,,0,20,,35034,15,,,0,60,,35035,15,,,0,20,,35036,15,,,0,20,,35037,15,,,0,60,,35038,15,,,0,20,,35039,15,,,0,20,,35040,15,,,0,59,,35041,15,,,0,20,,35042,15,,,0,25,,35043,15,,,0,70,,35044,15,,,0,30,,35045,15,,,0,70,,35046,15,,,0,30,,35047,15,,,0,70,,34999,15,,,0,30,,35000,15,,,0,70,,35001,15,,,0,30,,35002,15,,,0,70,,35003,15,,,0,30,,35004,15,,,0,70,,35005,15,,,0,30,,35006,15,,,0,70,,35007,15,,,0,30,,35008,15,,,0,75,,35009,15,,,0
579600,'3',650,,35071,15,,,0,70,,35072,15,,,0,30,,35070,15,,,0,70,,35073,15,,,0,30,,35069,15,,,0,74,,35068,15,,,0,30,,35067,15,,,0,70,,35066,15,,,0,30,,35065,15,,,0,70,,35064,15,,,0,30,,35063,15,,,0,70,,35062,15,,,0,30,,35061,15,,,0,70,,35060,15,,,0,30,,35059,15,,,0,70,,35058,15,,,0,30,,35057,15,,,0,70,,35056,15,,,0,30,,35055,15,,,0,70,,35054,15,,,0,30,,35053,15,,,0,70,,35052,15,,,0,29,,35051,15,,,0,70,,35074,15,,,0,30,,35050,15,,,0,70,,35075,15,,,0,30,,35049,15,,,0,70,,35076,15,,,0,30,,35048,15,,,0,68,,35077,15,,,0,30,,35078,15,,,0,70,,35079,15,,,0,30,,35080,15,,,0,70,,35081,15,,,0,30,,35082,15,,,0,60,,35083,15,,,0
579600,'4',710,,35106,15,,,0,30,,35084,15,,,0,70,,35085,15,,,0,30,,35086,15,,,0,71,,35087,15,,,0,30,,35088,15,,,0,70,,35089,15,,,0,30,,35090,15,,,0,70,,35091,15,,,0,30,,35092,15,,,0,70,,35093,15,,,0,30,,35094,15,,,0,70,,35095,15,,,0,30,,35096,15,,,0,70,,35097,15,,,0,30,,35098,15,,,0,70,,35099,15,,,0,100,,35100,15,,,0,100,,35101,15,,,0,99,,35102,15,,,0,100,,35103,15,,,0,100,,35104,15,,,0,100,,35105,15,,,0
579600,'6',650,,35130,15,,,0,70,,35131,15,,,0,30,,35129,15,,,0,70,,35132,15,,,0,30,,35128,15,,,0,74,,35127,15,,,0,30,,35126,15,,,0,70,,35125,15,,,0,30,,35124,15,,,0,70,,35123,15,,,0,30,,35122,15,,,0,70,,35121,15,,,0,30,,35120,15,,,0,70,,35119,15,,,0,30,,35118,15,,,0,70,,35117,15,,,0,30,,35116,15,,,0,70,,35115,15,,,0,30,,35114,15,,,0,70,,35113,15,,,0,30,,35112,15,,,0,70,,35111,15,,,0,29,,35110,15,,,0,70,,35133,15,,,0,30,,35109,15,,,0,70,,35134,15,,,0,30,,35108,15,,,0,70,,35135,15,,,0,30,,35107,15,,,0,68,,35136,15,,,0,30,,35137,15,,,0,70,,35138,15,,,0,30,,35139,15,,,0,70,,35140,15,,,0,30,,35141,15,,,0,60,,35142,15,,,0
579700,'1601',1613,,35351,15,,,0
579700,'1',532,,35352,15,,,0,20,,35353,15,,,0,60,,35354,15,,,0,20,,35355,15,,,0,21,,35356,15,,,0,60,,35357,15,,,0,15,,35358,15,,,0,15,,35359,15,,,0,15,,35360,15,,,0,55,,35361,15,,,0,15,,35362,15,,,0,15,,35363,15,,,0,15,,35364,15,,,0,55,,35365,15,,,0,20,,35366,15,,,0,21,,35367,15,,,0,60,,35368,15,,,0,20,,35369,15,,,0,20,,35370,15,,,0,60,,35371,15,,,0,20,,35372,15,,,0,20,,35373,15,,,0,60,,35374,15,,,0,20,,35375,15,,,0,20,,35376,15,,,0,60,,35377,15,,,0,20,,35378,15,,,0,21,,35379,15,,,0,60,,35380,15,,,0,15,,35381,15,,,0,15,,35382,15,,,0,55,,35383,15,,,0,15,,35384,15,,,0,15,,35385,15,,,0,15,,35386,15,,,0,55,,35387,15,,,0,15,,35388,15,,,0,15,,35389,15,,,0,15,,35390,15,,,0,55,,35391,15,,,0,15,,35392,15,,,0,15,,35393,15,,,0,15,,35394,15,,,0,55,,35395,15,,,0,15,,35396,15,,,0,28,,35397,15,,,0,70,,35398,15,,,0,30,,35399,15,,,0,70,,35400,15,,,0,30,,35401,15,,,0,70,,35402,15,,,0,28,,35403,15,,,0,70,,35404,15,,,0,30,,35405,15,,,0,70,,35406,15,,,0,30,,35407,15,,,0,70,,35408,15,,,0,30,,35409,15,,,0,70,,35410,15,,,0
579700,'2',606,,35416,15,,,0,30,,35417,15,,,0,70,,35418,15,,,0,30,,35419,15,,,0,70,,35420,15,,,0,30,,35421,15,,,0,67,,35422,15,,,0,20,,35423,15,,,0,20,,35424,15,,,0,60,,35425,15,,,0,20,,35426,15,,,0,20,,35427,15,,,0,60,,35428,15,,,0,20,,35429,15,,,0,20,,35430,15,,,0,60,,35431,15,,,0,20,,35432,15,,,0,20,,35433,15,,,0,60,,35434,15,,,0,20,,35435,15,,,0,20,,35436,15,,,0,60,,35437,15,,,0,20,,35438,15,,,0,20,,35439,15,,,0,60,,35440,15,,,0,20,,35441,15,,,0,20,,35442,15,,,0,60,,35443,15,,,0,20,,35444,15,,,0,20,,35445,15,,,0,60,,35446,15,,,0,19,,35447,15,,,0,20,,35448,15,,,0,70,,35449,15,,,0,30,,35450,15,,,0,70,,35451,15,,,0,30,,35452,15,,,0,70,,35453,15,,,0,30,,35454,15,,,0,70,,35455,15,,,0,30,,35456,15,,,0,70,,35457,15,,,0,30,,35458,15,,,0,70,,35411,15,,,0,30,,35412,15,,,0,70,,35413,15,,,0,30,,35414,15,,,0,70,,35415,15,,,0
579700,'3',630,,35464,15,,,0,70,,35463,15,,,0,30,,35465,15,,,0,70,,35462,15,,,0,30,,35466,15,,,0,70,,35461,15,,,0,34,,35467,15,,,0,70,,35468,15,,,0,30,,35469,15,,,0,70,,35470,15,,,0,30,,35471,15,,,0,70,,35472,15,,,0,30,,35473,15,,,0,70,,35474,15,,,0,30,,35475,15,,,0,70,,35476,15,,,0,30,,35477,15,,,0,70,,35478,15,,,0,30,,35479,15,,,0,70,,35480,15,,,0,30,,35481,15,,,0,70,,35482,15,,,0,30,,35483,15,,,0,69,,35484,15,,,0,30,,35485,15,,,0,70,,35460,15,,,0,30,,35486,15,,,0,70,,35459,15,,,0,30,,35487,15,,,0,70,,35488,15,,,0,28,,35489,15,,,0,70,,35490,15,,,0,30,,35491,15,,,0,70,,35492,15,,,0,40,,35493,15,,,0
579700,'4',640,,35494,15,,,0,85,,35495,15,,,0,30,,35496,15,,,0,70,,35497,15,,,0,30,,35498,15,,,0,71,,35499,15,,,0,30,,35500,15,,,0,70,,35501,15,,,0,30,,35502,15,,,0,70,,35503,15,,,0,30,,35504,15,,,0,70,,35505,15,,,0,30,,35506,15,,,0,70,,35507,15,,,0,30,,35508,15,,,0,70,,35509,15,,,0,30,,35510,15,,,0,85,,35511,15,,,0,100,,35512,15,,,0,99,,35513,15,,,0,100,,35514,15,,,0,100,,35515,15,,,0,100,,35516,15,,,0
579700,'6',630,,35522,15,,,0,70,,35521,15,,,0,30,,35523,15,,,0,70,,35520,15,,,0,30,,35524,15,,,0,70,,35519,15,,,0,34,,35525,15,,,0,70,,35526,15,,,0,30,,35527,15,,,0,70,,35528,15,,,0,30,,35529,15,,,0,70,,35530,15,,,0,30,,35531,15,,,0,70,,35532,15,,,0,30,,35533,15,,,0,70,,35534,15,,,0,30,,35535,15,,,0,70,,35536,15,,,0,30,,35537,15,,,0,70,,35538,15,,,0,30,,35539,15,,,0,70,,35540,15,,,0,30,,35541,15,,,0,69,,35542,15,,,0,30,,35543,15,,,0,70,,35518,15,,,0,30,,35544,15,,,0,70,,35517,15,,,0,30,,35545,15,,,0,70,,35546,15,,,0,28,,35547,15,,,0,70,,35548,15,,,0,30,,35549,15,,,0,70,,35550,15,,,0,40,,35551,15,,,0
