579301,'1',523,,33902,12,,,0,15,,33903,12,,,0,15,,33833,12,,,0,55,,33904,12,,,0,15,,33832,12,,,0,15,,33905,12,,,0,15,,33835,12,,,0,55,,33836,12,,,0,15,,33837,12,,,0,10,,33847,12,,,0,10,,33875,12,,,0,10,,33846,12,,,0,50,,33845,12,,,0,10,,33876,12,,,0,10,,33844,12,,,0,10,,33843,12,,,0,10,,33877,12,,,0,10,,33842,12,,,0,50,,33841,12,,,0,10,,33878,12,,,0,10,,33840,12,,,0,10,,33839,12,,,0,10,,33879,12,,,0,10,,33838,12,,,0,50,,33913,12,,,0,10,,33892,12,,,0,21,,33893,12,,,0,20,,33894,12,,,0,60,,33895,12,,,0,20,,33896,12,,,0,20,,33897,12,,,0,60,,33898,12,,,0,20,,33899,12,,,0,20,,33900,12,,,0,60,,33901,12,,,0,20,,33834,12,,,0,20,,33880,12,,,0,60,,33867,12,,,0,20,,33866,12,,,0,20,,33881,12,,,0,60,,33865,12,,,0,11,,33882,12,,,0,10,,33864,12,,,0,10,,33863,12,,,0,10,,33883,12,,,0,50,,33862,12,,,0,10,,33861,12,,,0,10,,33884,12,,,0,10,,33860,12,,,0,10,,33859,12,,,0,10,,33885,12,,,0,50,,33858,12,,,0,10,,33857,12,,,0,10,,33886,12,,,0,10,,33856,12,,,0,10,,33855,12,,,0,10,,33887,12,,,0,50,,33854,12,,,0,10,,33888,12,,,0,10,,33853,12,,,0,10,,33852,12,,,0,10,,33889,12,,,0,55,,33851,12,,,0,19,,33850,12,,,0,20,,33910,12,,,0,20,,33911,12,,,0,60,,33849,12,,,0,20,,33848,12,,,0,20,,33906,12,,,0,60,,33868,12,,,0,20,,33869,12,,,0,20,,33907,12,,,0,59,,33870,12,,,0,20,,33871,12,,,0,20,,33908,12,,,0,60,,33872,12,,,0,20,,33873,12,,,0,20,,33909,12,,,0,60,,33874,12,,,0,20,,33891,12,,,0,20,,33890,12,,,0,60,,33912,12,,,0
579301,'2',522,,33984,12,,,0,20,,33914,12,,,0,60,,33974,12,,,0,20,,33915,12,,,0,20,,33916,12,,,0,60,,33975,12,,,0,20,,33917,12,,,0,20,,33918,12,,,0,60,,33919,12,,,0,21,,33920,12,,,0,15,,33921,12,,,0,15,,33922,12,,,0,55,,33923,12,,,0,15,,33924,12,,,0,15,,33925,12,,,0,15,,33926,12,,,0,55,,33927,12,,,0,15,,33928,12,,,0,15,,33929,12,,,0,15,,33930,12,,,0,55,,33931,12,,,0,13,,33932,12,,,0,18,,33933,12,,,0,15,,33934,12,,,0,55,,33935,12,,,0,15,,33936,12,,,0,15,,33937,12,,,0,15,,33938,12,,,0,55,,33939,12,,,0,15,,33940,12,,,0,15,,33941,12,,,0,15,,33942,12,,,0,55,,33943,12,,,0,15,,33944,12,,,0,15,,33945,12,,,0,15,,33946,12,,,0,55,,33947,12,,,0,15,,33948,12,,,0,15,,33949,12,,,0,15,,33950,12,,,0,55,,33951,12,,,0,15,,33952,12,,,0,15,,33953,12,,,0,15,,33954,12,,,0,55,,33955,12,,,0,15,,33956,12,,,0,15,,33957,12,,,0,15,,33958,12,,,0,55,,33959,12,,,0,15,,33960,12,,,0,20,,33961,12,,,0,60,,33976,12,,,0,19,,33962,12,,,0,20,,33977,12,,,0,60,,33963,12,,,0,20,,33964,12,,,0,20,,33978,12,,,0,60,,33965,12,,,0,20,,33966,12,,,0,20,,33979,12,,,0,60,,33967,12,,,0,19,,33968,12,,,0,20,,33980,12,,,0,60,,33969,12,,,0,20,,33970,12,,,0,20,,33981,12,,,0,60,,33971,12,,,0,20,,33972,12,,,0,20,,33973,12,,,0,60,,33982,12,,,0,20,,33983,12,,,0
579301,'3',522,,34030,12,,,0,30,,33985,12,,,0,70,,33986,12,,,0,30,,33987,12,,,0,70,,33988,12,,,0,30,,33989,12,,,0,70,,33990,12,,,0,30,,33991,12,,,0,70,,33992,12,,,0,20,,33993,12,,,0,60,,33994,12,,,0,21,,33995,12,,,0,20,,33996,12,,,0,60,,33997,12,,,0,20,,33998,12,,,0,25,,33999,12,,,0,60,,34000,12,,,0,20,,34001,12,,,0,20,,34002,12,,,0,60,,34003,12,,,0,20,,34004,12,,,0,20,,34005,12,,,0,60,,34006,12,,,0,20,,34007,12,,,0,20,,34008,12,,,0,60,,34009,12,,,0,20,,34010,12,,,0,20,,34011,12,,,0,60,,34012,12,,,0,20,,34013,12,,,0,20,,34014,12,,,0,60,,34015,12,,,0,20,,34016,12,,,0,20,,34017,12,,,0,60,,34018,12,,,0,30,,34019,12,,,0,70,,34020,12,,,0,30,,34021,12,,,0,70,,34022,12,,,0,30,,34023,12,,,0,70,,34024,12,,,0,30,,34025,12,,,0,70,,34026,12,,,0,29,,34027,12,,,0,70,,34028,12,,,0,30,,34029,12,,,0,70,,34031,12,,,0
579301,'4',617,,34069,12,,,0,30,,34068,12,,,0,70,,34067,12,,,0,30,,34066,12,,,0,70,,34065,12,,,0,30,,34064,12,,,0,70,,34063,12,,,0,30,,34062,12,,,0,60,,34061,12,,,0,20,,34060,12,,,0,20,,34059,12,,,0,60,,34058,12,,,0,20,,34057,12,,,0,20,,34056,12,,,0,60,,34055,12,,,0,20,,34054,12,,,0,20,,34053,12,,,0,60,,34052,12,,,0,20,,34051,12,,,0,20,,34050,12,,,0,60,,34049,12,,,0,20,,34048,12,,,0,20,,34047,12,,,0,60,,34046,12,,,0,20,,34045,12,,,0,20,,34044,12,,,0,60,,34043,12,,,0,20,,34042,12,,,0,20,,34041,12,,,0,60,,34040,12,,,0,20,,34039,12,,,0,20,,34038,12,,,0,60,,34037,12,,,0,20,,34036,12,,,0,30,,34035,12,,,0,70,,34034,12,,,0,30,,34033,12,,,0,70,,34032,12,,,0
579301,'6',522,,34115,12,,,0,30,,34070,12,,,0,70,,34071,12,,,0,30,,34072,12,,,0,70,,34073,12,,,0,30,,34074,12,,,0,70,,34075,12,,,0,30,,34076,12,,,0,70,,34077,12,,,0,20,,34078,12,,,0,60,,34079,12,,,0,21,,34080,12,,,0,20,,34081,12,,,0,60,,34082,12,,,0,20,,34083,12,,,0,25,,34084,12,,,0,60,,34085,12,,,0,20,,34086,12,,,0,20,,34087,12,,,0,60,,34088,12,,,0,20,,34089,12,,,0,20,,34090,12,,,0,60,,34091,12,,,0,20,,34092,12,,,0,20,,34093,12,,,0,60,,34094,12,,,0,20,,34095,12,,,0,20,,34096,12,,,0,60,,34097,12,,,0,20,,34098,12,,,0,20,,34099,12,,,0,60,,34100,12,,,0,20,,34101,12,,,0,20,,34102,12,,,0,60,,34103,12,,,0,30,,34104,12,,,0,70,,34105,12,,,0,30,,34106,12,,,0,70,,34107,12,,,0,30,,34108,12,,,0,70,,34109,12,,,0,30,,34110,12,,,0,70,,34111,12,,,0,29,,34112,12,,,0,70,,34113,12,,,0,30,,34114,12,,,0,70,,34116,12,,,0
580001,'1',436,,36910,18,,,0,16,,36911,18,,,0,6,,36912,18,,,0,49,,36913,18,,,0,20,,36914,18,,,0,10,,36915,18,,,0,2,,36916,18,,,0,8,,36917,18,,,0,1,,36918,18,,,0,53,,36919,18,,,0,11,,36920,18,,,0,15,,36921,18,,,0,15,,36922,18,,,0,15,,36923,18,,,0,55,,36924,18,,,0,15,,36925,18,,,0,15,,36926,18,,,0,15,,36927,18,,,0,55,,36928,18,,,0,15,,36929,18,,,0,14,,36930,18,,,0,16,,36931,18,,,0,55,,36932,18,,,0,25,,36933,18,,,0,70,,36934,18,,,0,30,,36935,18,,,0,70,,36936,18,,,0,30,,36937,18,,,0,70,,36938,18,,,0,30,,36939,18,,,0,70,,36940,18,,,0,30,,36941,18,,,0,70,,36942,18,,,0,30,,36943,18,,,0,69,,36944,18,,,0,15,,36945,18,,,0,15,,36946,18,,,0,15,,36947,18,,,0,55,,36948,18,,,0,15,,36949,18,,,0,15,,36950,18,,,0,15,,36951,18,,,0,55,,36952,18,,,0,15,,36953,18,,,0,15,,36954,18,,,0,15,,36955,18,,,0,70,,36956,18,,,0,28,,36957,18,,,0,70,,36958,18,,,0,32,,36959,18,,,0,70,,36960,18,,,0,30,,36961,18,,,0,70,,36962,18,,,0,30,,36963,18,,,0,70,,36964,18,,,0,30,,36965,18,,,0,76,,36966,18,,,0,30,,36967,18,,,0,70,,36968,18,,,0,76,,36969,18,,,0
580001,'2',454,,37020,18,,,0,4,,37014,18,,,0,70,,37013,18,,,0,30,,37012,18,,,0,70,,37011,18,,,0,30,,37010,18,,,0,70,,37009,18,,,0,30,,37008,18,,,0,70,,37007,18,,,0,30,,37006,18,,,0,58,,37005,18,,,0,20,,37004,18,,,0,20,,37003,18,,,0,60,,37002,18,,,0,20,,36996,18,,,0,20,,36997,18,,,0,59,,36985,18,,,0,20,,36988,18,,,0,20,,36989,18,,,0,60,,36987,18,,,0,20,,36993,18,,,0,20,,36995,18,,,0,60,,36994,18,,,0,20,,36992,18,,,0,20,,36980,18,,,0,60,,36981,18,,,0,20,,36982,18,,,0,20,,36983,18,,,0,60,,36984,18,,,0,20,,36986,18,,,0,20,,37001,18,,,0,60,,36998,18,,,0,20,,36999,18,,,0,20,,37000,18,,,0,60,,36978,18,,,0,20,,36977,18,,,0,20,,36979,18,,,0,60,,36970,18,,,0,20,,36990,18,,,0,70,,36991,18,,,0,30,,36976,18,,,0,70,,36975,18,,,0,30,,36974,18,,,0,70,,36973,18,,,0,30,,36972,18,,,0,70,,36971,18,,,0,30,,37019,18,,,0,76,,37018,18,,,0,30,,37017,18,,,0,70,,37016,18,,,0,30,,37015,18,,,0
580001,'3',452,,37053,18,,,0,58,,37026,18,,,0,23,,37021,18,,,0,7,,37035,18,,,0,16,,37054,18,,,0,53,,37025,18,,,0,30,,37044,18,,,0,70,,37024,18,,,0,30,,37045,18,,,0,70,,37023,18,,,0,30,,37046,18,,,0,70,,37022,18,,,0,27,,37027,18,,,0,70,,37049,18,,,0,30,,37029,18,,,0,70,,37043,18,,,0,30,,37032,18,,,0,70,,37042,18,,,0,30,,37041,18,,,0,70,,37047,18,,,0,30,,37048,18,,,0,70,,37028,18,,,0,30,,37033,18,,,0,70,,37030,18,,,0,30,,37034,18,,,0,70,,37031,18,,,0,30,,37036,18,,,0,70,,37039,18,,,0,30,,37037,18,,,0,70,,37050,18,,,0,30,,37038,18,,,0,73,,37051,18,,,0,30,,37040,18,,,0,70,,37052,18,,,0,30,,37055,18,,,0,70,,37056,18,,,0,30,,37057,18,,,0,71,,37058,18,,,0,30,,37059,18,,,0,70,,37060,18,,,0,30,,37061,18,,,0
580001,'4',536,,37062,18,,,0,86,,37063,18,,,0,85,,37064,18,,,0,45,,37065,18,,,0,85,,37066,18,,,0,85,,37067,18,,,0,85,,37068,18,,,0,45,,37069,18,,,0,85,,37070,18,,,0,85,,37071,18,,,0,85,,37072,18,,,0,45,,37073,18,,,0,85,,37074,18,,,0,85,,37075,18,,,0,85,,37076,18,,,0,45,,37077,18,,,0,85,,37078,18,,,0,85,,37079,18,,,0,85,,37080,18,,,0,45,,37081,18,,,0,85,,37082,18,,,0
580001,'6',452,,37115,18,,,0,58,,37088,18,,,0,23,,37083,18,,,0,7,,37097,18,,,0,16,,37116,18,,,0,53,,37087,18,,,0,30,,37106,18,,,0,70,,37086,18,,,0,30,,37107,18,,,0,70,,37085,18,,,0,30,,37108,18,,,0,70,,37084,18,,,0,27,,37089,18,,,0,70,,37111,18,,,0,30,,37091,18,,,0,70,,37105,18,,,0,30,,37094,18,,,0,70,,37104,18,,,0,30,,37103,18,,,0,70,,37109,18,,,0,30,,37110,18,,,0,70,,37090,18,,,0,30,,37095,18,,,0,70,,37092,18,,,0,30,,37096,18,,,0,70,,37093,18,,,0,30,,37098,18,,,0,70,,37101,18,,,0,30,,37099,18,,,0,70,,37112,18,,,0,30,,37100,18,,,0,73,,37113,18,,,0,30,,37102,18,,,0,70,,37114,18,,,0,30,,37117,18,,,0,70,,37118,18,,,0,30,,37119,18,,,0,71,,37120,18,,,0,30,,37121,18,,,0,70,,37122,18,,,0,30,,37123,18,,,0
