578301,'1',514,,31014,27,0,33 4 34,0,35,,31017,27,0,33 4 34,0,63,,31020,27,0,33 4 34,0,15,,31022,27,0,33 4 34,0,15,,31024,27,0,33 4 34,0,15,,31026,27,0,33 4 34,0,55,,31028,27,0,33 4 34,0,15,,31030,27,0,33 4 34,0,15,,31032,27,0,33 4 34,0,15,,31034,27,0,33 4 34,0,55,,31036,27,0,33 4 34,0,15,,31038,27,0,33 4 34,0,15,,31040,27,0,33 4 34,0,15,,31042,27,0,33 4 34,0,55,,31044,27,0,33 4 34,0,15,,31046,27,0,33 4 34,0,15,,31048,27,0,17 18 4 19,0,16,,31050,27,0,33 4 34,0,70,,31053,27,0,33 4 34,0,30,,31056,27,0,33 4 34,0,70,,31059,27,0,33 4 34,0,30,,31062,27,0,33 4 34,0,70,,31065,27,0,33 4 34,0,30,,31068,27,0,33 4 34,0,70,,31071,27,0,33 4 34,0,28,,31074,27,0,33 4 34,0,58,,31076,27,0,33 4 34,0,15,,31078,27,0,33 4 34,0,15,,31080,27,0,33 4 34,0,15,,31082,27,0,33 4 34,0,55,,31084,27,0,33 4 34,0,15,,31086,27,0,33 4 34,0,15,,31088,27,0,33 4 34,0,15,,31090,27,0,33 4 34,0,55,,31092,27,0,33 4 34,0,15,,31094,27,0,33 4 34,0,15,,31096,27,0,33 4 34,0,15,,31098,27,0,33 4 34,0,55,,31100,27,0,33 4 34,0,14,,31102,27,0,33 4 34,0,17,,31104,27,0,33 4 34,0,55,,31106,27,0,33 4 34,0,11,,31108,27,0,17 18 4 19,0,20,,31110,27,0,33 4 34,0,13,,31112,27,0,17 18 4 19,0,61,,31114,27,0,33 4 34,0,24,,31117,27,0,33 4 34,0,76,,31121,27,0,33 4 34,0,30,,31124,27,0,33 4 34,0,70,,31127,27,0,33 4 34,0,30,,31130,27,0,33 4 34,0,19,,31132,27,0,33 4 34,0,85,,31135,27,0,33 4 34,0,85,,31139,27,0,33 4 34,0,80,,31142,27,0,33 4 34,0,45,,31144,27,0,33 4 34,0
578301,'2',449,,31151,27,0,33 4 34,0,76,,31154,27,0,33 4 34,0,76,,31157,27,0,33 4 34,0,36,,31160,27,0,33 4 34,0,76,,31163,27,0,33 4 34,0,31,,31166,27,0,33 4 34,0,76,,31169,27,0,33 4 34,0,36,,31172,27,0,33 4 34,0,76,,31175,27,0,33 4 34,0,76,,31178,27,0,33 4 34,0,36,,31181,27,0,33 4 34,0,76,,31184,27,0,33 4 34,0,36,,31187,27,0,33 4 34,0,76,,31190,27,0,33 4 34,0,76,,31193,27,0,33 4 34,0,36,,31196,27,0,33 4 34,0,76,,31199,27,0,33 4 34,0,36,,31202,27,0,33 4 34,0,76,,31205,27,0,33 4 34,0,76,,31208,27,0,33 4 34,0,36,,31211,27,0,33 4 34,0,76,,31214,27,0,33 4 34,0,36,,31217,27,0,33 4 34,0,76,,31220,27,0,33 4 34,0,79,,31223,27,0,33 4 34,0,36,,31226,27,0,33 4 34,0,76,,31229,27,0,33 4 34,0,86,,31232,27,0,33 4 34,0,31,,31234,27,0,33 4 34,0,85,,31237,27,0,33 4 34,0,85,,31240,27,0,33 4 34,0,45,,31243,27,0,33 4 34,0,90,,31246,27,0,33 4 34,0
578301,'3',526,,31254,27,0,33 4 34,0,85,,31258,27,0,33 4 34,0,45,,31261,27,0,33 4 34,0,85,,31264,27,0,33 4 34,0,85,,31267,27,0,33 4 34,0,85,,31270,27,0,33 4 34,0,33,,31273,27,0,33 4 34,0,76,,31276,27,0,33 4 34,0,36,,31279,27,0,33 4 34,0,76,,31282,27,0,33 4 34,0,76,,31285,27,0,33 4 34,0,36,,31288,27,0,33 4 34,0,76,,31291,27,0,33 4 34,0,36,,31294,27,0,33 4 34,0,76,,31297,27,0,33 4 34,0,76,,31300,27,0,33 4 34,0,36,,31303,27,0,33 4 34,0,76,,31306,27,0,33 4 34,0,36,,31309,27,0,33 4 34,0,76,,31312,27,0,33 4 34,0,76,,31315,27,0,33 4 34,0,36,,31318,27,0,33 4 34,0,78,,31321,27,0,33 4 34,0,85,,31324,27,0,33 4 34,0,45,,31327,27,0,33 4 34,0,89,,31330,27,0,33 4 34,0,85,,31333,27,0,33 4 34,0,85,,31336,27,0,33 4 34,0,30,,31338,27,0,33 4 34,0
578301,'4',534,,31407,27,0,33 4 34,0,66,,31344,27,0,33 4 34,0,26,,31347,27,0,33 4 34,0,85,,31350,27,0,33 4 34,0,45,,31353,27,0,33 4 34,0,85,,31356,27,0,33 4 34,0,85,,31359,27,0,33 4 34,0,82,,31362,27,0,33 4 34,0,45,,31365,27,0,33 4 34,0,85,,31368,27,0,33 4 34,0,85,,31371,27,0,33 4 34,0,85,,31374,27,0,33 4 34,0,45,,31377,27,0,33 4 34,0,85,,31380,27,0,33 4 34,0,85,,31383,27,0,33 4 34,0,85,,31386,27,0,33 4 34,0,45,,31389,27,0,33 4 34,0,89,,31392,27,0,33 4 34,0,85,,31395,27,0,33 4 34,0,85,,31398,27,0,33 4 34,0,45,,31401,27,0,33 4 34,0,85,,31405,27,0,33 4 34,0
578301,'6',526,,31411,27,0,33 4 34,0,85,,31415,27,0,33 4 34,0,45,,31418,27,0,33 4 34,0,85,,31421,27,0,33 4 34,0,85,,31424,27,0,33 4 34,0,85,,31427,27,0,33 4 34,0,33,,31430,27,0,33 4 34,0,76,,31433,27,0,33 4 34,0,36,,31436,27,0,33 4 34,0,76,,31439,27,0,33 4 34,0,76,,31442,27,0,33 4 34,0,36,,31445,27,0,33 4 34,0,76,,31448,27,0,33 4 34,0,36,,31451,27,0,33 4 34,0,76,,31454,27,0,33 4 34,0,76,,31457,27,0,33 4 34,0,36,,31460,27,0,33 4 34,0,76,,31463,27,0,33 4 34,0,36,,31466,27,0,33 4 34,0,76,,31469,27,0,33 4 34,0,76,,31472,27,0,33 4 34,0,36,,31475,27,0,33 4 34,0,78,,31478,27,0,33 4 34,0,85,,31481,27,0,33 4 34,0,45,,31484,27,0,33 4 34,0,89,,31487,27,0,33 4 34,0,85,,31490,27,0,33 4 34,0,85,,31493,27,0,33 4 34,0,30,,31495,27,0,33 4 34,0
580801,'14601',511,,39528,16,,,0,20,,39522,16,,,0,20,,39523,16,,,0,60,,39524,16,,,0,20,,39525,16,,,0,20,,39526,16,,,0,60,,39527,16,,,0,20,,39520,16,,,0,19,,39521,16,,,0,50,,39423,16,,,0,10,,39454,16,,,0,10,,39424,16,,,0,8,,39455,16,,,0,7,,39425,16,,,0,8,,39456,16,,,0,9,,39426,16,,,0,48,,39457,16,,,0,8,,39427,16,,,0,8,,39458,16,,,0,5,,39428,16,,,0,8,,39459,16,,,0,7,,39460,16,,,0,8,,39461,16,,,0,13,,39462,16,,,0,52,,39429,16,,,0,10,,39430,16,,,0,10,,39431,16,,,0,10,,39432,16,,,0,10,,39433,16,,,0,10,,39434,16,,,0,50,,39435,16,,,0,10,,39436,16,,,0,10,,39437,16,,,0,10,,39438,16,,,0,10,,39439,16,,,0,10,,39440,16,,,0,50,,39441,16,,,0,10,,39442,16,,,0,10,,39443,16,,,0,10,,39444,16,,,0,10,,39445,16,,,0,10,,39446,16,,,0,50,,39447,16,,,0,10,,39448,16,,,0,10,,39449,16,,,0,10,,39450,16,,,0,10,,39451,16,,,0,10,,39452,16,,,0,50,,39453,16,,,0,10,,39488,16,,,0,9,,39489,16,,,0,8,,39492,16,,,0,7,,39490,16,,,0,8,,39493,16,,,0,7,,39491,16,,,0,48,,39463,16,,,0,7,,39476,16,,,0,8,,39464,16,,,0,7,,39477,16,,,0,8,,39465,16,,,0,7,,39478,16,,,0,8,,39466,16,,,0,7,,39479,16,,,0,48,,39467,16,,,0,7,,39480,16,,,0,8,,39468,16,,,0,7,,39481,16,,,0,8,,39469,16,,,0,7,,39482,16,,,0,8,,39470,16,,,0,7,,39483,16,,,0,48,,39471,16,,,0,7,,39484,16,,,0,8,,39472,16,,,0,7,,39485,16,,,0,8,,39473,16,,,0,8,,39486,16,,,0,8,,39474,16,,,0,7,,39487,16,,,0,48,,39475,16,,,0,8,,39503,16,,,0,10,,39504,16,,,0,10,,39505,16,,,0,10,,39506,16,,,0,10,,39507,16,,,0,50,,39494,16,,,0,15,,39495,16,,,0,15,,39496,16,,,0,15,,39498,16,,,0,55,,39499,16,,,0,15,,39500,16,,,0,15,,39501,16,,,0,15,,39502,16,,,0,55,,39497,16,,,0,15,,39515,16,,,0,15,,39516,16,,,0,15,,39519,16,,,0,58,,39517,16,,,0,22,,39518,16,,,0,70,,39508,16,,,0,30,,39509,16,,,0,70,,39510,16,,,0,30,,39511,16,,,0,70,,39512,16,,,0,30,,39513,16,,,0,70,,39514,16,,,0
580801,'14602',527,,39559,16,,,0,30,,39560,16,,,0,70,,39561,16,,,0,30,,39562,16,,,0,70,,39563,16,,,0,30,,39564,16,,,0,70,,39565,16,,,0,30,,39566,16,,,0,69,,39567,16,,,0,30,,39568,16,,,0,70,,39569,16,,,0,30,,39570,16,,,0,70,,39558,16,,,0,30,,39541,16,,,0,70,,39542,16,,,0,30,,39543,16,,,0,70,,39544,16,,,0,30,,39545,16,,,0,70,,39546,16,,,0,30,,39547,16,,,0,70,,39548,16,,,0,30,,39549,16,,,0,70,,39550,16,,,0,30,,39551,16,,,0,70,,39552,16,,,0,30,,39553,16,,,0,70,,39554,16,,,0,32,,39555,16,,,0,70,,39556,16,,,0,30,,39557,16,,,0,70,,39540,16,,,0,30,,39539,16,,,0,70,,39538,16,,,0,30,,39537,16,,,0,72,,39536,16,,,0,70,,39535,16,,,0,30,,39534,16,,,0,70,,39533,16,,,0,30,,39532,16,,,0,70,,39531,16,,,0,30,,39530,16,,,0,70,,39529,16,,,0
580801,'14603',627,,39596,16,,,0,30,,39597,16,,,0,70,,39598,16,,,0,30,,39599,16,,,0,70,,39600,16,,,0,30,,39601,16,,,0,69,,39602,16,,,0,30,,39603,16,,,0,70,,39604,16,,,0,30,,39605,16,,,0,70,,39571,16,,,0,30,,39588,16,,,0,70,,39587,16,,,0,30,,39586,16,,,0,70,,39585,16,,,0,30,,39584,16,,,0,70,,39583,16,,,0,30,,39582,16,,,0,70,,39581,16,,,0,30,,39580,16,,,0,70,,39579,16,,,0,30,,39578,16,,,0,70,,39577,16,,,0,30,,39576,16,,,0,70,,39575,16,,,0,32,,39574,16,,,0,70,,39573,16,,,0,30,,39572,16,,,0,70,,39589,16,,,0,30,,39590,16,,,0,70,,39591,16,,,0,30,,39592,16,,,0,72,,39593,16,,,0,70,,39594,16,,,0,30,,39595,16,,,0,70,,39606,16,,,0
580801,'14604',627,,39627,16,,,0,30,,39628,16,,,0,70,,39629,16,,,0,30,,39630,16,,,0,70,,39631,16,,,0,30,,39632,16,,,0,69,,39633,16,,,0,30,,39634,16,,,0,70,,39635,16,,,0,30,,39636,16,,,0,70,,39607,16,,,0,30,,39624,16,,,0,70,,39623,16,,,0,30,,39622,16,,,0,70,,39621,16,,,0,30,,39620,16,,,0,70,,39619,16,,,0,30,,39618,16,,,0,70,,39617,16,,,0,30,,39616,16,,,0,70,,39615,16,,,0,30,,39614,16,,,0,70,,39613,16,,,0,30,,39612,16,,,0,70,,39611,16,,,0,32,,39610,16,,,0,70,,39609,16,,,0,30,,39608,16,,,0,70,,39625,16,,,0,30,,39626,16,,,0
580801,'14606',627,,39662,16,,,0,30,,39663,16,,,0,70,,39664,16,,,0,30,,39665,16,,,0,70,,39666,16,,,0,30,,39667,16,,,0,69,,39668,16,,,0,30,,39669,16,,,0,70,,39670,16,,,0,30,,39671,16,,,0,70,,39637,16,,,0,30,,39654,16,,,0,70,,39653,16,,,0,30,,39652,16,,,0,70,,39651,16,,,0,30,,39650,16,,,0,70,,39649,16,,,0,30,,39648,16,,,0,70,,39647,16,,,0,30,,39646,16,,,0,70,,39645,16,,,0,30,,39644,16,,,0,70,,39643,16,,,0,30,,39642,16,,,0,70,,39641,16,,,0,32,,39640,16,,,0,70,,39639,16,,,0,30,,39638,16,,,0,70,,39655,16,,,0,30,,39656,16,,,0,70,,39657,16,,,0,30,,39658,16,,,0,72,,39659,16,,,0,70,,39660,16,,,0,30,,39661,16,,,0,70,,39672,16,,,0
