578000,'1',507,,28797,53,4,,0,15,,28798,53,4,,0,15,,28799,53,4,,0,10,,28800,53,4,,0,10,,28801,53,4,,0,50,,28802,53,4,,0,10,,28803,53,4,,0,10,,28804,53,4,,0,10,,28805,53,4,,0,10,,28806,53,4,,0,10,,28807,53,4,,0,50,,28808,53,4,,0,10,,28809,53,4,,0,10,,28810,53,4,,0,13,,28811,53,4,,0,8,,28812,53,4,,0,7,,28813,53,4,,0,48,,28814,53,4,,0,7,,28815,53,4,,0,8,,28816,53,4,,0,7,,28817,53,4,,0,8,,28818,53,4,,0,7,,28819,53,4,,0,8,,28820,53,4,,0,7,,28821,53,4,,0,48,,28822,53,4,,0,7,,28823,53,4,,0,8,,28824,53,4,,0,7,,28825,53,4,,0,8,,28826,53,4,,0,7,,28827,53,4,,0,8,,28828,53,4,,0,7,,28829,53,4,,0,48,,28830,53,4,,0,7,,28831,53,4,,0,8,,28832,53,4,,0,9,,28833,53,4,,0,6,,28834,53,4,,0,9,,28835,53,4,,0,8,,28836,53,4,,0,7,,28837,53,4,,0,48,,28838,53,4,,0,7,,28839,53,4,,0,8,,28840,53,4,,0,7,,28841,53,4,,0,8,,28842,53,4,,0,7,,28843,53,4,,0,6,,28844,53,4,,0,6,,28845,53,4,,0,46,,28846,53,4,,0,6,,28847,53,4,,0,6,,28848,53,4,,0,6,,28849,53,4,,0,6,,28850,53,4,,0,6,,28851,53,4,,0,6,,28852,53,4,,0,6,,28853,53,4,,0,6,,28854,53,4,,0,6,,28855,53,4,,0,46,,28856,53,4,,0,6,,28857,53,4,,0,6,,28858,53,4,,0,6,,28859,53,4,,0,6,,28860,53,4,,0,6,,28861,53,4,,0,6,,28862,53,4,,0,6,,28863,53,4,,0,6,,28864,53,4,,0,6,,28865,53,4,,0,46,,28866,53,4,,0,6,,28867,53,4,,0,6,,28868,53,4,,0,6,,28869,53,4,,0,6,,28870,53,4,,0,6,,28871,53,4,,0,6,,28872,53,4,,0,9,,28873,53,4,,0,6,,28874,53,4,,0,6,,28875,53,4,,0,46,,28876,53,4,,0,6,,28877,53,4,,0,6,,28878,53,4,,0,6,,28879,53,4,,0,6,,28880,53,4,,0,6,,28881,53,4,,0,6,,28882,53,4,,0,6,,28883,53,4,,0,6,,28884,53,4,,0,6,,28885,53,4,,0,46,,28886,53,4,,0,6,,28887,53,4,,0,6,,28888,53,4,,0,6,,28889,53,4,,0,6,,28890,53,4,,0,6,,28891,53,4,,0,6,,28892,53,4,,0,6,,28893,53,4,,0,6,,28894,53,4,,0,6,,28895,53,4,,0,46,,28896,53,4,,0,6,,28897,53,4,,0,6,,28898,53,4,,0,6,,28899,53,4,,0,6,,28900,53,4,,0,6,,28901,53,4,,0,6,,28902,53,4,,0,6,,28903,53,4,,0,6,,28904,53,4,,0,6,,28905,53,4,,0,46,,28906,53,4,,0,6,,28907,53,4,,0,6,,28908,53,4,,0,6,,28909,53,4,,0,6,,28910,53,4,,0,6,,28911,53,4,,0,6,,28912,53,4,,0,6,,28913,53,4,,0,7,,28914,53,4,,0,48,,28915,53,4,,0,7,,28916,53,4,,0,8,,28917,53,4,,0,7,,28918,53,4,,0,8,,28919,53,4,,0,7,,28920,53,4,,0,4,,28921,53,4,,0,15,,28922,53,4,,0,55,,28923,53,4,,0,15,,28924,53,4,,0,15,,28925,53,4,,0,15,,28926,53,4,,0,55,,28927,53,4,,0,15,,28928,53,4,,0,15,,28929,53,4,,0,15,,28930,53,4,,0,55,,28931,53,4,,0,15,,28932,53,4,,0,10,,28933,53,4,,0,20,,28934,53,4,,0,60,,28935,53,4,,0,20,,28936,53,4,,0,20,,28937,53,4,,0,60,,28938,53,4,,0,20,,28939,53,4,,0,20,,28942,53,4,,0,60,,28943,53,4,,0,20,,28940,53,4,,0,20,,28941,53,4,,0
578000,'2',536,,28944,53,4,,0,15,,28945,53,4,,0,55,,28946,53,4,,0,15,,28947,53,4,,0,15,,28948,53,4,,0,15,,28949,53,4,,0,55,,28950,53,4,,0,15,,28951,53,4,,0,15,,28952,53,4,,0,10,,28953,53,4,,0,10,,28954,53,4,,0,50,,28955,53,4,,0,10,,28956,53,4,,0,10,,28957,53,4,,0,10,,28958,53,4,,0,8,,28959,53,4,,0,8,,28960,53,4,,0,48,,28961,53,4,,0,8,,28962,53,4,,0,8,,28963,53,4,,0,8,,28964,53,4,,0,8,,28965,53,4,,0,12,,28966,53,4,,0,8,,28967,53,4,,0,48,,28968,53,4,,0,8,,28969,53,4,,0,8,,28970,53,4,,0,8,,28971,53,4,,0,8,,28972,53,4,,0,8,,28973,53,4,,0,8,,28974,53,4,,0,8,,28975,53,4,,0,48,,28976,53,4,,0,8,,28977,53,4,,0,8,,28978,53,4,,0,8,,28979,53,4,,0,8,,28980,53,4,,0,8,,28981,53,4,,0,8,,28982,53,4,,0,48,,28983,53,4,,0,8,,28984,53,4,,0,8,,28985,53,4,,0,8,,28986,53,4,,0,8,,28987,53,4,,0,10,,28988,53,4,,0,8,,28989,53,4,,0,8,,28990,53,4,,0,48,,28991,53,4,,0,8,,28992,53,4,,0,8,,28993,53,4,,0,8,,28994,53,4,,0,8,,28995,53,4,,0,8,,28996,53,4,,0,8,,28997,53,4,,0,48,,28998,53,4,,0,8,,28999,53,4,,0,8,,29000,53,4,,0,8,,29001,53,4,,0,8,,29002,53,4,,0,8,,29003,53,4,,0,8,,29004,53,4,,0,8,,29005,53,4,,0,48,,29006,53,4,,0,8,,29007,53,4,,0,8,,29008,53,4,,0,8,,29009,53,4,,0,8,,29010,53,4,,0,8,,29011,53,4,,0,8,,29012,53,4,,0,48,,29013,53,4,,0,8,,29014,53,4,,0,8,,29015,53,4,,0,8,,29016,53,4,,0,8,,29017,53,4,,0,8,,29018,53,4,,0,8,,29019,53,4,,0,8,,29020,53,4,,0,48,,29021,53,4,,0,8,,29022,53,4,,0,8,,29023,53,4,,0,8,,29024,53,4,,0,8,,29025,53,4,,0,8,,29026,53,4,,0,8,,29027,53,4,,0,48,,29028,53,4,,0,8,,29029,53,4,,0,8,,29030,53,4,,0,8,,29031,53,4,,0,8,,29032,53,4,,0,6,,29033,53,4,,0,10,,29034,53,4,,0,50,,29035,53,4,,0,10,,29036,53,4,,0,10,,29037,53,4,,0,10,,29038,53,4,,0,10,,29039,53,4,,0,15,,29040,53,4,,0,55,,29041,53,4,,0,15,,29042,53,4,,0,15,,29043,53,4,,0,15,,29044,53,4,,0,55,,29045,53,4,,0,15,,29046,53,4,,0,15,,29047,53,4,,0,60,,29048,53,4,,0,16,,29049,53,4,,0,20,,29050,53,4,,0,20,,29051,53,4,,0,60,,29052,53,4,,0,20,,29053,53,4,,0,20,,29054,53,4,,0,60,,29055,53,4,,0,20,,29056,53,4,,0,20,,29057,53,4,,0,60,,29058,53,4,,0,20,,29059,53,4,,0,20,,29060,53,4,,0
578000,'3',534,,29061,53,4,,0,70,,29062,53,4,,0,30,,29063,53,4,,0,70,,29064,53,4,,0,30,,29065,53,4,,0,70,,29066,53,4,,0,30,,29067,53,4,,0,70,,29068,53,4,,0,40,,29069,53,4,,0,70,,29070,53,4,,0,30,,29071,53,4,,0,10,,29072,53,4,,0,50,,29073,53,4,,0,10,,29074,53,4,,0,10,,29075,53,4,,0,10,,29076,53,4,,0,10,,29077,53,4,,0,10,,29078,53,4,,0,50,,29079,53,4,,0,10,,29080,53,4,,0,10,,29081,53,4,,0,10,,29082,53,4,,0,10,,29083,53,4,,0,10,,29084,53,4,,0,50,,29085,53,4,,0,10,,29086,53,4,,0,10,,29087,53,4,,0,10,,29088,53,4,,0,10,,29089,53,4,,0,10,,29090,53,4,,0,50,,29091,53,4,,0,10,,29092,53,4,,0,10,,29093,53,4,,0,10,,29094,53,4,,0,10,,29095,53,4,,0,10,,29096,53,4,,0,50,,29097,53,4,,0,10,,29098,53,4,,0,10,,29099,53,4,,0,10,,29100,53,4,,0,10,,29101,53,4,,0,10,,29102,53,4,,0,50,,29103,53,4,,0,10,,29104,53,4,,0,10,,29105,53,4,,0,10,,29106,53,4,,0,10,,29107,53,4,,0,10,,29108,53,4,,0,50,,29109,53,4,,0,10,,29110,53,4,,0,10,,29111,53,4,,0,10,,29112,53,4,,0,10,,29113,53,4,,0,10,,29114,53,4,,0,50,,29115,53,4,,0,10,,29116,53,4,,0,10,,29117,53,4,,0,10,,29118,53,4,,0,10,,29119,53,4,,0,10,,29120,53,4,,0,50,,29121,53,4,,0,10,,29122,53,4,,0,10,,29123,53,4,,0,16,,29124,53,4,,0,60,,29125,53,4,,0,20,,29126,53,4,,0,20,,29127,53,4,,0,60,,29128,53,4,,0,20,,29129,53,4,,0,20,,29130,53,4,,0,60,,29131,53,4,,0,20,,29132,53,4,,0,19,,29133,53,4,,0,20,,29134,53,4,,0,60,,29135,53,4,,0,20,,29136,53,4,,0,20,,29137,53,4,,0,60,,29138,53,4,,0,20,,29139,53,4,,0
578000,'4',549,,29140,53,4,,0,70,,29141,53,4,,0,15,,29142,53,4,,0,70,,29143,53,4,,0,30,,29144,53,4,,0,70,,29145,53,4,,0,30,,29146,53,4,,0,70,,29147,53,4,,0,30,,29148,53,4,,0,76,,29149,53,4,,0,30,,29150,53,4,,0,70,,29151,53,4,,0,30,,29152,53,4,,0,70,,29153,53,4,,0,30,,29154,53,4,,0,70,,29155,53,4,,0,30,,29156,53,4,,0,70,,29157,53,4,,0,30,,29158,53,4,,0,70,,29159,53,4,,0,30,,29160,53,4,,0,70,,29161,53,4,,0,30,,29162,53,4,,0,70,,29163,53,4,,0,30,,29164,53,4,,0,70,,29165,53,4,,0,26,,29166,53,4,,0,70,,29167,53,4,,0,30,,29168,53,4,,0,70,,29169,53,4,,0,30,,29170,53,4,,0,70,,29171,53,4,,0,30,,29172,53,4,,0
578000,'6',536,,29173,53,4,,0,15,,29174,53,4,,0,55,,29175,53,4,,0,15,,29176,53,4,,0,15,,29177,53,4,,0,15,,29178,53,4,,0,55,,29179,53,4,,0,15,,29180,53,4,,0,15,,29181,53,4,,0,10,,29182,53,4,,0,10,,29183,53,4,,0,50,,29184,53,4,,0,10,,29185,53,4,,0,10,,29186,53,4,,0,10,,29187,53,4,,0,8,,29188,53,4,,0,8,,29189,53,4,,0,48,,29190,53,4,,0,8,,29191,53,4,,0,8,,29192,53,4,,0,8,,29193,53,4,,0,8,,29194,53,4,,0,12,,29195,53,4,,0,8,,29196,53,4,,0,48,,29197,53,4,,0,8,,29198,53,4,,0,8,,29199,53,4,,0,8,,29200,53,4,,0,8,,29201,53,4,,0,8,,29202,53,4,,0,8,,29203,53,4,,0,8,,29204,53,4,,0,48,,29205,53,4,,0,8,,29206,53,4,,0,8,,29207,53,4,,0,8,,29208,53,4,,0,8,,29209,53,4,,0,8,,29210,53,4,,0,8,,29211,53,4,,0,48,,29212,53,4,,0,8,,29213,53,4,,0,8,,29214,53,4,,0,8,,29215,53,4,,0,8,,29216,53,4,,0,10,,29217,53,4,,0,8,,29218,53,4,,0,8,,29219,53,4,,0,48,,29220,53,4,,0,8,,29221,53,4,,0,8,,29222,53,4,,0,8,,29223,53,4,,0,8,,29224,53,4,,0,8,,29225,53,4,,0,8,,29226,53,4,,0,48,,29227,53,4,,0,8,,29228,53,4,,0,8,,29229,53,4,,0,8,,29230,53,4,,0,8,,29231,53,4,,0,8,,29232,53,4,,0,8,,29233,53,4,,0,8,,29234,53,4,,0,48,,29235,53,4,,0,8,,29236,53,4,,0,8,,29237,53,4,,0,8,,29238,53,4,,0,8,,29239,53,4,,0,8,,29240,53,4,,0,8,,29241,53,4,,0,48,,29242,53,4,,0,8,,29243,53,4,,0,8,,29244,53,4,,0,8,,29245,53,4,,0,8,,29246,53,4,,0,8,,29247,53,4,,0,8,,29248,53,4,,0,8,,29249,53,4,,0,48,,29250,53,4,,0,8,,29251,53,4,,0,8,,29252,53,4,,0,8,,29253,53,4,,0,8,,29254,53,4,,0,8,,29255,53,4,,0,8,,29256,53,4,,0,48,,29257,53,4,,0,8,,29258,53,4,,0,8,,29259,53,4,,0,8,,29260,53,4,,0,8,,29261,53,4,,0,6,,29262,53,4,,0,10,,29263,53,4,,0,50,,29264,53,4,,0,10,,29265,53,4,,0,10,,29266,53,4,,0,10,,29267,53,4,,0,10,,29268,53,4,,0,15,,29269,53,4,,0,55,,29270,53,4,,0,15,,29271,53,4,,0,15,,29272,53,4,,0,15,,29273,53,4,,0,55,,29274,53,4,,0,15,,29275,53,4,,0,15,,29276,53,4,,0,60,,29277,53,4,,0,16,,29278,53,4,,0,20,,29279,53,4,,0,20,,29280,53,4,,0,60,,29281,53,4,,0,20,,29282,53,4,,0,20,,29283,53,4,,0,60,,29284,53,4,,0,20,,29285,53,4,,0,20,,29286,53,4,,0,60,,29287,53,4,,0,20,,29288,53,4,,0,20,,29289,53,4,,0
578001,'1',430,,29290,1,,,0,15,,29291,1,,,0,55,,29292,1,,,0,10,,29293,1,,,0,10,,29294,1,,,0,10,,29295,1,,,0,10,,29296,1,,,0,10,,29297,1,,,0,50,,29298,1,,,0,10,,29299,1,,,0,10,,29300,1,,,0,10,,29301,1,,,0,10,,29302,1,,,0,10,,29303,1,,,0,50,,29304,1,,,0,8,,29305,1,,,0,7,,29306,1,,,0,8,,29307,1,,,0,7,,29308,1,,,0,8,,29309,1,,,0,7,,29310,1,,,0,8,,29311,1,,,0,47,,29312,1,,,0,8,,29313,1,,,0,7,,29314,1,,,0,8,,29315,1,,,0,7,,29316,1,,,0,8,,29317,1,,,0,7,,29318,1,,,0,8,,29319,1,,,0,47,,29320,1,,,0,8,,29321,1,,,0,7,,29322,1,,,0,8,,29323,1,,,0,7,,29324,1,,,0,8,,29325,1,,,0,7,,29326,1,,,0,8,,29327,1,,,0,47,,29328,1,,,0,8,,29329,1,,,0,7,,29330,1,,,0,8,,29331,1,,,0,7,,29332,1,,,0,8,,29333,1,,,0,7,,29334,1,,,0,8,,29335,1,,,0,47,,29336,1,,,0,6,,29337,1,,,0,6,,29338,1,,,0,6,,29339,1,,,0,6,,29340,1,,,0,6,,29341,1,,,0,6,,29342,1,,,0,6,,29343,1,,,0,6,,29344,1,,,0,6,,29345,1,,,0,46,,29346,1,,,0,6,,29347,1,,,0,6,,29348,1,,,0,6,,29349,1,,,0,6,,29350,1,,,0,6,,29351,1,,,0,6,,29352,1,,,0,6,,29353,1,,,0,6,,29354,1,,,0,6,,29355,1,,,0,46,,29356,1,,,0,6,,29357,1,,,0,6,,29358,1,,,0,6,,29359,1,,,0,6,,29360,1,,,0,6,,29361,1,,,0,6,,29362,1,,,0,6,,29363,1,,,0,6,,29364,1,,,0,6,,29365,1,,,0,46,,29366,1,,,0,6,,29367,1,,,0,6,,29368,1,,,0,6,,29369,1,,,0,6,,29370,1,,,0,6,,29371,1,,,0,6,,29372,1,,,0,6,,29373,1,,,0,6,,29374,1,,,0,6,,29375,1,,,0,46,,29376,1,,,0,6,,29377,1,,,0,6,,29378,1,,,0,6,,29379,1,,,0,6,,29380,1,,,0,6,,29381,1,,,0,6,,29382,1,,,0,6,,29383,1,,,0,6,,29384,1,,,0,6,,29385,1,,,0,46,,29386,1,,,0,6,,29387,1,,,0,6,,29388,1,,,0,6,,29389,1,,,0,6,,29390,1,,,0,6,,29391,1,,,0,6,,29392,1,,,0,6,,29393,1,,,0,6,,29394,1,,,0,6,,29395,1,,,0,46,,29396,1,,,0,6,,29397,1,,,0,6,,29398,1,,,0,6,,29399,1,,,0,6,,29400,1,,,0,6,,29401,1,,,0,6,,29402,1,,,0,6,,29403,1,,,0,6,,29404,1,,,0,6,,29405,1,,,0,46,,29406,1,,,0,7,,29407,1,,,0,8,,29408,1,,,0,7,,29409,1,,,0,8,,29410,1,,,0,7,,29411,1,,,0,8,,29412,1,,,0,10,,29413,1,,,0,55,,29414,1,,,0,15,,29415,1,,,0,15,,29416,1,,,0,15,,29417,1,,,0,55,,29418,1,,,0,15,,29419,1,,,0,15,,29420,1,,,0,15,,29421,1,,,0,55,,29422,1,,,0,15,,29423,1,,,0,15,,29424,1,,,0,15,,29425,1,,,0,58,,29426,1,,,0,20,,29427,1,,,0,20,,29428,1,,,0,60,,29429,1,,,0,22,,29430,1,,,0,18,,29431,1,,,0,60,,29432,1,,,0,22,,29433,1,,,0,18,,29434,1,,,0,62,,29435,1,,,0,18,,29436,1,,,0
578001,'2',500,,29437,1,,,0,15,,29438,1,,,0,15,,29439,1,,,0,15,,29440,1,,,0,55,,29441,1,,,0,15,,29442,1,,,0,15,,29443,1,,,0,15,,29444,1,,,0,55,,29445,1,,,0,10,,29446,1,,,0,10,,29447,1,,,0,10,,29448,1,,,0,10,,29449,1,,,0,10,,29450,1,,,0,50,,29451,1,,,0,8,,29452,1,,,0,8,,29453,1,,,0,8,,29454,1,,,0,8,,29455,1,,,0,8,,29456,1,,,0,8,,29457,1,,,0,8,,29458,1,,,0,48,,29459,1,,,0,8,,29460,1,,,0,8,,29461,1,,,0,8,,29462,1,,,0,8,,29463,1,,,0,8,,29464,1,,,0,8,,29465,1,,,0,48,,29466,1,,,0,8,,29467,1,,,0,8,,29468,1,,,0,8,,29469,1,,,0,8,,29470,1,,,0,8,,29471,1,,,0,8,,29472,1,,,0,8,,29473,1,,,0,48,,29474,1,,,0,8,,29475,1,,,0,8,,29476,1,,,0,8,,29477,1,,,0,8,,29478,1,,,0,8,,29479,1,,,0,8,,29480,1,,,0,48,,29481,1,,,0,8,,29482,1,,,0,8,,29483,1,,,0,8,,29484,1,,,0,8,,29485,1,,,0,8,,29486,1,,,0,8,,29487,1,,,0,8,,29488,1,,,0,48,,29489,1,,,0,8,,29490,1,,,0,8,,29491,1,,,0,8,,29492,1,,,0,8,,29493,1,,,0,8,,29494,1,,,0,8,,29495,1,,,0,48,,29496,1,,,0,8,,29497,1,,,0,8,,29498,1,,,0,8,,29499,1,,,0,8,,29500,1,,,0,8,,29501,1,,,0,8,,29502,1,,,0,8,,29503,1,,,0,48,,29504,1,,,0,8,,29505,1,,,0,8,,29506,1,,,0,8,,29507,1,,,0,8,,29508,1,,,0,8,,29509,1,,,0,8,,29510,1,,,0,48,,29511,1,,,0,8,,29512,1,,,0,8,,29513,1,,,0,8,,29514,1,,,0,8,,29515,1,,,0,8,,29516,1,,,0,8,,29517,1,,,0,8,,29518,1,,,0,48,,29519,1,,,0,8,,29520,1,,,0,8,,29521,1,,,0,8,,29522,1,,,0,8,,29523,1,,,0,8,,29524,1,,,0,8,,29525,1,,,0,48,,29526,1,,,0,10,,29527,1,,,0,10,,29528,1,,,0,10,,29529,1,,,0,10,,29530,1,,,0,10,,29531,1,,,0,50,,29532,1,,,0,15,,29533,1,,,0,15,,29534,1,,,0,15,,29535,1,,,0,55,,29536,1,,,0,15,,29537,1,,,0,15,,29538,1,,,0,15,,29539,1,,,0,55,,29540,1,,,0,20,,29541,1,,,0,20,,29542,1,,,0,60,,29543,1,,,0,20,,29544,1,,,0,20,,29545,1,,,0,60,,29546,1,,,0,20,,29547,1,,,0,20,,29548,1,,,0,60,,29549,1,,,0,20,,29550,1,,,0,20,,29551,1,,,0,60,,29552,1,,,0,20,,29553,1,,,0
578001,'3',515,,29554,1,,,0,30,,29555,1,,,0,70,,29556,1,,,0,30,,29557,1,,,0,70,,29558,1,,,0,30,,29559,1,,,0,70,,29560,1,,,0,30,,29561,1,,,0,70,,29562,1,,,0,30,,29563,1,,,0,65,,29564,1,,,0,20,,29565,1,,,0,15,,29566,1,,,0,55,,29567,1,,,0,10,,29568,1,,,0,10,,29569,1,,,0,10,,29570,1,,,0,10,,29571,1,,,0,10,,29572,1,,,0,50,,29573,1,,,0,10,,29574,1,,,0,10,,29575,1,,,0,10,,29576,1,,,0,10,,29577,1,,,0,10,,29578,1,,,0,50,,29579,1,,,0,10,,29580,1,,,0,10,,29581,1,,,0,10,,29582,1,,,0,10,,29583,1,,,0,10,,29584,1,,,0,50,,29585,1,,,0,10,,29586,1,,,0,10,,29587,1,,,0,10,,29588,1,,,0,10,,29589,1,,,0,10,,29590,1,,,0,50,,29591,1,,,0,10,,29592,1,,,0,10,,29593,1,,,0,10,,29594,1,,,0,10,,29595,1,,,0,10,,29596,1,,,0,50,,29597,1,,,0,10,,29598,1,,,0,10,,29599,1,,,0,10,,29600,1,,,0,10,,29601,1,,,0,10,,29602,1,,,0,50,,29603,1,,,0,10,,29604,1,,,0,10,,29605,1,,,0,10,,29606,1,,,0,10,,29607,1,,,0,10,,29608,1,,,0,50,,29609,1,,,0,10,,29610,1,,,0,10,,29611,1,,,0,10,,29612,1,,,0,10,,29613,1,,,0,10,,29614,1,,,0,50,,29615,1,,,0,15,,29616,1,,,0,20,,29617,1,,,0,20,,29618,1,,,0,60,,29619,1,,,0,20,,29620,1,,,0,20,,29621,1,,,0,60,,29622,1,,,0,20,,29623,1,,,0,20,,29624,1,,,0,60,,29625,1,,,0,20,,29626,1,,,0,20,,29627,1,,,0,60,,29628,1,,,0,20,,29629,1,,,0,20,,29630,1,,,0,60,,29631,1,,,0
578001,'4',550,,29632,1,,,0,70,,29633,1,,,0,30,,29634,1,,,0,70,,29635,1,,,0,30,,29636,1,,,0,70,,29637,1,,,0,30,,29638,1,,,0,67,,29639,1,,,0,30,,29640,1,,,0,70,,29641,1,,,0,30,,29642,1,,,0,70,,29643,1,,,0,30,,29644,1,,,0,70,,29645,1,,,0,30,,29646,1,,,0,70,,29647,1,,,0,30,,29648,1,,,0,70,,29649,1,,,0,30,,29650,1,,,0,70,,29651,1,,,0,30,,29652,1,,,0,70,,29653,1,,,0,30,,29654,1,,,0,70,,29655,1,,,0,30,,29656,1,,,0,74,,29657,1,,,0,30,,29658,1,,,0,70,,29659,1,,,0,30,,29660,1,,,0,70,,29661,1,,,0,30,,29662,1,,,0,70,,29663,1,,,0,30,,29664,1,,,0
578001,'6',500,,29665,1,,,0,15,,29666,1,,,0,15,,29667,1,,,0,15,,29668,1,,,0,55,,29669,1,,,0,15,,29670,1,,,0,15,,29671,1,,,0,15,,29672,1,,,0,55,,29673,1,,,0,10,,29674,1,,,0,10,,29675,1,,,0,10,,29676,1,,,0,10,,29677,1,,,0,10,,29678,1,,,0,50,,29679,1,,,0,8,,29680,1,,,0,8,,29681,1,,,0,8,,29682,1,,,0,8,,29683,1,,,0,8,,29684,1,,,0,8,,29685,1,,,0,8,,29686,1,,,0,48,,29687,1,,,0,8,,29688,1,,,0,8,,29689,1,,,0,8,,29690,1,,,0,8,,29691,1,,,0,8,,29692,1,,,0,8,,29693,1,,,0,48,,29694,1,,,0,8,,29695,1,,,0,8,,29696,1,,,0,8,,29697,1,,,0,8,,29698,1,,,0,8,,29699,1,,,0,8,,29700,1,,,0,8,,29701,1,,,0,48,,29702,1,,,0,8,,29703,1,,,0,8,,29704,1,,,0,8,,29705,1,,,0,8,,29706,1,,,0,8,,29707,1,,,0,8,,29708,1,,,0,48,,29709,1,,,0,8,,29710,1,,,0,8,,29711,1,,,0,8,,29712,1,,,0,8,,29713,1,,,0,8,,29714,1,,,0,8,,29715,1,,,0,8,,29716,1,,,0,48,,29717,1,,,0,8,,29718,1,,,0,8,,29719,1,,,0,8,,29720,1,,,0,8,,29721,1,,,0,8,,29722,1,,,0,8,,29723,1,,,0,48,,29724,1,,,0,8,,29725,1,,,0,8,,29726,1,,,0,8,,29727,1,,,0,8,,29728,1,,,0,8,,29729,1,,,0,8,,29730,1,,,0,8,,29731,1,,,0,48,,29732,1,,,0,8,,29733,1,,,0,8,,29734,1,,,0,8,,29735,1,,,0,8,,29736,1,,,0,8,,29737,1,,,0,8,,29738,1,,,0,48,,29739,1,,,0,8,,29740,1,,,0,8,,29741,1,,,0,8,,29742,1,,,0,8,,29743,1,,,0,8,,29744,1,,,0,8,,29745,1,,,0,8,,29746,1,,,0,48,,29747,1,,,0,8,,29748,1,,,0,8,,29749,1,,,0,8,,29750,1,,,0,8,,29751,1,,,0,8,,29752,1,,,0,8,,29753,1,,,0,48,,29754,1,,,0,10,,29755,1,,,0,10,,29756,1,,,0,10,,29757,1,,,0,10,,29758,1,,,0,10,,29759,1,,,0,50,,29760,1,,,0,15,,29761,1,,,0,15,,29762,1,,,0,15,,29763,1,,,0,55,,29764,1,,,0,15,,29765,1,,,0,15,,29766,1,,,0,15,,29767,1,,,0,55,,29768,1,,,0,20,,29769,1,,,0,20,,29770,1,,,0,60,,29771,1,,,0,20,,29772,1,,,0,20,,29773,1,,,0,60,,29774,1,,,0,20,,29775,1,,,0,20,,29776,1,,,0,60,,29777,1,,,0,20,,29778,1,,,0,20,,29779,1,,,0,60,,29780,1,,,0,20,,29781,1,,,0
582300,'8701',631,,40212,14,0,14 15 16,0,897,,40211,14,0,14 15 16,0
582301,'8701',716,,40214,28,0,14 15 16,0,897,,40213,28,0,14 15 16,0
