579500,'1',506,,34542,6,,,0,20,,34543,6,,,0,20,,34544,6,,,0,60,,34545,6,,,0,20,,34546,6,,,0,20,,34547,6,,,0,55,,34548,6,,,0,15,,34549,6,,,0,15,,34550,6,,,0,15,,34551,6,,,0,55,,34552,6,,,0,15,,34553,6,,,0,15,,34554,6,,,0,15,,34555,6,,,0,55,,34556,6,,,0,15,,34557,6,,,0,15,,34558,6,,,0,20,,34559,6,,,0,63,,34560,6,,,0,17,,34561,6,,,0,20,,34562,6,,,0,60,,34563,6,,,0,20,,34564,6,,,0,20,,34565,6,,,0,60,,34566,6,,,0,20,,34567,6,,,0,20,,34568,6,,,0,60,,34569,6,,,0,20,,34570,6,,,0,22,,34571,6,,,0,60,,34572,6,,,0,20,,34573,6,,,0,20,,34574,6,,,0,55,,34575,6,,,0,15,,34576,6,,,0,15,,34577,6,,,0,15,,34578,6,,,0,55,,34579,6,,,0,15,,34580,6,,,0,15,,34581,6,,,0,15,,34582,6,,,0,55,,34583,6,,,0,15,,34584,6,,,0,15,,34585,6,,,0,15,,34586,6,,,0,55,,34587,6,,,0,28,,34588,6,,,0,70,,34589,6,,,0,30,,34590,6,,,0,70,,34591,6,,,0,30,,34592,6,,,0,70,,34593,6,,,0,30,,34594,6,,,0,70,,34595,6,,,0,30,,34596,6,,,0,70,,34597,6,,,0,30,,34598,6,,,0,70,,34599,6,,,0,30,,34600,6,,,0,90,,34601,6,,,0
579500,'2',556,,34622,6,,,0,70,,34631,6,,,0,30,,34633,6,,,0,70,,34637,6,,,0,30,,34614,6,,,0,70,,34638,6,,,0,30,,34613,6,,,0,70,,34628,6,,,0,30,,34626,6,,,0,70,,34629,6,,,0,30,,34603,6,,,0,70,,34640,6,,,0,30,,34609,6,,,0,70,,34623,6,,,0,30,,34632,6,,,0,70,,34607,6,,,0,30,,34604,6,,,0,70,,34606,6,,,0,30,,34602,6,,,0,70,,34608,6,,,0,30,,34615,6,,,0,70,,34605,6,,,0,30,,34612,6,,,0,70,,34610,6,,,0,30,,34611,6,,,0,70,,34616,6,,,0,30,,34636,6,,,0,69,,34627,6,,,0,30,,34617,6,,,0,70,,34619,6,,,0,30,,34634,6,,,0,70,,34630,6,,,0,30,,34618,6,,,0,70,,34620,6,,,0,30,,34621,6,,,0,70,,34635,6,,,0,30,,34639,6,,,0,80,,34625,6,,,0,90,,34624,6,,,0
579500,'3',604,,34653,6,,,0,30,,34645,6,,,0,70,,34652,6,,,0,30,,34644,6,,,0,70,,34654,6,,,0,30,,34643,6,,,0,72,,34646,6,,,0,30,,34647,6,,,0,70,,34648,6,,,0,30,,34649,6,,,0,70,,34650,6,,,0,30,,34655,6,,,0,70,,34657,6,,,0,30,,34669,6,,,0,70,,34656,6,,,0,30,,34658,6,,,0,70,,34661,6,,,0,30,,34660,6,,,0,70,,34659,6,,,0,30,,34662,6,,,0,70,,34663,6,,,0,30,,34664,6,,,0,70,,34666,6,,,0,30,,34668,6,,,0,70,,34667,6,,,0,30,,34665,6,,,0,69,,34642,6,,,0,30,,34651,6,,,0,70,,34641,6,,,0,30,,34670,6,,,0,70,,34671,6,,,0,30,,34672,6,,,0,70,,34673,6,,,0,30,,34674,6,,,0,70,,34675,6,,,0,30,,34676,6,,,0,70,,34677,6,,,0
579500,'4',634,,34703,6,,,0,70,,34700,6,,,0,30,,34699,6,,,0,70,,34698,6,,,0,30,,34697,6,,,0,71,,34696,6,,,0,30,,34695,6,,,0,70,,34694,6,,,0,30,,34693,6,,,0,70,,34692,6,,,0,30,,34691,6,,,0,70,,34690,6,,,0,30,,34689,6,,,0,70,,34688,6,,,0,30,,34687,6,,,0,70,,34686,6,,,0,30,,34685,6,,,0,70,,34684,6,,,0,45,,34680,6,,,0,85,,34679,6,,,0,85,,34701,6,,,0,85,,34678,6,,,0,45,,34683,6,,,0,85,,34682,6,,,0,85,,34702,6,,,0,85,,34681,6,,,0
579500,'6',604,,34716,6,,,0,30,,34708,6,,,0,70,,34715,6,,,0,30,,34707,6,,,0,70,,34717,6,,,0,30,,34706,6,,,0,72,,34709,6,,,0,30,,34710,6,,,0,70,,34711,6,,,0,30,,34712,6,,,0,70,,34713,6,,,0,30,,34718,6,,,0,70,,34720,6,,,0,30,,34732,6,,,0,70,,34719,6,,,0,30,,34721,6,,,0,70,,34724,6,,,0,30,,34723,6,,,0,70,,34722,6,,,0,30,,34725,6,,,0,70,,34726,6,,,0,30,,34727,6,,,0,70,,34729,6,,,0,30,,34731,6,,,0,70,,34730,6,,,0,30,,34728,6,,,0,69,,34705,6,,,0,30,,34714,6,,,0,70,,34704,6,,,0,30,,34733,6,,,0,70,,34734,6,,,0,30,,34735,6,,,0,70,,34736,6,,,0,30,,34737,6,,,0,70,,34738,6,,,0,30,,34739,6,,,0,70,,34740,6,,,0
579600,'1601',1537,,34938,6,,,0
579600,'1',536,,34939,6,,,0,20,,34940,6,,,0,57,,34941,6,,,0,15,,34942,6,,,0,15,,34943,6,,,0,15,,34944,6,,,0,55,,34945,6,,,0,15,,34946,6,,,0,15,,34947,6,,,0,15,,34948,6,,,0,55,,34949,6,,,0,15,,34950,6,,,0,15,,34951,6,,,0,15,,34952,6,,,0,58,,34953,6,,,0,20,,34954,6,,,0,20,,34955,6,,,0,60,,34956,6,,,0,20,,34957,6,,,0,20,,34958,6,,,0,60,,34959,6,,,0,20,,34960,6,,,0,20,,34961,6,,,0,60,,34962,6,,,0,20,,34963,6,,,0,20,,34964,6,,,0,60,,34965,6,,,0,21,,34966,6,,,0,20,,34967,6,,,0,55,,34968,6,,,0,15,,34969,6,,,0,15,,34970,6,,,0,15,,34971,6,,,0,55,,34972,6,,,0,15,,34973,6,,,0,15,,34974,6,,,0,15,,34975,6,,,0,55,,34976,6,,,0,15,,34977,6,,,0,15,,34978,6,,,0,15,,34979,6,,,0,55,,34980,6,,,0,15,,34981,6,,,0,15,,34982,6,,,0,60,,34983,6,,,0,25,,34984,6,,,0,25,,34985,6,,,0,69,,34986,6,,,0,30,,34987,6,,,0,70,,34988,6,,,0,30,,34989,6,,,0,70,,34990,6,,,0,29,,34991,6,,,0,70,,34992,6,,,0,30,,34993,6,,,0,70,,34994,6,,,0,30,,34995,6,,,0,70,,34996,6,,,0,35,,34997,6,,,0,70,,34998,6,,,0
579600,'2',544,,35010,6,,,0,70,,35011,6,,,0,30,,35012,6,,,0,70,,35013,6,,,0,30,,35014,6,,,0,70,,35015,6,,,0,32,,35016,6,,,0,60,,35017,6,,,0,20,,35018,6,,,0,20,,35019,6,,,0,60,,35020,6,,,0,20,,35021,6,,,0,20,,35022,6,,,0,60,,35023,6,,,0,20,,35024,6,,,0,20,,35025,6,,,0,60,,35026,6,,,0,20,,35027,6,,,0,20,,35028,6,,,0,60,,35029,6,,,0,20,,35030,6,,,0,20,,35031,6,,,0,60,,35032,6,,,0,20,,35033,6,,,0,20,,35034,6,,,0,60,,35035,6,,,0,20,,35036,6,,,0,20,,35037,6,,,0,60,,35038,6,,,0,20,,35039,6,,,0,20,,35040,6,,,0,59,,35041,6,,,0,20,,35042,6,,,0,25,,35043,6,,,0,70,,35044,6,,,0,30,,35045,6,,,0,70,,35046,6,,,0,30,,35047,6,,,0,70,,34999,6,,,0,30,,35000,6,,,0,70,,35001,6,,,0,30,,35002,6,,,0,70,,35003,6,,,0,30,,35004,6,,,0,70,,35005,6,,,0,30,,35006,6,,,0,70,,35007,6,,,0,30,,35008,6,,,0,75,,35009,6,,,0
579600,'3',644,,35071,6,,,0,70,,35072,6,,,0,30,,35070,6,,,0,70,,35073,6,,,0,30,,35069,6,,,0,72,,35068,6,,,0,30,,35067,6,,,0,70,,35066,6,,,0,30,,35065,6,,,0,70,,35064,6,,,0,30,,35063,6,,,0,70,,35062,6,,,0,30,,35061,6,,,0,70,,35060,6,,,0,30,,35059,6,,,0,70,,35058,6,,,0,30,,35057,6,,,0,70,,35056,6,,,0,30,,35055,6,,,0,70,,35054,6,,,0,30,,35053,6,,,0,70,,35052,6,,,0,29,,35051,6,,,0,70,,35074,6,,,0,30,,35050,6,,,0,70,,35075,6,,,0,30,,35049,6,,,0,70,,35076,6,,,0,30,,35048,6,,,0,70,,35077,6,,,0,30,,35078,6,,,0,70,,35079,6,,,0,30,,35080,6,,,0,70,,35081,6,,,0,30,,35082,6,,,0,60,,35083,6,,,0
579600,'4',704,,35106,6,,,0,30,,35084,6,,,0,70,,35085,6,,,0,30,,35086,6,,,0,71,,35087,6,,,0,30,,35088,6,,,0,70,,35089,6,,,0,30,,35090,6,,,0,70,,35091,6,,,0,30,,35092,6,,,0,70,,35093,6,,,0,30,,35094,6,,,0,70,,35095,6,,,0,30,,35096,6,,,0,70,,35097,6,,,0,30,,35098,6,,,0,70,,35099,6,,,0,100,,35100,6,,,0,100,,35101,6,,,0,99,,35102,6,,,0,100,,35103,6,,,0,100,,35104,6,,,0,100,,35105,6,,,0
579600,'6',644,,35130,6,,,0,70,,35131,6,,,0,30,,35129,6,,,0,70,,35132,6,,,0,30,,35128,6,,,0,72,,35127,6,,,0,30,,35126,6,,,0,70,,35125,6,,,0,30,,35124,6,,,0,70,,35123,6,,,0,30,,35122,6,,,0,70,,35121,6,,,0,30,,35120,6,,,0,70,,35119,6,,,0,30,,35118,6,,,0,70,,35117,6,,,0,30,,35116,6,,,0,70,,35115,6,,,0,30,,35114,6,,,0,70,,35113,6,,,0,30,,35112,6,,,0,70,,35111,6,,,0,29,,35110,6,,,0,70,,35133,6,,,0,30,,35109,6,,,0,70,,35134,6,,,0,30,,35108,6,,,0,70,,35135,6,,,0,30,,35107,6,,,0,70,,35136,6,,,0,30,,35137,6,,,0,70,,35138,6,,,0,30,,35139,6,,,0,70,,35140,6,,,0,30,,35141,6,,,0,60,,35142,6,,,0
579700,'1601',1605,,35351,6,,,0
579700,'1',526,,35352,6,,,0,20,,35353,6,,,0,60,,35354,6,,,0,20,,35355,6,,,0,20,,35356,6,,,0,60,,35357,6,,,0,15,,35358,6,,,0,15,,35359,6,,,0,15,,35360,6,,,0,55,,35361,6,,,0,15,,35362,6,,,0,15,,35363,6,,,0,15,,35364,6,,,0,55,,35365,6,,,0,20,,35366,6,,,0,20,,35367,6,,,0,60,,35368,6,,,0,20,,35369,6,,,0,20,,35370,6,,,0,60,,35371,6,,,0,20,,35372,6,,,0,20,,35373,6,,,0,60,,35374,6,,,0,20,,35375,6,,,0,20,,35376,6,,,0,60,,35377,6,,,0,20,,35378,6,,,0,21,,35379,6,,,0,60,,35380,6,,,0,15,,35381,6,,,0,15,,35382,6,,,0,15,,35383,6,,,0,55,,35384,6,,,0,15,,35385,6,,,0,15,,35386,6,,,0,15,,35387,6,,,0,55,,35388,6,,,0,15,,35389,6,,,0,15,,35390,6,,,0,15,,35391,6,,,0,55,,35392,6,,,0,15,,35393,6,,,0,15,,35394,6,,,0,15,,35395,6,,,0,55,,35396,6,,,0,29,,35397,6,,,0,70,,35398,6,,,0,30,,35399,6,,,0,70,,35400,6,,,0,30,,35401,6,,,0,70,,35402,6,,,0,29,,35403,6,,,0,70,,35404,6,,,0,30,,35405,6,,,0,70,,35406,6,,,0,30,,35407,6,,,0,70,,35408,6,,,0,30,,35409,6,,,0,70,,35410,6,,,0
579700,'2',559,,35416,6,,,0,70,,35417,6,,,0,30,,35418,6,,,0,70,,35419,6,,,0,30,,35420,6,,,0,70,,35421,6,,,0,27,,35422,6,,,0,60,,35423,6,,,0,20,,35424,6,,,0,20,,35425,6,,,0,60,,35426,6,,,0,20,,35427,6,,,0,20,,35428,6,,,0,60,,35429,6,,,0,20,,35430,6,,,0,20,,35431,6,,,0,60,,35432,6,,,0,20,,35433,6,,,0,20,,35434,6,,,0,60,,35435,6,,,0,20,,35436,6,,,0,20,,35437,6,,,0,60,,35438,6,,,0,20,,35439,6,,,0,20,,35440,6,,,0,60,,35441,6,,,0,20,,35442,6,,,0,20,,35443,6,,,0,60,,35444,6,,,0,20,,35445,6,,,0,20,,35446,6,,,0,59,,35447,6,,,0,20,,35448,6,,,0,70,,35449,6,,,0,30,,35450,6,,,0,70,,35451,6,,,0,30,,35452,6,,,0,70,,35453,6,,,0,30,,35454,6,,,0,70,,35455,6,,,0,30,,35456,6,,,0,70,,35457,6,,,0,30,,35458,6,,,0,70,,35411,6,,,0,30,,35412,6,,,0,70,,35413,6,,,0,30,,35414,6,,,0,70,,35415,6,,,0
579700,'3',624,,35464,6,,,0,30,,35463,6,,,0,70,,35465,6,,,0,30,,35462,6,,,0,70,,35466,6,,,0,30,,35461,6,,,0,72,,35467,6,,,0,30,,35468,6,,,0,70,,35469,6,,,0,30,,35470,6,,,0,70,,35471,6,,,0,30,,35472,6,,,0,70,,35473,6,,,0,30,,35474,6,,,0,70,,35475,6,,,0,30,,35476,6,,,0,70,,35477,6,,,0,30,,35478,6,,,0,70,,35479,6,,,0,30,,35480,6,,,0,70,,35481,6,,,0,30,,35482,6,,,0,70,,35483,6,,,0,29,,35484,6,,,0,70,,35485,6,,,0,30,,35460,6,,,0,70,,35486,6,,,0,30,,35459,6,,,0,70,,35487,6,,,0,30,,35488,6,,,0,70,,35489,6,,,0,30,,35490,6,,,0,70,,35491,6,,,0,30,,35492,6,,,0,80,,35493,6,,,0
579700,'4',634,,35494,6,,,0,85,,35495,6,,,0,30,,35496,6,,,0,70,,35497,6,,,0,30,,35498,6,,,0,71,,35499,6,,,0,30,,35500,6,,,0,70,,35501,6,,,0,30,,35502,6,,,0,70,,35503,6,,,0,30,,35504,6,,,0,70,,35505,6,,,0,30,,35506,6,,,0,70,,35507,6,,,0,30,,35508,6,,,0,70,,35509,6,,,0,30,,35510,6,,,0,85,,35511,6,,,0,100,,35512,6,,,0,99,,35513,6,,,0,100,,35514,6,,,0,100,,35515,6,,,0,100,,35516,6,,,0
579700,'6',624,,35522,6,,,0,30,,35521,6,,,0,70,,35523,6,,,0,30,,35520,6,,,0,70,,35524,6,,,0,30,,35519,6,,,0,72,,35525,6,,,0,30,,35526,6,,,0,70,,35527,6,,,0,30,,35528,6,,,0,70,,35529,6,,,0,30,,35530,6,,,0,70,,35531,6,,,0,30,,35532,6,,,0,70,,35533,6,,,0,30,,35534,6,,,0,70,,35535,6,,,0,30,,35536,6,,,0,70,,35537,6,,,0,30,,35538,6,,,0,70,,35539,6,,,0,30,,35540,6,,,0,70,,35541,6,,,0,29,,35542,6,,,0,70,,35543,6,,,0,30,,35518,6,,,0,70,,35544,6,,,0,30,,35517,6,,,0,70,,35545,6,,,0,30,,35546,6,,,0,70,,35547,6,,,0,30,,35548,6,,,0,70,,35549,6,,,0,30,,35550,6,,,0,80,,35551,6,,,0
579800,'1',524,,35757,6,,,0,20,,35758,6,,,0,60,,35759,6,,,0,21,,35760,6,,,0,12,,35761,6,,,0,15,,35762,6,,,0,52,,35763,6,,,0,12,,35764,6,,,0,12,,35765,6,,,0,12,,35766,6,,,0,12,,35767,6,,,0,52,,35768,6,,,0,12,,35769,6,,,0,12,,35770,6,,,0,11,,35771,6,,,0,12,,35772,6,,,0,55,,35773,6,,,0,15,,35774,6,,,0,15,,35775,6,,,0,15,,35776,6,,,0,55,,35777,6,,,0,15,,35778,6,,,0,15,,35779,6,,,0,15,,35780,6,,,0,55,,35781,6,,,0,15,,35782,6,,,0,15,,35783,6,,,0,15,,35784,6,,,0,55,,35785,6,,,0,15,,35786,6,,,0,15,,35787,6,,,0,15,,35788,6,,,0,55,,35789,6,,,0,15,,35790,6,,,0,15,,35791,6,,,0,16,,35792,6,,,0,55,,35793,6,,,0,15,,35794,6,,,0,12,,35795,6,,,0,12,,35796,6,,,0,12,,35797,6,,,0,52,,35798,6,,,0,12,,35799,6,,,0,12,,35800,6,,,0,12,,35801,6,,,0,12,,35802,6,,,0,52,,35803,6,,,0,12,,35804,6,,,0,12,,35805,6,,,0,12,,35806,6,,,0,12,,35807,6,,,0,52,,35808,6,,,0,12,,35809,6,,,0,12,,35810,6,,,0,12,,35811,6,,,0,12,,35812,6,,,0,52,,35813,6,,,0,12,,35814,6,,,0,15,,35815,6,,,0,15,,35816,6,,,0,55,,35817,6,,,0,15,,35818,6,,,0,15,,35819,6,,,0,14,,35820,6,,,0,55,,35821,6,,,0,20,,35822,6,,,0,20,,35823,6,,,0,60,,35824,6,,,0,30,,35825,6,,,0,69,,35826,6,,,0,30,,35827,6,,,0,70,,35828,6,,,0,30,,35829,6,,,0,70,,35830,6,,,0,30,,35831,6,,,0,90,,35832,6,,,0
579800,'2',539,,35842,6,,,0,71,,35843,6,,,0,30,,35844,6,,,0,70,,35845,6,,,0,30,,35846,6,,,0,70,,35847,6,,,0,25,,35848,6,,,0,20,,35849,6,,,0,60,,35850,6,,,0,20,,35851,6,,,0,20,,35852,6,,,0,60,,35853,6,,,0,20,,35854,6,,,0,20,,35855,6,,,0,60,,35856,6,,,0,20,,35857,6,,,0,20,,35858,6,,,0,61,,35859,6,,,0,20,,35860,6,,,0,20,,35861,6,,,0,60,,35862,6,,,0,20,,35863,6,,,0,20,,35864,6,,,0,60,,35865,6,,,0,20,,35866,6,,,0,20,,35867,6,,,0,60,,35868,6,,,0,20,,35869,6,,,0,20,,35870,6,,,0,60,,35871,6,,,0,20,,35872,6,,,0,20,,35873,6,,,0,60,,35874,6,,,0,20,,35875,6,,,0,70,,35876,6,,,0,30,,35877,6,,,0,70,,35878,6,,,0,30,,35879,6,,,0,70,,35833,6,,,0,30,,35834,6,,,0,69,,35835,6,,,0,30,,35836,6,,,0,70,,35837,6,,,0,30,,35838,6,,,0,70,,35839,6,,,0,30,,35840,6,,,0,70,,35880,6,,,0,30,,35841,6,,,0
579800,'3',604,,35914,6,,,0,30,,35881,6,,,0,70,,35882,6,,,0,30,,35883,6,,,0,70,,35884,6,,,0,30,,35885,6,,,0,72,,35886,6,,,0,30,,35887,6,,,0,70,,35888,6,,,0,30,,35889,6,,,0,70,,35890,6,,,0,30,,35891,6,,,0,70,,35892,6,,,0,30,,35893,6,,,0,70,,35894,6,,,0,30,,35895,6,,,0,70,,35896,6,,,0,30,,35897,6,,,0,70,,35898,6,,,0,30,,35899,6,,,0,70,,35900,6,,,0,30,,35901,6,,,0,70,,35902,6,,,0,30,,35903,6,,,0,70,,35904,6,,,0,30,,35911,6,,,0,70,,35905,6,,,0,30,,35912,6,,,0,70,,35906,6,,,0,30,,35913,6,,,0,69,,35907,6,,,0,30,,35915,6,,,0,70,,35908,6,,,0,30,,35916,6,,,0,70,,35909,6,,,0,30,,35917,6,,,0,70,,35910,6,,,0
579800,'4',534,,35918,6,,,0,70,,35919,6,,,0,30,,35920,6,,,0,70,,35921,6,,,0,30,,35922,6,,,0,70,,35923,6,,,0,30,,35924,6,,,0,71,,35925,6,,,0,30,,35926,6,,,0,70,,35927,6,,,0,30,,35928,6,,,0,70,,35929,6,,,0,30,,35930,6,,,0,70,,35931,6,,,0,30,,35932,6,,,0,70,,35933,6,,,0,30,,35934,6,,,0,70,,35935,6,,,0,100,,35936,6,,,0,100,,35937,6,,,0,100,,35938,6,,,0,100,,35939,6,,,0,100,,35940,6,,,0,100,,35941,6,,,0,100,,35942,6,,,0
579800,'6',539,,35952,6,,,0,71,,35953,6,,,0,30,,35954,6,,,0,70,,35955,6,,,0,30,,35956,6,,,0,70,,35957,6,,,0,25,,35958,6,,,0,20,,35959,6,,,0,60,,35960,6,,,0,20,,35961,6,,,0,20,,35962,6,,,0,60,,35963,6,,,0,20,,35964,6,,,0,20,,35965,6,,,0,60,,35966,6,,,0,20,,35967,6,,,0,20,,35968,6,,,0,61,,35969,6,,,0,20,,35970,6,,,0,20,,35971,6,,,0,60,,35972,6,,,0,20,,35973,6,,,0,20,,35974,6,,,0,60,,35975,6,,,0,20,,35976,6,,,0,20,,35977,6,,,0,60,,35978,6,,,0,20,,35979,6,,,0,20,,35980,6,,,0,60,,35981,6,,,0,20,,35982,6,,,0,20,,35983,6,,,0,60,,35984,6,,,0,20,,35985,6,,,0,70,,35986,6,,,0,30,,35987,6,,,0,70,,35988,6,,,0,30,,35989,6,,,0,70,,35943,6,,,0,30,,35944,6,,,0,69,,35945,6,,,0,30,,35946,6,,,0,70,,35947,6,,,0,30,,35948,6,,,0,70,,35949,6,,,0,30,,35950,6,,,0,70,,35990,6,,,0,30,,35951,6,,,0
579900,'1',534,,36223,6,,,0,25,,36224,6,,,0,60,,36225,6,,,0,12,,36226,6,,,0,12,,36227,6,,,0,15,,36228,6,,,0,52,,36229,6,,,0,12,,36230,6,,,0,12,,36231,6,,,0,12,,36232,6,,,0,12,,36233,6,,,0,52,,36234,6,,,0,12,,36235,6,,,0,12,,36236,6,,,0,12,,36237,6,,,0,11,,36238,6,,,0,54,,36239,6,,,0,15,,36240,6,,,0,15,,36241,6,,,0,15,,36242,6,,,0,55,,36243,6,,,0,15,,36244,6,,,0,15,,36245,6,,,0,15,,36246,6,,,0,55,,36247,6,,,0,15,,36248,6,,,0,15,,36249,6,,,0,15,,36250,6,,,0,55,,36251,6,,,0,15,,36252,6,,,0,15,,36253,6,,,0,15,,36254,6,,,0,55,,36255,6,,,0,15,,36256,6,,,0,15,,36257,6,,,0,15,,36258,6,,,0,55,,36259,6,,,0,16,,36260,6,,,0,13,,36261,6,,,0,12,,36262,6,,,0,52,,36263,6,,,0,12,,36264,6,,,0,12,,36265,6,,,0,12,,36266,6,,,0,12,,36267,6,,,0,52,,36268,6,,,0,12,,36269,6,,,0,12,,36270,6,,,0,12,,36271,6,,,0,12,,36272,6,,,0,52,,36273,6,,,0,12,,36274,6,,,0,12,,36275,6,,,0,12,,36276,6,,,0,12,,36277,6,,,0,52,,36278,6,,,0,12,,36279,6,,,0,14,,36280,6,,,0,14,,36281,6,,,0,15,,36282,6,,,0,55,,36283,6,,,0,15,,36284,6,,,0,15,,36285,6,,,0,14,,36286,6,,,0,58,,36287,6,,,0,20,,36288,6,,,0,20,,36289,6,,,0,60,,36290,6,,,0,20,,36291,6,,,0,20,,36292,6,,,0,59,,36293,6,,,0,30,,36294,6,,,0,70,,36295,6,,,0,30,,36298,6,,,0,70,,36296,6,,,0,90,,36297,6,,,0
579900,'2',554,,36313,6,,,0,71,,36314,6,,,0,30,,36315,6,,,0,70,,36316,6,,,0,30,,36317,6,,,0,65,,36318,6,,,0,30,,36319,6,,,0,65,,36320,6,,,0,25,,36321,6,,,0,60,,36322,6,,,0,20,,36323,6,,,0,20,,36324,6,,,0,60,,36325,6,,,0,20,,36326,6,,,0,20,,36327,6,,,0,60,,36328,6,,,0,21,,36329,6,,,0,20,,36330,6,,,0,60,,36331,6,,,0,20,,36332,6,,,0,20,,36333,6,,,0,60,,36334,6,,,0,20,,36335,6,,,0,20,,36336,6,,,0,60,,36337,6,,,0,20,,36338,6,,,0,20,,36339,6,,,0,60,,36340,6,,,0,20,,36341,6,,,0,20,,36342,6,,,0,60,,36343,6,,,0,20,,36344,6,,,0,20,,36345,6,,,0,60,,36299,6,,,0,20,,36300,6,,,0,30,,36301,6,,,0,70,,36302,6,,,0,30,,36303,6,,,0,70,,36304,6,,,0,30,,36305,6,,,0,69,,36306,6,,,0,30,,36307,6,,,0,70,,36308,6,,,0,30,,36309,6,,,0,65,,36310,6,,,0,90,,36311,6,,,0,100,,36312,6,,,0
579900,'3',619,,36378,6,,,0,30,,36346,6,,,0,70,,36347,6,,,0,30,,36348,6,,,0,70,,36349,6,,,0,30,,36350,6,,,0,72,,36351,6,,,0,30,,36352,6,,,0,70,,36353,6,,,0,30,,36354,6,,,0,70,,36355,6,,,0,30,,36356,6,,,0,70,,36357,6,,,0,30,,36358,6,,,0,70,,36359,6,,,0,30,,36360,6,,,0,70,,36361,6,,,0,30,,36362,6,,,0,70,,36363,6,,,0,30,,36364,6,,,0,70,,36365,6,,,0,30,,36366,6,,,0,70,,36367,6,,,0,30,,36368,6,,,0,70,,36372,6,,,0,30,,36373,6,,,0,70,,36374,6,,,0,30,,36375,6,,,0,70,,36376,6,,,0,30,,36377,6,,,0,68,,36369,6,,,0,30,,36379,6,,,0,70,,36370,6,,,0,30,,36380,6,,,0,70,,36371,6,,,0,30,,36381,6,,,0
579900,'4',619,,36382,6,,,0,30,,36383,6,,,0,70,,36384,6,,,0,30,,36385,6,,,0,70,,36386,6,,,0,30,,36387,6,,,0,72,,36388,6,,,0,30,,36389,6,,,0,70,,36390,6,,,0,30,,36391,6,,,0,70,,36392,6,,,0,30,,36393,6,,,0,70,,36394,6,,,0,30,,36395,6,,,0,70,,36396,6,,,0,30,,36397,6,,,0,85,,36398,6,,,0,100,,36399,6,,,0,100,,36400,6,,,0,100,,36401,6,,,0,98,,36402,6,,,0,100,,36403,6,,,0,100,,36404,6,,,0
579900,'6',554,,36419,6,,,0,71,,36420,6,,,0,30,,36421,6,,,0,70,,36422,6,,,0,30,,36423,6,,,0,65,,36424,6,,,0,30,,36425,6,,,0,65,,36426,6,,,0,25,,36427,6,,,0,60,,36428,6,,,0,20,,36429,6,,,0,20,,36430,6,,,0,60,,36431,6,,,0,20,,36432,6,,,0,20,,36433,6,,,0,60,,36434,6,,,0,21,,36435,6,,,0,20,,36436,6,,,0,60,,36437,6,,,0,20,,36438,6,,,0,20,,36439,6,,,0,60,,36440,6,,,0,20,,36441,6,,,0,20,,36442,6,,,0,60,,36443,6,,,0,20,,36444,6,,,0,20,,36445,6,,,0,60,,36446,6,,,0,20,,36447,6,,,0,20,,36448,6,,,0,60,,36449,6,,,0,20,,36450,6,,,0,20,,36451,6,,,0,60,,36405,6,,,0,20,,36406,6,,,0,30,,36407,6,,,0,70,,36408,6,,,0,30,,36409,6,,,0,70,,36410,6,,,0,30,,36411,6,,,0,69,,36412,6,,,0,30,,36413,6,,,0,70,,36414,6,,,0,30,,36415,6,,,0,65,,36416,6,,,0,90,,36417,6,,,0,100,,36418,6,,,0
580000,'1',501,,36693,6,,,0,35,,36695,6,,,0,20,,36696,6,,,0,60,,36697,6,,,0,20,,36698,6,,,0,17,,36699,6,,,0,55,,36700,6,,,0,15,,36701,6,,,0,15,,36702,6,,,0,15,,36703,6,,,0,55,,36704,6,,,0,15,,36705,6,,,0,15,,36706,6,,,0,70,,36707,6,,,0,30,,36708,6,,,0,70,,36709,6,,,0,30,,36710,6,,,0,70,,36711,6,,,0,30,,36712,6,,,0,70,,36713,6,,,0,30,,36714,6,,,0,70,,36715,6,,,0,30,,36716,6,,,0,70,,36717,6,,,0,32,,36718,6,,,0,15,,36719,6,,,0,55,,36720,6,,,0,15,,36721,6,,,0,15,,36722,6,,,0,15,,36723,6,,,0,55,,36724,6,,,0,15,,36725,6,,,0,15,,36726,6,,,0,15,,36727,6,,,0,55,,36728,6,,,0,15,,36729,6,,,0,15,,36730,6,,,0,15,,36731,6,,,0,55,,36732,6,,,0,15,,36733,6,,,0,30,,36734,6,,,0,68,,36735,6,,,0,30,,36736,6,,,0,70,,36737,6,,,0,30,,36738,6,,,0,70,,36739,6,,,0,30,,36740,6,,,0,70,,36741,6,,,0,30,,36742,6,,,0,68,,36743,6,,,0,30,,36744,6,,,0,70,,36745,6,,,0,30,,36746,6,,,0,75,,36747,6,,,0
580000,'2',534,,36750,6,,,0,70,,36796,6,,,0,15,,36748,6,,,0,15,,36795,6,,,0,70,,36794,6,,,0,30,,36793,6,,,0,70,,36792,6,,,0,30,,36791,6,,,0,72,,36779,6,,,0,20,,36782,6,,,0,20,,36780,6,,,0,60,,36781,6,,,0,20,,36785,6,,,0,20,,36789,6,,,0,60,,36790,6,,,0,20,,36778,6,,,0,20,,36775,6,,,0,60,,36776,6,,,0,20,,36777,6,,,0,20,,36767,6,,,0,60,,36765,6,,,0,20,,36770,6,,,0,20,,36768,6,,,0,60,,36769,6,,,0,20,,36774,6,,,0,20,,36761,6,,,0,60,,36763,6,,,0,20,,36766,6,,,0,20,,36764,6,,,0,60,,36798,6,,,0,20,,36797,6,,,0,20,,36760,6,,,0,60,,36762,6,,,0,20,,36773,6,,,0,20,,36759,6,,,0,60,,36758,6,,,0,20,,36757,6,,,0,20,,36749,6,,,0,60,,36772,6,,,0,30,,36771,6,,,0,70,,36756,6,,,0,30,,36755,6,,,0,70,,36788,6,,,0,30,,36787,6,,,0,70,,36786,6,,,0,30,,36784,6,,,0,69,,36783,6,,,0,30,,36754,6,,,0,70,,36753,6,,,0,30,,36752,6,,,0,70,,36751,6,,,0
580000,'3',534,,36808,6,,,0,70,,36825,6,,,0,30,,36807,6,,,0,70,,36826,6,,,0,30,,36806,6,,,0,70,,36827,6,,,0,30,,36805,6,,,0,73,,36828,6,,,0,30,,36804,6,,,0,70,,36830,6,,,0,30,,36813,6,,,0,70,,36820,6,,,0,30,,36824,6,,,0,70,,36821,6,,,0,30,,36810,6,,,0,70,,36809,6,,,0,30,,36831,6,,,0,70,,36822,6,,,0,30,,36814,6,,,0,70,,36823,6,,,0,30,,36816,6,,,0,70,,36815,6,,,0,30,,36829,6,,,0,70,,36817,6,,,0,30,,36818,6,,,0,70,,36819,6,,,0,30,,36832,6,,,0,68,,36811,6,,,0,30,,36833,6,,,0,70,,36812,6,,,0,30,,36838,6,,,0,70,,36839,6,,,0,30,,36840,6,,,0,69,,36841,6,,,0,30,,36842,6,,,0,70,,36843,6,,,0,30,,36844,6,,,0,70,,36845,6,,,0
580000,'4',604,,36846,6,,,0,45,,36847,6,,,0,85,,36848,6,,,0,85,,36849,6,,,0,85,,36850,6,,,0,45,,36851,6,,,0,86,,36852,6,,,0,85,,36853,6,,,0,85,,36854,6,,,0,45,,36855,6,,,0,85,,36856,6,,,0,85,,36857,6,,,0,85,,36858,6,,,0,45,,36859,6,,,0,85,,36860,6,,,0,85,,36861,6,,,0,84,,36862,6,,,0,45,,36863,6,,,0,85,,36864,6,,,0,85,,36865,6,,,0,85,,36866,6,,,0
580000,'6',534,,36872,6,,,0,70,,36889,6,,,0,30,,36871,6,,,0,70,,36890,6,,,0,30,,36870,6,,,0,70,,36891,6,,,0,30,,36869,6,,,0,73,,36892,6,,,0,30,,36868,6,,,0,70,,36894,6,,,0,30,,36877,6,,,0,70,,36884,6,,,0,30,,36888,6,,,0,70,,36885,6,,,0,30,,36874,6,,,0,70,,36873,6,,,0,30,,36895,6,,,0,70,,36886,6,,,0,30,,36878,6,,,0,70,,36887,6,,,0,30,,36880,6,,,0,70,,36879,6,,,0,30,,36893,6,,,0,70,,36881,6,,,0,30,,36882,6,,,0,70,,36883,6,,,0,30,,36896,6,,,0,68,,36875,6,,,0,30,,36897,6,,,0,70,,36876,6,,,0,30,,36902,6,,,0,70,,36903,6,,,0,30,,36904,6,,,0,69,,36905,6,,,0,30,,36906,6,,,0,70,,36907,6,,,0,30,,36908,6,,,0,70,,36909,6,,,0
