578300,'1',540,,30529,47,0,23 24,0,65,,30532,90,0,23 24,0,30,,30535,90,0,23 24,0,70,,30538,90,0,23 24,0,15,,30540,90,0,23 24,0,15,,30542,90,0,23 24,0,15,,30544,90,0,23 24,0,55,,30546,90,0,23 24,0,15,,30548,90,0,23 24,0,15,,30550,90,0,23 24,0,15,,30552,90,0,23 24,0,55,,30554,90,0,23 24,0,15,,30556,90,0,23 24,0,23,,30558,90,0,23 24,0,15,,30560,90,0,23 24,0,55,,30562,90,0,23 24,0,30,,30566,90,0,23 24,0,70,,30569,90,0,23 24,0,30,,30572,90,0,23 24,0,70,,30575,90,0,23 24,0,30,,30578,90,0,23 24,0,70,,30581,90,0,23 24,0,30,,30584,90,0,23 24,0,70,,30587,90,0,23 24,0,32,,30590,90,0,23 24,0,55,,30592,90,0,23 24,0,15,,30594,90,0,23 24,0,15,,30596,90,0,23 24,0,15,,30598,90,0,23 24,0,55,,30600,90,0,23 24,0,15,,30602,90,0,23 24,0,15,,30604,90,0,23 24,0,15,,30606,90,0,23 24,0,55,,30608,90,0,23 24,0,15,,30610,90,0,23 24,0,15,,30612,90,0,23 24,0,15,,30614,90,0,23 24,0,55,,30616,90,0,23 24,0,15,,30618,90,0,23 24,0,15,,30620,90,0,23 24,0,15,,30622,90,0,23 24,0,55,,30624,90,0,23 24,0,7,,30626,90,0,23 24,0,30,,30629,90,0,23 24,0,70,,30632,90,0,23 24,0,30,,30635,90,0,23 24,0,70,,30638,90,0,23 24,0,30,,30641,90,0,23 24,0,70,,30644,90,0,23 24,0,24,,30647,90,0,23 24,0,85,,30650,90,0,23 24,0,85,,30653,90,0,23 24,0,45,,30656,90,0,23 24,0,85,,30659,90,0,23 24,0,21,,30662,90,0,23 24,0
578300,'2',501,,30665,47,0,23 24,0,30,,30667,47,0,23 24,0,85,,30670,90,0,23 24,0,27,,30672,90,0,23 24,0,76,,30675,90,0,23 24,0,36,,30678,90,0,23 24,0,70,,30681,47,0,23 24,0,19,,30682,90,0,23 24,0,76,,30685,90,0,23 24,0,36,,30688,90,0,23 24,0,76,,30691,90,0,23 24,0,76,,30694,90,0,23 24,0,36,,30697,90,0,23 24,0,76,,30700,90,0,23 24,0,36,,30703,90,0,23 24,0,76,,30706,90,0,23 24,0,76,,30709,90,0,23 24,0,36,,30712,90,0,23 24,0,76,,30715,90,0,23 24,0,36,,30718,90,0,23 24,0,76,,30721,90,0,23 24,0,76,,30724,90,0,23 24,0,36,,30727,90,0,23 24,0,76,,30730,90,0,23 24,0,32,,30733,90,0,23 24,0,76,,30736,90,0,23 24,0,27,,30739,90,0,23 24,0,76,,30742,90,0,23 24,0,76,,30745,90,0,23 24,0,36,,30748,90,0,23 24,0,77,,30751,90,0,23 24,0,83,,30754,90,0,23 24,0,30,,30756,90,0,23 24,0,85,,30759,90,0,23 24,0,85,,30762,90,0,23 24,0,50,,30766,90,0,23 24,0
578300,'3',548,,30769,47,0,23 24,0,85,,30772,90,0,23 24,0,23,,30774,47,0,23 24,0,62,,30776,90,0,23 24,0,85,,30779,90,0,23 24,0,45,,30782,90,0,23 24,0,85,,30785,90,0,23 24,0,76,,30788,90,0,23 24,0,47,,30791,90,0,23 24,0,76,,30794,90,0,23 24,0,76,,30797,90,0,23 24,0,36,,30800,90,0,23 24,0,76,,30803,90,0,23 24,0,36,,30806,90,0,23 24,0,76,,30809,90,0,23 24,0,76,,30812,90,0,23 24,0,36,,30815,90,0,23 24,0,76,,30818,90,0,23 24,0,36,,30821,90,0,23 24,0,76,,30824,90,0,23 24,0,76,,30827,90,0,23 24,0,31,,30830,90,0,23 24,0,85,,30833,90,0,23 24,0,85,,30836,90,0,23 24,0,45,,30839,90,0,23 24,0,85,,30842,90,0,23 24,0,85,,30845,90,0,23 24,0,79,,30848,90,0,23 24,0,45,,30851,90,0,23 24,0,85,,30855,90,0,23 24,0
578300,'4',603,,30921,47,0,23 24,0,40,,30857,47,0,23 24,0,75,,30860,90,0,23 24,0,85,,30863,90,0,23 24,0,45,,30866,90,0,23 24,0,85,,30869,90,0,23 24,0,85,,30872,90,0,23 24,0,93,,30875,90,0,23 24,0,45,,30878,90,0,23 24,0,85,,30881,90,0,23 24,0,85,,30884,90,0,23 24,0,85,,30887,90,0,23 24,0,45,,30890,90,0,23 24,0,85,,30893,90,0,23 24,0,85,,30896,90,0,23 24,0,85,,30899,90,0,23 24,0,45,,30902,90,0,23 24,0,77,,30905,90,0,23 24,0,85,,30908,90,0,23 24,0,85,,30911,90,0,23 24,0,45,,30914,90,0,23 24,0,85,,30918,90,0,23 24,0
578300,'6',548,,30923,47,0,23 24,0,85,,30926,90,0,23 24,0,23,,30928,47,0,23 24,0,62,,30930,90,0,23 24,0,85,,30933,90,0,23 24,0,45,,30936,90,0,23 24,0,85,,30939,90,0,23 24,0,76,,30942,90,0,23 24,0,47,,30945,90,0,23 24,0,76,,30948,90,0,23 24,0,76,,30951,90,0,23 24,0,36,,30954,90,0,23 24,0,76,,30957,90,0,23 24,0,36,,30960,90,0,23 24,0,76,,30963,90,0,23 24,0,76,,30966,90,0,23 24,0,36,,30969,90,0,23 24,0,76,,30972,90,0,23 24,0,36,,30975,90,0,23 24,0,76,,30978,90,0,23 24,0,76,,30981,90,0,23 24,0,31,,30984,90,0,23 24,0,85,,30987,90,0,23 24,0,85,,30990,90,0,23 24,0,45,,30993,90,0,23 24,0,85,,30996,90,0,23 24,0,85,,30999,90,0,23 24,0,79,,31002,90,0,23 24,0,45,,31005,90,0,23 24,0,85,,31009,90,0,23 24,0
579101,'1',527,,32957,45,,,0,28,,32958,45,,,0,70,,32959,45,,,0,30,,32960,45,,,0,70,,32961,45,,,0,30,,32962,45,,,0,70,,32963,45,,,0,30,,32964,45,,,0,70,,32965,45,,,0,34,,32966,45,,,0,70,,32967,45,,,0,30,,32983,45,,,0,70,,32968,45,,,0,30,,32984,45,,,0,70,,32969,45,,,0,23,,32985,28,,,0,73,,32970,28,,,0,30,,32986,28,,,0,70,,32971,28,,,0,30,,32987,28,,,0,70,,32972,28,,,0,30,,32973,28,,,0,70,,32997,28,,,0,30,,32974,28,,,0,70,,32975,28,,,0,30,,32976,28,,,0,70,,32977,28,,,0,30,,32978,28,,,0,69,,32979,28,,,0,30,,32988,28,,,0,70,,32980,28,,,0,30,,32989,28,,,0,70,,32981,28,,,0,30,,32990,28,,,0,70,,32982,28,,,0,30,,32991,28,,,0,70,,32992,28,,,0,30,,32993,28,,,0,70,,32994,28,,,0,25,,32995,28,,,0,70,,32996,28,,,0
579101,'2',757,,32998,45,,,0,70,,32999,45,,,0,30,,33000,45,,,0,70,,33001,45,,,0,30,,33002,45,,,0,70,,33003,45,,,0,30,,33019,45,,,0,70,,33004,45,,,0,30,,33020,45,,,0,70,,33005,45,,,0,23,,33021,28,,,0,75,,33006,28,,,0,30,,33022,28,,,0,70,,33007,28,,,0,30,,33023,28,,,0,70,,33008,28,,,0,30,,33009,28,,,0,70,,33031,28,,,0,30,,33010,28,,,0,70,,33011,28,,,0,30,,33012,28,,,0,70,,33013,28,,,0,30,,33014,28,,,0,70,,33015,28,,,0,30,,33024,28,,,0,70,,33016,28,,,0,30,,33025,28,,,0,70,,33017,28,,,0,30,,33026,28,,,0,70,,33018,28,,,0,29,,33027,28,,,0,71,,33028,28,,,0,30,,33029,28,,,0,70,,33030,28,,,0
579101,'3',757,,33032,45,,,0,70,,33033,45,,,0,30,,33034,45,,,0,70,,33035,45,,,0,30,,33036,45,,,0,70,,33037,45,,,0,30,,33053,45,,,0,70,,33038,45,,,0,30,,33054,45,,,0,70,,33039,45,,,0,23,,33055,28,,,0,75,,33040,28,,,0,30,,33056,28,,,0,70,,33041,28,,,0,30,,33057,28,,,0,70,,33042,28,,,0,30,,33043,28,,,0,70,,33065,28,,,0,30,,33044,28,,,0,70,,33045,28,,,0,30,,33046,28,,,0,70,,33047,28,,,0,30,,33048,28,,,0,70,,33049,28,,,0,30,,33058,28,,,0,70,,33050,28,,,0,30,,33059,28,,,0,70,,33051,28,,,0,30,,33060,28,,,0,70,,33052,28,,,0,30,,33061,28,,,0,70,,33062,28,,,0,30,,33063,28,,,0,63,,33064,28,,,0
579101,'4',757,,33066,45,,,0,70,,33067,45,,,0,30,,33068,45,,,0,70,,33069,45,,,0,30,,33070,45,,,0,70,,33071,45,,,0,30,,33085,45,,,0,70,,33072,45,,,0,30,,33086,45,,,0,70,,33073,45,,,0,23,,33087,28,,,0,75,,33074,28,,,0,30,,33088,28,,,0,70,,33075,28,,,0,30,,33089,28,,,0,70,,33076,28,,,0,30,,33077,28,,,0,70,,33092,28,,,0,30,,33078,28,,,0,70,,33079,28,,,0,30,,33080,28,,,0,70,,33081,28,,,0,30,,33082,28,,,0,70,,33083,28,,,0,30,,33090,28,,,0,70,,33084,28,,,0,30,,33091,28,,,0
579101,'6',757,,33093,45,,,0,70,,33094,45,,,0,30,,33095,45,,,0,70,,33096,45,,,0,30,,33097,45,,,0,70,,33098,45,,,0,30,,33114,45,,,0,70,,33099,45,,,0,30,,33115,45,,,0,70,,33100,45,,,0,23,,33116,28,,,0,75,,33101,28,,,0,30,,33117,28,,,0,70,,33102,28,,,0,30,,33118,28,,,0,70,,33103,28,,,0,30,,33104,28,,,0,70,,33126,28,,,0,30,,33105,28,,,0,70,,33106,28,,,0,30,,33107,28,,,0,70,,33108,28,,,0,30,,33109,28,,,0,70,,33110,28,,,0,30,,33119,28,,,0,70,,33111,28,,,0,30,,33120,28,,,0,70,,33112,28,,,0,30,,33121,28,,,0,70,,33113,28,,,0,29,,33122,28,,,0,71,,33123,28,,,0,30,,33124,28,,,0,70,,33125,28,,,0
583500,'8502',1422,,42931,29,,,0,100,,42930,29,,,0,100,,42929,29,,,0,100,,42928,29,,,0,100,,42927,29,,,0,100,,42926,29,,,0,100,,42925,29,,,0,100,,42924,29,,,0,100,,42923,29,,,0,100,,42922,29,,,0
