578901,'1',507,,32625,12,,,0,30,,32627,12,,,0,70,,32620,12,,,0,30,,32621,12,,,0,70,,32597,12,,,0,30,,32626,12,,,0,70,,32624,12,,,0,30,,32623,12,,,0,70,,32622,12,,,0,36,,32619,12,,,0,70,,32611,12,,,0,30,,32610,12,,,0,70,,32609,12,,,0,30,,32614,12,,,0,70,,32613,12,,,0,30,,32612,12,,,0,70,,32618,12,,,0,30,,32617,12,,,0,70,,32616,12,,,0,30,,32596,12,,,0,70,,32603,12,,,0,30,,32602,12,,,0,70,,32606,12,,,0,30,,32605,12,,,0,70,,32604,12,,,0,30,,32608,12,,,0,70,,32600,12,,,0,30,,32599,12,,,0,70,,32601,12,,,0,30,,32593,12,,,0,70,,32615,12,,,0,30,,32592,12,,,0,70,,32598,12,,,0,30,,32591,12,,,0,74,,32607,12,,,0,100,,32595,12,,,0,100,,32594,12,,,0
578901,'2',506,,32664,12,,,0,30,,32642,12,,,0,70,,32635,12,,,0,30,,32641,12,,,0,70,,32640,12,,,0,30,,32656,12,,,0,70,,32655,12,,,0,30,,32654,12,,,0,70,,32658,12,,,0,30,,32657,12,,,0,70,,32659,12,,,0,30,,32650,12,,,0,70,,32649,12,,,0,30,,32648,12,,,0,70,,32653,12,,,0,30,,32652,12,,,0,70,,32651,12,,,0,30,,32662,12,,,0,70,,32661,12,,,0,30,,32645,12,,,0,70,,32644,12,,,0,30,,32660,12,,,0,70,,32643,12,,,0,30,,32647,12,,,0,70,,32646,12,,,0,30,,32637,12,,,0,70,,32636,12,,,0,30,,32639,12,,,0,69,,32638,12,,,0,30,,32630,12,,,0,70,,32629,12,,,0,30,,32634,12,,,0,70,,32628,12,,,0,100,,32633,12,,,0,100,,32632,12,,,0,100,,32631,12,,,0,100,,32663,12,,,0
578901,'3',506,,32700,12,,,0,30,,32679,12,,,0,70,,32672,12,,,0,30,,32678,12,,,0,70,,32677,12,,,0,30,,32693,12,,,0,70,,32692,12,,,0,30,,32691,12,,,0,70,,32695,12,,,0,30,,32694,12,,,0,70,,32696,12,,,0,30,,32687,12,,,0,70,,32686,12,,,0,30,,32685,12,,,0,70,,32690,12,,,0,30,,32689,12,,,0,70,,32688,12,,,0,30,,32699,12,,,0,70,,32698,12,,,0,30,,32682,12,,,0,70,,32681,12,,,0,30,,32697,12,,,0,70,,32680,12,,,0,30,,32684,12,,,0,70,,32683,12,,,0,30,,32674,12,,,0,70,,32673,12,,,0,30,,32676,12,,,0,69,,32675,12,,,0,30,,32667,12,,,0,70,,32666,12,,,0,30,,32671,12,,,0,70,,32665,12,,,0,100,,32670,12,,,0,100,,32669,12,,,0,100,,32668,12,,,0
578901,'4',526,,32701,12,,,0,100,,32702,12,,,0,100,,32703,12,,,0,100,,32704,12,,,0,100,,32705,12,,,0,100,,32706,12,,,0,100,,32707,12,,,0,100,,32708,12,,,0,100,,32709,12,,,0,100,,32710,12,,,0,100,,32711,12,,,0,100,,32712,12,,,0,100,,32713,12,,,0,99,,32714,12,,,0,100,,32715,12,,,0,100,,32716,12,,,0
578901,'6',506,,32752,12,,,0,30,,32731,12,,,0,70,,32724,12,,,0,30,,32730,12,,,0,70,,32729,12,,,0,30,,32745,12,,,0,70,,32744,12,,,0,30,,32743,12,,,0,70,,32747,12,,,0,30,,32746,12,,,0,70,,32748,12,,,0,30,,32739,12,,,0,70,,32738,12,,,0,30,,32737,12,,,0,70,,32742,12,,,0,30,,32741,12,,,0,70,,32740,12,,,0,30,,32751,12,,,0,70,,32750,12,,,0,30,,32734,12,,,0,70,,32733,12,,,0,30,,32749,12,,,0,70,,32732,12,,,0,30,,32736,12,,,0,70,,32735,12,,,0,30,,32726,12,,,0,70,,32725,12,,,0,30,,32728,12,,,0,69,,32727,12,,,0,30,,32719,12,,,0,70,,32718,12,,,0,30,,32723,12,,,0,70,,32717,12,,,0,100,,32722,12,,,0,100,,32721,12,,,0,100,,32720,12,,,0
580601,'1601',710,,38545,12,0,8 40 10,0,804,,38546,12,0,8 29 30 10,0
580601,'1',517,,38600,12,,,0,29,,38599,12,,,0,70,,38598,12,,,0,28,,38597,12,,,0,70,,38596,12,,,0,30,,38595,12,,,0,60,,38594,12,,,0,20,,38593,12,,,0,20,,38592,12,,,0,15,,38591,12,,,0,55,,38590,12,,,0,15,,38589,12,,,0,15,,38588,12,,,0,70,,38587,12,,,0,30,,38586,12,,,0,70,,38585,12,,,0,30,,38584,12,,,0,70,,38583,12,,,0,30,,38582,12,,,0,70,,38581,12,,,0,28,,38580,12,,,0,70,,38579,12,,,0,30,,38578,12,,,0,15,,38577,12,,,0,55,,38576,12,,,0,15,,38575,12,,,0,15,,38574,12,,,0,15,,38573,12,,,0,55,,38548,12,,,0,15,,38572,12,,,0,15,,38571,12,,,0,15,,38570,12,,,0,55,,38569,12,,,0,15,,38568,12,,,0,15,,38567,12,,,0,15,,38566,12,,,0,55,,38565,12,,,0,15,,38564,12,,,0,18,,38563,12,,,0,55,,38562,12,,,0,20,,38561,12,,,0,25,,38560,12,,,0,70,,38559,12,,,0,30,,38558,12,,,0,70,,38557,12,,,0,30,,38556,12,,,0,70,,38551,12,,,0,33,,38555,12,,,0,70,,38554,12,,,0,30,,38550,12,,,0,70,,38553,12,,,0,30,,38549,12,,,0,77,,38552,12,,,0
580601,'2',506,,38638,12,,,0,30,,38639,12,,,0,70,,38640,12,,,0,26,,38619,12,,,0,70,,38621,12,,,0,30,,38620,12,,,0,70,,38622,12,,,0,30,,38618,12,,,0,70,,38623,12,,,0,30,,38615,12,,,0,70,,38624,12,,,0,30,,38607,12,,,0,70,,38625,12,,,0,30,,38608,12,,,0,70,,38626,12,,,0,30,,38609,12,,,0,70,,38627,12,,,0,30,,38610,12,,,0,70,,38628,12,,,0,30,,38611,12,,,0,70,,38629,12,,,0,30,,38612,12,,,0,70,,38630,12,,,0,30,,38613,12,,,0,70,,38631,12,,,0,30,,38614,12,,,0,70,,38632,12,,,0,30,,38616,12,,,0,70,,38617,12,,,0,30,,38633,12,,,0,70,,38606,12,,,0,30,,38605,12,,,0,70,,38604,12,,,0,30,,38603,12,,,0,70,,38602,12,,,0,30,,38634,12,,,0,70,,38635,12,,,0,30,,38636,12,,,0,70,,38601,12,,,0,30,,38637,12,,,0,70,,38641,12,,,0
580601,'3',632,,38660,12,,,0,70,,38662,12,,,0,30,,38661,12,,,0,70,,38663,12,,,0,30,,38659,12,,,0,70,,38664,12,,,0,30,,38656,12,,,0,70,,38665,12,,,0,30,,38648,12,,,0,70,,38666,12,,,0,30,,38649,12,,,0,70,,38667,12,,,0,30,,38650,12,,,0,70,,38668,12,,,0,30,,38651,12,,,0,70,,38669,12,,,0,30,,38652,12,,,0,70,,38670,12,,,0,30,,38653,12,,,0,70,,38671,12,,,0,30,,38654,12,,,0,70,,38672,12,,,0,30,,38655,12,,,0,70,,38673,12,,,0,30,,38657,12,,,0,70,,38658,12,,,0,30,,38674,12,,,0,70,,38647,12,,,0,30,,38646,12,,,0,70,,38645,12,,,0,30,,38644,12,,,0,70,,38643,12,,,0,30,,38675,12,,,0,70,,38676,12,,,0,30,,38677,12,,,0,79,,38642,12,,,0
580601,'4',634,,38693,12,,,0,70,,38695,12,,,0,30,,38694,12,,,0,70,,38696,12,,,0,30,,38692,12,,,0,70,,38697,12,,,0,30,,38689,12,,,0,70,,38698,12,,,0,30,,38681,12,,,0,70,,38699,12,,,0,30,,38682,12,,,0,70,,38700,12,,,0,30,,38683,12,,,0,70,,38701,12,,,0,30,,38684,12,,,0,70,,38702,12,,,0,30,,38685,12,,,0,70,,38703,12,,,0,30,,38686,12,,,0,70,,38704,12,,,0,30,,38687,12,,,0,70,,38705,12,,,0,30,,38688,12,,,0,70,,38706,12,,,0,30,,38690,12,,,0,70,,38691,12,,,0,30,,38707,12,,,0,70,,38680,12,,,0,30,,38679,12,,,0,70,,38678,12,,,0
580601,'6',506,,38745,12,,,0,30,,38746,12,,,0,70,,38747,12,,,0,26,,38726,12,,,0,70,,38728,12,,,0,30,,38727,12,,,0,70,,38729,12,,,0,30,,38725,12,,,0,70,,38730,12,,,0,30,,38722,12,,,0,70,,38731,12,,,0,30,,38714,12,,,0,70,,38732,12,,,0,30,,38715,12,,,0,70,,38733,12,,,0,30,,38716,12,,,0,70,,38734,12,,,0,30,,38717,12,,,0,70,,38735,12,,,0,30,,38718,12,,,0,70,,38736,12,,,0,30,,38719,12,,,0,70,,38737,12,,,0,30,,38720,12,,,0,70,,38738,12,,,0,30,,38721,12,,,0,70,,38739,12,,,0,30,,38723,12,,,0,70,,38724,12,,,0,30,,38740,12,,,0,70,,38713,12,,,0,30,,38712,12,,,0,70,,38711,12,,,0,30,,38710,12,,,0,70,,38709,12,,,0,30,,38741,12,,,0,70,,38742,12,,,0,30,,38743,12,,,0,70,,38708,12,,,0,30,,38744,12,,,0,70,,38748,12,,,0
580701,'1601',835,,38961,35,0,21 22,0
580701,'1',429,,39023,25,,,0,28,,39022,25,,,0,76,,39021,25,,,0,15,,39020,25,,,0,10,,39018,25,,,0,42,,39019,60,,,0,28,,39016,25,,,0,2,,39017,60,,,0,24,,39015,60,,,0,4,,39014,25,,,0,58,,39013,60,,,0,15,,39012,60,,,0,15,,39011,60,,,0,55,,39010,60,,,0,15,,39009,60,,,0,15,,39008,60,,,0,15,,39007,60,,,0,55,,39006,60,,,0,15,,39005,60,,,0,15,,39004,60,,,0,15,,39003,60,,,0,65,,39002,60,,,0,28,,39001,60,,,0,70,,39000,60,,,0,30,,38999,60,,,0,70,,38998,60,,,0,30,,38997,60,,,0,70,,38996,60,,,0,20,,38995,25,,,0,10,,38994,60,,,0,20,,38993,25,,,0,50,,38992,60,,,0,27,,38991,60,,,0,15,,38990,60,,,0,55,,38989,60,,,0,15,,38988,60,,,0,15,,38987,60,,,0,15,,38986,60,,,0,55,,38985,60,,,0,15,,38984,60,,,0,15,,38983,60,,,0,15,,38982,60,,,0,55,,38981,60,,,0,15,,38980,60,,,0,15,,38979,60,,,0,15,,38978,60,,,0,55,,38977,60,,,0,15,,38976,60,,,0,20,,38975,60,,,0,70,,38974,60,,,0,32,,38973,60,,,0,70,,38972,60,,,0,30,,38971,60,,,0,70,,38970,60,,,0,30,,38969,60,,,0,70,,38968,60,,,0,30,,38967,60,,,0,70,,38966,60,,,0,30,,38963,60,,,0,70,,38965,60,,,0,30,,38962,60,,,0,70,,38964,60,,,0
580701,'2',547,,39063,60,,,0,70,,39024,60,,,0,30,,39025,60,,,0,70,,39026,60,,,0,25,,39038,60,,,0,70,,39027,60,,,0,30,,39039,60,,,0,70,,39028,60,,,0,30,,39040,60,,,0,70,,39029,60,,,0,32,,39041,60,,,0,70,,39030,60,,,0,30,,39042,60,,,0,70,,39043,60,,,0,30,,39044,60,,,0,70,,39045,60,,,0,30,,39046,60,,,0,70,,39047,60,,,0,30,,39048,60,,,0,70,,39031,60,,,0,30,,39049,60,,,0,70,,39032,60,,,0,30,,39050,60,,,0,70,,39033,60,,,0,30,,39051,60,,,0,70,,39052,60,,,0,30,,39053,60,,,0,70,,39034,60,,,0,28,,39054,60,,,0,70,,39055,60,,,0,30,,39056,60,,,0,70,,39057,60,,,0,30,,39058,60,,,0,70,,39059,60,,,0,30,,39060,60,,,0,70,,39035,60,,,0,30,,39036,60,,,0,70,,39061,60,,,0,30,,39037,60,,,0,85,,39062,60,,,0
580701,'3',608,,39065,25,,,0,30,,39066,25,,,0,70,,39101,60,,,0,30,,39067,60,,,0,76,,39084,60,,,0,24,,39068,60,,,0,76,,39085,60,,,0,30,,39069,60,,,0,70,,39086,60,,,0,31,,39070,60,,,0,70,,39087,60,,,0,30,,39071,60,,,0,70,,39088,60,,,0,30,,39072,60,,,0,70,,39089,60,,,0,30,,39073,60,,,0,70,,39090,60,,,0,30,,39074,60,,,0,70,,39091,60,,,0,30,,39075,60,,,0,70,,39092,60,,,0,30,,39076,60,,,0,70,,39093,60,,,0,30,,39077,60,,,0,70,,39094,60,,,0,29,,39078,60,,,0,70,,39095,60,,,0,30,,39079,60,,,0,70,,39096,60,,,0,30,,39080,60,,,0,70,,39097,60,,,0,30,,39081,60,,,0,70,,39098,60,,,0,30,,39082,60,,,0,70,,39099,60,,,0,30,,39083,60,,,0,70,,39100,60,,,0
580701,'4',656,,39131,60,,,0,70,,39132,60,,,0,30,,39115,60,,,0,70,,39117,60,,,0,30,,39114,60,,,0,70,,39118,60,,,0,30,,39113,60,,,0,70,,39119,60,,,0,30,,39112,60,,,0,70,,39120,60,,,0,30,,39111,60,,,0,70,,39121,60,,,0,30,,39110,60,,,0,70,,39122,60,,,0,30,,39109,60,,,0,70,,39123,60,,,0,30,,39108,60,,,0,70,,39124,60,,,0,30,,39107,60,,,0,70,,39125,60,,,0,30,,39106,60,,,0,70,,39126,60,,,0,30,,39105,60,,,0,70,,39127,60,,,0,30,,39104,60,,,0,70,,39128,60,,,0,30,,39103,60,,,0,70,,39129,60,,,0,30,,39102,60,,,0,70,,39130,60,,,0
580701,'6',608,,39134,25,,,0,30,,39135,25,,,0,70,,39170,60,,,0,30,,39136,60,,,0,76,,39153,60,,,0,24,,39137,60,,,0,76,,39154,60,,,0,30,,39138,60,,,0,70,,39155,60,,,0,31,,39139,60,,,0,70,,39156,60,,,0,30,,39140,60,,,0,70,,39157,60,,,0,30,,39141,60,,,0,70,,39158,60,,,0,30,,39142,60,,,0,70,,39159,60,,,0,30,,39143,60,,,0,70,,39160,60,,,0,30,,39144,60,,,0,70,,39161,60,,,0,30,,39145,60,,,0,70,,39162,60,,,0,30,,39146,60,,,0,70,,39163,60,,,0,29,,39147,60,,,0,70,,39164,60,,,0,30,,39148,60,,,0,70,,39165,60,,,0,30,,39149,60,,,0,70,,39166,60,,,0,30,,39150,60,,,0,70,,39167,60,,,0,30,,39151,60,,,0,70,,39168,60,,,0,30,,39152,60,,,0,70,,39169,60,,,0
