578301,'1',500,,31014,7,0,33 4 34,0,35,,31017,7,0,33 4 34,0,23,,31020,7,0,33 4 34,0,55,,31022,7,0,33 4 34,0,13,,31024,7,0,33 4 34,0,15,,31026,7,0,33 4 34,0,15,,31028,7,0,33 4 34,0,55,,31030,7,0,33 4 34,0,15,,31032,7,0,33 4 34,0,15,,31034,7,0,33 4 34,0,15,,31036,7,0,33 4 34,0,55,,31038,7,0,33 4 34,0,15,,31040,7,0,33 4 34,0,15,,31042,7,0,33 4 34,0,15,,31044,7,0,33 4 34,0,55,,31046,7,0,33 4 34,0,15,,31048,7,0,17 18 4 19,0,17,,31050,7,0,33 4 34,0,70,,31053,7,0,33 4 34,0,30,,31056,7,0,33 4 34,0,70,,31059,7,0,33 4 34,0,30,,31062,7,0,33 4 34,0,70,,31065,7,0,33 4 34,0,30,,31068,7,0,33 4 34,0,70,,31071,7,0,33 4 34,0,27,,31074,7,0,33 4 34,0,18,,31076,7,0,33 4 34,0,55,,31078,7,0,33 4 34,0,15,,31080,7,0,33 4 34,0,15,,31082,7,0,33 4 34,0,15,,31084,7,0,33 4 34,0,55,,31086,7,0,33 4 34,0,15,,31088,7,0,33 4 34,0,15,,31090,7,0,33 4 34,0,15,,31092,7,0,33 4 34,0,55,,31094,7,0,33 4 34,0,15,,31096,7,0,33 4 34,0,15,,31098,7,0,33 4 34,0,15,,31100,7,0,33 4 34,0,54,,31102,7,0,33 4 34,0,20,,31104,7,0,33 4 34,0,15,,31106,7,0,33 4 34,0,8,,31108,7,0,17 18 4 19,0,63,,31110,7,0,33 4 34,0,10,,31112,7,0,17 18 4 19,0,24,,31114,7,0,33 4 34,0,64,,31117,7,0,33 4 34,0,36,,31121,7,0,33 4 34,0,70,,31124,7,0,33 4 34,0,30,,31127,7,0,33 4 34,0,70,,31130,7,0,33 4 34,0,19,,31132,7,0,33 4 34,0,85,,31135,7,0,33 4 34,0,85,,31139,7,0,33 4 34,0,40,,31142,7,0,33 4 34,0,85,,31144,7,0,33 4 34,0
578301,'2',437,,31151,7,0,33 4 34,0,76,,31154,7,0,33 4 34,0,36,,31157,7,0,33 4 34,0,76,,31160,7,0,33 4 34,0,76,,31163,7,0,33 4 34,0,29,,31166,7,0,33 4 34,0,76,,31169,7,0,33 4 34,0,36,,31172,7,0,33 4 34,0,76,,31175,7,0,33 4 34,0,36,,31178,7,0,33 4 34,0,76,,31181,7,0,33 4 34,0,76,,31184,7,0,33 4 34,0,36,,31187,7,0,33 4 34,0,76,,31190,7,0,33 4 34,0,36,,31193,7,0,33 4 34,0,76,,31196,7,0,33 4 34,0,76,,31199,7,0,33 4 34,0,36,,31202,7,0,33 4 34,0,76,,31205,7,0,33 4 34,0,36,,31208,7,0,33 4 34,0,76,,31211,7,0,33 4 34,0,76,,31214,7,0,33 4 34,0,36,,31217,7,0,33 4 34,0,76,,31220,7,0,33 4 34,0,39,,31223,7,0,33 4 34,0,76,,31226,7,0,33 4 34,0,76,,31229,7,0,33 4 34,0,46,,31232,7,0,33 4 34,0,74,,31234,7,0,33 4 34,0,85,,31237,7,0,33 4 34,0,45,,31240,7,0,33 4 34,0,85,,31243,7,0,33 4 34,0,90,,31246,7,0,33 4 34,0
578301,'3',514,,31254,7,0,33 4 34,0,45,,31258,7,0,33 4 34,0,85,,31261,7,0,33 4 34,0,85,,31264,7,0,33 4 34,0,85,,31267,7,0,33 4 34,0,45,,31270,7,0,33 4 34,0,70,,31273,7,0,33 4 34,0,76,,31276,7,0,33 4 34,0,36,,31279,7,0,33 4 34,0,76,,31282,7,0,33 4 34,0,36,,31285,7,0,33 4 34,0,76,,31288,7,0,33 4 34,0,76,,31291,7,0,33 4 34,0,36,,31294,7,0,33 4 34,0,76,,31297,7,0,33 4 34,0,36,,31300,7,0,33 4 34,0,76,,31303,7,0,33 4 34,0,76,,31306,7,0,33 4 34,0,36,,31309,7,0,33 4 34,0,76,,31312,7,0,33 4 34,0,37,,31315,7,0,33 4 34,0,76,,31318,7,0,33 4 34,0,78,,31321,7,0,33 4 34,0,45,,31324,7,0,33 4 34,0,85,,31327,7,0,33 4 34,0,91,,31330,7,0,33 4 34,0,85,,31333,7,0,33 4 34,0,45,,31336,7,0,33 4 34,0,70,,31338,7,0,33 4 34,0
578301,'4',522,,31407,7,0,33 4 34,0,26,,31344,7,0,33 4 34,0,66,,31347,7,0,33 4 34,0,45,,31350,7,0,33 4 34,0,85,,31353,7,0,33 4 34,0,85,,31356,7,0,33 4 34,0,85,,31359,7,0,33 4 34,0,39,,31362,7,0,33 4 34,0,85,,31365,7,0,33 4 34,0,85,,31368,7,0,33 4 34,0,85,,31371,7,0,33 4 34,0,45,,31374,7,0,33 4 34,0,85,,31377,7,0,33 4 34,0,85,,31380,7,0,33 4 34,0,85,,31383,7,0,33 4 34,0,45,,31386,7,0,33 4 34,0,85,,31389,7,0,33 4 34,0,92,,31392,7,0,33 4 34,0,85,,31395,7,0,33 4 34,0,85,,31398,7,0,33 4 34,0,45,,31401,7,0,33 4 34,0,85,,31405,7,0,33 4 34,0
578301,'6',514,,31411,7,0,33 4 34,0,45,,31415,7,0,33 4 34,0,85,,31418,7,0,33 4 34,0,85,,31421,7,0,33 4 34,0,85,,31424,7,0,33 4 34,0,45,,31427,7,0,33 4 34,0,70,,31430,7,0,33 4 34,0,76,,31433,7,0,33 4 34,0,36,,31436,7,0,33 4 34,0,76,,31439,7,0,33 4 34,0,36,,31442,7,0,33 4 34,0,76,,31445,7,0,33 4 34,0,76,,31448,7,0,33 4 34,0,36,,31451,7,0,33 4 34,0,76,,31454,7,0,33 4 34,0,36,,31457,7,0,33 4 34,0,76,,31460,7,0,33 4 34,0,76,,31463,7,0,33 4 34,0,36,,31466,7,0,33 4 34,0,76,,31469,7,0,33 4 34,0,37,,31472,7,0,33 4 34,0,76,,31475,7,0,33 4 34,0,78,,31478,7,0,33 4 34,0,45,,31481,7,0,33 4 34,0,85,,31484,7,0,33 4 34,0,91,,31487,7,0,33 4 34,0,85,,31490,7,0,33 4 34,0,45,,31493,7,0,33 4 34,0,70,,31495,7,0,33 4 34,0
579100,'1',602,,32787,7,,,0,36,,32788,7,,,0,70,,32789,7,,,0,30,,32790,7,,,0,70,,32791,7,,,0,30,,32792,7,,,0,75,,32793,7,,,0,20,,32794,7,,,0,70,,32795,7,,,0,30,,32796,7,,,0,70,,32815,7,,,0,30,,32797,7,,,0,70,,32814,7,,,0,30,,32798,7,,,0,70,,32812,7,,,0,30,,32799,7,,,0,70,,32813,7,,,0,31,,32800,7,,,0,70,,32801,7,,,0,30,,32802,7,,,0,20,,32803,7,,,0,70,,32804,7,,,0,30,,32805,7,,,0,70,,32806,7,,,0,35,,32807,7,,,0,70,,32808,7,,,0,30,,32809,7,,,0,74,,32816,7,,,0,70,,32810,7,,,0,30,,32817,7,,,0,70,,32811,7,,,0,30,,32818,7,,,0,70,,32819,7,,,0,30,,32820,7,,,0,70,,32821,7,,,0,30,,32822,7,,,0,70,,32823,7,,,0,30,,32824,7,,,0,70,,32825,7,,,0
579100,'2',723,,32826,7,,,0,30,,32827,7,,,0,70,,32828,7,,,0,30,,32829,7,,,0,70,,32830,7,,,0,30,,32831,7,,,0,70,,32832,7,,,0,30,,32851,7,,,0,70,,32833,7,,,0,30,,32850,7,,,0,70,,32834,7,,,0,30,,32848,7,,,0,70,,32835,7,,,0,30,,32849,7,,,0,70,,32836,7,,,0,30,,32837,7,,,0,70,,32838,7,,,0,30,,32839,7,,,0,70,,32840,7,,,0,30,,32841,7,,,0,70,,32842,7,,,0,30,,32843,7,,,0,70,,32844,7,,,0,30,,32845,7,,,0,70,,32852,7,,,0,30,,32846,7,,,0,70,,32853,7,,,0,30,,32847,7,,,0,70,,32854,7,,,0,30,,32855,7,,,0,70,,32856,7,,,0,30,,32857,7,,,0,70,,32858,7,,,0,30,,32859,7,,,0,70,,32860,7,,,0
579100,'3',723,,32861,7,,,0,30,,32862,7,,,0,70,,32863,7,,,0,30,,32864,7,,,0,70,,32865,7,,,0,30,,32866,7,,,0,70,,32867,7,,,0,30,,32886,7,,,0,70,,32868,7,,,0,30,,32885,7,,,0,70,,32869,7,,,0,30,,32883,7,,,0,70,,32870,7,,,0,30,,32884,7,,,0,70,,32871,7,,,0,30,,32872,7,,,0,70,,32873,7,,,0,30,,32874,7,,,0,70,,32875,7,,,0,30,,32876,7,,,0,70,,32877,7,,,0,30,,32878,7,,,0,70,,32879,7,,,0,30,,32880,7,,,0,70,,32887,7,,,0,30,,32881,7,,,0,70,,32888,7,,,0,30,,32882,7,,,0,70,,32889,7,,,0,30,,32890,7,,,0,70,,32891,7,,,0,30,,32892,7,,,0,70,,32893,7,,,0,30,,32894,7,,,0
579100,'4',723,,32895,7,,,0,30,,32896,7,,,0,70,,32897,7,,,0,30,,32898,7,,,0,70,,32899,7,,,0,30,,32900,7,,,0,70,,32901,7,,,0,30,,32919,7,,,0,70,,32902,7,,,0,30,,32918,7,,,0,70,,32903,7,,,0,30,,32916,7,,,0,70,,32904,7,,,0,30,,32917,7,,,0,70,,32905,7,,,0,30,,32906,7,,,0,70,,32907,7,,,0,30,,32908,7,,,0,70,,32909,7,,,0,30,,32910,7,,,0,70,,32911,7,,,0,30,,32912,7,,,0,70,,32913,7,,,0,30,,32914,7,,,0,70,,32920,7,,,0,30,,32915,7,,,0,70,,32921,7,,,0
579100,'6',723,,32922,7,,,0,30,,32923,7,,,0,70,,32924,7,,,0,30,,32925,7,,,0,70,,32926,7,,,0,30,,32927,7,,,0,70,,32928,7,,,0,30,,32947,7,,,0,70,,32929,7,,,0,30,,32946,7,,,0,70,,32930,7,,,0,30,,32944,7,,,0,70,,32931,7,,,0,30,,32945,7,,,0,70,,32932,7,,,0,30,,32933,7,,,0,70,,32934,7,,,0,30,,32935,7,,,0,70,,32936,7,,,0,30,,32937,7,,,0,70,,32938,7,,,0,30,,32939,7,,,0,70,,32940,7,,,0,30,,32941,7,,,0,70,,32948,7,,,0,30,,32942,7,,,0,70,,32949,7,,,0,30,,32943,7,,,0,70,,32950,7,,,0,30,,32951,7,,,0,70,,32952,7,,,0,30,,32953,7,,,0,70,,32954,7,,,0,30,,32955,7,,,0,70,,32956,7,,,0
583501,'8502',1334,,42961,7,,,0,100,,42960,7,,,0,100,,42959,7,,,0,100,,42958,7,,,0,100,,42957,7,,,0,100,,42956,7,,,0,100,,42955,7,,,0,100,,42954,7,,,0
