578200,'1',518,,30152,51,,,0,15,,30182,51,,,0,20,,30189,51,,,0,60,,30188,51,,,0,20,,30187,51,,,0,20,,30186,51,,,0,60,,30185,51,,,0,23,,30184,51,,,0,20,,30183,51,,,0,60,,30190,51,,,0,24,,30153,54,,,0,60,,30154,54,,,0,20,,30155,54,,,0,20,,30156,54,,,0,60,,30157,54,,,0,20,,30158,54,,,0,20,,30159,54,,,0,60,,30162,54,,,0,20,,30163,54,,,0,20,,30164,54,,,0,60,,30165,54,,,0,20,,30166,54,,,0,20,,30167,54,,,0,60,,30160,54,,,0,20,,30161,54,,,0,20,,30136,54,,,0,60,,30168,54,,,0,22,,30169,54,,,0,20,,30170,54,,,0,60,,30171,54,,,0,20,,30172,54,,,0,20,,30173,54,,,0,60,,30174,54,,,0,20,,30175,54,,,0,20,,30176,54,,,0,60,,30177,54,,,0,20,,30178,54,,,0,20,,30179,54,,,0,60,,30180,54,,,0,20,,30181,54,,,0,23,,30151,54,,,0,70,,30150,54,,,0,28,,30149,54,,,0,70,,30148,54,,,0,30,,30147,54,,,0,70,,30146,54,,,0,30,,30145,54,,,0,70,,30137,54,,,0,25,,30138,51,,,0,70,,30139,51,,,0,30,,30140,51,,,0,70,,30141,51,,,0,30,,30142,51,,,0,72,,30143,51,,,0,40,,30144,51,,,0
578200,'2',530,,30191,51,,,0,70,,30192,51,,,0,32,,30193,51,,,0,70,,30194,51,,,0,30,,30195,51,,,0,70,,30196,51,,,0,30,,30197,51,,,0,21,,30239,54,,,0,60,,30198,54,,,0,24,,30199,54,,,0,20,,30200,54,,,0,60,,30201,54,,,0,20,,30202,54,,,0,20,,30203,54,,,0,60,,30204,54,,,0,20,,30205,54,,,0,20,,30206,54,,,0,60,,30207,54,,,0,20,,30208,54,,,0,20,,30209,54,,,0,59,,30210,51,,,0,20,,30211,51,,,0,20,,30212,51,,,0,60,,30213,51,,,0,20,,30214,51,,,0,20,,30215,51,,,0,60,,30216,51,,,0,20,,30217,51,,,0,20,,30218,51,,,0,60,,30219,51,,,0,20,,30220,51,,,0,20,,30221,51,,,0,60,,30222,51,,,0,20,,30223,51,,,0,70,,30224,51,,,0,25,,30225,51,,,0,70,,30226,51,,,0,30,,30227,51,,,0,70,,30228,51,,,0,30,,30229,51,,,0,70,,30230,51,,,0,30,,30231,51,,,0,70,,30232,51,,,0,27,,30233,51,,,0,30,,30234,51,,,0,70,,30235,51,,,0,30,,30236,51,,,0,70,,30237,51,,,0,30,,30240,51,,,0,90,,30238,51,,,0
578200,'3',630,,30276,51,,,0,100,,30275,51,,,0,70,,30274,51,,,0,30,,30273,51,,,0,70,,30272,51,,,0,33,,30271,51,,,0,70,,30270,51,,,0,30,,30269,51,,,0,70,,30268,51,,,0,30,,30267,51,,,0,70,,30266,51,,,0,30,,30265,51,,,0,70,,30264,51,,,0,30,,30263,51,,,0,70,,30262,51,,,0,30,,30261,51,,,0,70,,30260,51,,,0,30,,30259,51,,,0,70,,30258,51,,,0,30,,30257,51,,,0,70,,30256,51,,,0,30,,30255,51,,,0,70,,30254,51,,,0,30,,30253,51,,,0,70,,30252,51,,,0,30,,30251,51,,,0,70,,30250,51,,,0,25,,30249,51,,,0,30,,30248,51,,,0,70,,30247,51,,,0,30,,30246,51,,,0,70,,30245,51,,,0,30,,30244,51,,,0,70,,30243,51,,,0,30,,30242,51,,,0,70,,30241,51,,,0
578200,'4',558,,30277,51,,,0,80,,30278,51,,,0,80,,30279,51,,,0,40,,30280,51,,,0,80,,30281,51,,,0,80,,30282,51,,,0,40,,30283,51,,,0,80,,30284,51,,,0,80,,30285,51,,,0,40,,30286,51,,,0,80,,30287,51,,,0,80,,30288,51,,,0,40,,30289,51,,,0,80,,30290,51,,,0,90,,30291,51,,,0,100,,30292,51,,,0,100,,30293,51,,,0,100,,30294,51,,,0,100,,30295,51,,,0,100,,30296,51,,,0,100,,30297,51,,,0
578200,'6',630,,30333,51,,,0,100,,30332,51,,,0,70,,30331,51,,,0,30,,30330,51,,,0,70,,30329,51,,,0,33,,30328,51,,,0,70,,30327,51,,,0,30,,30326,51,,,0,70,,30325,51,,,0,30,,30324,51,,,0,70,,30323,51,,,0,30,,30322,51,,,0,70,,30321,51,,,0,30,,30320,51,,,0,70,,30319,51,,,0,30,,30318,51,,,0,70,,30317,51,,,0,30,,30316,51,,,0,70,,30315,51,,,0,30,,30314,51,,,0,70,,30313,51,,,0,30,,30312,51,,,0,70,,30311,51,,,0,30,,30310,51,,,0,70,,30309,51,,,0,30,,30308,51,,,0,70,,30307,51,,,0,25,,30306,51,,,0,30,,30305,51,,,0,70,,30304,51,,,0,30,,30303,51,,,0,70,,30302,51,,,0,30,,30301,51,,,0,70,,30300,51,,,0,30,,30299,51,,,0,70,,30298,51,,,0
578901,'1',529,,32625,39,,,0,30,,32627,39,,,0,70,,32620,39,,,0,30,,32621,39,,,0,72,,32597,39,,,0,70,,32626,39,,,0,30,,32624,39,,,0,70,,32623,39,,,0,28,,32622,39,,,0,76,,32619,39,,,0,30,,32611,39,,,0,70,,32610,39,,,0,30,,32609,39,,,0,70,,32614,39,,,0,30,,32613,39,,,0,70,,32612,39,,,0,30,,32618,39,,,0,70,,32617,39,,,0,31,,32616,39,,,0,70,,32596,39,,,0,30,,32603,39,,,0,70,,32602,39,,,0,30,,32606,39,,,0,70,,32605,39,,,0,30,,32604,39,,,0,70,,32608,39,,,0,28,,32600,39,,,0,70,,32599,39,,,0,30,,32601,39,,,0,70,,32593,39,,,0,30,,32615,39,,,0,70,,32592,39,,,0,30,,32598,39,,,0,70,,32591,39,,,0,33,,32607,39,,,0,100,,32595,39,,,0,100,,32594,39,,,0
578901,'2',527,,32664,39,,,0,30,,32642,39,,,0,70,,32635,39,,,0,30,,32641,39,,,0,70,,32640,39,,,0,30,,32656,39,,,0,70,,32655,39,,,0,30,,32654,39,,,0,70,,32658,39,,,0,30,,32657,39,,,0,70,,32659,39,,,0,30,,32650,39,,,0,70,,32649,39,,,0,30,,32648,39,,,0,70,,32653,39,,,0,30,,32652,39,,,0,70,,32651,39,,,0,30,,32662,39,,,0,70,,32661,39,,,0,30,,32645,39,,,0,70,,32644,39,,,0,30,,32660,39,,,0,70,,32643,39,,,0,30,,32647,39,,,0,70,,32646,39,,,0,30,,32637,39,,,0,70,,32636,39,,,0,30,,32639,39,,,0,69,,32638,39,,,0,30,,32630,39,,,0,70,,32629,39,,,0,30,,32634,39,,,0,70,,32628,39,,,0,100,,32633,39,,,0,100,,32632,39,,,0,100,,32631,39,,,0,100,,32663,39,,,0
578901,'3',527,,32700,39,,,0,30,,32679,39,,,0,70,,32672,39,,,0,30,,32678,39,,,0,70,,32677,39,,,0,30,,32693,39,,,0,70,,32692,39,,,0,30,,32691,39,,,0,70,,32695,39,,,0,30,,32694,39,,,0,70,,32696,39,,,0,30,,32687,39,,,0,70,,32686,39,,,0,30,,32685,39,,,0,70,,32690,39,,,0,30,,32689,39,,,0,70,,32688,39,,,0,30,,32699,39,,,0,70,,32698,39,,,0,30,,32682,39,,,0,70,,32681,39,,,0,30,,32697,39,,,0,70,,32680,39,,,0,30,,32684,39,,,0,70,,32683,39,,,0,30,,32674,39,,,0,70,,32673,39,,,0,30,,32676,39,,,0,69,,32675,39,,,0,30,,32667,39,,,0,70,,32666,39,,,0,30,,32671,39,,,0,70,,32665,39,,,0,100,,32670,39,,,0,100,,32669,39,,,0,100,,32668,39,,,0
578901,'4',547,,32701,39,,,0,100,,32702,39,,,0,100,,32703,39,,,0,100,,32704,39,,,0,101,,32705,39,,,0,100,,32706,39,,,0,100,,32707,39,,,0,100,,32708,39,,,0,100,,32709,39,,,0,100,,32710,39,,,0,100,,32711,39,,,0,100,,32712,39,,,0,100,,32713,39,,,0,98,,32714,39,,,0,100,,32715,39,,,0,100,,32716,39,,,0
578901,'6',527,,32752,39,,,0,30,,32731,39,,,0,70,,32724,39,,,0,30,,32730,39,,,0,70,,32729,39,,,0,30,,32745,39,,,0,70,,32744,39,,,0,30,,32743,39,,,0,70,,32747,39,,,0,30,,32746,39,,,0,70,,32748,39,,,0,30,,32739,39,,,0,70,,32738,39,,,0,30,,32737,39,,,0,70,,32742,39,,,0,30,,32741,39,,,0,70,,32740,39,,,0,30,,32751,39,,,0,70,,32750,39,,,0,30,,32734,39,,,0,70,,32733,39,,,0,30,,32749,39,,,0,70,,32732,39,,,0,30,,32736,39,,,0,70,,32735,39,,,0,30,,32726,39,,,0,70,,32725,39,,,0,30,,32728,39,,,0,69,,32727,39,,,0,30,,32719,39,,,0,70,,32718,39,,,0,30,,32723,39,,,0,70,,32717,39,,,0,100,,32722,39,,,0,100,,32721,39,,,0,100,,32720,39,,,0
