578300,'1601',1508,,30527,4,0,27 28,0
578300,'1',446,,30528,4,0,27 28,0,61,,30529,4,0,23 24,0,5,,30530,4,0,27 28,0,4,,30531,4,0,31 4 32,0,16,,30532,47,0,23 24,0,10,,30533,62,0,31 4 32,0,10,,30534,69,0,27 28,0,50,,30535,47,0,23 24,0,15,,30536,62,0,31 4 32,0,7,,30537,69,0,27 28,0,8,,30538,47,0,23 24,0,7,,30539,62,0,31 4 32,0,8,,30540,47,0,23 24,0,7,,30541,69,0,27 28,0,48,,30542,47,0,23 24,0,7,,30543,62,0,31 4 32,0,8,,30544,47,0,23 24,0,7,,30545,69,0,27 28,0,8,,30546,47,0,23 24,0,7,,30547,62,0,31 4 32,0,8,,30548,47,0,23 24,0,7,,30549,69,0,27 28,0,48,,30550,47,0,23 24,0,7,,30551,62,0,31 4 32,0,8,,30552,47,0,23 24,0,7,,30553,69,0,27 28,0,8,,30554,47,0,23 24,0,7,,30555,62,0,31 4 32,0,8,,30556,47,0,23 24,0,7,,30557,69,0,27 28,0,49,,30558,47,0,23 24,0,7,,30559,62,0,31 4 32,0,8,,30560,47,0,23 24,0,7,,30561,69,0,27 28,0,8,,30562,47,0,23 24,0,10,,30563,62,0,31 4 32,0,10,,30565,69,0,27 28,0,50,,30566,47,0,23 24,0,10,,30567,62,0,31 4 32,0,10,,30568,69,0,27 28,0,10,,30569,47,0,23 24,0,10,,30570,62,0,31 4 32,0,10,,30571,69,0,27 28,0,50,,30572,47,0,23 24,0,10,,30573,62,0,31 4 32,0,10,,30574,69,0,27 28,0,10,,30575,47,0,23 24,0,10,,30576,62,0,31 4 32,0,10,,30577,69,0,27 28,0,50,,30578,47,0,23 24,0,10,,30579,62,0,31 4 32,0,10,,30580,69,0,27 28,0,10,,30581,47,0,23 24,0,10,,30582,62,0,31 4 32,0,10,,30583,69,0,27 28,0,50,,30584,47,0,23 24,0,10,,30585,62,0,31 4 32,0,10,,30586,69,0,27 28,0,10,,30587,47,0,23 24,0,10,,30588,62,0,31 4 32,0,10,,30589,69,0,27 28,0,50,,30590,47,0,23 24,0,7,,30591,62,0,31 4 32,0,8,,30592,47,0,23 24,0,7,,30593,69,0,27 28,0,8,,30594,47,0,23 24,0,7,,30595,62,0,31 4 32,0,8,,30596,47,0,23 24,0,7,,30597,69,0,27 28,0,48,,30598,47,0,23 24,0,7,,30599,62,0,31 4 32,0,8,,30600,47,0,23 24,0,7,,30601,69,0,27 28,0,8,,30602,47,0,23 24,0,7,,30603,62,0,31 4 32,0,8,,30604,47,0,23 24,0,7,,30605,69,0,27 28,0,48,,30606,47,0,23 24,0,7,,30607,62,0,31 4 32,0,8,,30608,47,0,23 24,0,7,,30609,69,0,27 28,0,8,,30610,47,0,23 24,0,7,,30611,62,0,31 4 32,0,8,,30612,47,0,23 24,0,7,,30613,69,0,27 28,0,48,,30614,47,0,23 24,0,7,,30615,62,0,31 4 32,0,8,,30616,47,0,23 24,0,7,,30617,69,0,27 28,0,8,,30618,47,0,23 24,0,7,,30619,62,0,31 4 32,0,8,,30620,47,0,23 24,0,7,,30621,69,0,27 28,0,48,,30622,47,0,23 24,0,7,,30623,62,0,31 4 32,0,8,,30624,47,0,23 24,0,8,,30625,69,0,27 28,0,6,,30626,47,0,23 24,0,10,,30627,62,0,31 4 32,0,10,,30628,69,0,27 28,0,50,,30629,47,0,23 24,0,10,,30630,62,0,31 4 32,0,10,,30631,69,0,27 28,0,10,,30632,47,0,23 24,0,10,,30633,62,0,31 4 32,0,10,,30634,69,0,27 28,0,50,,30635,47,0,23 24,0,10,,30636,62,0,31 4 32,0,10,,30637,69,0,27 28,0,10,,30638,47,0,23 24,0,10,,30639,62,0,31 4 32,0,10,,30640,69,0,27 28,0,50,,30641,47,0,23 24,0,10,,30642,62,0,31 4 32,0,10,,30643,69,0,27 28,0,10,,30644,47,0,23 24,0,10,,30645,62,0,31 4 32,0,10,,30646,69,0,27 28,0,49,,30647,47,0,23 24,0,15,,30648,69,0,27 28,0,15,,30649,62,0,31 4 32,0,15,,30650,47,0,23 24,0,55,,30651,69,0,27 28,0,15,,30652,62,0,31 4 32,0,15,,30653,47,0,23 24,0,15,,30654,69,0,27 28,0,55,,30655,62,0,31 4 32,0,15,,30656,47,0,23 24,0,15,,30657,69,0,27 28,0,15,,30658,62,0,31 4 32,0,55,,30659,47,0,23 24,0,20,,30661,69,0,27 28,0,1,,30662,47,0,23 24,0
578300,'2',432,,30665,4,0,23 24,0,20,,30666,4,0,27 28,0,50,,30667,4,0,23 24,0,5,,30668,4,0,31 4 32,0,20,,30669,4,0,27 28,0,20,,30670,47,0,23 24,0,55,,30671,62,0,31 4 32,0,12,,30672,47,0,23 24,0,12,,30673,69,0,27 28,0,12,,30674,62,0,31 4 32,0,12,,30675,47,0,23 24,0,52,,30676,69,0,27 28,0,12,,30677,62,0,31 4 32,0,12,,30678,47,0,23 24,0,12,,30679,69,0,27 28,0,12,,30680,62,0,31 4 32,0,6,,30681,4,0,23 24,0,47,,30682,47,0,23 24,0,12,,30683,69,0,27 28,0,12,,30684,62,0,31 4 32,0,12,,30685,47,0,23 24,0,12,,30686,69,0,27 28,0,52,,30687,62,0,31 4 32,0,12,,30688,47,0,23 24,0,12,,30689,69,0,27 28,0,12,,30690,62,0,31 4 32,0,12,,30691,47,0,23 24,0,52,,30692,69,0,27 28,0,12,,30693,62,0,31 4 32,0,12,,30694,47,0,23 24,0,12,,30695,69,0,27 28,0,12,,30696,62,0,31 4 32,0,52,,30697,47,0,23 24,0,12,,30698,69,0,27 28,0,12,,30699,62,0,31 4 32,0,12,,30700,47,0,23 24,0,12,,30701,69,0,27 28,0,52,,30702,62,0,31 4 32,0,12,,30703,47,0,23 24,0,12,,30704,69,0,27 28,0,12,,30705,62,0,31 4 32,0,12,,30706,47,0,23 24,0,52,,30707,69,0,27 28,0,12,,30708,62,0,31 4 32,0,12,,30709,47,0,23 24,0,12,,30710,69,0,27 28,0,12,,30711,62,0,31 4 32,0,52,,30712,47,0,23 24,0,12,,30713,69,0,27 28,0,12,,30714,62,0,31 4 32,0,12,,30715,47,0,23 24,0,12,,30716,69,0,27 28,0,52,,30717,62,0,31 4 32,0,12,,30718,47,0,23 24,0,12,,30719,69,0,27 28,0,12,,30720,62,0,31 4 32,0,12,,30721,47,0,23 24,0,52,,30722,69,0,27 28,0,12,,30723,62,0,31 4 32,0,12,,30724,47,0,23 24,0,12,,30725,69,0,27 28,0,12,,30726,62,0,31 4 32,0,52,,30727,47,0,23 24,0,12,,30728,69,0,27 28,0,12,,30729,62,0,31 4 32,0,12,,30730,47,0,23 24,0,10,,30731,69,0,27 28,0,10,,30732,62,0,31 4 32,0,52,,30733,47,0,23 24,0,12,,30734,69,0,27 28,0,12,,30735,62,0,31 4 32,0,12,,30736,47,0,23 24,0,12,,30737,69,0,27 28,0,52,,30738,62,0,31 4 32,0,11,,30739,47,0,23 24,0,12,,30740,69,0,27 28,0,12,,30741,62,0,31 4 32,0,12,,30742,47,0,23 24,0,52,,30743,69,0,27 28,0,12,,30744,62,0,31 4 32,0,12,,30745,47,0,23 24,0,12,,30746,69,0,27 28,0,12,,30747,62,0,31 4 32,0,52,,30748,47,0,23 24,0,12,,30749,69,0,27 28,0,12,,30750,62,0,31 4 32,0,13,,30751,47,0,23 24,0,55,,30752,69,0,27 28,0,15,,30753,62,0,31 4 32,0,15,,30754,47,0,23 24,0,15,,30755,69,0,27 28,0,55,,30756,47,0,23 24,0,15,,30757,62,0,31 4 32,0,15,,30758,69,0,27 28,0,15,,30759,47,0,23 24,0,55,,30760,62,0,31 4 32,0,15,,30761,69,0,27 28,0,15,,30762,47,0,23 24,0,15,,30763,69,0,27 28,0,55,,30764,62,0,31 4 32,0,20,,30766,47,0,23 24,0
578300,'3',454,,30768,4,0,27 28,0,63,,30770,4,0,31 4 32,0,23,,30771,4,0,27 28,0,62,,30772,47,0,23 24,0,15,,30773,62,0,31 4 32,0,8,,30774,4,0,23 24,0,7,,30775,69,0,27 28,0,15,,30776,47,0,23 24,0,55,,30777,62,0,31 4 32,0,15,,30778,69,0,27 28,0,15,,30779,47,0,23 24,0,15,,30780,62,0,31 4 32,0,55,,30781,69,0,27 28,0,15,,30782,47,0,23 24,0,15,,30783,62,0,31 4 32,0,15,,30784,69,0,27 28,0,55,,30785,47,0,23 24,0,12,,30786,62,0,31 4 32,0,12,,30787,69,0,27 28,0,12,,30788,47,0,23 24,0,12,,30789,62,0,31 4 32,0,53,,30790,69,0,27 28,0,12,,30791,47,0,23 24,0,12,,30792,62,0,31 4 32,0,12,,30793,69,0,27 28,0,12,,30794,47,0,23 24,0,52,,30795,62,0,31 4 32,0,12,,30796,69,0,27 28,0,12,,30797,47,0,23 24,0,12,,30798,62,0,31 4 32,0,12,,30799,69,0,27 28,0,52,,30800,47,0,23 24,0,12,,30801,62,0,31 4 32,0,12,,30802,69,0,27 28,0,12,,30803,47,0,23 24,0,12,,30804,62,0,31 4 32,0,52,,30805,69,0,27 28,0,12,,30806,47,0,23 24,0,12,,30807,62,0,31 4 32,0,12,,30808,69,0,27 28,0,12,,30809,47,0,23 24,0,52,,30810,62,0,31 4 32,0,12,,30811,69,0,27 28,0,12,,30812,47,0,23 24,0,12,,30813,62,0,31 4 32,0,12,,30814,69,0,27 28,0,52,,30815,47,0,23 24,0,12,,30816,62,0,31 4 32,0,12,,30817,69,0,27 28,0,12,,30818,47,0,23 24,0,12,,30819,62,0,31 4 32,0,52,,30820,69,0,27 28,0,12,,30821,47,0,23 24,0,12,,30822,62,0,31 4 32,0,12,,30823,69,0,27 28,0,12,,30824,47,0,23 24,0,52,,30825,62,0,31 4 32,0,12,,30826,69,0,27 28,0,12,,30827,47,0,23 24,0,12,,30828,62,0,31 4 32,0,12,,30829,69,0,27 28,0,51,,30830,47,0,23 24,0,15,,30831,62,0,31 4 32,0,15,,30832,69,0,27 28,0,15,,30833,47,0,23 24,0,55,,30834,62,0,31 4 32,0,15,,30835,69,0,27 28,0,15,,30836,47,0,23 24,0,15,,30837,62,0,31 4 32,0,55,,30838,69,0,27 28,0,15,,30839,47,0,23 24,0,15,,30840,62,0,31 4 32,0,15,,30841,69,0,27 28,0,55,,30842,47,0,23 24,0,15,,30843,62,0,31 4 32,0,15,,30844,69,0,27 28,0,15,,30845,47,0,23 24,0,55,,30846,62,0,31 4 32,0,15,,30847,69,0,27 28,0,15,,30848,47,0,23 24,0,15,,30849,62,0,31 4 32,0,55,,30850,69,0,27 28,0,15,,30851,47,0,23 24,0,15,,30852,62,0,31 4 32,0,15,,30853,69,0,27 28,0,55,,30855,47,0,23 24,0
578300,'4',532,,30919,4,0,31 4 32,0,15,,30920,4,0,27 28,0,55,,30856,4,0,31 4 32,0,10,,30857,4,0,23 24,0,10,,30858,4,0,27 28,0,10,,30859,62,0,31 4 32,0,15,,30860,47,0,23 24,0,55,,30861,69,0,27 28,0,15,,30862,62,0,31 4 32,0,15,,30863,47,0,23 24,0,15,,30864,69,0,27 28,0,55,,30865,62,0,31 4 32,0,15,,30866,47,0,23 24,0,15,,30867,69,0,27 28,0,15,,30868,62,0,31 4 32,0,55,,30869,47,0,23 24,0,15,,30870,69,0,27 28,0,15,,30871,62,0,31 4 32,0,15,,30872,47,0,23 24,0,55,,30873,69,0,27 28,0,16,,30874,62,0,31 4 32,0,14,,30875,47,0,23 24,0,15,,30876,69,0,27 28,0,56,,30877,62,0,31 4 32,0,14,,30878,47,0,23 24,0,15,,30879,69,0,27 28,0,16,,30880,62,0,31 4 32,0,54,,30881,47,0,23 24,0,15,,30882,69,0,27 28,0,16,,30883,62,0,31 4 32,0,14,,30884,47,0,23 24,0,55,,30885,69,0,27 28,0,16,,30886,62,0,31 4 32,0,14,,30887,47,0,23 24,0,15,,30888,69,0,27 28,0,56,,30889,62,0,31 4 32,0,14,,30890,47,0,23 24,0,15,,30891,69,0,27 28,0,16,,30892,62,0,31 4 32,0,54,,30893,47,0,23 24,0,15,,30894,69,0,27 28,0,16,,30895,62,0,31 4 32,0,14,,30896,47,0,23 24,0,55,,30897,69,0,27 28,0,16,,30898,62,0,31 4 32,0,14,,30899,47,0,23 24,0,15,,30900,69,0,27 28,0,56,,30901,62,0,31 4 32,0,14,,30902,47,0,23 24,0,15,,30903,69,0,27 28,0,16,,30904,62,0,31 4 32,0,54,,30905,47,0,23 24,0,15,,30906,69,0,27 28,0,15,,30907,62,0,31 4 32,0,15,,30908,47,0,23 24,0,55,,30909,69,0,27 28,0,15,,30910,62,0,31 4 32,0,15,,30911,47,0,23 24,0,15,,30912,69,0,27 28,0,55,,30913,62,0,31 4 32,0,15,,30914,47,0,23 24,0,15,,30915,69,0,27 28,0,15,,30916,62,0,31 4 32,0,55,,30918,47,0,23 24,0
578300,'6',454,,30922,4,0,27 28,0,63,,30924,4,0,31 4 32,0,23,,30925,4,0,27 28,0,62,,30926,47,0,23 24,0,15,,30927,62,0,31 4 32,0,8,,30928,4,0,23 24,0,7,,30929,69,0,27 28,0,15,,30930,47,0,23 24,0,55,,30931,62,0,31 4 32,0,15,,30932,69,0,27 28,0,15,,30933,47,0,23 24,0,15,,30934,62,0,31 4 32,0,55,,30935,69,0,27 28,0,15,,30936,47,0,23 24,0,15,,30937,62,0,31 4 32,0,15,,30938,69,0,27 28,0,55,,30939,47,0,23 24,0,12,,30940,62,0,31 4 32,0,12,,30941,69,0,27 28,0,12,,30942,47,0,23 24,0,12,,30943,62,0,31 4 32,0,53,,30944,69,0,27 28,0,12,,30945,47,0,23 24,0,12,,30946,62,0,31 4 32,0,12,,30947,69,0,27 28,0,12,,30948,47,0,23 24,0,52,,30949,62,0,31 4 32,0,12,,30950,69,0,27 28,0,12,,30951,47,0,23 24,0,12,,30952,62,0,31 4 32,0,12,,30953,69,0,27 28,0,52,,30954,47,0,23 24,0,12,,30955,62,0,31 4 32,0,12,,30956,69,0,27 28,0,12,,30957,47,0,23 24,0,12,,30958,62,0,31 4 32,0,52,,30959,69,0,27 28,0,12,,30960,47,0,23 24,0,12,,30961,62,0,31 4 32,0,12,,30962,69,0,27 28,0,12,,30963,47,0,23 24,0,52,,30964,62,0,31 4 32,0,12,,30965,69,0,27 28,0,12,,30966,47,0,23 24,0,12,,30967,62,0,31 4 32,0,12,,30968,69,0,27 28,0,52,,30969,47,0,23 24,0,12,,30970,62,0,31 4 32,0,12,,30971,69,0,27 28,0,12,,30972,47,0,23 24,0,12,,30973,62,0,31 4 32,0,52,,30974,69,0,27 28,0,12,,30975,47,0,23 24,0,12,,30976,62,0,31 4 32,0,12,,30977,69,0,27 28,0,12,,30978,47,0,23 24,0,52,,30979,62,0,31 4 32,0,12,,30980,69,0,27 28,0,12,,30981,47,0,23 24,0,12,,30982,62,0,31 4 32,0,12,,30983,69,0,27 28,0,51,,30984,47,0,23 24,0,15,,30985,62,0,31 4 32,0,15,,30986,69,0,27 28,0,15,,30987,47,0,23 24,0,55,,30988,62,0,31 4 32,0,15,,30989,69,0,27 28,0,15,,30990,47,0,23 24,0,15,,30991,62,0,31 4 32,0,55,,30992,69,0,27 28,0,15,,30993,47,0,23 24,0,15,,30994,62,0,31 4 32,0,15,,30995,69,0,27 28,0,55,,30996,47,0,23 24,0,15,,30997,62,0,31 4 32,0,15,,30998,69,0,27 28,0,15,,30999,47,0,23 24,0,55,,31000,62,0,31 4 32,0,15,,31001,69,0,27 28,0,15,,31002,47,0,23 24,0,15,,31003,62,0,31 4 32,0,55,,31004,69,0,27 28,0,15,,31005,47,0,23 24,0,15,,31006,62,0,31 4 32,0,15,,31007,69,0,27 28,0,55,,31009,47,0,23 24,0
580800,'14601',507,,39276,7,,,0,20,,39270,7,,,0,20,,39271,7,,,0,60,,39272,7,,,0,20,,39273,7,,,0,20,,39274,7,,,0,60,,39275,7,,,0,20,,39174,7,,,0,18,,39175,7,,,0,7,,39188,7,,,0,7,,39189,7,,,0,48,,39196,7,,,0,7,,39190,7,,,0,8,,39197,7,,,0,7,,39191,7,,,0,8,,39198,7,,,0,7,,39192,7,,,0,8,,39199,7,,,0,7,,39193,7,,,0,49,,39200,7,,,0,7,,39194,7,,,0,8,,39201,7,,,0,7,,39195,7,,,0,10,,39202,7,,,0,10,,39203,7,,,0,50,,39204,7,,,0,10,,39205,7,,,0,10,,39206,7,,,0,10,,39207,7,,,0,10,,39208,7,,,0,10,,39209,7,,,0,50,,39210,7,,,0,10,,39211,7,,,0,10,,39212,7,,,0,10,,39213,7,,,0,10,,39214,7,,,0,10,,39215,7,,,0,50,,39216,7,,,0,10,,39217,7,,,0,10,,39218,7,,,0,10,,39219,7,,,0,10,,39220,7,,,0,10,,39221,7,,,0,50,,39222,7,,,0,10,,39223,7,,,0,10,,39224,7,,,0,10,,39225,7,,,0,10,,39226,7,,,0,10,,39227,7,,,0,50,,39228,7,,,0,10,,39229,7,,,0,10,,39230,7,,,0,10,,39231,7,,,0,10,,39232,7,,,0,10,,39233,7,,,0,50,,39247,7,,,0,7,,39234,7,,,0,8,,39248,7,,,0,7,,39235,7,,,0,8,,39249,7,,,0,7,,39236,7,,,0,8,,39250,7,,,0,7,,39237,7,,,0,48,,39251,7,,,0,7,,39238,7,,,0,8,,39252,7,,,0,7,,39239,7,,,0,8,,39253,7,,,0,7,,39240,7,,,0,8,,39254,7,,,0,7,,39241,7,,,0,48,,39255,7,,,0,7,,39242,7,,,0,8,,39256,7,,,0,7,,39243,7,,,0,8,,39257,7,,,0,7,,39244,7,,,0,8,,39258,7,,,0,7,,39245,7,,,0,48,,39259,7,,,0,7,,39246,7,,,0,8,,39260,7,,,0,11,,39261,7,,,0,15,,39176,7,,,0,15,,39177,7,,,0,54,,39178,7,,,0,15,,39171,7,,,0,15,,39172,7,,,0,15,,39173,7,,,0,55,,39262,7,,,0,15,,39263,7,,,0,15,,39264,7,,,0,15,,39265,7,,,0,55,,39266,7,,,0,15,,39267,7,,,0,15,,39268,7,,,0,63,,39269,7,,,0,28,,39179,7,,,0,70,,39180,7,,,0,30,,39181,7,,,0,70,,39182,7,,,0,30,,39183,7,,,0,70,,39184,7,,,0,30,,39185,7,,,0,70,,39186,7,,,0,30,,39187,7,,,0
580800,'14602',507,,39308,7,,,0,30,,39309,7,,,0,70,,39310,7,,,0,30,,39311,7,,,0,70,,39312,7,,,0,30,,39313,7,,,0,70,,39314,7,,,0,30,,39315,7,,,0,71,,39316,7,,,0,30,,39317,7,,,0,70,,39318,7,,,0,30,,39319,7,,,0,70,,39320,7,,,0,30,,39291,7,,,0,70,,39292,7,,,0,30,,39293,7,,,0,70,,39294,7,,,0,30,,39295,7,,,0,70,,39296,7,,,0,30,,39297,7,,,0,70,,39298,7,,,0,30,,39299,7,,,0,70,,39300,7,,,0,30,,39301,7,,,0,70,,39302,7,,,0,30,,39303,7,,,0,70,,39304,7,,,0,30,,39305,7,,,0,69,,39306,7,,,0,30,,39307,7,,,0,70,,39290,7,,,0,30,,39289,7,,,0,70,,39288,7,,,0,30,,39287,7,,,0,68,,39286,7,,,0,30,,39285,7,,,0,70,,39284,7,,,0,30,,39283,7,,,0,70,,39282,7,,,0,30,,39281,7,,,0,70,,39280,7,,,0,30,,39279,7,,,0,70,,39278,7,,,0,30,,39277,7,,,0
580800,'14603',607,,39346,7,,,0,30,,39347,7,,,0,70,,39348,7,,,0,30,,39349,7,,,0,70,,39350,7,,,0,30,,39351,7,,,0,71,,39352,7,,,0,30,,39353,7,,,0,70,,39354,7,,,0,30,,39355,7,,,0,70,,39356,7,,,0,30,,39337,7,,,0,70,,39336,7,,,0,30,,39335,7,,,0,70,,39334,7,,,0,30,,39333,7,,,0,70,,39332,7,,,0,30,,39331,7,,,0,70,,39330,7,,,0,30,,39329,7,,,0,70,,39328,7,,,0,30,,39327,7,,,0,70,,39326,7,,,0,30,,39325,7,,,0,70,,39324,7,,,0,30,,39323,7,,,0,69,,39322,7,,,0,30,,39321,7,,,0,70,,39338,7,,,0,30,,39339,7,,,0,70,,39340,7,,,0,30,,39341,7,,,0,68,,39342,7,,,0,30,,39343,7,,,0,70,,39344,7,,,0,30,,39345,7,,,0
580800,'14604',607,,39376,7,,,0,30,,39377,7,,,0,70,,39378,7,,,0,30,,39379,7,,,0,70,,39380,7,,,0,30,,39381,7,,,0,71,,39382,7,,,0,30,,39383,7,,,0,70,,39384,7,,,0,30,,39385,7,,,0,70,,39386,7,,,0,30,,39373,7,,,0,70,,39372,7,,,0,30,,39371,7,,,0,70,,39370,7,,,0,30,,39369,7,,,0,70,,39368,7,,,0,30,,39367,7,,,0,70,,39366,7,,,0,30,,39365,7,,,0,70,,39364,7,,,0,30,,39363,7,,,0,70,,39362,7,,,0,30,,39361,7,,,0,70,,39360,7,,,0,30,,39359,7,,,0,69,,39358,7,,,0,30,,39357,7,,,0,70,,39374,7,,,0,30,,39375,7,,,0
580800,'14606',607,,39412,7,,,0,30,,39413,7,,,0,70,,39414,7,,,0,30,,39415,7,,,0,70,,39416,7,,,0,30,,39417,7,,,0,71,,39418,7,,,0,30,,39419,7,,,0,70,,39420,7,,,0,30,,39421,7,,,0,70,,39422,7,,,0,30,,39403,7,,,0,70,,39402,7,,,0,30,,39401,7,,,0,70,,39400,7,,,0,30,,39399,7,,,0,70,,39398,7,,,0,30,,39397,7,,,0,70,,39396,7,,,0,30,,39395,7,,,0,70,,39394,7,,,0,30,,39393,7,,,0,70,,39392,7,,,0,30,,39391,7,,,0,70,,39390,7,,,0,30,,39389,7,,,0,69,,39388,7,,,0,30,,39387,7,,,0,70,,39404,7,,,0,30,,39405,7,,,0,70,,39406,7,,,0,30,,39407,7,,,0,68,,39408,7,,,0,30,,39409,7,,,0,70,,39410,7,,,0,30,,39411,7,,,0
582801,'1',629,,40617,45,,,0,20,,40619,45,,,0,60,,40621,45,,,0,15,,40623,45,,,0,16,,40625,45,,,0,14,,40627,45,,,0,56,,40629,45,,,0,15,,40631,45,,,0,15,,40633,45,,,0,15,,40635,45,,,0,52,,40637,45,,,0,12,,40639,45,,,0,11,,40641,45,,,0,12,,40643,45,,,0,12,,40645,45,,,0,52,,40647,45,,,0,12,,40649,45,,,0,12,,40651,45,,,0,12,,40653,45,,,0,12,,40655,45,,,0,52,,40657,45,,,0,12,,40659,45,,,0,12,,40661,45,,,0,12,,40663,45,,,0,12,,40665,45,,,0,52,,40667,45,,,0,12,,40669,45,,,0,12,,40671,45,,,0,12,,40673,45,,,0,12,,40675,45,,,0,52,,40677,45,,,0,12,,40679,45,,,0,12,,40681,45,,,0,12,,40683,45,,,0,12,,40685,45,,,0,52,,40687,45,,,0,12,,40689,45,,,0,12,,40691,45,,,0,12,,40693,45,,,0,12,,40695,45,,,0,53,,40697,45,,,0,12,,40699,45,,,0,12,,40701,45,,,0,12,,40703,45,,,0,13,,40705,45,,,0,52,,40707,45,,,0,12,,40709,45,,,0,12,,40711,45,,,0,12,,40713,45,,,0,12,,40715,45,,,0,52,,40717,45,,,0,14,,40719,45,,,0,12,,40721,45,,,0,12,,40723,45,,,0,12,,40725,45,,,0,51,,40727,45,,,0
582901,'1601',830,,41339,13,,,0,12,,41338,13,,,0
582901,'1',601,,41340,13,,,0,18,,41341,13,,,0,15,,41342,13,,,0,15,,41343,13,,,0,55,,41344,13,,,0,17,,41345,13,,,0,15,,41346,13,,,0,10,,41347,13,,,0,10,,41348,13,,,0,50,,41349,13,,,0,10,,41350,13,,,0,10,,41351,13,,,0,10,,41352,13,,,0,10,,41353,13,,,0,10,,41354,13,,,0,50,,41355,13,,,0,10,,41356,13,,,0,10,,41357,13,,,0,10,,41358,13,,,0,10,,41359,13,,,0,10,,41360,13,,,0,50,,41361,13,,,0,10,,41362,13,,,0,10,,41363,13,,,0,12,,41364,13,,,0,12,,41365,13,,,0,52,,41366,13,,,0,12,,41367,13,,,0,12,,41368,13,,,0,12,,41369,13,,,0,12,,41370,13,,,0,52,,41371,13,,,0,12,,41372,13,,,0,12,,41373,13,,,0,12,,41374,13,,,0,12,,41375,13,,,0,52,,41376,13,,,0,12,,41377,13,,,0,12,,41378,13,,,0,12,,41379,13,,,0,12,,41380,13,,,0,52,,41381,13,,,0,12,,41382,13,,,0,12,,41383,13,,,0,11,,41384,13,,,0,10,,41385,13,,,0,10,,41386,13,,,0,50,,41387,13,,,0,10,,41388,13,,,0,10,,41389,13,,,0,10,,41390,13,,,0,10,,41391,13,,,0,10,,41392,13,,,0,50,,41393,13,,,0,10,,41394,13,,,0,10,,41395,13,,,0,10,,41396,13,,,0,10,,41397,13,,,0,10,,41398,13,,,0,50,,41399,13,,,0,10,,41400,13,,,0,10,,41401,13,,,0,10,,41402,13,,,0,10,,41403,13,,,0,10,,41404,13,,,0,50,,41405,13,,,0,10,,41406,13,,,0,10,,41407,13,,,0,10,,41408,13,,,0,10,,41409,13,,,0,10,,41410,13,,,0,49,,41411,13,,,0,10,,41412,13,,,0,10,,41413,13,,,0,10,,41414,13,,,0,10,,41415,13,,,0,10,,41416,13,,,0,51,,41417,13,,,0,12,,41418,13,,,0,12,,41419,13,,,0,12,,41420,13,,,0,12,,41421,13,,,0,52,,41422,13,,,0,12,,41423,13,,,0,12,,41424,13,,,0,12,,41425,13,,,0,12,,41426,13,,,0,52,,41427,13,,,0,22,,41428,13,,,0,30,,41429,13,,,0,70,,41430,13,,,0,30,,41431,13,,,0,70,,41432,13,,,0,30,,41434,13,,,0,65,,41433,13,,,0
582901,'2',819,,41521,3,,,0,10,,41520,3,,,0,10,,41522,13,,,0,10,,41519,13,,,0,10,,41518,13,,,0,50,,41517,13,,,0,10,,41516,13,,,0,10,,41515,13,,,0,10,,41514,13,,,0,10,,41513,13,,,0,10,,41512,13,,,0,50,,41511,13,,,0,10,,41510,13,,,0,10,,41509,13,,,0,10,,41508,13,,,0,10,,41507,13,,,0,10,,41506,13,,,0,50,,41505,13,,,0,10,,41504,13,,,0,11,,41503,13,,,0,10,,41502,13,,,0,10,,41501,13,,,0,50,,41500,13,,,0,10,,41499,13,,,0,10,,41498,13,,,0,10,,41497,13,,,0,10,,41496,13,,,0,10,,41495,13,,,0,50,,41494,13,,,0,10,,41493,13,,,0,10,,41492,13,,,0,10,,41491,13,,,0,10,,41490,13,,,0,10,,41489,13,,,0,50,,41488,13,,,0,10,,41487,13,,,0,10,,41486,13,,,0,10,,41485,13,,,0,10,,41484,13,,,0,10,,41483,13,,,0,50,,41482,13,,,0,10,,41481,13,,,0,10,,41480,13,,,0,10,,41479,13,,,0,10,,41478,13,,,0,10,,41477,13,,,0,50,,41476,13,,,0,10,,41475,13,,,0,10,,41474,13,,,0,10,,41473,13,,,0,10,,41472,13,,,0,10,,41471,13,,,0,50,,41470,13,,,0,10,,41469,13,,,0,10,,41468,13,,,0,10,,41467,13,,,0,10,,41466,13,,,0,10,,41465,13,,,0,50,,41464,13,,,0,10,,41463,13,,,0,10,,41462,13,,,0,10,,41461,13,,,0,10,,41460,13,,,0,10,,41459,13,,,0,50,,41458,13,,,0,10,,41457,13,,,0,10,,41456,13,,,0,9,,41455,13,,,0,10,,41454,13,,,0,12,,41453,13,,,0,52,,41452,13,,,0,12,,41451,13,,,0,12,,41450,13,,,0,12,,41449,13,,,0,12,,41448,13,,,0,52,,41447,13,,,0,12,,41446,13,,,0,12,,41445,13,,,0,12,,41444,13,,,0,12,,41443,13,,,0,52,,41442,13,,,0,20,,41441,13,,,0,30,,41440,13,,,0,70,,41439,13,,,0,30,,41438,13,,,0,70,,41437,13,,,0,30,,41436,13,,,0,78,,41435,13,,,0
582901,'3',804,,41523,3,,,0,15,,41524,3,,,0,17,,41525,13,,,0,15,,41526,13,,,0,55,,41527,13,,,0,15,,41528,13,,,0,15,,41529,13,,,0,15,,41530,13,,,0,56,,41531,13,,,0,15,,41532,13,,,0,15,,41533,13,,,0,15,,41534,13,,,0,55,,41535,13,,,0,15,,41536,13,,,0,15,,41537,13,,,0,15,,41538,13,,,0,55,,41539,13,,,0,15,,41540,13,,,0,15,,41541,13,,,0,15,,41542,13,,,0,55,,41543,13,,,0,15,,41544,13,,,0,15,,41545,13,,,0,15,,41546,13,,,0,55,,41547,13,,,0,15,,41548,13,,,0,15,,41549,13,,,0,15,,41550,13,,,0,55,,41551,13,,,0,15,,41552,13,,,0,15,,41553,13,,,0,15,,41554,13,,,0,55,,41555,13,,,0,15,,41556,13,,,0,15,,41557,13,,,0,15,,41558,13,,,0,55,,41559,13,,,0,15,,41560,13,,,0,15,,41561,13,,,0,15,,41562,13,,,0,55,,41563,13,,,0,15,,41564,13,,,0,15,,41565,13,,,0,15,,41566,13,,,0,54,,41567,13,,,0,15,,41568,13,,,0,20,,41569,13,,,0,60,,41570,13,,,0,20,,41571,13,,,0,20,,41572,13,,,0,60,,41573,13,,,0,20,,41574,13,,,0,20,,41575,13,,,0,64,,41576,13,,,0,30,,41577,13,,,0,70,,41578,13,,,0,30,,41579,13,,,0,70,,41580,13,,,0
582901,'4',804,,41581,13,,,0,30,,41582,13,,,0,70,,41583,13,,,0,30,,41584,13,,,0,70,,41585,13,,,0,32,,41586,13,,,0,20,,41587,13,,,0,60,,41588,13,,,0,20,,41589,13,,,0,20,,41590,13,,,0,60,,41591,13,,,0,20,,41592,13,,,0,20,,41593,13,,,0,60,,41594,13,,,0,20,,41595,13,,,0,20,,41596,13,,,0,60,,41597,13,,,0,20,,41598,13,,,0,20,,41599,13,,,0,60,,41600,13,,,0,20,,41601,13,,,0,20,,41602,13,,,0,60,,41603,13,,,0,20,,41604,13,,,0,20,,41605,13,,,0,60,,41606,13,,,0,20,,41607,13,,,0,20,,41608,13,,,0,60,,41609,13,,,0,20,,41610,13,,,0,67,,41611,13,,,0,30,,41612,13,,,0,70,,41613,13,,,0,30,,41614,13,,,0,70,,41615,13,,,0
582901,'6',804,,41616,3,,,0,15,,41617,3,,,0,17,,41618,13,,,0,15,,41619,13,,,0,55,,41620,13,,,0,15,,41621,13,,,0,15,,41622,13,,,0,15,,41623,13,,,0,56,,41624,13,,,0,15,,41625,13,,,0,15,,41626,13,,,0,15,,41627,13,,,0,55,,41628,13,,,0,15,,41629,13,,,0,15,,41630,13,,,0,15,,41631,13,,,0,55,,41632,13,,,0,15,,41633,13,,,0,15,,41634,13,,,0,15,,41635,13,,,0,55,,41636,13,,,0,15,,41637,13,,,0,15,,41638,13,,,0,15,,41639,13,,,0,55,,41640,13,,,0,15,,41641,13,,,0,15,,41642,13,,,0,15,,41643,13,,,0,55,,41644,13,,,0,15,,41645,13,,,0,15,,41646,13,,,0,15,,41647,13,,,0,55,,41648,13,,,0,15,,41649,13,,,0,15,,41650,13,,,0,15,,41651,13,,,0,55,,41652,13,,,0,15,,41653,13,,,0,15,,41654,13,,,0,15,,41655,13,,,0,55,,41656,13,,,0,15,,41657,13,,,0,15,,41658,13,,,0,15,,41659,13,,,0,54,,41660,13,,,0,15,,41661,13,,,0,20,,41662,13,,,0,60,,41663,13,,,0,20,,41664,13,,,0,20,,41665,13,,,0,60,,41666,13,,,0,20,,41667,13,,,0,20,,41668,13,,,0,64,,41669,13,,,0,30,,41670,13,,,0,70,,41671,13,,,0,30,,41672,13,,,0,70,,41673,13,,,0
583501,'8501',1653,,42953,2,,,0,150,,42952,2,,,0,110,,42951,2,,,0,110,,42950,2,,,0
583501,'8502',1103,,42970,2,,,0,110,,42969,2,,,0,110,,42968,2,,,0,110,,42967,2,,,0,110,,42966,2,,,0,110,,42965,2,,,0,150,,42964,2,,,0,110,,42963,2,,,0,110,,42962,2,,,0
583501,'8503',1103,,42975,2,,,0,110,,42974,2,,,0,110,,42973,2,,,0,110,,42972,2,,,0,110,,42971,2,,,0
