578301,'1601',1635,,31010,39,0,17 18 4 19,0
578301,'1',520,,31013,39,0,20 4 12 13,0,10,,31014,45,0,33 4 34,0,10,,31015,33,0,29 30 6,0,15,,31016,39,0,20 4 12 13,0,50,,31017,45,0,33 4 34,0,4,,31018,33,0,29 30 6,0,12,,31019,39,0,20 4 12 13,0,7,,31020,45,0,33 4 34,0,8,,31021,33,0,29 30 6,0,7,,31022,45,0,33 4 34,0,8,,31023,39,0,20 4 12 13,0,7,,31024,45,0,33 4 34,0,48,,31025,33,0,29 30 6,0,7,,31026,45,0,33 4 34,0,8,,31027,39,0,20 4 12 13,0,7,,31028,45,0,33 4 34,0,8,,31029,33,0,29 30 6,0,7,,31030,45,0,33 4 34,0,8,,31031,39,0,20 4 12 13,0,7,,31032,45,0,33 4 34,0,48,,31033,33,0,29 30 6,0,7,,31034,45,0,33 4 34,0,8,,31035,39,0,20 4 12 13,0,7,,31036,45,0,33 4 34,0,8,,31037,33,0,29 30 6,0,7,,31038,45,0,33 4 34,0,8,,31039,39,0,20 4 12 13,0,7,,31040,45,0,33 4 34,0,48,,31041,33,0,29 30 6,0,7,,31042,45,0,33 4 34,0,8,,31043,39,0,20 4 12 13,0,7,,31044,45,0,33 4 34,0,8,,31045,33,0,29 30 6,0,7,,31046,45,0,33 4 34,0,8,,31047,39,0,20 4 12 13,0,7,,31048,45,0,17 18 4 19,0,48,,31049,33,0,29 30 6,0,8,,31050,45,0,33 4 34,0,10,,31051,39,0,20 4 12 13,0,10,,31052,33,0,29 30 6,0,10,,31053,45,0,33 4 34,0,10,,31054,39,0,20 4 12 13,0,50,,31055,33,0,29 30 6,0,10,,31056,45,0,33 4 34,0,10,,31057,39,0,20 4 12 13,0,10,,31058,33,0,29 30 6,0,10,,31059,45,0,33 4 34,0,10,,31060,39,0,20 4 12 13,0,50,,31061,33,0,29 30 6,0,10,,31062,45,0,33 4 34,0,10,,31063,39,0,20 4 12 13,0,10,,31064,33,0,29 30 6,0,10,,31065,45,0,33 4 34,0,10,,31066,39,0,20 4 12 13,0,50,,31067,33,0,29 30 6,0,10,,31068,45,0,33 4 34,0,10,,31069,39,0,20 4 12 13,0,10,,31070,33,0,29 30 6,0,10,,31071,45,0,33 4 34,0,10,,31072,39,0,20 4 12 13,0,49,,31073,33,0,29 30 6,0,10,,31074,45,0,33 4 34,0,10,,31075,39,0,20 4 12 13,0,8,,31076,45,0,33 4 34,0,8,,31077,33,0,29 30 6,0,7,,31078,45,0,33 4 34,0,8,,31079,39,0,20 4 12 13,0,47,,31080,45,0,33 4 34,0,8,,31081,33,0,29 30 6,0,7,,31082,45,0,33 4 34,0,8,,31083,39,0,20 4 12 13,0,7,,31084,45,0,33 4 34,0,8,,31085,33,0,29 30 6,0,7,,31086,45,0,33 4 34,0,8,,31087,39,0,20 4 12 13,0,47,,31088,45,0,33 4 34,0,8,,31089,33,0,29 30 6,0,7,,31090,45,0,33 4 34,0,8,,31091,39,0,20 4 12 13,0,7,,31092,45,0,33 4 34,0,8,,31093,33,0,29 30 6,0,7,,31094,45,0,33 4 34,0,8,,31095,39,0,20 4 12 13,0,47,,31096,45,0,33 4 34,0,8,,31097,33,0,29 30 6,0,7,,31098,45,0,33 4 34,0,8,,31099,39,0,20 4 12 13,0,7,,31100,45,0,33 4 34,0,7,,31101,33,0,29 30 6,0,7,,31102,45,0,33 4 34,0,7,,31103,39,0,20 4 12 13,0,7,,31104,45,0,33 4 34,0,46,,31105,33,0,29 30 6,0,9,,31106,45,0,33 4 34,0,7,,31107,39,0,20 4 12 13,0,7,,31108,45,0,17 18 4 19,0,9,,31109,33,0,29 30 6,0,8,,31110,45,0,33 4 34,0,9,,31111,39,0,20 4 12 13,0,47,,31112,45,0,17 18 4 19,0,10,,31113,33,0,29 30 6,0,8,,31114,45,0,33 4 34,0,8,,31115,39,0,20 4 12 13,0,8,,31116,33,0,29 30 6,0,8,,31117,45,0,33 4 34,0,8,,31118,39,0,20 4 12 13,0,8,,31119,39,0,17 18 4 19,0,50,,31120,33,0,29 30 6,0,10,,31121,45,0,33 4 34,0,10,,31122,39,0,20 4 12 13,0,10,,31123,33,0,29 30 6,0,10,,31124,45,0,33 4 34,0,10,,31125,33,0,29 30 6,0,50,,31126,39,0,20 4 12 13,0,10,,31127,45,0,33 4 34,0,10,,31128,39,0,20 4 12 13,0,10,,31129,33,0,29 30 6,0,10,,31130,45,0,33 4 34,0,9,,31131,39,0,20 4 12 13,0,50,,31132,45,0,33 4 34,0,15,,31133,33,0,29 30 6,0,15,,31134,39,0,20 4 12 13,0,15,,31135,45,0,33 4 34,0,5,,31136,39,0,17 18 4 19,0,50,,31137,33,0,29 30 6,0,15,,31138,39,0,20 4 12 13,0,15,,31139,45,0,33 4 34,0,15,,31140,33,0,29 30 6,0,55,,31141,39,0,20 4 12 13,0,10,,31142,45,0,33 4 34,0,30,,31143,39,0,20 4 12 13,0,55,,31144,45,0,33 4 34,0,10,,31145,33,0,29 30 6,0,22,,31146,39,0,17 18 4 19,0,11,,31147,33,0,17 18 4 19,0,77,,31148,39,0,17 18 4 19,0
578301,'2',452,,31150,39,0,20 4 12 13,0,50,,31151,45,0,33 4 34,0,12,,31152,39,0,20 4 12 13,0,12,,31153,33,0,29 30 6,0,12,,31154,45,0,33 4 34,0,12,,31155,39,0,20 4 12 13,0,52,,31156,33,0,29 30 6,0,12,,31157,45,0,33 4 34,0,12,,31158,39,0,20 4 12 13,0,12,,31159,33,0,29 30 6,0,12,,31160,45,0,33 4 34,0,52,,31161,39,0,20 4 12 13,0,12,,31162,33,0,29 30 6,0,12,,31163,45,0,33 4 34,0,12,,31164,39,0,20 4 12 13,0,12,,31165,33,0,29 30 6,0,51,,31166,45,0,33 4 34,0,12,,31167,39,0,20 4 12 13,0,12,,31168,33,0,29 30 6,0,12,,31169,45,0,33 4 34,0,12,,31170,39,0,20 4 12 13,0,52,,31171,33,0,29 30 6,0,12,,31172,45,0,33 4 34,0,12,,31173,39,0,20 4 12 13,0,12,,31174,33,0,29 30 6,0,12,,31175,45,0,33 4 34,0,52,,31176,39,0,20 4 12 13,0,12,,31177,33,0,29 30 6,0,12,,31178,45,0,33 4 34,0,12,,31179,39,0,20 4 12 13,0,12,,31180,33,0,29 30 6,0,52,,31181,45,0,33 4 34,0,12,,31182,39,0,20 4 12 13,0,12,,31183,33,0,29 30 6,0,12,,31184,45,0,33 4 34,0,12,,31185,39,0,20 4 12 13,0,52,,31186,33,0,29 30 6,0,12,,31187,45,0,33 4 34,0,12,,31188,39,0,20 4 12 13,0,12,,31189,33,0,29 30 6,0,12,,31190,45,0,33 4 34,0,52,,31191,39,0,20 4 12 13,0,12,,31192,33,0,29 30 6,0,12,,31193,45,0,33 4 34,0,12,,31194,39,0,20 4 12 13,0,12,,31195,33,0,29 30 6,0,52,,31196,45,0,33 4 34,0,12,,31197,39,0,20 4 12 13,0,12,,31198,33,0,29 30 6,0,12,,31199,45,0,33 4 34,0,12,,31200,39,0,20 4 12 13,0,52,,31201,33,0,29 30 6,0,12,,31202,45,0,33 4 34,0,12,,31203,39,0,20 4 12 13,0,12,,31204,33,0,29 30 6,0,12,,31205,45,0,33 4 34,0,52,,31206,39,0,20 4 12 13,0,12,,31207,33,0,29 30 6,0,12,,31208,45,0,33 4 34,0,12,,31209,39,0,20 4 12 13,0,12,,31210,33,0,29 30 6,0,52,,31211,45,0,33 4 34,0,12,,31212,39,0,20 4 12 13,0,12,,31213,33,0,29 30 6,0,12,,31214,45,0,33 4 34,0,12,,31215,39,0,20 4 12 13,0,52,,31216,33,0,29 30 6,0,12,,31217,45,0,33 4 34,0,12,,31218,39,0,20 4 12 13,0,12,,31219,33,0,29 30 6,0,12,,31220,45,0,33 4 34,0,52,,31221,39,0,20 4 12 13,0,12,,31222,33,0,29 30 6,0,13,,31223,45,0,33 4 34,0,12,,31224,39,0,20 4 12 13,0,12,,31225,33,0,29 30 6,0,52,,31226,45,0,33 4 34,0,12,,31227,39,0,20 4 12 13,0,12,,31228,33,0,29 30 6,0,12,,31229,45,0,33 4 34,0,16,,31230,39,0,20 4 12 13,0,55,,31231,33,0,29 30 6,0,15,,31232,45,0,33 4 34,0,15,,31233,39,0,20 4 12 13,0,15,,31234,45,0,33 4 34,0,55,,31235,33,0,29 30 6,0,15,,31236,39,0,20 4 12 13,0,15,,31237,45,0,33 4 34,0,15,,31238,33,0,29 30 6,0,55,,31239,39,0,20 4 12 13,0,15,,31240,45,0,33 4 34,0,15,,31241,33,0,29 30 6,0,15,,31242,39,0,20 4 12 13,0,55,,31243,45,0,33 4 34,0,15,,31244,33,0,29 30 6,0,15,,31245,39,0,20 4 12 13,0,20,,31246,45,0,33 4 34,0,55,,31247,33,0,29 30 6,0,3,,31248,39,0,17 18 4 19,0,28,,31249,39,0,17 18 4 19,0,11,,31250,33,0,17 18 4 19,0
578301,'3',539,,31254,45,0,33 4 34,0,15,,31256,39,0,20 4 12 13,0,55,,31257,33,0,29 30 6,0,15,,31258,45,0,33 4 34,0,15,,31259,39,0,20 4 12 13,0,15,,31260,33,0,29 30 6,0,55,,31261,45,0,33 4 34,0,15,,31262,39,0,20 4 12 13,0,15,,31263,33,0,29 30 6,0,15,,31264,45,0,33 4 34,0,55,,31265,39,0,20 4 12 13,0,15,,31266,33,0,29 30 6,0,15,,31267,45,0,33 4 34,0,15,,31268,39,0,20 4 12 13,0,55,,31269,33,0,29 30 6,0,15,,31270,45,0,33 4 34,0,13,,31271,39,0,20 4 12 13,0,12,,31272,33,0,29 30 6,0,51,,31273,45,0,33 4 34,0,12,,31274,39,0,20 4 12 13,0,12,,31275,33,0,29 30 6,0,12,,31276,45,0,33 4 34,0,12,,31277,39,0,20 4 12 13,0,52,,31278,33,0,29 30 6,0,12,,31279,45,0,33 4 34,0,12,,31280,39,0,20 4 12 13,0,12,,31281,33,0,29 30 6,0,12,,31282,45,0,33 4 34,0,52,,31283,39,0,20 4 12 13,0,12,,31284,33,0,29 30 6,0,12,,31285,45,0,33 4 34,0,12,,31286,39,0,20 4 12 13,0,12,,31287,33,0,29 30 6,0,52,,31288,45,0,33 4 34,0,12,,31289,39,0,20 4 12 13,0,12,,31290,33,0,29 30 6,0,12,,31291,45,0,33 4 34,0,12,,31292,39,0,20 4 12 13,0,52,,31293,33,0,29 30 6,0,12,,31294,45,0,33 4 34,0,12,,31295,39,0,20 4 12 13,0,12,,31296,33,0,29 30 6,0,12,,31297,45,0,33 4 34,0,52,,31298,39,0,20 4 12 13,0,12,,31299,33,0,29 30 6,0,12,,31300,45,0,33 4 34,0,12,,31301,39,0,20 4 12 13,0,12,,31302,33,0,29 30 6,0,52,,31303,45,0,33 4 34,0,12,,31304,39,0,20 4 12 13,0,12,,31305,33,0,29 30 6,0,12,,31306,45,0,33 4 34,0,12,,31307,39,0,20 4 12 13,0,52,,31308,33,0,29 30 6,0,12,,31309,45,0,33 4 34,0,12,,31310,39,0,20 4 12 13,0,12,,31311,33,0,29 30 6,0,12,,31312,45,0,33 4 34,0,52,,31313,39,0,20 4 12 13,0,12,,31314,33,0,29 30 6,0,12,,31315,45,0,33 4 34,0,12,,31316,39,0,20 4 12 13,0,12,,31317,33,0,29 30 6,0,52,,31318,45,0,33 4 34,0,11,,31319,39,0,20 4 12 13,0,12,,31320,33,0,29 30 6,0,15,,31321,45,0,33 4 34,0,15,,31322,39,0,20 4 12 13,0,55,,31323,33,0,29 30 6,0,15,,31324,45,0,33 4 34,0,15,,31325,39,0,20 4 12 13,0,15,,31326,33,0,29 30 6,0,55,,31327,45,0,33 4 34,0,15,,31328,39,0,20 4 12 13,0,15,,31329,33,0,29 30 6,0,16,,31330,45,0,33 4 34,0,55,,31331,39,0,20 4 12 13,0,14,,31332,33,0,29 30 6,0,16,,31333,45,0,33 4 34,0,15,,31334,39,0,20 4 12 13,0,54,,31335,33,0,29 30 6,0,16,,31336,45,0,33 4 34,0,15,,31337,39,0,20 4 12 13,0,14,,31339,33,0,29 30 6,0,1,,31338,45,0,33 4 34,0,72,,31340,33,0,17 18 4 19,0,21,,31341,39,0,17 18 4 19,0
578301,'4',547,,31407,45,0,33 4 34,0,62,,31345,39,0,20 4 12 13,0,4,,31344,45,0,33 4 34,0,11,,31346,33,0,29 30 6,0,15,,31347,45,0,33 4 34,0,15,,31348,39,0,20 4 12 13,0,55,,31349,33,0,29 30 6,0,15,,31350,45,0,33 4 34,0,15,,31351,39,0,20 4 12 13,0,15,,31352,33,0,29 30 6,0,55,,31353,45,0,33 4 34,0,15,,31354,39,0,20 4 12 13,0,15,,31355,33,0,29 30 6,0,15,,31356,45,0,33 4 34,0,55,,31357,39,0,20 4 12 13,0,15,,31358,33,0,29 30 6,0,15,,31359,45,0,33 4 34,0,14,,31360,39,0,20 4 12 13,0,55,,31361,33,0,29 30 6,0,15,,31362,45,0,33 4 34,0,15,,31363,39,0,20 4 12 13,0,15,,31364,33,0,29 30 6,0,55,,31365,45,0,33 4 34,0,15,,31366,39,0,20 4 12 13,0,15,,31367,33,0,29 30 6,0,15,,31368,45,0,33 4 34,0,55,,31369,39,0,20 4 12 13,0,15,,31370,33,0,29 30 6,0,15,,31371,45,0,33 4 34,0,15,,31372,39,0,20 4 12 13,0,55,,31373,33,0,29 30 6,0,15,,31374,45,0,33 4 34,0,15,,31375,39,0,20 4 12 13,0,15,,31376,33,0,29 30 6,0,55,,31377,45,0,33 4 34,0,15,,31378,39,0,20 4 12 13,0,15,,31379,33,0,29 30 6,0,15,,31380,45,0,33 4 34,0,55,,31381,39,0,20 4 12 13,0,15,,31382,33,0,29 30 6,0,15,,31383,45,0,33 4 34,0,15,,31384,39,0,20 4 12 13,0,55,,31385,33,0,29 30 6,0,15,,31386,45,0,33 4 34,0,15,,31387,39,0,20 4 12 13,0,15,,31388,33,0,29 30 6,0,55,,31389,45,0,33 4 34,0,15,,31390,39,0,20 4 12 13,0,15,,31391,33,0,29 30 6,0,17,,31392,45,0,33 4 34,0,54,,31393,39,0,20 4 12 13,0,15,,31394,33,0,29 30 6,0,16,,31395,45,0,33 4 34,0,14,,31396,39,0,20 4 12 13,0,55,,31397,33,0,29 30 6,0,16,,31398,45,0,33 4 34,0,14,,31399,39,0,20 4 12 13,0,15,,31400,33,0,29 30 6,0,56,,31401,45,0,33 4 34,0,14,,31402,39,0,20 4 12 13,0,15,,31403,33,0,29 30 6,0,15,,31404,39,0,17 18 4 19,0,1,,31405,45,0,33 4 34,0
578301,'6',539,,31411,45,0,33 4 34,0,15,,31413,39,0,20 4 12 13,0,55,,31414,33,0,29 30 6,0,15,,31415,45,0,33 4 34,0,15,,31416,39,0,20 4 12 13,0,15,,31417,33,0,29 30 6,0,55,,31418,45,0,33 4 34,0,15,,31419,39,0,20 4 12 13,0,15,,31420,33,0,29 30 6,0,15,,31421,45,0,33 4 34,0,55,,31422,39,0,20 4 12 13,0,15,,31423,33,0,29 30 6,0,15,,31424,45,0,33 4 34,0,15,,31425,39,0,20 4 12 13,0,55,,31426,33,0,29 30 6,0,15,,31427,45,0,33 4 34,0,13,,31428,39,0,20 4 12 13,0,12,,31429,33,0,29 30 6,0,51,,31430,45,0,33 4 34,0,12,,31431,39,0,20 4 12 13,0,12,,31432,33,0,29 30 6,0,12,,31433,45,0,33 4 34,0,12,,31434,39,0,20 4 12 13,0,52,,31435,33,0,29 30 6,0,12,,31436,45,0,33 4 34,0,12,,31437,39,0,20 4 12 13,0,12,,31438,33,0,29 30 6,0,12,,31439,45,0,33 4 34,0,52,,31440,39,0,20 4 12 13,0,12,,31441,33,0,29 30 6,0,12,,31442,45,0,33 4 34,0,12,,31443,39,0,20 4 12 13,0,12,,31444,33,0,29 30 6,0,52,,31445,45,0,33 4 34,0,12,,31446,39,0,20 4 12 13,0,12,,31447,33,0,29 30 6,0,12,,31448,45,0,33 4 34,0,12,,31449,39,0,20 4 12 13,0,52,,31450,33,0,29 30 6,0,12,,31451,45,0,33 4 34,0,12,,31452,39,0,20 4 12 13,0,12,,31453,33,0,29 30 6,0,12,,31454,45,0,33 4 34,0,52,,31455,39,0,20 4 12 13,0,12,,31456,33,0,29 30 6,0,12,,31457,45,0,33 4 34,0,12,,31458,39,0,20 4 12 13,0,12,,31459,33,0,29 30 6,0,52,,31460,45,0,33 4 34,0,12,,31461,39,0,20 4 12 13,0,12,,31462,33,0,29 30 6,0,12,,31463,45,0,33 4 34,0,12,,31464,39,0,20 4 12 13,0,52,,31465,33,0,29 30 6,0,12,,31466,45,0,33 4 34,0,12,,31467,39,0,20 4 12 13,0,12,,31468,33,0,29 30 6,0,12,,31469,45,0,33 4 34,0,52,,31470,39,0,20 4 12 13,0,12,,31471,33,0,29 30 6,0,12,,31472,45,0,33 4 34,0,12,,31473,39,0,20 4 12 13,0,12,,31474,33,0,29 30 6,0,52,,31475,45,0,33 4 34,0,11,,31476,39,0,20 4 12 13,0,12,,31477,33,0,29 30 6,0,15,,31478,45,0,33 4 34,0,15,,31479,39,0,20 4 12 13,0,55,,31480,33,0,29 30 6,0,15,,31481,45,0,33 4 34,0,15,,31482,39,0,20 4 12 13,0,15,,31483,33,0,29 30 6,0,55,,31484,45,0,33 4 34,0,15,,31485,39,0,20 4 12 13,0,15,,31486,33,0,29 30 6,0,16,,31487,45,0,33 4 34,0,55,,31488,39,0,20 4 12 13,0,14,,31489,33,0,29 30 6,0,16,,31490,45,0,33 4 34,0,15,,31491,39,0,20 4 12 13,0,54,,31492,33,0,29 30 6,0,16,,31493,45,0,33 4 34,0,15,,31494,39,0,20 4 12 13,0,14,,31496,33,0,29 30 6,0,1,,31495,45,0,33 4 34,0,72,,31497,33,0,17 18 4 19,0,21,,31498,39,0,17 18 4 19,0
578501,'1',530,,31956,11,,,0,70,,31957,11,,,0,30,,31958,11,,,0,70,,31959,11,,,0,28,,31960,11,,,0,25,,31961,11,,,0,60,,31962,11,,,0,20,,31963,11,,,0,20,,31964,11,,,0,60,,31965,11,,,0,20,,31966,11,,,0,26,,31967,11,,,0,65,,31968,11,,,0,30,,31969,11,,,0,70,,31970,11,,,0,30,,31971,11,,,0,70,,31972,11,,,0,30,,31973,11,,,0,70,,31974,11,,,0,30,,31975,11,,,0,70,,31976,11,,,0,20,,31977,11,,,0,60,,31978,11,,,0,20,,31979,11,,,0,20,,31980,11,,,0,60,,31981,11,,,0,20,,31982,11,,,0,20,,31983,11,,,0,60,,31984,11,,,0,20,,31985,11,,,0,20,,31986,11,,,0,70,,31987,11,,,0,35,,31988,11,,,0,71,,31989,11,,,0,100,,31990,11,,,0,100,,31991,11,,,0,100,,31992,11,,,0,105,,31993,11,,,0,100,,31994,11,,,0,100,,31995,11,,,0
578501,'2',519,,32029,11,,,0,30,,32028,11,,,0,70,,31996,11,,,0,30,,32022,11,,,0,70,,31997,11,,,0,30,,32024,11,,,0,70,,31998,11,,,0,30,,32023,11,,,0,70,,31999,11,,,0,30,,32000,11,,,0,70,,32001,11,,,0,30,,32002,11,,,0,70,,32003,11,,,0,30,,32004,11,,,0,70,,32005,11,,,0,30,,32006,11,,,0,70,,32007,11,,,0,30,,32008,11,,,0,70,,32009,11,,,0,30,,32010,11,,,0,70,,32011,11,,,0,30,,32012,11,,,0,70,,32013,11,,,0,30,,32014,11,,,0,70,,32015,11,,,0,30,,32016,11,,,0,70,,32017,11,,,0,105,,32018,11,,,0,102,,32019,11,,,0,100,,32020,11,,,0,99,,32021,11,,,0,100,,32025,11,,,0,100,,32026,11,,,0,100,,32027,11,,,0
578501,'3',623,,32059,11,,,0,30,,32032,11,,,0,70,,32053,11,,,0,30,,32054,11,,,0,70,,32033,11,,,0,30,,32055,11,,,0,70,,32034,11,,,0,30,,32056,11,,,0,67,,32035,11,,,0,30,,32036,11,,,0,70,,32037,11,,,0,30,,32038,11,,,0,70,,32039,11,,,0,30,,32040,11,,,0,70,,32041,11,,,0,30,,32042,11,,,0,70,,32043,11,,,0,30,,32044,11,,,0,70,,32045,11,,,0,30,,32046,11,,,0,70,,32047,11,,,0,30,,32048,11,,,0,70,,32049,11,,,0,30,,32060,11,,,0,70,,32050,11,,,0,100,,32051,11,,,0,100,,32052,11,,,0,100,,32030,11,,,0,102,,32031,11,,,0,100,,32057,11,,,0,100,,32058,11,,,0
578501,'4',708,,32061,11,,,0,99,,32062,11,,,0,97,,32063,11,,,0,101,,32064,11,,,0,100,,32065,11,,,0,100,,32066,11,,,0,100,,32067,11,,,0,100,,32068,11,,,0,100,,32069,11,,,0,100,,32070,11,,,0,100,,32071,11,,,0,100,,32072,11,,,0,100,,32073,11,,,0,100,,32074,11,,,0
578501,'6',623,,32104,11,,,0,30,,32077,11,,,0,70,,32098,11,,,0,30,,32099,11,,,0,70,,32078,11,,,0,30,,32100,11,,,0,70,,32079,11,,,0,30,,32101,11,,,0,67,,32080,11,,,0,30,,32081,11,,,0,70,,32082,11,,,0,30,,32083,11,,,0,70,,32084,11,,,0,30,,32085,11,,,0,70,,32086,11,,,0,30,,32087,11,,,0,70,,32088,11,,,0,30,,32089,11,,,0,70,,32090,11,,,0,30,,32091,11,,,0,70,,32092,11,,,0,30,,32093,11,,,0,70,,32094,11,,,0,30,,32105,11,,,0,70,,32095,11,,,0,100,,32096,11,,,0,100,,32097,11,,,0,100,,32075,11,,,0,102,,32076,11,,,0,100,,32102,11,,,0,100,,32103,11,,,0
580801,'14601',530,,39528,34,,,0,20,,39522,34,,,0,60,,39523,34,,,0,20,,39524,34,,,0,20,,39525,34,,,0,60,,39526,34,,,0,20,,39527,34,,,0,20,,39520,34,,,0,59,,39521,34,,,0,10,,39423,34,,,0,10,,39454,34,,,0,10,,39424,34,,,0,8,,39455,34,,,0,7,,39425,34,,,0,48,,39456,34,,,0,9,,39426,34,,,0,8,,39457,34,,,0,8,,39427,34,,,0,8,,39458,34,,,0,5,,39428,34,,,0,8,,39459,34,,,0,7,,39460,34,,,0,48,,39461,34,,,0,13,,39462,34,,,0,12,,39429,34,,,0,10,,39430,34,,,0,10,,39431,34,,,0,10,,39432,34,,,0,50,,39433,34,,,0,10,,39434,34,,,0,10,,39435,34,,,0,10,,39436,34,,,0,10,,39437,34,,,0,10,,39438,34,,,0,50,,39439,34,,,0,10,,39440,34,,,0,10,,39441,34,,,0,10,,39442,34,,,0,10,,39443,34,,,0,10,,39444,34,,,0,50,,39445,34,,,0,10,,39446,34,,,0,10,,39447,34,,,0,10,,39448,34,,,0,10,,39449,34,,,0,10,,39450,34,,,0,50,,39451,34,,,0,10,,39452,34,,,0,10,,39453,34,,,0,10,,39488,34,,,0,9,,39489,34,,,0,8,,39492,34,,,0,47,,39490,34,,,0,8,,39493,34,,,0,7,,39491,34,,,0,8,,39463,34,,,0,7,,39476,34,,,0,8,,39464,34,,,0,7,,39477,34,,,0,8,,39465,34,,,0,47,,39478,34,,,0,8,,39466,34,,,0,7,,39479,34,,,0,8,,39467,34,,,0,7,,39480,34,,,0,8,,39468,34,,,0,7,,39481,34,,,0,8,,39469,34,,,0,47,,39482,34,,,0,8,,39470,34,,,0,7,,39483,34,,,0,8,,39471,34,,,0,7,,39484,34,,,0,8,,39472,34,,,0,7,,39485,34,,,0,8,,39473,34,,,0,48,,39486,34,,,0,8,,39474,34,,,0,7,,39487,34,,,0,8,,39475,34,,,0,8,,39503,34,,,0,10,,39504,34,,,0,10,,39505,34,,,0,50,,39506,34,,,0,10,,39507,34,,,0,10,,39494,34,,,0,14,,39495,34,,,0,15,,39496,34,,,0,55,,39498,34,,,0,15,,39499,34,,,0,15,,39500,34,,,0,15,,39501,34,,,0,55,,39502,34,,,0,15,,39497,34,,,0,15,,39515,34,,,0,15,,39516,34,,,0,55,,39519,34,,,0,16,,39517,34,,,0,22,,39518,34,,,0,70,,39508,34,,,0,30,,39509,34,,,0,70,,39510,34,,,0,30,,39511,34,,,0,70,,39512,34,,,0,30,,39513,34,,,0,70,,39514,34,,,0
580801,'14602',546,,39559,34,,,0,70,,39560,34,,,0,30,,39561,34,,,0,70,,39562,34,,,0,30,,39563,34,,,0,70,,39564,34,,,0,30,,39565,34,,,0,70,,39566,34,,,0,29,,39567,34,,,0,70,,39568,34,,,0,30,,39569,34,,,0,70,,39570,34,,,0,30,,39558,34,,,0,70,,39541,34,,,0,30,,39542,34,,,0,70,,39543,34,,,0,30,,39544,34,,,0,70,,39545,34,,,0,30,,39546,34,,,0,70,,39547,34,,,0,30,,39548,34,,,0,70,,39549,34,,,0,30,,39550,34,,,0,70,,39551,34,,,0,30,,39552,34,,,0,70,,39553,34,,,0,30,,39554,34,,,0,71,,39555,34,,,0,30,,39556,34,,,0,70,,39557,34,,,0,30,,39540,34,,,0,70,,39539,34,,,0,30,,39538,34,,,0,70,,39537,34,,,0,30,,39536,34,,,0,70,,39535,34,,,0,30,,39534,34,,,0,70,,39533,34,,,0,30,,39532,34,,,0,70,,39531,34,,,0,30,,39530,34,,,0,70,,39529,34,,,0
580801,'14603',646,,39596,34,,,0,70,,39597,34,,,0,30,,39598,34,,,0,70,,39599,34,,,0,30,,39600,34,,,0,70,,39601,34,,,0,29,,39602,34,,,0,70,,39603,34,,,0,30,,39604,34,,,0,70,,39605,34,,,0,30,,39571,34,,,0,70,,39588,34,,,0,30,,39587,34,,,0,70,,39586,34,,,0,30,,39585,34,,,0,70,,39584,34,,,0,30,,39583,34,,,0,70,,39582,34,,,0,30,,39581,34,,,0,70,,39580,34,,,0,30,,39579,34,,,0,70,,39578,34,,,0,30,,39577,34,,,0,70,,39576,34,,,0,30,,39575,34,,,0,71,,39574,34,,,0,30,,39573,34,,,0,70,,39572,34,,,0,30,,39589,34,,,0,70,,39590,34,,,0,30,,39591,34,,,0,70,,39592,34,,,0,30,,39593,34,,,0,70,,39594,34,,,0,30,,39595,34,,,0,70,,39606,34,,,0
580801,'14604',646,,39627,34,,,0,70,,39628,34,,,0,30,,39629,34,,,0,70,,39630,34,,,0,30,,39631,34,,,0,70,,39632,34,,,0,29,,39633,34,,,0,70,,39634,34,,,0,30,,39635,34,,,0,70,,39636,34,,,0,30,,39607,34,,,0,70,,39624,34,,,0,30,,39623,34,,,0,70,,39622,34,,,0,30,,39621,34,,,0,70,,39620,34,,,0,30,,39619,34,,,0,70,,39618,34,,,0,30,,39617,34,,,0,70,,39616,34,,,0,30,,39615,34,,,0,70,,39614,34,,,0,30,,39613,34,,,0,70,,39612,34,,,0,30,,39611,34,,,0,71,,39610,34,,,0,30,,39609,34,,,0,70,,39608,34,,,0,30,,39625,34,,,0,70,,39626,34,,,0
580801,'14606',646,,39662,34,,,0,70,,39663,34,,,0,30,,39664,34,,,0,70,,39665,34,,,0,30,,39666,34,,,0,70,,39667,34,,,0,29,,39668,34,,,0,70,,39669,34,,,0,30,,39670,34,,,0,70,,39671,34,,,0,30,,39637,34,,,0,70,,39654,34,,,0,30,,39653,34,,,0,70,,39652,34,,,0,30,,39651,34,,,0,70,,39650,34,,,0,30,,39649,34,,,0,70,,39648,34,,,0,30,,39647,34,,,0,70,,39646,34,,,0,30,,39645,34,,,0,70,,39644,34,,,0,30,,39643,34,,,0,70,,39642,34,,,0,30,,39641,34,,,0,71,,39640,34,,,0,30,,39639,34,,,0,70,,39638,34,,,0,30,,39655,34,,,0,70,,39656,34,,,0,30,,39657,34,,,0,70,,39658,34,,,0,30,,39659,34,,,0,70,,39660,34,,,0,30,,39661,34,,,0,70,,39672,34,,,0
582800,'1',703,,40229,28,,,0,15,,40231,28,,,0,15,,40233,28,,,0,15,,40235,28,,,0,55,,40237,28,,,0,15,,40239,28,,,0,15,,40241,28,,,0,15,,40243,28,,,0,54,,40245,28,,,0,13,,40247,28,,,0,12,,40249,28,,,0,12,,40251,28,,,0,12,,40253,28,,,0,52,,40255,28,,,0,12,,40257,28,,,0,12,,40259,28,,,0,12,,40261,28,,,0,12,,40263,28,,,0,52,,40265,28,,,0,12,,40267,28,,,0,12,,40269,28,,,0,12,,40271,28,,,0,12,,40273,28,,,0,52,,40275,28,,,0,12,,40277,28,,,0,12,,40279,28,,,0,12,,40281,28,,,0,12,,40283,28,,,0,52,,40285,28,,,0,12,,40287,28,,,0,12,,40289,28,,,0,12,,40291,28,,,0,12,,40293,28,,,0,52,,40295,28,,,0,11,,40297,28,,,0,12,,40299,28,,,0,12,,40301,28,,,0,12,,40303,28,,,0,52,,40305,28,,,0,12,,40307,28,,,0,12,,40309,28,,,0,12,,40311,28,,,0,12,,40313,28,,,0,53,,40315,28,,,0,12,,40317,28,,,0,12,,40319,28,,,0,12,,40321,28,,,0,12,,40323,28,,,0,52,,40325,28,,,0,12,,40327,28,,,0,12,,40329,28,,,0,12,,40331,28,,,0,12,,40333,28,,,0,52,,40335,28,,,0,12,,40337,28,,,0,12,,40215,28,,,0,12,,40339,28,,,0,12,,40341,28,,,0
