578300,'1',522,,30529,20,0,23 24,0,25,,30532,63,0,23 24,0,70,,30535,63,0,23 24,0,30,,30538,63,0,23 24,0,55,,30540,63,0,23 24,0,15,,30542,63,0,23 24,0,15,,30544,63,0,23 24,0,15,,30546,63,0,23 24,0,55,,30548,63,0,23 24,0,15,,30550,63,0,23 24,0,15,,30552,63,0,23 24,0,15,,30554,63,0,23 24,0,55,,30556,63,0,23 24,0,19,,30558,63,0,23 24,0,15,,30560,63,0,23 24,0,15,,30562,63,0,23 24,0,70,,30566,63,0,23 24,0,30,,30569,63,0,23 24,0,70,,30572,63,0,23 24,0,30,,30575,63,0,23 24,0,70,,30578,63,0,23 24,0,30,,30581,63,0,23 24,0,70,,30584,63,0,23 24,0,30,,30587,63,0,23 24,0,72,,30590,63,0,23 24,0,15,,30592,63,0,23 24,0,15,,30594,63,0,23 24,0,55,,30596,63,0,23 24,0,15,,30598,63,0,23 24,0,15,,30600,63,0,23 24,0,15,,30602,63,0,23 24,0,55,,30604,63,0,23 24,0,15,,30606,63,0,23 24,0,15,,30608,63,0,23 24,0,15,,30610,63,0,23 24,0,55,,30612,63,0,23 24,0,15,,30614,63,0,23 24,0,15,,30616,63,0,23 24,0,15,,30618,63,0,23 24,0,55,,30620,63,0,23 24,0,15,,30622,63,0,23 24,0,15,,30624,63,0,23 24,0,9,,30626,63,0,23 24,0,70,,30629,63,0,23 24,0,30,,30632,63,0,23 24,0,70,,30635,63,0,23 24,0,30,,30638,63,0,23 24,0,70,,30641,63,0,23 24,0,30,,30644,63,0,23 24,0,66,,30647,63,0,23 24,0,45,,30650,63,0,23 24,0,85,,30653,63,0,23 24,0,85,,30656,63,0,23 24,0,85,,30659,63,0,23 24,0,21,,30662,63,0,23 24,0
578300,'2',445,,30665,20,0,23 24,0,70,,30667,20,0,23 24,0,85,,30670,63,0,23 24,0,27,,30672,63,0,23 24,0,76,,30675,63,0,23 24,0,36,,30678,63,0,23 24,0,70,,30681,20,0,23 24,0,12,,30682,63,0,23 24,0,36,,30685,63,0,23 24,0,76,,30688,63,0,23 24,0,76,,30691,63,0,23 24,0,36,,30694,63,0,23 24,0,76,,30697,63,0,23 24,0,36,,30700,63,0,23 24,0,76,,30703,63,0,23 24,0,76,,30706,63,0,23 24,0,36,,30709,63,0,23 24,0,76,,30712,63,0,23 24,0,36,,30715,63,0,23 24,0,76,,30718,63,0,23 24,0,76,,30721,63,0,23 24,0,36,,30724,63,0,23 24,0,76,,30727,63,0,23 24,0,36,,30730,63,0,23 24,0,72,,30733,63,0,23 24,0,76,,30736,63,0,23 24,0,32,,30739,63,0,23 24,0,76,,30742,63,0,23 24,0,36,,30745,63,0,23 24,0,76,,30748,63,0,23 24,0,77,,30751,63,0,23 24,0,43,,30754,63,0,23 24,0,70,,30756,63,0,23 24,0,85,,30759,63,0,23 24,0,45,,30762,63,0,23 24,0,90,,30766,63,0,23 24,0
578300,'3',530,,30769,20,0,23 24,0,85,,30772,63,0,23 24,0,23,,30774,20,0,23 24,0,62,,30776,63,0,23 24,0,45,,30779,63,0,23 24,0,85,,30782,63,0,23 24,0,85,,30785,63,0,23 24,0,36,,30788,63,0,23 24,0,82,,30791,63,0,23 24,0,76,,30794,63,0,23 24,0,36,,30797,63,0,23 24,0,76,,30800,63,0,23 24,0,36,,30803,63,0,23 24,0,76,,30806,63,0,23 24,0,76,,30809,63,0,23 24,0,36,,30812,63,0,23 24,0,76,,30815,63,0,23 24,0,36,,30818,63,0,23 24,0,76,,30821,63,0,23 24,0,76,,30824,63,0,23 24,0,36,,30827,63,0,23 24,0,73,,30830,63,0,23 24,0,85,,30833,63,0,23 24,0,45,,30836,63,0,23 24,0,85,,30839,63,0,23 24,0,85,,30842,63,0,23 24,0,85,,30845,63,0,23 24,0,43,,30848,63,0,23 24,0,85,,30851,63,0,23 24,0,85,,30855,63,0,23 24,0
578300,'4',545,,30921,20,0,23 24,0,80,,30857,20,0,23 24,0,75,,30860,63,0,23 24,0,45,,30863,63,0,23 24,0,85,,30866,63,0,23 24,0,85,,30869,63,0,23 24,0,85,,30872,63,0,23 24,0,49,,30875,63,0,23 24,0,85,,30878,63,0,23 24,0,85,,30881,63,0,23 24,0,85,,30884,63,0,23 24,0,45,,30887,63,0,23 24,0,85,,30890,63,0,23 24,0,85,,30893,63,0,23 24,0,85,,30896,63,0,23 24,0,45,,30899,63,0,23 24,0,85,,30902,63,0,23 24,0,81,,30905,63,0,23 24,0,85,,30908,63,0,23 24,0,45,,30911,63,0,23 24,0,85,,30914,63,0,23 24,0,85,,30918,63,0,23 24,0
578300,'6',530,,30923,20,0,23 24,0,85,,30926,63,0,23 24,0,23,,30928,20,0,23 24,0,62,,30930,63,0,23 24,0,45,,30933,63,0,23 24,0,85,,30936,63,0,23 24,0,85,,30939,63,0,23 24,0,36,,30942,63,0,23 24,0,82,,30945,63,0,23 24,0,76,,30948,63,0,23 24,0,36,,30951,63,0,23 24,0,76,,30954,63,0,23 24,0,36,,30957,63,0,23 24,0,76,,30960,63,0,23 24,0,76,,30963,63,0,23 24,0,36,,30966,63,0,23 24,0,76,,30969,63,0,23 24,0,36,,30972,63,0,23 24,0,76,,30975,63,0,23 24,0,76,,30978,63,0,23 24,0,36,,30981,63,0,23 24,0,73,,30984,63,0,23 24,0,85,,30987,63,0,23 24,0,45,,30990,63,0,23 24,0,85,,30993,63,0,23 24,0,85,,30996,63,0,23 24,0,85,,30999,63,0,23 24,0,43,,31002,63,0,23 24,0,85,,31005,63,0,23 24,0,85,,31009,63,0,23 24,0
580800,'14601',523,,39276,23,,,0,20,,39270,23,,,0,60,,39271,23,,,0,20,,39272,23,,,0,20,,39273,23,,,0,60,,39274,23,,,0,20,,39275,23,,,0,20,,39174,23,,,0,58,,39175,23,,,0,7,,39188,23,,,0,7,,39189,23,,,0,8,,39196,23,,,0,7,,39190,23,,,0,8,,39197,23,,,0,7,,39191,23,,,0,8,,39198,23,,,0,47,,39192,23,,,0,8,,39199,23,,,0,7,,39193,23,,,0,10,,39200,23,,,0,7,,39194,23,,,0,8,,39201,23,,,0,7,,39195,23,,,0,10,,39202,23,,,0,50,,39203,23,,,0,10,,39204,23,,,0,10,,39205,23,,,0,10,,39206,23,,,0,10,,39207,23,,,0,10,,39208,23,,,0,50,,39209,23,,,0,10,,39210,23,,,0,10,,39211,23,,,0,10,,39212,23,,,0,10,,39213,23,,,0,10,,39214,23,,,0,50,,39215,23,,,0,10,,39216,23,,,0,10,,39217,23,,,0,10,,39218,23,,,0,10,,39219,23,,,0,10,,39220,23,,,0,50,,39221,23,,,0,10,,39222,23,,,0,10,,39223,23,,,0,10,,39224,23,,,0,10,,39225,23,,,0,10,,39226,23,,,0,50,,39227,23,,,0,10,,39228,23,,,0,10,,39229,23,,,0,10,,39230,23,,,0,10,,39231,23,,,0,10,,39232,23,,,0,50,,39233,23,,,0,10,,39247,23,,,0,7,,39234,23,,,0,8,,39248,23,,,0,7,,39235,23,,,0,8,,39249,23,,,0,7,,39236,23,,,0,48,,39250,23,,,0,7,,39237,23,,,0,8,,39251,23,,,0,7,,39238,23,,,0,8,,39252,23,,,0,7,,39239,23,,,0,8,,39253,23,,,0,7,,39240,23,,,0,48,,39254,23,,,0,7,,39241,23,,,0,8,,39255,23,,,0,7,,39242,23,,,0,8,,39256,23,,,0,7,,39243,23,,,0,8,,39257,23,,,0,7,,39244,23,,,0,48,,39258,23,,,0,7,,39245,23,,,0,8,,39259,23,,,0,7,,39246,23,,,0,8,,39260,23,,,0,11,,39261,23,,,0,15,,39176,23,,,0,55,,39177,23,,,0,12,,39178,23,,,0,15,,39171,23,,,0,15,,39172,23,,,0,55,,39173,23,,,0,15,,39262,23,,,0,15,,39263,23,,,0,15,,39264,23,,,0,55,,39265,23,,,0,15,,39266,23,,,0,15,,39267,23,,,0,15,,39268,23,,,0,63,,39269,23,,,0,27,,39179,23,,,0,70,,39180,23,,,0,30,,39181,23,,,0,70,,39182,23,,,0,30,,39183,23,,,0,70,,39184,23,,,0,30,,39185,23,,,0,70,,39186,23,,,0,30,,39187,23,,,0
580800,'14602',523,,39308,23,,,0,30,,39309,23,,,0,70,,39310,23,,,0,30,,39311,23,,,0,70,,39312,23,,,0,30,,39313,23,,,0,70,,39314,23,,,0,30,,39315,23,,,0,72,,39316,23,,,0,30,,39317,23,,,0,70,,39318,23,,,0,30,,39319,23,,,0,70,,39320,23,,,0,30,,39291,23,,,0,70,,39292,23,,,0,30,,39293,23,,,0,70,,39294,23,,,0,30,,39295,23,,,0,70,,39296,23,,,0,30,,39297,23,,,0,70,,39298,23,,,0,30,,39299,23,,,0,70,,39300,23,,,0,30,,39301,23,,,0,70,,39302,23,,,0,30,,39303,23,,,0,70,,39304,23,,,0,30,,39305,23,,,0,67,,39306,23,,,0,30,,39307,23,,,0,70,,39290,23,,,0,30,,39289,23,,,0,70,,39288,23,,,0,30,,39287,23,,,0,67,,39286,23,,,0,30,,39285,23,,,0,70,,39284,23,,,0,30,,39283,23,,,0,70,,39282,23,,,0,30,,39281,23,,,0,70,,39280,23,,,0,30,,39279,23,,,0,70,,39278,23,,,0,30,,39277,23,,,0
580800,'14603',623,,39346,23,,,0,30,,39347,23,,,0,70,,39348,23,,,0,30,,39349,23,,,0,70,,39350,23,,,0,30,,39351,23,,,0,72,,39352,23,,,0,30,,39353,23,,,0,70,,39354,23,,,0,30,,39355,23,,,0,70,,39356,23,,,0,30,,39337,23,,,0,70,,39336,23,,,0,30,,39335,23,,,0,70,,39334,23,,,0,30,,39333,23,,,0,70,,39332,23,,,0,30,,39331,23,,,0,70,,39330,23,,,0,30,,39329,23,,,0,70,,39328,23,,,0,30,,39327,23,,,0,70,,39326,23,,,0,30,,39325,23,,,0,70,,39324,23,,,0,30,,39323,23,,,0,67,,39322,23,,,0,30,,39321,23,,,0,70,,39338,23,,,0,30,,39339,23,,,0,70,,39340,23,,,0,30,,39341,23,,,0,67,,39342,23,,,0,30,,39343,23,,,0,70,,39344,23,,,0,30,,39345,23,,,0
580800,'14604',623,,39376,23,,,0,30,,39377,23,,,0,70,,39378,23,,,0,30,,39379,23,,,0,70,,39380,23,,,0,30,,39381,23,,,0,72,,39382,23,,,0,30,,39383,23,,,0,70,,39384,23,,,0,30,,39385,23,,,0,70,,39386,23,,,0,30,,39373,23,,,0,70,,39372,23,,,0,30,,39371,23,,,0,70,,39370,23,,,0,30,,39369,23,,,0,70,,39368,23,,,0,30,,39367,23,,,0,70,,39366,23,,,0,30,,39365,23,,,0,70,,39364,23,,,0,30,,39363,23,,,0,70,,39362,23,,,0,30,,39361,23,,,0,70,,39360,23,,,0,30,,39359,23,,,0,67,,39358,23,,,0,30,,39357,23,,,0,70,,39374,23,,,0,30,,39375,23,,,0
580800,'14606',623,,39412,23,,,0,30,,39413,23,,,0,70,,39414,23,,,0,30,,39415,23,,,0,70,,39416,23,,,0,30,,39417,23,,,0,72,,39418,23,,,0,30,,39419,23,,,0,70,,39420,23,,,0,30,,39421,23,,,0,70,,39422,23,,,0,30,,39403,23,,,0,70,,39402,23,,,0,30,,39401,23,,,0,70,,39400,23,,,0,30,,39399,23,,,0,70,,39398,23,,,0,30,,39397,23,,,0,70,,39396,23,,,0,30,,39395,23,,,0,70,,39394,23,,,0,30,,39393,23,,,0,70,,39392,23,,,0,30,,39391,23,,,0,70,,39390,23,,,0,30,,39389,23,,,0,67,,39388,23,,,0,30,,39387,23,,,0,70,,39404,23,,,0,30,,39405,23,,,0,70,,39406,23,,,0,30,,39407,23,,,0,67,,39408,23,,,0,30,,39409,23,,,0,70,,39410,23,,,0,30,,39411,23,,,0
