582801,'1',433,,40612,18,0,37 38 39,0,23,,40613,18,0,37 38 39,0,60,,40614,18,0,37 38 39,0,20,,40615,18,0,37 38 39,0,15,,40616,18,0,37 38 39,0,55,,40617,18,,,0,10,,40618,18,0,37 38 39,0,10,,40619,18,,,0,10,,40620,18,0,37 38 39,0,10,,40621,18,,,0,7,,40622,18,0,37 38 39,0,48,,40623,18,,,0,7,,40624,18,0,37 38 39,0,8,,40625,18,,,0,7,,40626,18,0,37 38 39,0,7,,40627,18,,,0,8,,40628,18,0,37 38 39,0,8,,40629,18,,,0,7,,40630,18,0,37 38 39,0,48,,40631,18,,,0,7,,40632,18,0,37 38 39,0,8,,40633,18,,,0,7,,40634,18,0,37 38 39,0,8,,40635,18,,,0,6,,40636,18,0,37 38 39,0,6,,40637,18,,,0,6,,40638,18,0,37 38 39,0,6,,40639,18,,,0,46,,40640,18,0,37 38 39,0,6,,40641,18,,,0,6,,40611,18,0,37 38 39,0,6,,40643,18,,,0,6,,40642,18,0,37 38 39,0,6,,40645,18,,,0,6,,40644,18,0,37 38 39,0,6,,40647,18,,,0,6,,40646,18,0,37 38 39,0,6,,40649,18,,,0,46,,40648,18,0,37 38 39,0,6,,40651,18,,,0,6,,40650,18,0,37 38 39,0,6,,40653,18,,,0,6,,40652,18,0,37 38 39,0,6,,40655,18,,,0,6,,40654,18,0,37 38 39,0,6,,40657,18,,,0,6,,40656,18,0,37 38 39,0,6,,40659,18,,,0,46,,40658,18,0,37 38 39,0,6,,40661,18,,,0,6,,40660,18,0,37 38 39,0,6,,40663,18,,,0,6,,40662,18,0,37 38 39,0,6,,40665,18,,,0,6,,40664,18,0,37 38 39,0,6,,40667,18,,,0,6,,40666,18,0,37 38 39,0,6,,40669,18,,,0,46,,40668,18,0,37 38 39,0,6,,40671,18,,,0,6,,40670,18,0,37 38 39,0,6,,40673,18,,,0,6,,40672,18,0,37 38 39,0,6,,40675,18,,,0,6,,40674,18,0,37 38 39,0,6,,40677,18,,,0,6,,40676,18,0,37 38 39,0,6,,40679,18,,,0,46,,40678,18,0,37 38 39,0,6,,40681,18,,,0,6,,40680,18,0,37 38 39,0,6,,40683,18,,,0,6,,40682,18,0,37 38 39,0,6,,40685,18,,,0,6,,40684,18,0,37 38 39,0,6,,40687,18,,,0,6,,40686,18,0,37 38 39,0,6,,40689,18,,,0,46,,40688,18,0,37 38 39,0,6,,40691,18,,,0,6,,40690,18,0,37 38 39,0,6,,40693,18,,,0,6,,40692,18,0,37 38 39,0,6,,40695,18,,,0,6,,40694,18,0,37 38 39,0,6,,40697,18,,,0,6,,40696,18,0,37 38 39,0,6,,40699,18,,,0,46,,40698,18,0,37 38 39,0,6,,40701,18,,,0,6,,40700,18,0,37 38 39,0,6,,40703,18,,,0,7,,40702,18,0,37 38 39,0,6,,40705,18,,,0,6,,40704,18,0,37 38 39,0,6,,40707,18,,,0,6,,40706,18,0,37 38 39,0,6,,40709,18,,,0,46,,40708,18,0,37 38 39,0,6,,40711,18,,,0,6,,40710,18,0,37 38 39,0,6,,40713,18,,,0,6,,40712,18,0,37 38 39,0,6,,40715,18,,,0,6,,40714,18,0,37 38 39,0,6,,40717,18,,,0,6,,40716,18,0,37 38 39,0,8,,40719,18,,,0,46,,40718,18,0,37 38 39,0,6,,40721,18,,,0,6,,40720,18,0,37 38 39,0,6,,40723,18,,,0,6,,40722,18,0,37 38 39,0,6,,40725,18,,,0,6,,40724,18,0,37 38 39,0,6,,40727,18,,,0,6,,40726,18,0,37 38 39,0,6,,40728,18,0,37 38 39,0,46,,40729,18,0,37 38 39,0,6,,40730,18,0,37 38 39,0,6,,40731,18,0,37 38 39,0,6,,40732,18,0,37 38 39,0,6,,40733,18,0,37 38 39,0,6,,40734,18,0,37 38 39,0,7,,40735,18,0,37 38 39,0,7,,40736,18,0,37 38 39,0,8,,40737,18,0,37 38 39,0,47,,40738,18,0,37 38 39,0,8,,40739,18,0,37 38 39,0,11,,40740,18,0,37 38 39,0,15,,40741,18,0,37 38 39,0,15,,40742,18,0,37 38 39,0,55,,40743,18,0,37 38 39,0,15,,40744,18,0,37 38 39,0,15,,40745,18,0,37 38 39,0,15,,40746,18,0,37 38 39,0,55,,40747,18,0,37 38 39,0,15,,40748,18,0,37 38 39,0,15,,40749,18,0,37 38 39,0,15,,40750,18,0,37 38 39,0,60,,40751,18,0,37 38 39,0,20,,40752,18,0,37 38 39,0,20,,40753,18,0,37 38 39,0,60,,40754,18,0,37 38 39,0,20,,40755,18,0,37 38 39,0,20,,40756,18,0,37 38 39,0,60,,40757,18,0,37 38 39,0,20,,40758,18,0,37 38 39,0,20,,40759,18,0,37 38 39,0,63,,40760,18,0,37 38 39,0,36,,40761,18,0,37 38 39,0
582801,'2',513,,40770,18,0,37 38 39,0,20,,40771,18,0,37 38 39,0,20,,40772,18,0,37 38 39,0,60,,40773,18,0,37 38 39,0,20,,40774,18,0,37 38 39,0,20,,40775,18,0,37 38 39,0,60,,40776,18,0,37 38 39,0,20,,40777,18,0,37 38 39,0,20,,40778,18,0,37 38 39,0,60,,40779,18,0,37 38 39,0,15,,40780,18,0,37 38 39,0,15,,40781,18,0,37 38 39,0,15,,40793,18,0,37 38 39,0,55,,40794,18,0,37 38 39,0,15,,40795,18,0,37 38 39,0,15,,40796,18,0,37 38 39,0,15,,40797,18,0,37 38 39,0,55,,40798,18,0,37 38 39,0,15,,40799,18,0,37 38 39,0,15,,40800,18,0,37 38 39,0,15,,40801,18,0,37 38 39,0,55,,40802,18,0,37 38 39,0,15,,40803,18,0,37 38 39,0,15,,40804,18,0,37 38 39,0,15,,40805,18,0,37 38 39,0,55,,40806,18,0,37 38 39,0,15,,40807,18,0,37 38 39,0,15,,40808,18,0,37 38 39,0,15,,40809,18,0,37 38 39,0,55,,40810,18,0,37 38 39,0,15,,40811,18,0,37 38 39,0,15,,40812,18,0,37 38 39,0,15,,40813,18,0,37 38 39,0,55,,40814,18,0,37 38 39,0,15,,40815,18,0,37 38 39,0,15,,40816,18,0,37 38 39,0,15,,40817,18,0,37 38 39,0,55,,40818,18,0,37 38 39,0,15,,40819,18,0,37 38 39,0,15,,40820,18,0,37 38 39,0,15,,40821,18,0,37 38 39,0,55,,40822,18,0,37 38 39,0,15,,40823,18,0,37 38 39,0,15,,40824,18,0,37 38 39,0,15,,40825,18,0,37 38 39,0,55,,40826,18,0,37 38 39,0,15,,40827,18,0,37 38 39,0,15,,40828,18,0,37 38 39,0,15,,40829,18,0,37 38 39,0,55,,40830,18,0,37 38 39,0,15,,40831,18,0,37 38 39,0,15,,40832,18,0,37 38 39,0,15,,40833,18,0,37 38 39,0,55,,40834,18,0,37 38 39,0,16,,40769,18,0,37 38 39,0,20,,40768,18,0,37 38 39,0,60,,40767,18,0,37 38 39,0,20,,40766,18,0,37 38 39,0,20,,40765,18,0,37 38 39,0,60,,40764,18,0,37 38 39,0,20,,40763,18,0,37 38 39,0,20,,40762,18,0,37 38 39,0,60,,40782,18,0,37 38 39,0,20,,40783,18,0,37 38 39,0,20,,40784,18,0,37 38 39,0,60,,40789,18,0,37 38 39,0,20,,40785,18,0,37 38 39,0,20,,40786,18,0,37 38 39,0,60,,40790,18,0,37 38 39,0,20,,40791,18,0,37 38 39,0,20,,40787,18,0,37 38 39,0,75,,40788,18,0,37 38 39,0,80,,40792,18,0,37 38 39,0
582801,'3',526,,40835,18,0,37 38 39,0,30,,40861,18,0,37 38 39,0,70,,40836,18,0,37 38 39,0,30,,40837,18,0,37 38 39,0,61,,40838,18,0,37 38 39,0,20,,40854,18,0,37 38 39,0,20,,40839,18,0,37 38 39,0,60,,40840,18,0,37 38 39,0,20,,40841,18,0,37 38 39,0,20,,40862,18,0,37 38 39,0,60,,40863,18,0,37 38 39,0,20,,40864,18,0,37 38 39,0,20,,40865,18,0,37 38 39,0,60,,40866,18,0,37 38 39,0,20,,40867,18,0,37 38 39,0,20,,40868,18,0,37 38 39,0,58,,40869,18,0,37 38 39,0,15,,40870,18,0,37 38 39,0,15,,40871,18,0,37 38 39,0,55,,40872,18,0,37 38 39,0,15,,40873,18,0,37 38 39,0,15,,40874,18,0,37 38 39,0,15,,40875,18,0,37 38 39,0,55,,40876,18,0,37 38 39,0,15,,40877,18,0,37 38 39,0,15,,40878,18,0,37 38 39,0,15,,40879,18,0,37 38 39,0,55,,40880,18,0,37 38 39,0,15,,40881,18,0,37 38 39,0,15,,40882,18,0,37 38 39,0,15,,40883,18,0,37 38 39,0,55,,40884,18,0,37 38 39,0,15,,40885,18,0,37 38 39,0,15,,40886,18,0,37 38 39,0,15,,40887,18,0,37 38 39,0,55,,40888,18,0,37 38 39,0,15,,40889,18,0,37 38 39,0,15,,40890,18,0,37 38 39,0,15,,40891,18,0,37 38 39,0,55,,40892,18,0,37 38 39,0,15,,40893,18,0,37 38 39,0,15,,40894,18,0,37 38 39,0,15,,40895,18,0,37 38 39,0,55,,40896,18,0,37 38 39,0,15,,40897,18,0,37 38 39,0,15,,40898,18,0,37 38 39,0,20,,40855,18,0,37 38 39,0,60,,40842,18,0,37 38 39,0,20,,40843,18,0,37 38 39,0,20,,40856,18,0,37 38 39,0,60,,40844,18,0,37 38 39,0,20,,40845,18,0,37 38 39,0,20,,40857,18,0,37 38 39,0,60,,40846,18,0,37 38 39,0,20,,40847,18,0,37 38 39,0,20,,40858,18,0,37 38 39,0,60,,40848,18,0,37 38 39,0,20,,40849,18,0,37 38 39,0,20,,40859,18,0,37 38 39,0,60,,40850,18,0,37 38 39,0,20,,40851,18,0,37 38 39,0,20,,40860,18,0,37 38 39,0,60,,40852,18,0,37 38 39,0,39,,40853,18,0,37 38 39,0
582801,'4',601,,40899,18,0,37 38 39,0,30,,40900,18,0,37 38 39,0,70,,40901,18,0,37 38 39,0,30,,40902,18,0,37 38 39,0,70,,40903,18,0,37 38 39,0,30,,40904,18,0,37 38 39,0,70,,40905,18,0,37 38 39,0,30,,40906,18,0,37 38 39,0,70,,40907,18,0,37 38 39,0,30,,40908,18,0,37 38 39,0,70,,40909,18,0,37 38 39,0,30,,40910,18,0,37 38 39,0,70,,40911,18,0,37 38 39,0,30,,40912,18,0,37 38 39,0,70,,40913,18,0,37 38 39,0,30,,40914,18,0,37 38 39,0,70,,40915,18,0,37 38 39,0,30,,40916,18,0,37 38 39,0,70,,40917,18,0,37 38 39,0,30,,40918,18,0,37 38 39,0,70,,40919,18,0,37 38 39,0,30,,40920,18,0,37 38 39,0,70,,40921,18,0,37 38 39,0,30,,40922,18,0,37 38 39,0,70,,40923,18,0,37 38 39,0,30,,40924,18,0,37 38 39,0,70,,40925,18,0,37 38 39,0,30,,40926,18,0,37 38 39,0,70,,40927,18,0,37 38 39,0,30,,40928,18,0,37 38 39,0,70,,40929,18,0,37 38 39,0
582801,'6',513,,40938,18,0,37 38 39,0,20,,40939,18,0,37 38 39,0,20,,40940,18,0,37 38 39,0,60,,40941,18,0,37 38 39,0,20,,40942,18,0,37 38 39,0,20,,40943,18,0,37 38 39,0,60,,40944,18,0,37 38 39,0,20,,40945,18,0,37 38 39,0,20,,40946,18,0,37 38 39,0,60,,40947,18,0,37 38 39,0,15,,40948,18,0,37 38 39,0,15,,40949,18,0,37 38 39,0,15,,40961,18,0,37 38 39,0,55,,40962,18,0,37 38 39,0,15,,40963,18,0,37 38 39,0,15,,40964,18,0,37 38 39,0,15,,40965,18,0,37 38 39,0,55,,40966,18,0,37 38 39,0,15,,40967,18,0,37 38 39,0,15,,40968,18,0,37 38 39,0,15,,40969,18,0,37 38 39,0,55,,40970,18,0,37 38 39,0,15,,40971,18,0,37 38 39,0,15,,40972,18,0,37 38 39,0,15,,40973,18,0,37 38 39,0,55,,40974,18,0,37 38 39,0,15,,40975,18,0,37 38 39,0,15,,40976,18,0,37 38 39,0,15,,40977,18,0,37 38 39,0,55,,40978,18,0,37 38 39,0,15,,40979,18,0,37 38 39,0,15,,40980,18,0,37 38 39,0,15,,40981,18,0,37 38 39,0,55,,40982,18,0,37 38 39,0,15,,40983,18,0,37 38 39,0,15,,40984,18,0,37 38 39,0,15,,40985,18,0,37 38 39,0,55,,40986,18,0,37 38 39,0,15,,40987,18,0,37 38 39,0,15,,40988,18,0,37 38 39,0,15,,40989,18,0,37 38 39,0,55,,40990,18,0,37 38 39,0,15,,40991,18,0,37 38 39,0,15,,40992,18,0,37 38 39,0,15,,40993,18,0,37 38 39,0,55,,40994,18,0,37 38 39,0,15,,40995,18,0,37 38 39,0,15,,40996,18,0,37 38 39,0,15,,40997,18,0,37 38 39,0,55,,40998,18,0,37 38 39,0,15,,40999,18,0,37 38 39,0,15,,41000,18,0,37 38 39,0,15,,41001,18,0,37 38 39,0,55,,41002,18,0,37 38 39,0,16,,40937,18,0,37 38 39,0,20,,40936,18,0,37 38 39,0,60,,40935,18,0,37 38 39,0,20,,40934,18,0,37 38 39,0,20,,40933,18,0,37 38 39,0,60,,40932,18,0,37 38 39,0,20,,40931,18,0,37 38 39,0,20,,40930,18,0,37 38 39,0,60,,40950,18,0,37 38 39,0,20,,40951,18,0,37 38 39,0,20,,40952,18,0,37 38 39,0,60,,40957,18,0,37 38 39,0,20,,40953,18,0,37 38 39,0,20,,40954,18,0,37 38 39,0,60,,40958,18,0,37 38 39,0,20,,40959,18,0,37 38 39,0,20,,40955,18,0,37 38 39,0,75,,40956,18,0,37 38 39,0,80,,40960,18,0,37 38 39,0
582901,'1601',807,,41339,4,,,0,12,,41338,4,,,0
582901,'1',539,,41340,4,,,0,18,,41341,4,,,0,55,,41342,4,,,0,15,,41343,4,,,0,15,,41344,4,,,0,16,,41345,4,,,0,55,,41346,4,,,0,10,,41347,4,,,0,10,,41348,4,,,0,10,,41349,4,,,0,10,,41350,4,,,0,50,,41351,4,,,0,10,,41352,4,,,0,10,,41353,4,,,0,10,,41354,4,,,0,10,,41355,4,,,0,10,,41356,4,,,0,50,,41357,4,,,0,10,,41358,4,,,0,10,,41359,4,,,0,10,,41360,4,,,0,10,,41361,4,,,0,10,,41362,4,,,0,50,,41363,4,,,0,12,,41364,4,,,0,12,,41365,4,,,0,12,,41366,4,,,0,12,,41367,4,,,0,52,,41368,4,,,0,12,,41369,4,,,0,12,,41370,4,,,0,12,,41371,4,,,0,12,,41372,4,,,0,52,,41373,4,,,0,12,,41374,4,,,0,12,,41375,4,,,0,12,,41376,4,,,0,12,,41377,4,,,0,52,,41378,4,,,0,12,,41379,4,,,0,12,,41380,4,,,0,12,,41381,4,,,0,12,,41382,4,,,0,52,,41383,4,,,0,11,,41384,4,,,0,10,,41385,4,,,0,10,,41386,4,,,0,10,,41387,4,,,0,10,,41388,4,,,0,50,,41389,4,,,0,10,,41390,4,,,0,10,,41391,4,,,0,10,,41392,4,,,0,10,,41393,4,,,0,10,,41394,4,,,0,50,,41395,4,,,0,10,,41396,4,,,0,10,,41397,4,,,0,10,,41398,4,,,0,10,,41399,4,,,0,10,,41400,4,,,0,50,,41401,4,,,0,10,,41402,4,,,0,10,,41403,4,,,0,10,,41404,4,,,0,10,,41405,4,,,0,10,,41406,4,,,0,50,,41407,4,,,0,10,,41408,4,,,0,10,,41409,4,,,0,10,,41410,4,,,0,12,,41411,4,,,0,10,,41412,4,,,0,50,,41413,4,,,0,10,,41414,4,,,0,10,,41415,4,,,0,10,,41416,4,,,0,11,,41417,4,,,0,12,,41418,4,,,0,52,,41419,4,,,0,12,,41420,4,,,0,12,,41421,4,,,0,12,,41422,4,,,0,12,,41423,4,,,0,52,,41424,4,,,0,12,,41425,4,,,0,12,,41426,4,,,0,12,,41427,4,,,0,62,,41428,4,,,0,30,,41429,4,,,0,70,,41430,4,,,0,30,,41431,4,,,0,70,,41432,4,,,0,30,,41434,4,,,0,65,,41433,4,,,0
582901,'2',820,,41522,4,,,0,10,,41519,4,,,0,10,,41518,4,,,0,10,,41517,4,,,0,50,,41516,4,,,0,10,,41515,4,,,0,10,,41514,4,,,0,10,,41513,4,,,0,10,,41512,4,,,0,10,,41511,4,,,0,50,,41510,4,,,0,10,,41509,4,,,0,10,,41508,4,,,0,10,,41507,4,,,0,10,,41506,4,,,0,10,,41505,4,,,0,50,,41504,4,,,0,7,,41503,4,,,0,10,,41502,4,,,0,10,,41501,4,,,0,10,,41500,4,,,0,10,,41499,4,,,0,10,,41498,4,,,0,50,,41497,4,,,0,10,,41496,4,,,0,10,,41495,4,,,0,10,,41494,4,,,0,10,,41493,4,,,0,10,,41492,4,,,0,50,,41491,4,,,0,10,,41490,4,,,0,10,,41489,4,,,0,10,,41488,4,,,0,10,,41487,4,,,0,10,,41486,4,,,0,50,,41485,4,,,0,10,,41484,4,,,0,10,,41483,4,,,0,10,,41482,4,,,0,10,,41481,4,,,0,10,,41480,4,,,0,50,,41479,4,,,0,10,,41478,4,,,0,10,,41477,4,,,0,10,,41476,4,,,0,10,,41475,4,,,0,10,,41474,4,,,0,50,,41473,4,,,0,10,,41472,4,,,0,10,,41471,4,,,0,10,,41470,4,,,0,10,,41469,4,,,0,10,,41468,4,,,0,50,,41467,4,,,0,10,,41466,4,,,0,10,,41465,4,,,0,10,,41464,4,,,0,10,,41463,4,,,0,10,,41462,4,,,0,50,,41461,4,,,0,10,,41460,4,,,0,10,,41459,4,,,0,10,,41458,4,,,0,10,,41457,4,,,0,10,,41456,4,,,0,53,,41455,4,,,0,10,,41454,4,,,0,12,,41453,4,,,0,12,,41452,4,,,0,12,,41451,4,,,0,52,,41450,4,,,0,12,,41449,4,,,0,12,,41448,4,,,0,12,,41447,4,,,0,12,,41446,4,,,0,52,,41445,4,,,0,12,,41444,4,,,0,12,,41443,4,,,0,12,,41442,4,,,0,60,,41441,4,,,0,30,,41440,4,,,0,70,,41439,4,,,0,30,,41438,4,,,0,70,,41437,4,,,0,30,,41436,4,,,0,78,,41435,4,,,0
582901,'3',817,,41525,4,,,0,15,,41526,4,,,0,15,,41527,4,,,0,55,,41528,4,,,0,15,,41529,4,,,0,15,,41530,4,,,0,12,,41531,4,,,0,15,,41532,4,,,0,55,,41533,4,,,0,15,,41534,4,,,0,15,,41535,4,,,0,15,,41536,4,,,0,55,,41537,4,,,0,15,,41538,4,,,0,15,,41539,4,,,0,15,,41540,4,,,0,55,,41541,4,,,0,15,,41542,4,,,0,15,,41543,4,,,0,15,,41544,4,,,0,55,,41545,4,,,0,15,,41546,4,,,0,15,,41547,4,,,0,15,,41548,4,,,0,55,,41549,4,,,0,15,,41550,4,,,0,15,,41551,4,,,0,15,,41552,4,,,0,55,,41553,4,,,0,15,,41554,4,,,0,15,,41555,4,,,0,15,,41556,4,,,0,55,,41557,4,,,0,15,,41558,4,,,0,15,,41559,4,,,0,15,,41560,4,,,0,55,,41561,4,,,0,15,,41562,4,,,0,15,,41563,4,,,0,15,,41564,4,,,0,55,,41565,4,,,0,15,,41566,4,,,0,18,,41567,4,,,0,55,,41568,4,,,0,20,,41569,4,,,0,20,,41570,4,,,0,60,,41571,4,,,0,20,,41572,4,,,0,20,,41573,4,,,0,60,,41574,4,,,0,20,,41575,4,,,0,24,,41576,4,,,0,70,,41577,4,,,0,30,,41578,4,,,0,70,,41579,4,,,0,30,,41580,4,,,0
582901,'4',747,,41581,4,,,0,70,,41582,4,,,0,30,,41583,4,,,0,70,,41584,4,,,0,30,,41585,4,,,0,70,,41586,4,,,0,20,,41587,4,,,0,20,,41588,4,,,0,60,,41589,4,,,0,20,,41590,4,,,0,20,,41591,4,,,0,60,,41592,4,,,0,20,,41593,4,,,0,20,,41594,4,,,0,60,,41595,4,,,0,20,,41596,4,,,0,20,,41597,4,,,0,60,,41598,4,,,0,20,,41599,4,,,0,20,,41600,4,,,0,60,,41601,4,,,0,20,,41602,4,,,0,20,,41603,4,,,0,60,,41604,4,,,0,20,,41605,4,,,0,20,,41606,4,,,0,60,,41607,4,,,0,20,,41608,4,,,0,20,,41609,4,,,0,62,,41610,4,,,0,27,,41611,4,,,0,70,,41612,4,,,0,30,,41613,4,,,0,70,,41614,4,,,0,30,,41615,4,,,0
582901,'6',817,,41618,4,,,0,15,,41619,4,,,0,15,,41620,4,,,0,55,,41621,4,,,0,15,,41622,4,,,0,15,,41623,4,,,0,12,,41624,4,,,0,15,,41625,4,,,0,55,,41626,4,,,0,15,,41627,4,,,0,15,,41628,4,,,0,15,,41629,4,,,0,55,,41630,4,,,0,15,,41631,4,,,0,15,,41632,4,,,0,15,,41633,4,,,0,55,,41634,4,,,0,15,,41635,4,,,0,15,,41636,4,,,0,15,,41637,4,,,0,55,,41638,4,,,0,15,,41639,4,,,0,15,,41640,4,,,0,15,,41641,4,,,0,55,,41642,4,,,0,15,,41643,4,,,0,15,,41644,4,,,0,15,,41645,4,,,0,55,,41646,4,,,0,15,,41647,4,,,0,15,,41648,4,,,0,15,,41649,4,,,0,55,,41650,4,,,0,15,,41651,4,,,0,15,,41652,4,,,0,15,,41653,4,,,0,55,,41654,4,,,0,15,,41655,4,,,0,15,,41656,4,,,0,15,,41657,4,,,0,55,,41658,4,,,0,15,,41659,4,,,0,18,,41660,4,,,0,55,,41661,4,,,0,20,,41662,4,,,0,20,,41663,4,,,0,60,,41664,4,,,0,20,,41665,4,,,0,20,,41666,4,,,0,60,,41667,4,,,0,20,,41668,4,,,0,24,,41669,4,,,0,70,,41670,4,,,0,30,,41671,4,,,0,70,,41672,4,,,0,30,,41673,4,,,0
