579200,'1',503,,33133,1,,,0,20,,33134,1,,,0,20,,33135,1,,,0,60,,33136,1,,,0,20,,33137,1,,,0,20,,33138,1,,,0,60,,33139,1,,,0,20,,33140,1,,,0,20,,33141,1,,,0,60,,33142,1,,,0,20,,33143,1,,,0,20,,33144,1,,,0,60,,33145,1,,,0,20,,33146,1,,,0,20,,33147,1,,,0,60,,33148,1,,,0,20,,33149,1,,,0,20,,33130,1,,,0,60,,33150,1,,,0,20,,33151,1,,,0,20,,33152,1,,,0,60,,33153,1,,,0,20,,33154,1,,,0,20,,33155,1,,,0,60,,33156,1,,,0,20,,33157,1,,,0,20,,33158,1,,,0,60,,33159,1,,,0,20,,33160,1,,,0,20,,33161,1,,,0,60,,33162,1,,,0,20,,33163,1,,,0,20,,33164,1,,,0,60,,33165,1,,,0,20,,33166,1,,,0,20,,33167,1,,,0,60,,33168,1,,,0,20,,33131,1,,,0,20,,33169,1,,,0,60,,33170,1,,,0,20,,33171,1,,,0,20,,33172,1,,,0,65,,33173,1,,,0,30,,33183,1,,,0,70,,33174,1,,,0,30,,33175,1,,,0,70,,33176,1,,,0,30,,33177,1,,,0,70,,33127,1,,,0,30,,33178,1,,,0,70,,33128,1,,,0,30,,33179,1,,,0,70,,33180,1,,,0,30,,33181,1,,,0,70,,33182,1,,,0
579200,'2',529,,33230,1,,,0,30,,33226,1,,,0,70,,33227,1,,,0,28,,33210,1,,,0,70,,33211,1,,,0,30,,33212,1,,,0,70,,33213,1,,,0,30,,33209,1,,,0,70,,33208,1,,,0,30,,33207,1,,,0,70,,33206,1,,,0,30,,33205,1,,,0,70,,33204,1,,,0,30,,33203,1,,,0,70,,33202,1,,,0,30,,33201,1,,,0,70,,33200,1,,,0,30,,33199,1,,,0,70,,33198,1,,,0,30,,33197,1,,,0,70,,33196,1,,,0,30,,33195,1,,,0,70,,33194,1,,,0,30,,33193,1,,,0,70,,33192,1,,,0,30,,33191,1,,,0,70,,33190,1,,,0,30,,33189,1,,,0,70,,33214,1,,,0,30,,33215,1,,,0,70,,33216,1,,,0,30,,33217,1,,,0,70,,33218,1,,,0,31,,33219,1,,,0,70,,33220,1,,,0,30,,33221,1,,,0,70,,33222,1,,,0,30,,33223,1,,,0,70,,33224,1,,,0,30,,33228,1,,,0,70,,33225,1,,,0
579200,'3',559,,33272,1,,,0,70,,33271,1,,,0,30,,33257,1,,,0,70,,33258,1,,,0,30,,33259,1,,,0,70,,33260,1,,,0,30,,33256,1,,,0,70,,33255,1,,,0,29,,33254,1,,,0,70,,33253,1,,,0,30,,33252,1,,,0,70,,33251,1,,,0,30,,33250,1,,,0,70,,33249,1,,,0,25,,33248,1,,,0,70,,33247,1,,,0,30,,33246,1,,,0,70,,33245,1,,,0,30,,33244,1,,,0,70,,33243,1,,,0,30,,33242,1,,,0,70,,33241,1,,,0,30,,33240,1,,,0,70,,33239,1,,,0,30,,33238,1,,,0,70,,33237,1,,,0,30,,33236,1,,,0,70,,33261,1,,,0,30,,33262,1,,,0,70,,33263,1,,,0,30,,33264,1,,,0,70,,33265,1,,,0,31,,33266,1,,,0,70,,33267,1,,,0,30,,33268,1,,,0,70,,33269,1,,,0,30,,33270,1,,,0
579200,'4',659,,33296,1,,,0,70,,33297,1,,,0,30,,33298,1,,,0,70,,33299,1,,,0,30,,33295,1,,,0,70,,33294,1,,,0,29,,33293,1,,,0,70,,33292,1,,,0,30,,33291,1,,,0,70,,33290,1,,,0,30,,33289,1,,,0,70,,33288,1,,,0,25,,33287,1,,,0,70,,33286,1,,,0,30,,33285,1,,,0,70,,33284,1,,,0,30,,33283,1,,,0,70,,33282,1,,,0,30,,33281,1,,,0,70,,33280,1,,,0,30,,33279,1,,,0,70,,33278,1,,,0,30,,33277,1,,,0,70,,33276,1,,,0,30,,33275,1,,,0,70,,33300,1,,,0,30,,33301,1,,,0,70,,33302,1,,,0
579200,'6',559,,33341,1,,,0,70,,33340,1,,,0,30,,33326,1,,,0,70,,33327,1,,,0,30,,33328,1,,,0,70,,33329,1,,,0,30,,33325,1,,,0,70,,33324,1,,,0,29,,33323,1,,,0,70,,33322,1,,,0,30,,33321,1,,,0,70,,33320,1,,,0,30,,33319,1,,,0,70,,33318,1,,,0,25,,33317,1,,,0,70,,33316,1,,,0,30,,33315,1,,,0,70,,33314,1,,,0,30,,33313,1,,,0,70,,33312,1,,,0,30,,33311,1,,,0,70,,33310,1,,,0,30,,33309,1,,,0,70,,33308,1,,,0,30,,33307,1,,,0,70,,33306,1,,,0,30,,33305,1,,,0,70,,33330,1,,,0,30,,33331,1,,,0,70,,33332,1,,,0,30,,33333,1,,,0,70,,33334,1,,,0,31,,33335,1,,,0,70,,33336,1,,,0,30,,33337,1,,,0,70,,33338,1,,,0,30,,33339,1,,,0
579201,'1',520,,33344,22,4,,0,20,,33352,22,4,,0,60,,33353,22,4,,0,20,,33354,22,4,,0,20,,33355,22,4,,0,60,,33356,22,4,,0,20,,33357,22,4,,0,20,,33358,22,4,,0,60,,33359,22,4,,0,20,,33360,22,4,,0,20,,33361,22,4,,0,60,,33362,22,4,,0,20,,33363,22,4,,0,20,,33364,22,4,,0,60,,33365,22,4,,0,20,,33366,22,4,,0,20,,33367,22,4,,0,60,,33368,22,4,,0,20,,33369,22,4,,0,20,,33370,22,4,,0,60,,33371,22,4,,0,20,,33372,22,4,,0,20,,33373,22,4,,0,60,,33374,22,4,,0,20,,33375,22,4,,0,20,,33376,22,4,,0,60,,33377,22,4,,0,20,,33378,22,4,,0,20,,33379,22,4,,0,60,,33380,22,4,,0,20,,33381,22,4,,0,20,,33382,22,4,,0,60,,33383,22,4,,0,20,,33384,22,4,,0,20,,33385,22,4,,0,60,,33386,22,4,,0,20,,33387,22,4,,0,20,,33388,22,4,,0,60,,33389,22,4,,0,20,,33390,22,4,,0,20,,33391,22,4,,0,60,,33396,22,4,,0,20,,33399,22,4,,0,15,,33392,22,4,,0,70,,33398,22,4,,0,30,,33393,22,4,,0,70,,33394,22,4,,0,30,,33395,22,4,,0,70,,33345,22,4,,0,30,,33346,22,4,,0,70,,33347,22,4,,0,30,,33348,22,4,,0,70,,33349,22,4,,0,30,,33350,22,4,,0,70,,33351,22,4,,0,30,,33397,22,4,,0
579201,'2',523,,33441,22,4,,0,30,,33439,22,4,,0,70,,33440,22,4,,0,30,,33422,22,4,,0,71,,33423,22,4,,0,30,,33424,22,4,,0,70,,33425,22,4,,0,30,,33421,22,4,,0,70,,33420,22,4,,0,30,,33419,22,4,,0,70,,33418,22,4,,0,30,,33417,22,4,,0,70,,33416,22,4,,0,30,,33415,22,4,,0,70,,33414,22,4,,0,30,,33413,22,4,,0,70,,33412,22,4,,0,30,,33411,22,4,,0,70,,33410,22,4,,0,30,,33409,22,4,,0,70,,33408,22,4,,0,30,,33407,22,4,,0,70,,33406,22,4,,0,30,,33405,22,4,,0,70,,33404,22,4,,0,30,,33403,22,4,,0,70,,33402,22,4,,0,30,,33401,22,4,,0,70,,33400,22,4,,0,30,,33426,22,4,,0,70,,33427,22,4,,0,30,,33428,22,4,,0,70,,33429,22,4,,0,30,,33430,22,4,,0,70,,33431,22,4,,0,30,,33432,22,4,,0,70,,33433,22,4,,0,30,,33434,22,4,,0,70,,33435,22,4,,0,30,,33436,22,4,,0,70,,33438,22,4,,0,30,,33437,22,4,,0
579201,'3',624,,33478,22,4,,0,30,,33464,22,4,,0,70,,33465,22,4,,0,30,,33466,22,4,,0,70,,33467,22,4,,0,30,,33463,22,4,,0,70,,33462,22,4,,0,30,,33461,22,4,,0,70,,33460,22,4,,0,30,,33459,22,4,,0,70,,33458,22,4,,0,30,,33457,22,4,,0,70,,33456,22,4,,0,25,,33455,22,4,,0,70,,33454,22,4,,0,30,,33453,22,4,,0,70,,33452,22,4,,0,30,,33451,22,4,,0,70,,33450,22,4,,0,30,,33449,22,4,,0,70,,33448,22,4,,0,30,,33447,22,4,,0,70,,33446,22,4,,0,30,,33445,22,4,,0,70,,33444,22,4,,0,30,,33443,22,4,,0,70,,33442,22,4,,0,30,,33468,22,4,,0,70,,33469,22,4,,0,30,,33470,22,4,,0,70,,33471,22,4,,0,30,,33472,22,4,,0,70,,33473,22,4,,0,30,,33474,22,4,,0,70,,33475,22,4,,0,30,,33476,22,4,,0,70,,33477,22,4,,0
579201,'4',724,,33501,22,4,,0,30,,33502,22,4,,0,70,,33503,22,4,,0,30,,33500,22,4,,0,70,,33499,22,4,,0,30,,33498,22,4,,0,70,,33497,22,4,,0,30,,33496,22,4,,0,70,,33495,22,4,,0,30,,33494,22,4,,0,70,,33493,22,4,,0,25,,33492,22,4,,0,70,,33491,22,4,,0,30,,33490,22,4,,0,70,,33489,22,4,,0,30,,33488,22,4,,0,70,,33487,22,4,,0,30,,33486,22,4,,0,70,,33485,22,4,,0,30,,33484,22,4,,0,70,,33483,22,4,,0,30,,33482,22,4,,0,70,,33481,22,4,,0,30,,33480,22,4,,0,70,,33479,22,4,,0,30,,33504,22,4,,0,70,,33505,22,4,,0,30,,33506,22,4,,0
579201,'6',624,,33543,22,4,,0,30,,33529,22,4,,0,70,,33530,22,4,,0,30,,33531,22,4,,0,70,,33532,22,4,,0,30,,33528,22,4,,0,70,,33527,22,4,,0,30,,33526,22,4,,0,70,,33525,22,4,,0,30,,33524,22,4,,0,70,,33523,22,4,,0,30,,33522,22,4,,0,70,,33521,22,4,,0,25,,33520,22,4,,0,70,,33519,22,4,,0,30,,33518,22,4,,0,70,,33517,22,4,,0,30,,33516,22,4,,0,70,,33515,22,4,,0,30,,33514,22,4,,0,70,,33513,22,4,,0,30,,33512,22,4,,0,70,,33511,22,4,,0,30,,33510,22,4,,0,70,,33509,22,4,,0,30,,33508,22,4,,0,70,,33507,22,4,,0,30,,33533,22,4,,0,70,,33534,22,4,,0,30,,33535,22,4,,0,70,,33536,22,4,,0,30,,33537,22,4,,0,70,,33538,22,4,,0,30,,33539,22,4,,0,70,,33540,22,4,,0,30,,33541,22,4,,0,70,,33542,22,4,,0
