580700,'1',529,,38810,5,,,0,30,,38808,5,,,0,54,,38806,5,,,0,15,,38805,5,,,0,15,,38804,5,,,0,15,,38803,5,,,0,55,,38802,5,,,0,15,,38801,5,,,0,15,,38800,5,,,0,15,,38799,5,,,0,55,,38798,5,,,0,15,,38797,5,,,0,15,,38796,5,,,0,15,,38795,5,,,0,62,,38794,5,,,0,20,,38793,5,,,0,70,,38792,5,,,0,30,,38791,5,,,0,70,,38790,5,,,0,30,,38789,5,,,0,70,,38788,5,,,0,30,,38787,5,,,0,66,,38785,5,,,0,30,,38783,5,,,0,65,,38781,5,,,0,15,,38780,5,,,0,15,,38779,5,,,0,15,,38778,5,,,0,55,,38777,5,,,0,15,,38776,5,,,0,15,,38775,5,,,0,15,,38774,5,,,0,55,,38773,5,,,0,15,,38772,5,,,0,15,,38771,5,,,0,15,,38770,5,,,0,55,,38769,5,,,0,15,,38768,5,,,0,15,,38767,5,,,0,15,,38766,5,,,0,55,,38765,5,,,0,34,,38764,5,,,0,70,,38763,5,,,0,30,,38762,5,,,0,70,,38761,5,,,0,30,,38760,5,,,0,70,,38759,5,,,0,32,,38758,5,,,0,70,,38757,5,,,0,30,,38756,5,,,0,70,,38755,5,,,0,30,,38754,5,,,0,70,,38750,5,,,0,30,,38753,5,,,0,65,,38752,5,0,5 6,0,57,,38751,5,0,7 4 8 9 10,0
580700,'2',509,,38854,5,,,0,30,,38816,5,,,0,70,,38817,5,,,0,35,,38818,5,,,0,70,,38819,5,,,0,30,,38820,5,,,0,70,,38821,5,,,0,30,,38822,5,,,0,70,,38823,5,,,0,30,,38824,5,,,0,68,,38825,5,,,0,30,,38826,5,,,0,70,,38827,5,,,0,30,,38828,5,,,0,70,,38829,5,,,0,30,,38830,5,,,0,70,,38831,5,,,0,30,,38832,5,,,0,70,,38833,5,,,0,30,,38834,5,,,0,70,,38835,5,,,0,30,,38836,5,,,0,70,,38837,5,,,0,30,,38838,5,,,0,70,,38839,5,,,0,30,,38840,5,,,0,70,,38841,5,,,0,33,,38842,5,,,0,70,,38843,5,,,0,30,,38844,5,,,0,70,,38845,5,,,0,30,,38846,5,,,0,70,,38847,5,,,0,30,,38848,5,,,0,70,,38849,5,,,0,30,,38850,5,,,0,70,,38851,5,,,0,30,,38852,5,,,0,83,,38853,5,,,0
580700,'3',602,,38855,5,,,0,30,,38868,5,,,0,80,,38856,5,,,0,30,,38869,5,,,0,70,,38857,5,,,0,30,,38870,5,,,0,70,,38858,5,,,0,30,,38871,5,,,0,70,,38859,5,,,0,30,,38872,5,,,0,70,,38860,5,,,0,30,,38873,5,,,0,70,,38861,5,,,0,30,,38874,5,,,0,70,,38862,5,,,0,30,,38875,5,,,0,70,,38863,5,,,0,30,,38876,5,,,0,70,,38864,5,,,0,30,,38877,5,,,0,70,,38865,5,,,0,30,,38878,5,,,0,70,,38866,5,,,0,30,,38879,5,,,0,74,,38867,5,,,0,30,,38889,5,,,0,70,,38880,5,,,0,30,,38886,5,,,0,70,,38881,5,,,0,30,,38887,5,,,0,70,,38882,5,,,0,30,,38888,5,,,0,70,,38883,5,,,0,30,,38890,5,,,0,70,,38884,5,,,0,30,,38891,5,,,0,70,,38885,5,0,7 4 8 9 10,0
580700,'4',624,,38907,5,,,0,30,,38892,5,,,0,70,,38908,5,,,0,30,,38893,5,,,0,70,,38909,5,,,0,30,,38894,5,,,0,70,,38910,5,,,0,30,,38895,5,,,0,70,,38911,5,,,0,30,,38896,5,,,0,70,,38912,5,,,0,30,,38897,5,,,0,70,,38913,5,,,0,30,,38898,5,,,0,70,,38914,5,,,0,30,,38899,5,,,0,70,,38915,5,,,0,30,,38900,5,,,0,70,,38916,5,,,0,30,,38901,5,,,0,70,,38917,5,,,0,30,,38902,5,,,0,70,,38918,5,,,0,30,,38903,5,,,0,70,,38919,5,,,0,30,,38904,5,,,0,70,,38920,5,,,0,30,,38905,5,,,0,70,,38921,5,,,0,30,,38906,5,0,7 4 8 9 10,0
580700,'6',602,,38924,5,,,0,30,,38937,5,,,0,80,,38925,5,,,0,30,,38938,5,,,0,70,,38926,5,,,0,30,,38939,5,,,0,70,,38927,5,,,0,30,,38940,5,,,0,70,,38928,5,,,0,30,,38941,5,,,0,70,,38929,5,,,0,30,,38942,5,,,0,70,,38930,5,,,0,30,,38943,5,,,0,70,,38931,5,,,0,30,,38944,5,,,0,70,,38932,5,,,0,30,,38945,5,,,0,70,,38933,5,,,0,30,,38946,5,,,0,70,,38934,5,,,0,30,,38947,5,,,0,70,,38935,5,,,0,30,,38948,5,,,0,74,,38936,5,,,0,30,,38958,5,,,0,70,,38949,5,,,0,30,,38955,5,,,0,70,,38950,5,,,0,30,,38956,5,,,0,70,,38951,5,,,0,30,,38957,5,,,0,70,,38952,5,,,0,30,,38959,5,,,0,70,,38953,5,,,0,30,,38960,5,,,0,70,,38954,5,0,7 4 8 9 10,0
581101,'14701',1051,,40001,12,,,0,100,,40002,12,,,0,100,,40003,12,,,0,100,,40004,12,,,0,100,,40005,12,,,0,100,,40006,12,,,0,100,,40007,12,,,0,100,,40008,12,,,0,100,,40009,12,,,0,100,,40010,12,,,0,100,,40011,12,,,0
581101,'14702',1035,,40012,11,,,0,85,,40013,11,,,0,85,,40014,11,,,0,45,,40015,11,,,0,85,,40016,11,,,0,85,,40017,11,,,0,85,,40018,11,,,0,45,,40019,11,,,0,85,,40020,11,,,0,85,,40021,11,,,0,85,,40022,11,,,0
581101,'14703',1035,,40023,11,,,0,85,,40024,11,,,0,85,,40025,11,,,0,45,,40026,11,,,0,85,,40027,11,,,0,85,,40028,11,,,0,85,,40029,11,,,0,45,,40030,11,,,0,85,,40031,11,,,0,85,,40032,11,,,0,85,,40033,11,,,0
581101,'14704',1035,,40034,11,,,0,85,,40035,11,,,0,85,,40036,11,,,0,45,,40037,11,,,0,85,,40038,11,,,0,85,,40039,11,,,0,85,,40040,11,,,0,45,,40041,11,,,0,85,,40042,11,,,0,85,,40043,11,,,0
581101,'14706',1035,,40044,11,,,0,85,,40045,11,,,0,85,,40046,11,,,0,45,,40047,11,,,0,85,,40048,11,,,0,85,,40049,11,,,0,85,,40050,11,,,0,45,,40051,11,,,0,85,,40052,11,,,0,85,,40053,11,,,0,85,,40054,11,,,0
