578301,'1601',1612,,31010,17,0,17 18 4 19,0
578301,'1',503,,31013,17,0,20 4 12 13,0,35,,31016,17,0,20 4 12 13,0,66,,31019,17,0,20 4 12 13,0,30,,31023,17,0,20 4 12 13,0,69,,31027,17,0,20 4 12 13,0,30,,31031,17,0,20 4 12 13,0,70,,31035,17,0,20 4 12 13,0,30,,31039,17,0,20 4 12 13,0,70,,31043,17,0,20 4 12 13,0,30,,31047,17,0,20 4 12 13,0,71,,31051,17,0,20 4 12 13,0,30,,31054,17,0,20 4 12 13,0,70,,31057,17,0,20 4 12 13,0,30,,31060,17,0,20 4 12 13,0,70,,31063,17,0,20 4 12 13,0,30,,31066,17,0,20 4 12 13,0,70,,31069,17,0,20 4 12 13,0,30,,31072,17,0,20 4 12 13,0,66,,31075,17,0,20 4 12 13,0,31,,31079,17,0,20 4 12 13,0,70,,31083,17,0,20 4 12 13,0,30,,31087,17,0,20 4 12 13,0,70,,31091,17,0,20 4 12 13,0,30,,31095,17,0,20 4 12 13,0,70,,31099,17,0,20 4 12 13,0,28,,31103,17,0,20 4 12 13,0,73,,31107,17,0,20 4 12 13,0,33,,31111,17,0,20 4 12 13,0,73,,31115,17,0,20 4 12 13,0,24,,31118,17,0,20 4 12 13,0,8,,31119,17,0,17 18 4 19,0,70,,31122,17,0,20 4 12 13,0,40,,31126,17,0,20 4 12 13,0,60,,31128,17,0,20 4 12 13,0,31,,31131,17,0,20 4 12 13,0,80,,31134,17,0,20 4 12 13,0,20,,31136,17,0,17 18 4 19,0,65,,31138,17,0,20 4 12 13,0,45,,31141,17,0,20 4 12 13,0,80,,31143,17,0,20 4 12 13,0,87,,31146,17,0,17 18 4 19,0,88,,31148,17,0,17 18 4 19,0
578301,'2',435,,31150,17,0,20 4 12 13,0,22,,31152,17,0,20 4 12 13,0,76,,31155,17,0,20 4 12 13,0,76,,31158,17,0,20 4 12 13,0,36,,31161,17,0,20 4 12 13,0,76,,31164,17,0,20 4 12 13,0,29,,31167,17,0,20 4 12 13,0,76,,31170,17,0,20 4 12 13,0,76,,31173,17,0,20 4 12 13,0,36,,31176,17,0,20 4 12 13,0,76,,31179,17,0,20 4 12 13,0,36,,31182,17,0,20 4 12 13,0,76,,31185,17,0,20 4 12 13,0,76,,31188,17,0,20 4 12 13,0,36,,31191,17,0,20 4 12 13,0,76,,31194,17,0,20 4 12 13,0,36,,31197,17,0,20 4 12 13,0,76,,31200,17,0,20 4 12 13,0,76,,31203,17,0,20 4 12 13,0,36,,31206,17,0,20 4 12 13,0,76,,31209,17,0,20 4 12 13,0,36,,31212,17,0,20 4 12 13,0,77,,31215,17,0,20 4 12 13,0,76,,31218,17,0,20 4 12 13,0,36,,31221,17,0,20 4 12 13,0,80,,31224,17,0,20 4 12 13,0,36,,31227,17,0,20 4 12 13,0,80,,31230,17,0,20 4 12 13,0,85,,31233,17,0,20 4 12 13,0,85,,31236,17,0,20 4 12 13,0,45,,31239,17,0,20 4 12 13,0,85,,31242,17,0,20 4 12 13,0,85,,31245,17,0,20 4 12 13,0,38,,31248,17,0,17 18 4 19,0,68,,31249,17,0,17 18 4 19,0
578301,'3',538,,31256,17,0,20 4 12 13,0,85,,31259,17,0,20 4 12 13,0,85,,31262,17,0,20 4 12 13,0,45,,31265,17,0,20 4 12 13,0,85,,31268,17,0,20 4 12 13,0,83,,31271,17,0,20 4 12 13,0,31,,31274,17,0,20 4 12 13,0,76,,31277,17,0,20 4 12 13,0,76,,31280,17,0,20 4 12 13,0,36,,31283,17,0,20 4 12 13,0,76,,31286,17,0,20 4 12 13,0,36,,31289,17,0,20 4 12 13,0,76,,31292,17,0,20 4 12 13,0,76,,31295,17,0,20 4 12 13,0,36,,31298,17,0,20 4 12 13,0,76,,31301,17,0,20 4 12 13,0,36,,31304,17,0,20 4 12 13,0,76,,31307,17,0,20 4 12 13,0,76,,31310,17,0,20 4 12 13,0,36,,31313,17,0,20 4 12 13,0,76,,31316,17,0,20 4 12 13,0,35,,31319,17,0,20 4 12 13,0,82,,31322,17,0,20 4 12 13,0,85,,31325,17,0,20 4 12 13,0,85,,31328,17,0,20 4 12 13,0,50,,31331,17,0,20 4 12 13,0,85,,31334,17,0,20 4 12 13,0,85,,31337,17,0,20 4 12 13,0,108,,31341,17,0,17 18 4 19,0
578301,'4',553,,31345,17,0,20 4 12 13,0,85,,31348,17,0,20 4 12 13,0,85,,31351,17,0,20 4 12 13,0,85,,31354,17,0,20 4 12 13,0,45,,31357,17,0,20 4 12 13,0,81,,31360,17,0,20 4 12 13,0,85,,31363,17,0,20 4 12 13,0,85,,31366,17,0,20 4 12 13,0,45,,31369,17,0,20 4 12 13,0,85,,31372,17,0,20 4 12 13,0,85,,31375,17,0,20 4 12 13,0,85,,31378,17,0,20 4 12 13,0,45,,31381,17,0,20 4 12 13,0,85,,31384,17,0,20 4 12 13,0,85,,31387,17,0,20 4 12 13,0,85,,31390,17,0,20 4 12 13,0,49,,31393,17,0,20 4 12 13,0,85,,31396,17,0,20 4 12 13,0,85,,31399,17,0,20 4 12 13,0,85,,31402,17,0,20 4 12 13,0,30,,31404,17,0,17 18 4 19,0
578301,'6',538,,31413,17,0,20 4 12 13,0,85,,31416,17,0,20 4 12 13,0,85,,31419,17,0,20 4 12 13,0,45,,31422,17,0,20 4 12 13,0,85,,31425,17,0,20 4 12 13,0,83,,31428,17,0,20 4 12 13,0,31,,31431,17,0,20 4 12 13,0,76,,31434,17,0,20 4 12 13,0,76,,31437,17,0,20 4 12 13,0,36,,31440,17,0,20 4 12 13,0,76,,31443,17,0,20 4 12 13,0,36,,31446,17,0,20 4 12 13,0,76,,31449,17,0,20 4 12 13,0,76,,31452,17,0,20 4 12 13,0,36,,31455,17,0,20 4 12 13,0,76,,31458,17,0,20 4 12 13,0,36,,31461,17,0,20 4 12 13,0,76,,31464,17,0,20 4 12 13,0,76,,31467,17,0,20 4 12 13,0,36,,31470,17,0,20 4 12 13,0,76,,31473,17,0,20 4 12 13,0,35,,31476,17,0,20 4 12 13,0,82,,31479,17,0,20 4 12 13,0,85,,31482,17,0,20 4 12 13,0,85,,31485,17,0,20 4 12 13,0,50,,31488,17,0,20 4 12 13,0,85,,31491,17,0,20 4 12 13,0,85,,31494,17,0,20 4 12 13,0,108,,31498,17,0,17 18 4 19,0
580900,'1',507,,39673,10,,,0,40,,39674,10,,,0,80,,39675,10,,,0,80,,39676,10,,,0,40,,39677,10,,,0,80,,39678,10,,,0,80,,39679,10,,,0,40,,39680,10,,,0,80,,39681,10,,,0,80,,39682,10,,,0,40,,39683,10,,,0,80,,39684,10,,,0,80,,39685,10,,,0,40,,39686,10,,,0,80,,39687,10,,,0,80,,39688,10,,,0,40,,39689,10,,,0,80,,39690,10,,,0,80,,39691,10,,,0,40,,39692,10,,,0,80,,39693,10,,,0,79,,39694,10,,,0,40,,39695,10,,,0,80,,39696,10,,,0,80,,39697,10,,,0,40,,39698,10,,,0,80,,39699,10,,,0,80,,39700,10,,,0,40,,39701,10,,,0,80,,39702,10,,,0,80,,39703,10,,,0
580900,'2',506,,39704,10,,,0,40,,39705,10,,,0,80,,39706,10,,,0,80,,39707,10,,,0,40,,39708,10,,,0,81,,39709,10,,,0,80,,39710,10,,,0,40,,39711,10,,,0,80,,39712,10,,,0,80,,39713,10,,,0,40,,39714,10,,,0,80,,39715,10,,,0,80,,39716,10,,,0,40,,39717,10,,,0,80,,39718,10,,,0,80,,39719,10,,,0,40,,39720,10,,,0,80,,39721,10,,,0,80,,39722,10,,,0,40,,39723,10,,,0,80,,39724,10,,,0,79,,39725,10,,,0,40,,39726,10,,,0,80,,39727,10,,,0,80,,39728,10,,,0,40,,39729,10,,,0,79,,39730,10,,,0,80,,39731,10,,,0,40,,39732,10,,,0,80,,39733,10,,,0,80,,39734,10,,,0
580900,'3',607,,39762,10,,,0,40,,39735,10,,,0,80,,39736,10,,,0,80,,39737,10,,,0,40,,39738,10,,,0,80,,39739,10,,,0,80,,39740,10,,,0,40,,39741,10,,,0,80,,39742,10,,,0,80,,39743,10,,,0,40,,39744,10,,,0,80,,39745,10,,,0,80,,39746,10,,,0,40,,39747,10,,,0,80,,39748,10,,,0,80,,39749,10,,,0,40,,39750,10,,,0,80,,39751,10,,,0,80,,39752,10,,,0,40,,39753,10,,,0,79,,39754,10,,,0,80,,39755,10,,,0,40,,39756,10,,,0,80,,39757,10,,,0,79,,39758,10,,,0,40,,39759,10,,,0,80,,39760,10,,,0,80,,39761,10,,,0
580900,'4',727,,39763,10,,,0,80,,39764,10,,,0,40,,39765,10,,,0,80,,39766,10,,,0,80,,39767,10,,,0,40,,39768,10,,,0,80,,39769,10,,,0,80,,39770,10,,,0,40,,39771,10,,,0,80,,39772,10,,,0,80,,39773,10,,,0,40,,39774,10,,,0,80,,39775,10,,,0,80,,39776,10,,,0,40,,39777,10,,,0,80,,39778,10,,,0,80,,39779,10,,,0,40,,39780,10,,,0,80,,39781,10,,,0,80,,39782,10,,,0
580900,'6',607,,39810,10,,,0,40,,39783,10,,,0,80,,39784,10,,,0,80,,39785,10,,,0,40,,39786,10,,,0,80,,39787,10,,,0,80,,39788,10,,,0,40,,39789,10,,,0,80,,39790,10,,,0,80,,39791,10,,,0,40,,39792,10,,,0,80,,39793,10,,,0,80,,39794,10,,,0,40,,39795,10,,,0,80,,39796,10,,,0,80,,39797,10,,,0,40,,39798,10,,,0,80,,39799,10,,,0,80,,39800,10,,,0,40,,39801,10,,,0,79,,39802,10,,,0,80,,39803,10,,,0,40,,39804,10,,,0,80,,39805,10,,,0,79,,39806,10,,,0,40,,39807,10,,,0,80,,39808,10,,,0,80,,39809,10,,,0
