578300,'1',520,,30529,17,0,23 24,0,25,,30532,60,0,23 24,0,70,,30535,60,0,23 24,0,30,,30538,60,0,23 24,0,55,,30540,60,0,23 24,0,15,,30542,60,0,23 24,0,15,,30544,60,0,23 24,0,15,,30546,60,0,23 24,0,55,,30548,60,0,23 24,0,15,,30550,60,0,23 24,0,15,,30552,60,0,23 24,0,15,,30554,60,0,23 24,0,55,,30556,60,0,23 24,0,18,,30558,60,0,23 24,0,15,,30560,60,0,23 24,0,15,,30562,60,0,23 24,0,70,,30566,60,0,23 24,0,30,,30569,60,0,23 24,0,70,,30572,60,0,23 24,0,30,,30575,60,0,23 24,0,70,,30578,60,0,23 24,0,30,,30581,60,0,23 24,0,70,,30584,60,0,23 24,0,30,,30587,60,0,23 24,0,71,,30590,60,0,23 24,0,15,,30592,60,0,23 24,0,15,,30594,60,0,23 24,0,55,,30596,60,0,23 24,0,15,,30598,60,0,23 24,0,15,,30600,60,0,23 24,0,15,,30602,60,0,23 24,0,55,,30604,60,0,23 24,0,15,,30606,60,0,23 24,0,15,,30608,60,0,23 24,0,15,,30610,60,0,23 24,0,55,,30612,60,0,23 24,0,15,,30614,60,0,23 24,0,15,,30616,60,0,23 24,0,15,,30618,60,0,23 24,0,55,,30620,60,0,23 24,0,15,,30622,60,0,23 24,0,15,,30624,60,0,23 24,0,11,,30626,60,0,23 24,0,70,,30629,60,0,23 24,0,30,,30632,60,0,23 24,0,70,,30635,60,0,23 24,0,30,,30638,60,0,23 24,0,70,,30641,60,0,23 24,0,30,,30644,60,0,23 24,0,66,,30647,60,0,23 24,0,45,,30650,60,0,23 24,0,85,,30653,60,0,23 24,0,85,,30656,60,0,23 24,0,85,,30659,60,0,23 24,0,21,,30662,60,0,23 24,0
578300,'2',443,,30665,17,0,23 24,0,70,,30667,17,0,23 24,0,45,,30670,60,0,23 24,0,67,,30672,60,0,23 24,0,76,,30675,60,0,23 24,0,36,,30678,60,0,23 24,0,70,,30681,17,0,23 24,0,11,,30682,60,0,23 24,0,36,,30685,60,0,23 24,0,76,,30688,60,0,23 24,0,76,,30691,60,0,23 24,0,36,,30694,60,0,23 24,0,76,,30697,60,0,23 24,0,36,,30700,60,0,23 24,0,76,,30703,60,0,23 24,0,76,,30706,60,0,23 24,0,36,,30709,60,0,23 24,0,76,,30712,60,0,23 24,0,36,,30715,60,0,23 24,0,76,,30718,60,0,23 24,0,76,,30721,60,0,23 24,0,36,,30724,60,0,23 24,0,76,,30727,60,0,23 24,0,36,,30730,60,0,23 24,0,72,,30733,60,0,23 24,0,76,,30736,60,0,23 24,0,33,,30739,60,0,23 24,0,76,,30742,60,0,23 24,0,36,,30745,60,0,23 24,0,76,,30748,60,0,23 24,0,77,,30751,60,0,23 24,0,43,,30754,60,0,23 24,0,70,,30756,60,0,23 24,0,45,,30759,60,0,23 24,0,85,,30762,60,0,23 24,0,90,,30766,60,0,23 24,0
578300,'3',528,,30769,17,0,23 24,0,85,,30772,60,0,23 24,0,23,,30774,17,0,23 24,0,22,,30776,60,0,23 24,0,85,,30779,60,0,23 24,0,85,,30782,60,0,23 24,0,85,,30785,60,0,23 24,0,36,,30788,60,0,23 24,0,82,,30791,60,0,23 24,0,76,,30794,60,0,23 24,0,36,,30797,60,0,23 24,0,76,,30800,60,0,23 24,0,36,,30803,60,0,23 24,0,76,,30806,60,0,23 24,0,76,,30809,60,0,23 24,0,36,,30812,60,0,23 24,0,76,,30815,60,0,23 24,0,36,,30818,60,0,23 24,0,76,,30821,60,0,23 24,0,76,,30824,60,0,23 24,0,36,,30827,60,0,23 24,0,73,,30830,60,0,23 24,0,85,,30833,60,0,23 24,0,45,,30836,60,0,23 24,0,85,,30839,60,0,23 24,0,85,,30842,60,0,23 24,0,85,,30845,60,0,23 24,0,43,,30848,60,0,23 24,0,85,,30851,60,0,23 24,0,85,,30855,60,0,23 24,0
578300,'4',543,,30921,17,0,23 24,0,80,,30857,17,0,23 24,0,35,,30860,60,0,23 24,0,85,,30863,60,0,23 24,0,85,,30866,60,0,23 24,0,85,,30869,60,0,23 24,0,45,,30872,60,0,23 24,0,89,,30875,60,0,23 24,0,85,,30878,60,0,23 24,0,85,,30881,60,0,23 24,0,85,,30884,60,0,23 24,0,45,,30887,60,0,23 24,0,85,,30890,60,0,23 24,0,85,,30893,60,0,23 24,0,85,,30896,60,0,23 24,0,45,,30899,60,0,23 24,0,85,,30902,60,0,23 24,0,81,,30905,60,0,23 24,0,45,,30908,60,0,23 24,0,85,,30911,60,0,23 24,0,85,,30914,60,0,23 24,0,85,,30918,60,0,23 24,0
578300,'6',528,,30923,17,0,23 24,0,85,,30926,60,0,23 24,0,23,,30928,17,0,23 24,0,22,,30930,60,0,23 24,0,85,,30933,60,0,23 24,0,85,,30936,60,0,23 24,0,85,,30939,60,0,23 24,0,36,,30942,60,0,23 24,0,82,,30945,60,0,23 24,0,76,,30948,60,0,23 24,0,36,,30951,60,0,23 24,0,76,,30954,60,0,23 24,0,36,,30957,60,0,23 24,0,76,,30960,60,0,23 24,0,76,,30963,60,0,23 24,0,36,,30966,60,0,23 24,0,76,,30969,60,0,23 24,0,36,,30972,60,0,23 24,0,76,,30975,60,0,23 24,0,76,,30978,60,0,23 24,0,36,,30981,60,0,23 24,0,73,,30984,60,0,23 24,0,85,,30987,60,0,23 24,0,45,,30990,60,0,23 24,0,85,,30993,60,0,23 24,0,85,,30996,60,0,23 24,0,85,,30999,60,0,23 24,0,43,,31002,60,0,23 24,0,85,,31005,60,0,23 24,0,85,,31009,60,0,23 24,0
580800,'14601',520,,39276,20,,,0,20,,39270,20,,,0,60,,39271,20,,,0,20,,39272,20,,,0,20,,39273,20,,,0,60,,39274,20,,,0,20,,39275,20,,,0,20,,39174,20,,,0,18,,39175,20,,,0,47,,39188,20,,,0,7,,39189,20,,,0,8,,39196,20,,,0,7,,39190,20,,,0,8,,39197,20,,,0,7,,39191,20,,,0,8,,39198,20,,,0,7,,39192,20,,,0,48,,39199,20,,,0,7,,39193,20,,,0,10,,39200,20,,,0,7,,39194,20,,,0,8,,39201,20,,,0,7,,39195,20,,,0,10,,39202,20,,,0,50,,39203,20,,,0,10,,39204,20,,,0,10,,39205,20,,,0,10,,39206,20,,,0,10,,39207,20,,,0,10,,39208,20,,,0,50,,39209,20,,,0,10,,39210,20,,,0,10,,39211,20,,,0,10,,39212,20,,,0,10,,39213,20,,,0,10,,39214,20,,,0,50,,39215,20,,,0,10,,39216,20,,,0,10,,39217,20,,,0,10,,39218,20,,,0,10,,39219,20,,,0,10,,39220,20,,,0,50,,39221,20,,,0,10,,39222,20,,,0,10,,39223,20,,,0,10,,39224,20,,,0,10,,39225,20,,,0,10,,39226,20,,,0,50,,39227,20,,,0,10,,39228,20,,,0,10,,39229,20,,,0,10,,39230,20,,,0,10,,39231,20,,,0,10,,39232,20,,,0,50,,39233,20,,,0,10,,39247,20,,,0,7,,39234,20,,,0,8,,39248,20,,,0,7,,39235,20,,,0,8,,39249,20,,,0,7,,39236,20,,,0,8,,39250,20,,,0,47,,39237,20,,,0,8,,39251,20,,,0,7,,39238,20,,,0,8,,39252,20,,,0,7,,39239,20,,,0,8,,39253,20,,,0,7,,39240,20,,,0,8,,39254,20,,,0,47,,39241,20,,,0,8,,39255,20,,,0,7,,39242,20,,,0,8,,39256,20,,,0,7,,39243,20,,,0,8,,39257,20,,,0,7,,39244,20,,,0,8,,39258,20,,,0,47,,39245,20,,,0,8,,39259,20,,,0,7,,39246,20,,,0,8,,39260,20,,,0,11,,39261,20,,,0,15,,39176,20,,,0,55,,39177,20,,,0,12,,39178,20,,,0,15,,39171,20,,,0,15,,39172,20,,,0,55,,39173,20,,,0,15,,39262,20,,,0,15,,39263,20,,,0,15,,39264,20,,,0,55,,39265,20,,,0,15,,39266,20,,,0,15,,39267,20,,,0,15,,39268,20,,,0,63,,39269,20,,,0,28,,39179,20,,,0,70,,39180,20,,,0,30,,39181,20,,,0,70,,39182,20,,,0,30,,39183,20,,,0,70,,39184,20,,,0,30,,39185,20,,,0,70,,39186,20,,,0,30,,39187,20,,,0
580800,'14602',520,,39308,20,,,0,30,,39309,20,,,0,70,,39310,20,,,0,30,,39311,20,,,0,70,,39312,20,,,0,30,,39313,20,,,0,70,,39314,20,,,0,30,,39315,20,,,0,72,,39316,20,,,0,30,,39317,20,,,0,70,,39318,20,,,0,30,,39319,20,,,0,70,,39320,20,,,0,30,,39291,20,,,0,70,,39292,20,,,0,30,,39293,20,,,0,70,,39294,20,,,0,30,,39295,20,,,0,70,,39296,20,,,0,30,,39297,20,,,0,70,,39298,20,,,0,30,,39299,20,,,0,70,,39300,20,,,0,30,,39301,20,,,0,70,,39302,20,,,0,30,,39303,20,,,0,70,,39304,20,,,0,30,,39305,20,,,0,67,,39306,20,,,0,30,,39307,20,,,0,70,,39290,20,,,0,30,,39289,20,,,0,70,,39288,20,,,0,30,,39287,20,,,0,68,,39286,20,,,0,30,,39285,20,,,0,70,,39284,20,,,0,30,,39283,20,,,0,70,,39282,20,,,0,30,,39281,20,,,0,70,,39280,20,,,0,30,,39279,20,,,0,70,,39278,20,,,0,30,,39277,20,,,0
580800,'14603',620,,39346,20,,,0,30,,39347,20,,,0,70,,39348,20,,,0,30,,39349,20,,,0,70,,39350,20,,,0,30,,39351,20,,,0,72,,39352,20,,,0,30,,39353,20,,,0,70,,39354,20,,,0,30,,39355,20,,,0,70,,39356,20,,,0,30,,39337,20,,,0,70,,39336,20,,,0,30,,39335,20,,,0,70,,39334,20,,,0,30,,39333,20,,,0,70,,39332,20,,,0,30,,39331,20,,,0,70,,39330,20,,,0,30,,39329,20,,,0,70,,39328,20,,,0,30,,39327,20,,,0,70,,39326,20,,,0,30,,39325,20,,,0,70,,39324,20,,,0,30,,39323,20,,,0,67,,39322,20,,,0,30,,39321,20,,,0,70,,39338,20,,,0,30,,39339,20,,,0,70,,39340,20,,,0,30,,39341,20,,,0,68,,39342,20,,,0,30,,39343,20,,,0,70,,39344,20,,,0,30,,39345,20,,,0
580800,'14604',620,,39376,20,,,0,30,,39377,20,,,0,70,,39378,20,,,0,30,,39379,20,,,0,70,,39380,20,,,0,30,,39381,20,,,0,72,,39382,20,,,0,30,,39383,20,,,0,70,,39384,20,,,0,30,,39385,20,,,0,70,,39386,20,,,0,30,,39373,20,,,0,70,,39372,20,,,0,30,,39371,20,,,0,70,,39370,20,,,0,30,,39369,20,,,0,70,,39368,20,,,0,30,,39367,20,,,0,70,,39366,20,,,0,30,,39365,20,,,0,70,,39364,20,,,0,30,,39363,20,,,0,70,,39362,20,,,0,30,,39361,20,,,0,70,,39360,20,,,0,30,,39359,20,,,0,67,,39358,20,,,0,30,,39357,20,,,0,70,,39374,20,,,0,30,,39375,20,,,0
580800,'14606',620,,39412,20,,,0,30,,39413,20,,,0,70,,39414,20,,,0,30,,39415,20,,,0,70,,39416,20,,,0,30,,39417,20,,,0,72,,39418,20,,,0,30,,39419,20,,,0,70,,39420,20,,,0,30,,39421,20,,,0,70,,39422,20,,,0,30,,39403,20,,,0,70,,39402,20,,,0,30,,39401,20,,,0,70,,39400,20,,,0,30,,39399,20,,,0,70,,39398,20,,,0,30,,39397,20,,,0,70,,39396,20,,,0,30,,39395,20,,,0,70,,39394,20,,,0,30,,39393,20,,,0,70,,39392,20,,,0,30,,39391,20,,,0,70,,39390,20,,,0,30,,39389,20,,,0,67,,39388,20,,,0,30,,39387,20,,,0,70,,39404,20,,,0,30,,39405,20,,,0,70,,39406,20,,,0,30,,39407,20,,,0,68,,39408,20,,,0,30,,39409,20,,,0,70,,39410,20,,,0,30,,39411,20,,,0
582801,'1',640,,40617,58,,,0,60,,40619,58,,,0,20,,40621,58,,,0,15,,40623,58,,,0,17,,40625,58,,,0,54,,40627,58,,,0,16,,40629,58,,,0,15,,40631,58,,,0,15,,40633,58,,,0,55,,40635,58,,,0,12,,40637,58,,,0,12,,40639,58,,,0,12,,40641,58,,,0,12,,40643,58,,,0,52,,40645,58,,,0,12,,40647,58,,,0,12,,40649,58,,,0,12,,40651,58,,,0,12,,40653,58,,,0,52,,40655,58,,,0,13,,40657,58,,,0,12,,40659,58,,,0,12,,40661,58,,,0,12,,40663,58,,,0,52,,40665,58,,,0,12,,40667,58,,,0,12,,40669,58,,,0,12,,40671,58,,,0,12,,40673,58,,,0,52,,40675,58,,,0,12,,40677,58,,,0,12,,40679,58,,,0,12,,40681,58,,,0,12,,40683,58,,,0,52,,40685,58,,,0,12,,40687,58,,,0,12,,40689,58,,,0,12,,40691,58,,,0,12,,40693,58,,,0,52,,40695,58,,,0,14,,40697,58,,,0,12,,40699,58,,,0,12,,40701,58,,,0,12,,40703,58,,,0,53,,40705,58,,,0,12,,40707,58,,,0,12,,40709,58,,,0,12,,40711,58,,,0,12,,40713,58,,,0,52,,40715,58,,,0,12,,40717,58,,,0,14,,40719,58,,,0,12,,40721,58,,,0,52,,40723,58,,,0,12,,40725,58,,,0,8,,40727,58,,,0
