578300,'1',525,,30529,25,0,23 24,0,25,,30532,68,0,23 24,0,70,,30535,68,0,23 24,0,30,,30538,68,0,23 24,0,55,,30540,68,0,23 24,0,15,,30542,68,0,23 24,0,15,,30544,68,0,23 24,0,15,,30546,68,0,23 24,0,55,,30548,68,0,23 24,0,15,,30550,68,0,23 24,0,15,,30552,68,0,23 24,0,15,,30554,68,0,23 24,0,55,,30556,68,0,23 24,0,19,,30558,68,0,23 24,0,15,,30560,68,0,23 24,0,15,,30562,68,0,23 24,0,70,,30566,68,0,23 24,0,30,,30569,68,0,23 24,0,70,,30572,68,0,23 24,0,30,,30575,68,0,23 24,0,70,,30578,68,0,23 24,0,30,,30581,68,0,23 24,0,70,,30584,68,0,23 24,0,30,,30587,68,0,23 24,0,71,,30590,68,0,23 24,0,15,,30592,68,0,23 24,0,15,,30594,68,0,23 24,0,55,,30596,68,0,23 24,0,15,,30598,68,0,23 24,0,15,,30600,68,0,23 24,0,15,,30602,68,0,23 24,0,55,,30604,68,0,23 24,0,15,,30606,68,0,23 24,0,15,,30608,68,0,23 24,0,15,,30610,68,0,23 24,0,55,,30612,68,0,23 24,0,15,,30614,68,0,23 24,0,15,,30616,68,0,23 24,0,15,,30618,68,0,23 24,0,55,,30620,68,0,23 24,0,15,,30622,68,0,23 24,0,15,,30624,68,0,23 24,0,10,,30626,68,0,23 24,0,70,,30629,68,0,23 24,0,30,,30632,68,0,23 24,0,70,,30635,68,0,23 24,0,30,,30638,68,0,23 24,0,70,,30641,68,0,23 24,0,30,,30644,68,0,23 24,0,66,,30647,68,0,23 24,0,85,,30650,68,0,23 24,0,45,,30653,68,0,23 24,0,85,,30656,68,0,23 24,0,85,,30659,68,0,23 24,0,21,,30662,68,0,23 24,0
578300,'2',447,,30665,25,0,23 24,0,70,,30667,25,0,23 24,0,85,,30670,68,0,23 24,0,27,,30672,68,0,23 24,0,76,,30675,68,0,23 24,0,36,,30678,68,0,23 24,0,70,,30681,25,0,23 24,0,13,,30682,68,0,23 24,0,76,,30685,68,0,23 24,0,36,,30688,68,0,23 24,0,76,,30691,68,0,23 24,0,36,,30694,68,0,23 24,0,76,,30697,68,0,23 24,0,76,,30700,68,0,23 24,0,36,,30703,68,0,23 24,0,76,,30706,68,0,23 24,0,36,,30709,68,0,23 24,0,76,,30712,68,0,23 24,0,76,,30715,68,0,23 24,0,36,,30718,68,0,23 24,0,76,,30721,68,0,23 24,0,36,,30724,68,0,23 24,0,76,,30727,68,0,23 24,0,76,,30730,68,0,23 24,0,32,,30733,68,0,23 24,0,76,,30736,68,0,23 24,0,32,,30739,68,0,23 24,0,76,,30742,68,0,23 24,0,36,,30745,68,0,23 24,0,76,,30748,68,0,23 24,0,77,,30751,68,0,23 24,0,43,,30754,68,0,23 24,0,70,,30756,68,0,23 24,0,85,,30759,68,0,23 24,0,45,,30762,68,0,23 24,0,90,,30766,68,0,23 24,0
578300,'3',533,,30769,25,0,23 24,0,85,,30772,68,0,23 24,0,23,,30774,25,0,23 24,0,62,,30776,68,0,23 24,0,45,,30779,68,0,23 24,0,85,,30782,68,0,23 24,0,85,,30785,68,0,23 24,0,36,,30788,68,0,23 24,0,82,,30791,68,0,23 24,0,76,,30794,68,0,23 24,0,36,,30797,68,0,23 24,0,76,,30800,68,0,23 24,0,76,,30803,68,0,23 24,0,36,,30806,68,0,23 24,0,76,,30809,68,0,23 24,0,36,,30812,68,0,23 24,0,76,,30815,68,0,23 24,0,76,,30818,68,0,23 24,0,36,,30821,68,0,23 24,0,76,,30824,68,0,23 24,0,36,,30827,68,0,23 24,0,73,,30830,68,0,23 24,0,85,,30833,68,0,23 24,0,45,,30836,68,0,23 24,0,85,,30839,68,0,23 24,0,85,,30842,68,0,23 24,0,85,,30845,68,0,23 24,0,43,,30848,68,0,23 24,0,85,,30851,68,0,23 24,0,85,,30855,68,0,23 24,0
578300,'4',548,,30921,25,0,23 24,0,80,,30857,25,0,23 24,0,75,,30860,68,0,23 24,0,45,,30863,68,0,23 24,0,85,,30866,68,0,23 24,0,85,,30869,68,0,23 24,0,85,,30872,68,0,23 24,0,49,,30875,68,0,23 24,0,85,,30878,68,0,23 24,0,85,,30881,68,0,23 24,0,85,,30884,68,0,23 24,0,45,,30887,68,0,23 24,0,85,,30890,68,0,23 24,0,85,,30893,68,0,23 24,0,85,,30896,68,0,23 24,0,45,,30899,68,0,23 24,0,85,,30902,68,0,23 24,0,81,,30905,68,0,23 24,0,85,,30908,68,0,23 24,0,45,,30911,68,0,23 24,0,85,,30914,68,0,23 24,0,85,,30918,68,0,23 24,0
578300,'6',533,,30923,25,0,23 24,0,85,,30926,68,0,23 24,0,23,,30928,25,0,23 24,0,62,,30930,68,0,23 24,0,45,,30933,68,0,23 24,0,85,,30936,68,0,23 24,0,85,,30939,68,0,23 24,0,36,,30942,68,0,23 24,0,82,,30945,68,0,23 24,0,76,,30948,68,0,23 24,0,36,,30951,68,0,23 24,0,76,,30954,68,0,23 24,0,76,,30957,68,0,23 24,0,36,,30960,68,0,23 24,0,76,,30963,68,0,23 24,0,36,,30966,68,0,23 24,0,76,,30969,68,0,23 24,0,76,,30972,68,0,23 24,0,36,,30975,68,0,23 24,0,76,,30978,68,0,23 24,0,36,,30981,68,0,23 24,0,73,,30984,68,0,23 24,0,85,,30987,68,0,23 24,0,45,,30990,68,0,23 24,0,85,,30993,68,0,23 24,0,85,,30996,68,0,23 24,0,85,,30999,68,0,23 24,0,43,,31002,68,0,23 24,0,85,,31005,68,0,23 24,0,85,,31009,68,0,23 24,0
580800,'14601',526,,39276,28,,,0,20,,39270,28,,,0,60,,39271,28,,,0,20,,39272,28,,,0,20,,39273,28,,,0,60,,39274,28,,,0,20,,39275,28,,,0,20,,39174,28,,,0,58,,39175,28,,,0,7,,39188,28,,,0,7,,39189,28,,,0,8,,39196,28,,,0,7,,39190,28,,,0,8,,39197,28,,,0,7,,39191,28,,,0,8,,39198,28,,,0,47,,39192,28,,,0,8,,39199,28,,,0,7,,39193,28,,,0,10,,39200,28,,,0,7,,39194,28,,,0,8,,39201,28,,,0,7,,39195,28,,,0,50,,39202,28,,,0,10,,39203,28,,,0,10,,39204,28,,,0,10,,39205,28,,,0,10,,39206,28,,,0,10,,39207,28,,,0,50,,39208,28,,,0,10,,39209,28,,,0,10,,39210,28,,,0,10,,39211,28,,,0,10,,39212,28,,,0,10,,39213,28,,,0,50,,39214,28,,,0,10,,39215,28,,,0,10,,39216,28,,,0,10,,39217,28,,,0,10,,39218,28,,,0,10,,39219,28,,,0,50,,39220,28,,,0,10,,39221,28,,,0,10,,39222,28,,,0,10,,39223,28,,,0,10,,39224,28,,,0,10,,39225,28,,,0,50,,39226,28,,,0,10,,39227,28,,,0,10,,39228,28,,,0,10,,39229,28,,,0,10,,39230,28,,,0,10,,39231,28,,,0,50,,39232,28,,,0,10,,39233,28,,,0,10,,39247,28,,,0,7,,39234,28,,,0,8,,39248,28,,,0,7,,39235,28,,,0,8,,39249,28,,,0,7,,39236,28,,,0,48,,39250,28,,,0,7,,39237,28,,,0,8,,39251,28,,,0,7,,39238,28,,,0,8,,39252,28,,,0,7,,39239,28,,,0,8,,39253,28,,,0,7,,39240,28,,,0,48,,39254,28,,,0,7,,39241,28,,,0,8,,39255,28,,,0,7,,39242,28,,,0,8,,39256,28,,,0,7,,39243,28,,,0,8,,39257,28,,,0,7,,39244,28,,,0,48,,39258,28,,,0,7,,39245,28,,,0,8,,39259,28,,,0,7,,39246,28,,,0,8,,39260,28,,,0,11,,39261,28,,,0,55,,39176,28,,,0,15,,39177,28,,,0,12,,39178,28,,,0,15,,39171,28,,,0,15,,39172,28,,,0,55,,39173,28,,,0,15,,39262,28,,,0,15,,39263,28,,,0,15,,39264,28,,,0,55,,39265,28,,,0,15,,39266,28,,,0,15,,39267,28,,,0,15,,39268,28,,,0,63,,39269,28,,,0,27,,39179,28,,,0,70,,39180,28,,,0,30,,39181,28,,,0,70,,39182,28,,,0,30,,39183,28,,,0,70,,39184,28,,,0,30,,39185,28,,,0,70,,39186,28,,,0,30,,39187,28,,,0
580800,'14602',526,,39308,28,,,0,30,,39309,28,,,0,70,,39310,28,,,0,30,,39311,28,,,0,70,,39312,28,,,0,30,,39313,28,,,0,70,,39314,28,,,0,30,,39315,28,,,0,72,,39316,28,,,0,30,,39317,28,,,0,70,,39318,28,,,0,30,,39319,28,,,0,70,,39320,28,,,0,30,,39291,28,,,0,70,,39292,28,,,0,30,,39293,28,,,0,70,,39294,28,,,0,30,,39295,28,,,0,70,,39296,28,,,0,30,,39297,28,,,0,70,,39298,28,,,0,30,,39299,28,,,0,70,,39300,28,,,0,30,,39301,28,,,0,70,,39302,28,,,0,30,,39303,28,,,0,70,,39304,28,,,0,30,,39305,28,,,0,67,,39306,28,,,0,30,,39307,28,,,0,70,,39290,28,,,0,30,,39289,28,,,0,70,,39288,28,,,0,30,,39287,28,,,0,67,,39286,28,,,0,30,,39285,28,,,0,70,,39284,28,,,0,30,,39283,28,,,0,70,,39282,28,,,0,30,,39281,28,,,0,70,,39280,28,,,0,30,,39279,28,,,0,70,,39278,28,,,0,30,,39277,28,,,0
580800,'14603',626,,39346,28,,,0,30,,39347,28,,,0,70,,39348,28,,,0,30,,39349,28,,,0,70,,39350,28,,,0,30,,39351,28,,,0,72,,39352,28,,,0,30,,39353,28,,,0,70,,39354,28,,,0,30,,39355,28,,,0,70,,39356,28,,,0,30,,39337,28,,,0,70,,39336,28,,,0,30,,39335,28,,,0,70,,39334,28,,,0,30,,39333,28,,,0,70,,39332,28,,,0,30,,39331,28,,,0,70,,39330,28,,,0,30,,39329,28,,,0,70,,39328,28,,,0,30,,39327,28,,,0,70,,39326,28,,,0,30,,39325,28,,,0,70,,39324,28,,,0,30,,39323,28,,,0,67,,39322,28,,,0,30,,39321,28,,,0,70,,39338,28,,,0,30,,39339,28,,,0,70,,39340,28,,,0,30,,39341,28,,,0,67,,39342,28,,,0,30,,39343,28,,,0,70,,39344,28,,,0,30,,39345,28,,,0
580800,'14604',626,,39376,28,,,0,30,,39377,28,,,0,70,,39378,28,,,0,30,,39379,28,,,0,70,,39380,28,,,0,30,,39381,28,,,0,72,,39382,28,,,0,30,,39383,28,,,0,70,,39384,28,,,0,30,,39385,28,,,0,70,,39386,28,,,0,30,,39373,28,,,0,70,,39372,28,,,0,30,,39371,28,,,0,70,,39370,28,,,0,30,,39369,28,,,0,70,,39368,28,,,0,30,,39367,28,,,0,70,,39366,28,,,0,30,,39365,28,,,0,70,,39364,28,,,0,30,,39363,28,,,0,70,,39362,28,,,0,30,,39361,28,,,0,70,,39360,28,,,0,30,,39359,28,,,0,67,,39358,28,,,0,30,,39357,28,,,0,70,,39374,28,,,0,30,,39375,28,,,0
580800,'14606',626,,39412,28,,,0,30,,39413,28,,,0,70,,39414,28,,,0,30,,39415,28,,,0,70,,39416,28,,,0,30,,39417,28,,,0,72,,39418,28,,,0,30,,39419,28,,,0,70,,39420,28,,,0,30,,39421,28,,,0,70,,39422,28,,,0,30,,39403,28,,,0,70,,39402,28,,,0,30,,39401,28,,,0,70,,39400,28,,,0,30,,39399,28,,,0,70,,39398,28,,,0,30,,39397,28,,,0,70,,39396,28,,,0,30,,39395,28,,,0,70,,39394,28,,,0,30,,39393,28,,,0,70,,39392,28,,,0,30,,39391,28,,,0,70,,39390,28,,,0,30,,39389,28,,,0,67,,39388,28,,,0,30,,39387,28,,,0,70,,39404,28,,,0,30,,39405,28,,,0,70,,39406,28,,,0,30,,39407,28,,,0,67,,39408,28,,,0,30,,39409,28,,,0,70,,39410,28,,,0,30,,39411,28,,,0
