582800,'1',441,,40216,9,,,0,63,,40217,9,,,0,14,,40218,9,,,0,14,,40219,9,,,0,14,,40220,9,,,0,10,,40221,9,,,0,50,,40222,9,,,0,10,,40223,9,,,0,10,,40224,9,,,0,10,,40225,9,,,0,10,,40226,9,,,0,10,,40227,9,,,0,50,,40228,9,,,0,8,,40229,40,,,0,7,,40230,9,,,0,8,,40231,40,,,0,7,,40232,9,,,0,8,,40233,40,,,0,7,,40234,9,,,0,8,,40235,40,,,0,47,,40236,9,,,0,8,,40237,40,,,0,7,,40238,9,,,0,8,,40239,40,,,0,7,,40240,9,,,0,8,,40241,40,,,0,7,,40242,9,,,0,8,,40243,40,,,0,47,,40244,9,,,0,7,,40245,40,,,0,7,,40246,9,,,0,6,,40247,40,,,0,6,,40248,9,,,0,6,,40249,40,,,0,6,,40250,9,,,0,6,,40251,40,,,0,6,,40252,9,,,0,46,,40253,40,,,0,6,,40254,9,,,0,6,,40255,40,,,0,6,,40256,9,,,0,6,,40257,40,,,0,6,,40258,9,,,0,6,,40259,40,,,0,6,,40260,9,,,0,6,,40261,40,,,0,6,,40262,9,,,0,46,,40263,40,,,0,6,,40264,9,,,0,6,,40265,40,,,0,6,,40266,9,,,0,6,,40267,40,,,0,6,,40268,9,,,0,6,,40269,40,,,0,6,,40270,9,,,0,6,,40271,40,,,0,6,,40272,9,,,0,46,,40273,40,,,0,6,,40274,9,,,0,6,,40275,40,,,0,6,,40276,9,,,0,6,,40277,40,,,0,6,,40278,9,,,0,6,,40279,40,,,0,6,,40280,9,,,0,6,,40281,40,,,0,6,,40282,9,,,0,46,,40283,40,,,0,6,,40284,9,,,0,6,,40285,40,,,0,6,,40286,9,,,0,6,,40287,40,,,0,6,,40288,9,,,0,6,,40289,40,,,0,6,,40290,9,,,0,6,,40291,40,,,0,6,,40292,9,,,0,46,,40293,40,,,0,6,,40294,9,,,0,6,,40295,40,,,0,6,,40296,9,,,0,5,,40297,40,,,0,6,,40298,9,,,0,6,,40299,40,,,0,6,,40300,9,,,0,6,,40301,40,,,0,6,,40302,9,,,0,46,,40303,40,,,0,6,,40304,9,,,0,6,,40305,40,,,0,6,,40306,9,,,0,6,,40307,40,,,0,6,,40308,9,,,0,6,,40309,40,,,0,6,,40310,9,,,0,6,,40311,40,,,0,6,,40312,9,,,0,46,,40313,40,,,0,7,,40314,9,,,0,6,,40315,40,,,0,6,,40316,9,,,0,6,,40317,40,,,0,6,,40318,9,,,0,6,,40319,40,,,0,6,,40320,9,,,0,6,,40321,40,,,0,6,,40322,9,,,0,46,,40323,40,,,0,6,,40324,9,,,0,6,,40325,40,,,0,6,,40326,9,,,0,6,,40327,40,,,0,6,,40328,9,,,0,6,,40329,40,,,0,6,,40330,9,,,0,6,,40331,40,,,0,6,,40332,9,,,0,46,,40333,40,,,0,6,,40334,9,,,0,6,,40335,40,,,0,6,,40336,9,,,0,6,,40337,40,,,0,6,,40338,9,,,0,6,,40215,40,,,0,6,,40340,9,,,0,6,,40339,40,,,0,6,,40342,9,,,0,46,,40341,40,,,0,10,,40343,9,,,0,10,,40344,9,,,0,15,,40345,9,,,0,15,,40346,9,,,0,55,,40347,9,,,0,15,,40348,9,,,0,15,,40349,9,,,0,15,,40350,9,,,0,55,,40351,9,,,0,15,,40352,9,,,0,15,,40353,9,,,0,15,,40354,9,,,0,55,,40355,9,,,0,20,,40356,9,,,0,20,,40357,9,,,0,60,,40358,9,,,0,20,,40359,9,,,0,20,,40360,9,,,0,60,,40361,9,,,0,20,,40362,9,,,0,20,,40363,9,,,0,60,,40364,9,,,0,19,,40365,9,,,0
582800,'2',508,,40372,9,,,0,20,,40373,9,,,0,20,,40374,9,,,0,60,,40375,9,,,0,20,,40376,9,,,0,20,,40377,9,,,0,60,,40378,9,,,0,15,,40379,9,,,0,15,,40380,9,,,0,15,,40381,9,,,0,55,,40382,9,,,0,15,,40383,9,,,0,15,,40384,9,,,0,15,,40385,9,,,0,55,,40386,9,,,0,15,,40398,9,,,0,15,,40399,9,,,0,15,,40400,9,,,0,55,,40401,9,,,0,15,,40402,9,,,0,15,,40403,9,,,0,15,,40404,9,,,0,55,,40405,9,,,0,15,,40406,9,,,0,15,,40407,9,,,0,15,,40408,9,,,0,55,,40409,9,,,0,15,,40410,9,,,0,15,,40411,9,,,0,15,,40412,9,,,0,55,,40413,9,,,0,15,,40414,9,,,0,15,,40415,9,,,0,15,,40416,9,,,0,55,,40417,9,,,0,15,,40418,9,,,0,15,,40419,9,,,0,15,,40420,9,,,0,55,,40421,9,,,0,15,,40422,9,,,0,15,,40423,9,,,0,15,,40424,9,,,0,55,,40425,9,,,0,15,,40426,9,,,0,15,,40427,9,,,0,15,,40428,9,,,0,55,,40429,9,,,0,15,,40430,9,,,0,15,,40431,9,,,0,15,,40432,9,,,0,55,,40433,9,,,0,15,,40434,9,,,0,15,,40435,9,,,0,15,,40436,9,,,0,55,,40437,9,,,0,15,,40438,9,,,0,15,,40439,9,,,0,15,,40440,9,,,0,55,,40371,9,,,0,20,,40370,9,,,0,20,,40369,9,,,0,60,,40368,9,,,0,20,,40367,9,,,0,20,,40366,9,,,0,60,,40387,9,,,0,20,,40394,9,,,0,20,,40388,9,,,0,60,,40389,9,,,0,20,,40395,9,,,0,20,,40390,9,,,0,60,,40391,9,,,0,20,,40396,9,,,0,20,,40392,9,,,0,60,,40397,9,,,0,20,,40393,9,,,0
582800,'3',509,,40441,9,,,0,30,,40442,9,,,0,70,,40443,9,,,0,30,,40444,9,,,0,70,,40445,9,,,0,25,,40468,9,,,0,20,,40446,9,,,0,60,,40447,9,,,0,20,,40448,9,,,0,20,,40449,9,,,0,60,,40450,9,,,0,20,,40470,9,,,0,20,,40471,9,,,0,61,,40472,9,,,0,20,,40473,9,,,0,20,,40474,9,,,0,55,,40475,9,,,0,15,,40469,9,,,0,15,,40476,9,,,0,15,,40477,9,,,0,55,,40478,9,,,0,15,,40479,9,,,0,15,,40480,9,,,0,15,,40481,9,,,0,55,,40482,9,,,0,15,,40483,9,,,0,15,,40484,9,,,0,15,,40485,9,,,0,55,,40486,9,,,0,15,,40487,9,,,0,15,,40488,9,,,0,15,,40489,9,,,0,55,,40490,9,,,0,15,,40491,9,,,0,15,,40492,9,,,0,15,,40493,9,,,0,55,,40494,9,,,0,15,,40495,9,,,0,15,,40496,9,,,0,15,,40497,9,,,0,55,,40498,9,,,0,15,,40499,9,,,0,15,,40500,9,,,0,15,,40501,9,,,0,55,,40502,9,,,0,20,,40503,9,,,0,20,,40451,9,,,0,60,,40452,9,,,0,20,,40463,9,,,0,20,,40453,9,,,0,60,,40454,9,,,0,20,,40464,9,,,0,20,,40455,9,,,0,60,,40456,9,,,0,20,,40465,9,,,0,20,,40457,9,,,0,58,,40458,9,,,0,20,,40466,9,,,0,20,,40459,9,,,0,60,,40460,9,,,0,20,,40467,9,,,0,20,,40461,9,,,0,60,,40462,9,,,0
582800,'4',538,,40504,9,,,0,70,,40505,9,,,0,30,,40506,9,,,0,70,,40507,9,,,0,30,,40508,9,,,0,70,,40509,9,,,0,30,,40510,9,,,0,70,,40511,9,,,0,30,,40512,9,,,0,70,,40513,9,,,0,30,,40514,9,,,0,70,,40515,9,,,0,30,,40516,9,,,0,70,,40517,9,,,0,30,,40518,9,,,0,70,,40519,9,,,0,30,,40520,9,,,0,70,,40521,9,,,0,30,,40522,9,,,0,70,,40523,9,,,0,30,,40524,9,,,0,70,,40525,9,,,0,30,,40526,9,,,0,70,,40527,9,,,0,30,,40528,9,,,0,70,,40529,9,,,0,30,,40530,9,,,0,70,,40531,9,,,0,30,,40532,9,,,0,70,,40533,9,,,0,30,,40534,9,,,0,70,,40535,9,,,0
582800,'6',508,,40542,9,,,0,20,,40543,9,,,0,20,,40544,9,,,0,60,,40545,9,,,0,20,,40546,9,,,0,20,,40547,9,,,0,60,,40548,9,,,0,15,,40549,9,,,0,15,,40550,9,,,0,15,,40551,9,,,0,55,,40552,9,,,0,15,,40553,9,,,0,15,,40554,9,,,0,15,,40555,9,,,0,55,,40556,9,,,0,15,,40568,9,,,0,15,,40569,9,,,0,15,,40570,9,,,0,55,,40571,9,,,0,15,,40572,9,,,0,15,,40573,9,,,0,15,,40574,9,,,0,55,,40575,9,,,0,15,,40576,9,,,0,15,,40577,9,,,0,15,,40578,9,,,0,55,,40579,9,,,0,15,,40580,9,,,0,15,,40581,9,,,0,15,,40582,9,,,0,55,,40583,9,,,0,15,,40584,9,,,0,15,,40585,9,,,0,15,,40586,9,,,0,55,,40587,9,,,0,15,,40588,9,,,0,15,,40589,9,,,0,15,,40590,9,,,0,55,,40591,9,,,0,15,,40592,9,,,0,15,,40593,9,,,0,15,,40594,9,,,0,55,,40595,9,,,0,15,,40596,9,,,0,15,,40597,9,,,0,15,,40598,9,,,0,55,,40599,9,,,0,15,,40600,9,,,0,15,,40601,9,,,0,15,,40602,9,,,0,55,,40603,9,,,0,15,,40604,9,,,0,15,,40605,9,,,0,15,,40606,9,,,0,55,,40607,9,,,0,15,,40608,9,,,0,15,,40609,9,,,0,15,,40610,9,,,0,55,,40541,9,,,0,20,,40540,9,,,0,20,,40539,9,,,0,60,,40538,9,,,0,20,,40537,9,,,0,20,,40536,9,,,0,60,,40557,9,,,0,20,,40564,9,,,0,20,,40558,9,,,0,60,,40559,9,,,0,20,,40565,9,,,0,20,,40560,9,,,0,60,,40561,9,,,0,20,,40566,9,,,0,20,,40562,9,,,0,60,,40567,9,,,0,20,,40563,9,,,0
582900,'1',624,,41003,10,,,0,10,,41004,10,,,0,10,,41005,10,,,0,10,,41006,10,,,0,50,,41007,10,,,0,10,,41008,10,,,0,10,,41009,10,,,0,10,,41010,10,,,0,10,,41011,10,,,0,10,,41012,10,,,0,50,,41013,10,,,0,10,,41014,10,,,0,10,,41015,10,,,0,10,,41016,10,,,0,10,,41017,10,,,0,10,,41018,10,,,0,50,,41019,10,,,0,10,,41020,10,,,0,10,,41021,10,,,0,10,,41022,10,,,0,10,,41023,10,,,0,10,,41024,10,,,0,50,,41025,10,,,0,10,,41026,10,,,0,10,,41027,10,,,0,11,,41028,10,,,0,12,,41029,10,,,0,12,,41030,10,,,0,52,,41031,10,,,0,12,,41032,10,,,0,12,,41033,10,,,0,12,,41034,10,,,0,12,,41035,10,,,0,52,,41036,10,,,0,12,,41037,10,,,0,12,,41038,10,,,0,12,,41039,10,,,0,12,,41040,10,,,0,52,,41041,10,,,0,12,,41042,10,,,0,12,,41043,10,,,0,12,,41044,10,,,0,12,,41045,10,,,0,52,,41046,10,,,0,12,,41047,10,,,0,12,,41048,10,,,0,10,,41049,10,,,0,10,,41050,10,,,0,50,,41051,10,,,0,10,,41052,10,,,0,10,,41053,10,,,0,10,,41054,10,,,0,10,,41055,10,,,0,10,,41056,10,,,0,50,,41057,10,,,0,10,,41058,10,,,0,10,,41059,10,,,0,10,,41060,10,,,0,10,,41061,10,,,0,10,,41062,10,,,0,50,,41063,10,,,0,10,,41064,10,,,0,10,,41065,10,,,0,10,,41066,10,,,0,10,,41067,10,,,0,10,,41068,10,,,0,50,,41069,10,,,0,10,,41070,10,,,0,10,,41071,10,,,0,10,,41072,10,,,0,10,,41073,10,,,0,10,,41074,10,,,0,50,,41075,10,,,0,9,,41076,10,,,0,10,,41077,10,,,0,12,,41078,10,,,0,12,,41079,10,,,0,52,,41080,10,,,0,12,,41081,10,,,0,12,,41082,10,,,0,12,,41083,10,,,0,12,,41084,10,,,0,52,,41085,10,,,0,12,,41086,10,,,0,12,,41087,10,,,0,12,,41088,10,,,0,12,,41089,10,,,0,52,,41090,10,,,0,16,,41091,10,,,0,30,,41092,10,,,0,70,,41093,10,,,0,30,,41094,10,,,0,70,,41095,10,,,0,30,,41096,10,,,0,79,,41097,10,,,0
582900,'2',812,,41185,3,,,0,10,,41184,3,,,0,10,,41186,10,,,0,10,,41183,10,,,0,10,,41182,10,,,0,50,,41181,10,,,0,10,,41180,10,,,0,10,,41179,10,,,0,10,,41178,10,,,0,10,,41177,10,,,0,10,,41176,10,,,0,50,,41175,10,,,0,10,,41174,10,,,0,10,,41173,10,,,0,10,,41172,10,,,0,10,,41171,10,,,0,10,,41170,10,,,0,50,,41169,10,,,0,10,,41168,10,,,0,11,,41167,10,,,0,10,,41166,10,,,0,10,,41165,10,,,0,10,,41164,10,,,0,50,,41163,10,,,0,10,,41162,10,,,0,10,,41161,10,,,0,10,,41160,10,,,0,10,,41159,10,,,0,10,,41158,10,,,0,50,,41157,10,,,0,10,,41156,10,,,0,10,,41155,10,,,0,10,,41154,10,,,0,10,,41153,10,,,0,10,,41152,10,,,0,50,,41151,10,,,0,10,,41150,10,,,0,10,,41149,10,,,0,10,,41148,10,,,0,10,,41147,10,,,0,10,,41146,10,,,0,50,,41145,10,,,0,10,,41144,10,,,0,10,,41143,10,,,0,10,,41142,10,,,0,10,,41141,10,,,0,10,,41140,10,,,0,50,,41139,10,,,0,10,,41138,10,,,0,10,,41137,10,,,0,10,,41136,10,,,0,10,,41135,10,,,0,10,,41134,10,,,0,50,,41133,10,,,0,10,,41132,10,,,0,10,,41131,10,,,0,10,,41130,10,,,0,10,,41129,10,,,0,10,,41128,10,,,0,50,,41127,10,,,0,10,,41126,10,,,0,10,,41125,10,,,0,10,,41124,10,,,0,10,,41123,10,,,0,10,,41122,10,,,0,50,,41121,10,,,0,10,,41120,10,,,0,9,,41119,10,,,0,10,,41118,10,,,0,10,,41117,10,,,0,10,,41116,10,,,0,52,,41115,10,,,0,12,,41114,10,,,0,12,,41113,10,,,0,12,,41112,10,,,0,12,,41111,10,,,0,52,,41110,10,,,0,12,,41109,10,,,0,12,,41108,10,,,0,12,,41107,10,,,0,12,,41106,10,,,0,52,,41105,10,,,0,12,,41104,10,,,0,30,,41103,10,,,0,70,,41102,10,,,0,30,,41101,10,,,0,70,,41100,10,,,0,30,,41099,10,,,0,65,,41098,10,,,0
582900,'3',803,,41187,3,,,0,15,,41188,3,,,0,12,,41189,10,,,0,15,,41190,10,,,0,55,,41191,10,,,0,15,,41192,10,,,0,15,,41193,10,,,0,15,,41194,10,,,0,56,,41195,10,,,0,15,,41196,10,,,0,15,,41197,10,,,0,15,,41198,10,,,0,55,,41199,10,,,0,15,,41200,10,,,0,15,,41201,10,,,0,15,,41202,10,,,0,55,,41203,10,,,0,15,,41204,10,,,0,15,,41205,10,,,0,15,,41206,10,,,0,55,,41207,10,,,0,15,,41208,10,,,0,15,,41209,10,,,0,15,,41210,10,,,0,55,,41211,10,,,0,15,,41212,10,,,0,15,,41213,10,,,0,15,,41214,10,,,0,55,,41215,10,,,0,15,,41216,10,,,0,15,,41217,10,,,0,15,,41218,10,,,0,55,,41219,10,,,0,15,,41220,10,,,0,15,,41221,10,,,0,15,,41222,10,,,0,55,,41223,10,,,0,15,,41224,10,,,0,15,,41225,10,,,0,15,,41226,10,,,0,55,,41227,10,,,0,15,,41228,10,,,0,15,,41229,10,,,0,15,,41230,10,,,0,57,,41231,10,,,0,20,,41232,10,,,0,20,,41233,10,,,0,60,,41234,10,,,0,20,,41235,10,,,0,20,,41236,10,,,0,60,,41237,10,,,0,20,,41238,10,,,0,20,,41239,10,,,0,62,,41240,10,,,0,30,,41241,10,,,0,70,,41242,10,,,0,30,,41243,10,,,0
582900,'4',812,,41245,10,,,0,30,,41246,10,,,0,70,,41247,10,,,0,30,,41248,10,,,0,70,,41249,10,,,0,30,,41250,10,,,0,60,,41251,10,,,0,20,,41252,10,,,0,20,,41253,10,,,0,60,,41254,10,,,0,20,,41255,10,,,0,20,,41256,10,,,0,60,,41257,10,,,0,20,,41258,10,,,0,20,,41259,10,,,0,60,,41260,10,,,0,20,,41261,10,,,0,20,,41262,10,,,0,60,,41263,10,,,0,20,,41264,10,,,0,20,,41265,10,,,0,60,,41266,10,,,0,20,,41267,10,,,0,20,,41268,10,,,0,60,,41269,10,,,0,20,,41270,10,,,0,20,,41271,10,,,0,60,,41272,10,,,0,20,,41273,10,,,0,20,,41274,10,,,0,70,,41275,10,,,0,30,,41276,10,,,0,70,,41277,10,,,0,30,,41278,10,,,0,70,,41279,10,,,0
582900,'6',803,,41280,3,,,0,15,,41281,3,,,0,12,,41282,10,,,0,15,,41283,10,,,0,55,,41284,10,,,0,15,,41285,10,,,0,15,,41286,10,,,0,15,,41287,10,,,0,56,,41288,10,,,0,15,,41289,10,,,0,15,,41290,10,,,0,15,,41291,10,,,0,55,,41292,10,,,0,15,,41293,10,,,0,15,,41294,10,,,0,15,,41295,10,,,0,55,,41296,10,,,0,15,,41297,10,,,0,15,,41298,10,,,0,15,,41299,10,,,0,55,,41300,10,,,0,15,,41301,10,,,0,15,,41302,10,,,0,15,,41303,10,,,0,55,,41304,10,,,0,15,,41305,10,,,0,15,,41306,10,,,0,15,,41307,10,,,0,55,,41308,10,,,0,15,,41309,10,,,0,15,,41310,10,,,0,15,,41311,10,,,0,55,,41312,10,,,0,15,,41313,10,,,0,15,,41314,10,,,0,15,,41315,10,,,0,55,,41316,10,,,0,15,,41317,10,,,0,15,,41318,10,,,0,15,,41319,10,,,0,55,,41320,10,,,0,15,,41321,10,,,0,15,,41322,10,,,0,15,,41323,10,,,0,57,,41324,10,,,0,20,,41325,10,,,0,20,,41326,10,,,0,60,,41327,10,,,0,20,,41328,10,,,0,20,,41329,10,,,0,60,,41330,10,,,0,20,,41331,10,,,0,20,,41332,10,,,0,62,,41333,10,,,0,30,,41334,10,,,0,70,,41335,10,,,0,30,,41336,10,,,0
