580601,'1',550,,38600,48,,,0,69,,38599,48,,,0,18,,38547,20,,,0,12,,38598,48,,,0,71,,38597,48,,,0,30,,38596,48,,,0,70,,38595,48,,,0,20,,38594,48,,,0,60,,38593,48,,,0,20,,38592,48,,,0,15,,38591,48,,,0,15,,38590,48,,,0,55,,38589,48,,,0,16,,38588,48,,,0,30,,38587,48,,,0,70,,38586,48,,,0,30,,38585,48,,,0,70,,38584,48,,,0,30,,38583,48,,,0,70,,38582,48,,,0,30,,38581,48,,,0,71,,38580,48,,,0,30,,38579,48,,,0,70,,38578,48,,,0,15,,38577,48,,,0,15,,38576,48,,,0,55,,38575,48,,,0,15,,38574,48,,,0,15,,38573,48,,,0,15,,38548,48,,,0,55,,38572,48,,,0,15,,38571,48,,,0,15,,38570,48,,,0,15,,38569,48,,,0,55,,38568,48,,,0,15,,38567,48,,,0,15,,38566,48,,,0,15,,38565,48,,,0,55,,38564,48,,,0,12,,38563,48,,,0,15,,38562,48,,,0,20,,38561,48,,,0,65,,38560,48,,,0,30,,38559,48,,,0,70,,38558,48,,,0,30,,38557,48,,,0,70,,38556,48,,,0,30,,38551,48,,,0,68,,38555,48,,,0,30,,38554,48,,,0,70,,38550,48,,,0,30,,38553,48,,,0,70,,38549,48,,,0,37,,38552,48,,,0
580601,'2',543,,38638,48,,,0,70,,38639,48,,,0,30,,38640,48,,,0,66,,38619,48,,,0,30,,38621,48,,,0,70,,38620,48,,,0,30,,38622,48,,,0,70,,38618,48,,,0,30,,38623,48,,,0,70,,38615,48,,,0,30,,38624,48,,,0,70,,38607,48,,,0,30,,38625,48,,,0,70,,38608,48,,,0,30,,38626,48,,,0,70,,38609,48,,,0,30,,38627,48,,,0,70,,38610,48,,,0,30,,38628,48,,,0,70,,38611,48,,,0,30,,38629,48,,,0,70,,38612,48,,,0,30,,38630,48,,,0,70,,38613,48,,,0,30,,38631,48,,,0,70,,38614,48,,,0,30,,38632,48,,,0,70,,38616,48,,,0,30,,38617,48,,,0,70,,38633,48,,,0,30,,38606,48,,,0,70,,38605,48,,,0,30,,38604,48,,,0,70,,38603,48,,,0,30,,38602,48,,,0,70,,38634,48,,,0,30,,38635,48,,,0,70,,38636,48,,,0,30,,38601,48,,,0,70,,38637,48,,,0,30,,38641,48,,,0
580601,'3',709,,38660,48,,,0,30,,38662,48,,,0,70,,38661,48,,,0,30,,38663,48,,,0,70,,38659,48,,,0,30,,38664,48,,,0,70,,38656,48,,,0,30,,38665,48,,,0,70,,38648,48,,,0,30,,38666,48,,,0,70,,38649,48,,,0,30,,38667,48,,,0,70,,38650,48,,,0,30,,38668,48,,,0,70,,38651,48,,,0,30,,38669,48,,,0,70,,38652,48,,,0,30,,38670,48,,,0,70,,38653,48,,,0,30,,38671,48,,,0,70,,38654,48,,,0,30,,38672,48,,,0,70,,38655,48,,,0,30,,38673,48,,,0,70,,38657,48,,,0,30,,38658,48,,,0,70,,38674,48,,,0,30,,38647,48,,,0,70,,38646,48,,,0,30,,38645,48,,,0,70,,38644,48,,,0,30,,38643,48,,,0,70,,38675,48,,,0,30,,38676,48,,,0,70,,38677,48,,,0,39,,38642,48,,,0
580601,'4',709,,38693,48,,,0,30,,38695,48,,,0,70,,38694,48,,,0,30,,38696,48,,,0,70,,38692,48,,,0,30,,38697,48,,,0,70,,38689,48,,,0,30,,38698,48,,,0,70,,38681,48,,,0,30,,38699,48,,,0,70,,38682,48,,,0,30,,38700,48,,,0,70,,38683,48,,,0,30,,38701,48,,,0,70,,38684,48,,,0,30,,38702,48,,,0,70,,38685,48,,,0,30,,38703,48,,,0,70,,38686,48,,,0,30,,38704,48,,,0,70,,38687,48,,,0,30,,38705,48,,,0,70,,38688,48,,,0,30,,38706,48,,,0,70,,38690,48,,,0,30,,38691,48,,,0,70,,38707,48,,,0,30,,38680,48,,,0,70,,38679,48,,,0,30,,38678,48,,,0
580601,'6',543,,38745,48,,,0,70,,38746,48,,,0,30,,38747,48,,,0,66,,38726,48,,,0,30,,38728,48,,,0,70,,38727,48,,,0,30,,38729,48,,,0,70,,38725,48,,,0,30,,38730,48,,,0,70,,38722,48,,,0,30,,38731,48,,,0,70,,38714,48,,,0,30,,38732,48,,,0,70,,38715,48,,,0,30,,38733,48,,,0,70,,38716,48,,,0,30,,38734,48,,,0,70,,38717,48,,,0,30,,38735,48,,,0,70,,38718,48,,,0,30,,38736,48,,,0,70,,38719,48,,,0,30,,38737,48,,,0,70,,38720,48,,,0,30,,38738,48,,,0,70,,38721,48,,,0,30,,38739,48,,,0,70,,38723,48,,,0,30,,38724,48,,,0,70,,38740,48,,,0,30,,38713,48,,,0,70,,38712,48,,,0,30,,38711,48,,,0,70,,38710,48,,,0,30,,38709,48,,,0,70,,38741,48,,,0,30,,38742,48,,,0,70,,38743,48,,,0,30,,38708,48,,,0,70,,38744,48,,,0,30,,38748,48,,,0
583000,'1601',744,,41678,33,,,0,10,,41680,43,,,0,76,,41679,33,,,0,7,,41677,33,,,0,4,,41676,33,,,0,683,,41675,51,,,0,18,,41674,33,,,0
583000,'1',448,,41752,22,,,0,55,,41751,22,,,0,20,,41711,22,,,0,26,,41750,51,,,0,64,,41715,22,,,0,23,,41714,81,,,0,20,,41713,81,,,0,62,,41710,81,,,0,20,,41709,81,,,0,20,,41707,81,,,0,55,,41702,81,,,0,15,,41706,81,,,0,15,,41701,81,,,0,15,,41705,81,,,0,55,,41700,81,,,0,15,,41704,81,,,0,15,,41699,81,,,0,15,,41703,81,,,0,55,,41682,81,,,0,15,,41708,81,,,0,15,,41749,81,,,0,15,,41748,81,,,0,60,,41747,81,,,0,20,,41746,81,,,0,20,,41716,81,,,0,60,,41717,81,,,0,20,,41718,81,,,0,20,,41719,81,,,0,60,,41720,81,,,0,20,,41721,81,,,0,20,,41722,81,,,0,60,,41723,81,,,0,20,,41724,81,,,0,20,,41698,81,,,0,55,,41690,81,,,0,15,,41697,81,,,0,15,,41689,81,,,0,15,,41696,81,,,0,55,,41688,81,,,0,15,,41695,81,,,0,15,,41687,81,,,0,15,,41694,81,,,0,55,,41686,81,,,0,15,,41693,81,,,0,15,,41685,81,,,0,15,,41692,81,,,0,55,,41684,81,,,0,15,,41691,81,,,0,15,,41683,81,,,0,15,,41712,81,,,0,55,,41681,81,,,0,14,,41725,81,,,0,20,,41726,81,,,0,60,,41727,81,,,0,20,,41745,81,,,0,20,,41744,81,,,0,60,,41743,81,,,0,20,,41742,81,,,0,20,,41741,81,,,0,60,,41740,81,,,0,20,,41739,81,,,0,20,,41738,81,,,0,59,,41737,81,,,0,20,,41736,81,,,0,20,,41735,81,,,0,60,,41734,81,,,0,20,,41733,81,,,0,20,,41732,81,,,0,60,,41731,81,,,0,20,,41730,81,,,0,20,,41729,81,,,0,60,,41728,81,,,0
583000,'2',455,,41811,22,,,0,76,,41810,22,,,0,69,,41809,22,,,0,29,,41808,22,,,0,26,,41807,81,,,0,75,,41806,81,,,0,75,,41805,81,,,0,27,,41755,22,,,0,15,,41804,81,,,0,55,,41753,22,,,0,20,,41754,81,,,0,30,,41803,81,,,0,70,,41802,81,,,0,20,,41801,81,,,0,60,,41800,81,,,0,20,,41799,81,,,0,20,,41798,81,,,0,60,,41797,81,,,0,20,,41796,81,,,0,20,,41795,81,,,0,60,,41794,81,,,0,20,,41793,81,,,0,20,,41792,81,,,0,60,,41791,81,,,0,20,,41790,81,,,0,20,,41789,81,,,0,60,,41788,81,,,0,20,,41787,81,,,0,20,,41786,81,,,0,60,,41785,81,,,0,20,,41784,81,,,0,20,,41783,81,,,0,60,,41782,81,,,0,20,,41781,81,,,0,20,,41780,81,,,0,60,,41779,81,,,0,20,,41778,81,,,0,20,,41777,81,,,0,60,,41776,81,,,0,20,,41775,81,,,0,15,,41774,81,,,0,13,,41773,81,,,0,60,,41772,81,,,0,20,,41771,81,,,0,20,,41770,81,,,0,60,,41769,81,,,0,20,,41768,81,,,0,20,,41767,81,,,0,60,,41766,81,,,0,20,,41765,81,,,0,25,,41764,81,,,0,60,,41763,81,,,0,20,,41762,81,,,0,20,,41761,81,,,0,60,,41760,81,,,0,20,,41759,81,,,0,20,,41758,81,,,0,60,,41757,81,,,0,28,,41756,81,,,0
583000,'3',551,,41850,22,,,0,78,,41845,22,,,0,80,,41851,81,,,0,40,,41841,81,,,0,80,,41848,81,,,0,80,,41849,81,,,0,40,,41822,81,,,0,86,,41824,81,,,0,65,,41823,81,,,0,20,,41846,81,,,0,20,,41821,81,,,0,60,,41847,81,,,0,20,,41836,81,,,0,20,,41834,81,,,0,60,,41835,81,,,0,20,,41817,81,,,0,20,,41832,81,,,0,60,,41837,81,,,0,20,,41838,81,,,0,20,,41839,81,,,0,60,,41840,81,,,0,20,,41820,81,,,0,20,,41844,81,,,0,60,,41842,81,,,0,20,,41816,81,,,0,20,,41854,81,,,0,60,,41859,81,,,0,20,,41852,81,,,0,20,,41853,81,,,0,60,,41843,81,,,0,20,,41818,81,,,0,20,,41856,81,,,0,15,,41826,81,,,0,56,,41830,81,,,0,20,,41825,81,,,0,20,,41819,81,,,0,60,,41855,81,,,0,20,,41857,81,,,0,20,,41828,81,,,0,60,,41831,81,,,0,20,,41833,81,,,0,20,,41829,81,,,0,60,,41827,81,,,0,21,,41858,81,,,0,27,,41815,81,,,0,68,,41813,81,,,0,32,,41814,81,,,0,78,,41812,81,,,0
583000,'4',729,,41875,81,,,0,28,,41888,81,,,0,70,,41874,81,,,0,30,,41887,81,,,0,70,,41873,81,,,0,30,,41886,81,,,0,70,,41872,81,,,0,30,,41885,81,,,0,70,,41871,81,,,0,30,,41884,81,,,0,70,,41870,81,,,0,30,,41883,81,,,0,70,,41869,81,,,0,30,,41868,81,,,0,70,,41867,81,,,0,30,,41866,81,,,0,70,,41882,81,,,0,30,,41865,81,,,0,70,,41881,81,,,0,30,,41864,81,,,0,70,,41880,81,,,0,30,,41863,81,,,0,70,,41879,81,,,0,30,,41862,81,,,0,70,,41878,81,,,0,30,,41861,81,,,0,70,,41877,81,,,0,30,,41860,81,,,0,70,,41876,81,,,0
583000,'6',455,,41947,22,,,0,76,,41946,22,,,0,69,,41945,22,,,0,29,,41944,22,,,0,26,,41943,81,,,0,75,,41942,81,,,0,75,,41941,81,,,0,27,,41891,22,,,0,15,,41940,81,,,0,55,,41889,22,,,0,20,,41890,81,,,0,30,,41939,81,,,0,70,,41938,81,,,0,20,,41937,81,,,0,60,,41936,81,,,0,20,,41935,81,,,0,20,,41934,81,,,0,60,,41933,81,,,0,20,,41932,81,,,0,20,,41931,81,,,0,60,,41930,81,,,0,20,,41929,81,,,0,20,,41928,81,,,0,60,,41927,81,,,0,20,,41926,81,,,0,20,,41925,81,,,0,60,,41924,81,,,0,20,,41923,81,,,0,20,,41922,81,,,0,60,,41921,81,,,0,20,,41920,81,,,0,20,,41919,81,,,0,60,,41918,81,,,0,20,,41917,81,,,0,20,,41916,81,,,0,60,,41915,81,,,0,20,,41914,81,,,0,20,,41913,81,,,0,60,,41912,81,,,0,20,,41911,81,,,0,15,,41910,81,,,0,13,,41909,81,,,0,60,,41908,81,,,0,20,,41907,81,,,0,20,,41906,81,,,0,60,,41905,81,,,0,20,,41904,81,,,0,20,,41903,81,,,0,60,,41902,81,,,0,20,,41901,81,,,0,25,,41900,81,,,0,60,,41899,81,,,0,20,,41898,81,,,0,20,,41897,81,,,0,60,,41896,81,,,0,20,,41895,81,,,0,20,,41894,81,,,0,60,,41893,81,,,0,28,,41892,81,,,0
