578901,'1',502,,32625,6,,,0,30,,32627,6,,,0,70,,32620,6,,,0,30,,32621,6,,,0,71,,32597,6,,,0,30,,32626,6,,,0,70,,32624,6,,,0,30,,32623,6,,,0,69,,32622,6,,,0,36,,32619,6,,,0,70,,32611,6,,,0,30,,32610,6,,,0,70,,32609,6,,,0,30,,32614,6,,,0,70,,32613,6,,,0,30,,32612,6,,,0,70,,32618,6,,,0,30,,32617,6,,,0,70,,32616,6,,,0,30,,32596,6,,,0,70,,32603,6,,,0,30,,32602,6,,,0,70,,32606,6,,,0,30,,32605,6,,,0,70,,32604,6,,,0,30,,32608,6,,,0,70,,32600,6,,,0,30,,32599,6,,,0,70,,32601,6,,,0,30,,32593,6,,,0,70,,32615,6,,,0,30,,32592,6,,,0,70,,32598,6,,,0,30,,32591,6,,,0,74,,32607,6,,,0,100,,32595,6,,,0,100,,32594,6,,,0
578901,'2',502,,32664,6,,,0,30,,32642,6,,,0,70,,32635,6,,,0,30,,32641,6,,,0,70,,32640,6,,,0,30,,32656,6,,,0,70,,32655,6,,,0,30,,32654,6,,,0,70,,32658,6,,,0,30,,32657,6,,,0,70,,32659,6,,,0,30,,32650,6,,,0,70,,32649,6,,,0,30,,32648,6,,,0,70,,32653,6,,,0,30,,32652,6,,,0,70,,32651,6,,,0,30,,32662,6,,,0,70,,32661,6,,,0,30,,32645,6,,,0,70,,32644,6,,,0,30,,32660,6,,,0,70,,32643,6,,,0,30,,32647,6,,,0,70,,32646,6,,,0,30,,32637,6,,,0,70,,32636,6,,,0,30,,32639,6,,,0,70,,32638,6,,,0,30,,32630,6,,,0,70,,32629,6,,,0,30,,32634,6,,,0,70,,32628,6,,,0,100,,32633,6,,,0,100,,32632,6,,,0,100,,32631,6,,,0,100,,32663,6,,,0
578901,'3',502,,32700,6,,,0,30,,32679,6,,,0,70,,32672,6,,,0,30,,32678,6,,,0,70,,32677,6,,,0,30,,32693,6,,,0,70,,32692,6,,,0,30,,32691,6,,,0,70,,32695,6,,,0,30,,32694,6,,,0,70,,32696,6,,,0,30,,32687,6,,,0,70,,32686,6,,,0,30,,32685,6,,,0,70,,32690,6,,,0,30,,32689,6,,,0,70,,32688,6,,,0,30,,32699,6,,,0,70,,32698,6,,,0,30,,32682,6,,,0,70,,32681,6,,,0,30,,32697,6,,,0,70,,32680,6,,,0,30,,32684,6,,,0,70,,32683,6,,,0,30,,32674,6,,,0,70,,32673,6,,,0,30,,32676,6,,,0,70,,32675,6,,,0,30,,32667,6,,,0,70,,32666,6,,,0,30,,32671,6,,,0,70,,32665,6,,,0,100,,32670,6,,,0,100,,32669,6,,,0,100,,32668,6,,,0
578901,'4',522,,32701,6,,,0,100,,32702,6,,,0,100,,32703,6,,,0,100,,32704,6,,,0,100,,32705,6,,,0,100,,32706,6,,,0,100,,32707,6,,,0,100,,32708,6,,,0,100,,32709,6,,,0,100,,32710,6,,,0,100,,32711,6,,,0,100,,32712,6,,,0,100,,32713,6,,,0,100,,32714,6,,,0,100,,32715,6,,,0,100,,32716,6,,,0
578901,'6',502,,32752,6,,,0,30,,32731,6,,,0,70,,32724,6,,,0,30,,32730,6,,,0,70,,32729,6,,,0,30,,32745,6,,,0,70,,32744,6,,,0,30,,32743,6,,,0,70,,32747,6,,,0,30,,32746,6,,,0,70,,32748,6,,,0,30,,32739,6,,,0,70,,32738,6,,,0,30,,32737,6,,,0,70,,32742,6,,,0,30,,32741,6,,,0,70,,32740,6,,,0,30,,32751,6,,,0,70,,32750,6,,,0,30,,32734,6,,,0,70,,32733,6,,,0,30,,32749,6,,,0,70,,32732,6,,,0,30,,32736,6,,,0,70,,32735,6,,,0,30,,32726,6,,,0,70,,32725,6,,,0,30,,32728,6,,,0,70,,32727,6,,,0,30,,32719,6,,,0,70,,32718,6,,,0,30,,32723,6,,,0,70,,32717,6,,,0,100,,32722,6,,,0,100,,32721,6,,,0,100,,32720,6,,,0
580601,'1601',706,,38545,6,0,8 40 10,0,803,,38546,6,0,8 29 30 10,0
580601,'1',512,,38600,6,,,0,29,,38599,6,,,0,70,,38598,6,,,0,29,,38597,6,,,0,70,,38596,6,,,0,30,,38595,6,,,0,60,,38594,6,,,0,20,,38593,6,,,0,20,,38592,6,,,0,15,,38591,6,,,0,55,,38590,6,,,0,15,,38589,6,,,0,14,,38588,6,,,0,70,,38587,6,,,0,30,,38586,6,,,0,70,,38585,6,,,0,30,,38584,6,,,0,70,,38583,6,,,0,30,,38582,6,,,0,70,,38581,6,,,0,28,,38580,6,,,0,70,,38579,6,,,0,30,,38578,6,,,0,15,,38577,6,,,0,55,,38576,6,,,0,15,,38575,6,,,0,15,,38574,6,,,0,15,,38573,6,,,0,55,,38548,6,,,0,15,,38572,6,,,0,15,,38571,6,,,0,15,,38570,6,,,0,55,,38569,6,,,0,15,,38568,6,,,0,15,,38567,6,,,0,15,,38566,6,,,0,55,,38565,6,,,0,15,,38564,6,,,0,19,,38563,6,,,0,15,,38562,6,,,0,60,,38561,6,,,0,25,,38560,6,,,0,70,,38559,6,,,0,30,,38558,6,,,0,70,,38557,6,,,0,30,,38556,6,,,0,70,,38551,6,,,0,33,,38555,6,,,0,70,,38554,6,,,0,30,,38550,6,,,0,70,,38553,6,,,0,30,,38549,6,,,0,77,,38552,6,,,0
580601,'2',502,,38638,6,,,0,30,,38639,6,,,0,70,,38640,6,,,0,26,,38619,6,,,0,30,,38621,6,,,0,70,,38620,6,,,0,30,,38622,6,,,0,70,,38618,6,,,0,30,,38623,6,,,0,70,,38615,6,,,0,30,,38624,6,,,0,70,,38607,6,,,0,30,,38625,6,,,0,70,,38608,6,,,0,30,,38626,6,,,0,70,,38609,6,,,0,30,,38627,6,,,0,70,,38610,6,,,0,30,,38628,6,,,0,70,,38611,6,,,0,30,,38629,6,,,0,70,,38612,6,,,0,30,,38630,6,,,0,70,,38613,6,,,0,30,,38631,6,,,0,70,,38614,6,,,0,30,,38632,6,,,0,70,,38616,6,,,0,30,,38617,6,,,0,70,,38633,6,,,0,30,,38606,6,,,0,70,,38605,6,,,0,30,,38604,6,,,0,70,,38603,6,,,0,30,,38602,6,,,0,70,,38634,6,,,0,30,,38635,6,,,0,70,,38636,6,,,0,30,,38601,6,,,0,70,,38637,6,,,0,30,,38641,6,,,0
580601,'3',628,,38660,6,,,0,30,,38662,6,,,0,70,,38661,6,,,0,30,,38663,6,,,0,70,,38659,6,,,0,30,,38664,6,,,0,70,,38656,6,,,0,30,,38665,6,,,0,70,,38648,6,,,0,30,,38666,6,,,0,70,,38649,6,,,0,30,,38667,6,,,0,70,,38650,6,,,0,30,,38668,6,,,0,70,,38651,6,,,0,30,,38669,6,,,0,70,,38652,6,,,0,30,,38670,6,,,0,70,,38653,6,,,0,30,,38671,6,,,0,70,,38654,6,,,0,30,,38672,6,,,0,70,,38655,6,,,0,30,,38673,6,,,0,70,,38657,6,,,0,30,,38658,6,,,0,70,,38674,6,,,0,30,,38647,6,,,0,70,,38646,6,,,0,30,,38645,6,,,0,70,,38644,6,,,0,30,,38643,6,,,0,70,,38675,6,,,0,30,,38676,6,,,0,70,,38677,6,,,0,79,,38642,6,,,0
580601,'4',631,,38693,6,,,0,70,,38695,6,,,0,30,,38694,6,,,0,70,,38696,6,,,0,30,,38692,6,,,0,70,,38697,6,,,0,30,,38689,6,,,0,70,,38698,6,,,0,30,,38681,6,,,0,70,,38699,6,,,0,30,,38682,6,,,0,70,,38700,6,,,0,30,,38683,6,,,0,70,,38701,6,,,0,30,,38684,6,,,0,70,,38702,6,,,0,30,,38685,6,,,0,70,,38703,6,,,0,30,,38686,6,,,0,70,,38704,6,,,0,30,,38687,6,,,0,70,,38705,6,,,0,30,,38688,6,,,0,70,,38706,6,,,0,30,,38690,6,,,0,70,,38691,6,,,0,30,,38707,6,,,0,70,,38680,6,,,0,30,,38679,6,,,0,70,,38678,6,,,0
580601,'6',502,,38745,6,,,0,30,,38746,6,,,0,70,,38747,6,,,0,26,,38726,6,,,0,30,,38728,6,,,0,70,,38727,6,,,0,30,,38729,6,,,0,70,,38725,6,,,0,30,,38730,6,,,0,70,,38722,6,,,0,30,,38731,6,,,0,70,,38714,6,,,0,30,,38732,6,,,0,70,,38715,6,,,0,30,,38733,6,,,0,70,,38716,6,,,0,30,,38734,6,,,0,70,,38717,6,,,0,30,,38735,6,,,0,70,,38718,6,,,0,30,,38736,6,,,0,70,,38719,6,,,0,30,,38737,6,,,0,70,,38720,6,,,0,30,,38738,6,,,0,70,,38721,6,,,0,30,,38739,6,,,0,70,,38723,6,,,0,30,,38724,6,,,0,70,,38740,6,,,0,30,,38713,6,,,0,70,,38712,6,,,0,30,,38711,6,,,0,70,,38710,6,,,0,30,,38709,6,,,0,70,,38741,6,,,0,30,,38742,6,,,0,70,,38743,6,,,0,30,,38708,6,,,0,70,,38744,6,,,0,30,,38748,6,,,0
