578000,'1',430,,28797,1,,,0,15,,28798,1,,,0,55,,28799,1,,,0,10,,28800,1,,,0,10,,28801,1,,,0,10,,28802,1,,,0,10,,28803,1,,,0,10,,28804,1,,,0,50,,28805,1,,,0,10,,28806,1,,,0,10,,28807,1,,,0,10,,28808,1,,,0,10,,28809,1,,,0,10,,28810,1,,,0,50,,28811,1,,,0,8,,28812,1,,,0,7,,28813,1,,,0,8,,28814,1,,,0,7,,28815,1,,,0,8,,28816,1,,,0,7,,28817,1,,,0,8,,28818,1,,,0,47,,28819,1,,,0,8,,28820,1,,,0,7,,28821,1,,,0,8,,28822,1,,,0,7,,28823,1,,,0,8,,28824,1,,,0,7,,28825,1,,,0,8,,28826,1,,,0,47,,28827,1,,,0,8,,28828,1,,,0,7,,28829,1,,,0,8,,28830,1,,,0,7,,28831,1,,,0,8,,28832,1,,,0,7,,28833,1,,,0,8,,28834,1,,,0,47,,28835,1,,,0,8,,28836,1,,,0,7,,28837,1,,,0,8,,28838,1,,,0,7,,28839,1,,,0,8,,28840,1,,,0,7,,28841,1,,,0,8,,28842,1,,,0,47,,28843,1,,,0,6,,28844,1,,,0,6,,28845,1,,,0,6,,28846,1,,,0,6,,28847,1,,,0,6,,28848,1,,,0,6,,28849,1,,,0,6,,28850,1,,,0,6,,28851,1,,,0,6,,28852,1,,,0,46,,28853,1,,,0,6,,28854,1,,,0,6,,28855,1,,,0,6,,28856,1,,,0,6,,28857,1,,,0,6,,28858,1,,,0,6,,28859,1,,,0,6,,28860,1,,,0,6,,28861,1,,,0,6,,28862,1,,,0,46,,28863,1,,,0,6,,28864,1,,,0,6,,28865,1,,,0,6,,28866,1,,,0,6,,28867,1,,,0,6,,28868,1,,,0,6,,28869,1,,,0,6,,28870,1,,,0,6,,28871,1,,,0,6,,28872,1,,,0,46,,28873,1,,,0,6,,28874,1,,,0,6,,28875,1,,,0,6,,28876,1,,,0,6,,28877,1,,,0,6,,28878,1,,,0,6,,28879,1,,,0,6,,28880,1,,,0,6,,28881,1,,,0,6,,28882,1,,,0,46,,28883,1,,,0,6,,28884,1,,,0,6,,28885,1,,,0,6,,28886,1,,,0,6,,28887,1,,,0,6,,28888,1,,,0,6,,28889,1,,,0,6,,28890,1,,,0,6,,28891,1,,,0,6,,28892,1,,,0,46,,28893,1,,,0,6,,28894,1,,,0,6,,28895,1,,,0,6,,28896,1,,,0,6,,28897,1,,,0,6,,28898,1,,,0,6,,28899,1,,,0,6,,28900,1,,,0,6,,28901,1,,,0,6,,28902,1,,,0,46,,28903,1,,,0,6,,28904,1,,,0,6,,28905,1,,,0,6,,28906,1,,,0,6,,28907,1,,,0,6,,28908,1,,,0,6,,28909,1,,,0,6,,28910,1,,,0,6,,28911,1,,,0,6,,28912,1,,,0,46,,28913,1,,,0,7,,28914,1,,,0,8,,28915,1,,,0,7,,28916,1,,,0,8,,28917,1,,,0,7,,28918,1,,,0,8,,28919,1,,,0,7,,28920,1,,,0,48,,28921,1,,,0,15,,28922,1,,,0,15,,28923,1,,,0,15,,28924,1,,,0,55,,28925,1,,,0,15,,28926,1,,,0,15,,28927,1,,,0,15,,28928,1,,,0,55,,28929,1,,,0,15,,28930,1,,,0,15,,28931,1,,,0,15,,28932,1,,,0,55,,28933,1,,,0,20,,28934,1,,,0,20,,28935,1,,,0,60,,28936,1,,,0,20,,28937,1,,,0,20,,28938,1,,,0,60,,28939,1,,,0,20,,28942,1,,,0,20,,28943,1,,,0,60,,28940,1,,,0,20,,28941,1,,,0
578000,'2',500,,28944,1,,,0,15,,28945,1,,,0,15,,28946,1,,,0,15,,28947,1,,,0,55,,28948,1,,,0,15,,28949,1,,,0,15,,28950,1,,,0,15,,28951,1,,,0,55,,28952,1,,,0,10,,28953,1,,,0,10,,28954,1,,,0,10,,28955,1,,,0,10,,28956,1,,,0,10,,28957,1,,,0,50,,28958,1,,,0,8,,28959,1,,,0,8,,28960,1,,,0,8,,28961,1,,,0,8,,28962,1,,,0,8,,28963,1,,,0,8,,28964,1,,,0,8,,28965,1,,,0,48,,28966,1,,,0,8,,28967,1,,,0,8,,28968,1,,,0,8,,28969,1,,,0,8,,28970,1,,,0,8,,28971,1,,,0,8,,28972,1,,,0,48,,28973,1,,,0,8,,28974,1,,,0,8,,28975,1,,,0,8,,28976,1,,,0,8,,28977,1,,,0,8,,28978,1,,,0,8,,28979,1,,,0,8,,28980,1,,,0,48,,28981,1,,,0,8,,28982,1,,,0,8,,28983,1,,,0,8,,28984,1,,,0,8,,28985,1,,,0,8,,28986,1,,,0,8,,28987,1,,,0,48,,28988,1,,,0,8,,28989,1,,,0,8,,28990,1,,,0,8,,28991,1,,,0,8,,28992,1,,,0,8,,28993,1,,,0,8,,28994,1,,,0,8,,28995,1,,,0,48,,28996,1,,,0,8,,28997,1,,,0,8,,28998,1,,,0,8,,28999,1,,,0,8,,29000,1,,,0,8,,29001,1,,,0,8,,29002,1,,,0,48,,29003,1,,,0,8,,29004,1,,,0,8,,29005,1,,,0,8,,29006,1,,,0,8,,29007,1,,,0,8,,29008,1,,,0,8,,29009,1,,,0,8,,29010,1,,,0,48,,29011,1,,,0,8,,29012,1,,,0,8,,29013,1,,,0,8,,29014,1,,,0,8,,29015,1,,,0,8,,29016,1,,,0,8,,29017,1,,,0,48,,29018,1,,,0,8,,29019,1,,,0,8,,29020,1,,,0,8,,29021,1,,,0,8,,29022,1,,,0,8,,29023,1,,,0,8,,29024,1,,,0,8,,29025,1,,,0,48,,29026,1,,,0,8,,29027,1,,,0,8,,29028,1,,,0,8,,29029,1,,,0,8,,29030,1,,,0,8,,29031,1,,,0,8,,29032,1,,,0,48,,29033,1,,,0,10,,29034,1,,,0,10,,29035,1,,,0,10,,29036,1,,,0,10,,29037,1,,,0,10,,29038,1,,,0,50,,29039,1,,,0,15,,29040,1,,,0,15,,29041,1,,,0,15,,29042,1,,,0,55,,29043,1,,,0,15,,29044,1,,,0,15,,29045,1,,,0,15,,29046,1,,,0,55,,29047,1,,,0,20,,29048,1,,,0,20,,29049,1,,,0,60,,29050,1,,,0,20,,29051,1,,,0,20,,29052,1,,,0,60,,29053,1,,,0,20,,29054,1,,,0,20,,29055,1,,,0,60,,29056,1,,,0,20,,29057,1,,,0,20,,29058,1,,,0,60,,29059,1,,,0,20,,29060,1,,,0
578000,'3',500,,29061,1,,,0,30,,29062,1,,,0,70,,29063,1,,,0,30,,29064,1,,,0,70,,29065,1,,,0,30,,29066,1,,,0,70,,29067,1,,,0,30,,29068,1,,,0,70,,29069,1,,,0,30,,29070,1,,,0,70,,29071,1,,,0,10,,29072,1,,,0,10,,29073,1,,,0,10,,29074,1,,,0,10,,29075,1,,,0,10,,29076,1,,,0,50,,29077,1,,,0,10,,29078,1,,,0,10,,29079,1,,,0,10,,29080,1,,,0,10,,29081,1,,,0,10,,29082,1,,,0,50,,29083,1,,,0,10,,29084,1,,,0,10,,29085,1,,,0,10,,29086,1,,,0,10,,29087,1,,,0,10,,29088,1,,,0,50,,29089,1,,,0,10,,29090,1,,,0,10,,29091,1,,,0,10,,29092,1,,,0,10,,29093,1,,,0,10,,29094,1,,,0,50,,29095,1,,,0,10,,29096,1,,,0,10,,29097,1,,,0,10,,29098,1,,,0,10,,29099,1,,,0,10,,29100,1,,,0,50,,29101,1,,,0,10,,29102,1,,,0,10,,29103,1,,,0,10,,29104,1,,,0,10,,29105,1,,,0,10,,29106,1,,,0,50,,29107,1,,,0,10,,29108,1,,,0,10,,29109,1,,,0,10,,29110,1,,,0,10,,29111,1,,,0,10,,29112,1,,,0,50,,29113,1,,,0,10,,29114,1,,,0,10,,29115,1,,,0,10,,29116,1,,,0,10,,29117,1,,,0,10,,29118,1,,,0,50,,29119,1,,,0,10,,29120,1,,,0,10,,29121,1,,,0,10,,29122,1,,,0,10,,29123,1,,,0,60,,29124,1,,,0,20,,29125,1,,,0,20,,29126,1,,,0,60,,29127,1,,,0,20,,29128,1,,,0,20,,29129,1,,,0,60,,29130,1,,,0,20,,29131,1,,,0,20,,29132,1,,,0,60,,29133,1,,,0,20,,29134,1,,,0,20,,29135,1,,,0,60,,29136,1,,,0,20,,29137,1,,,0,20,,29138,1,,,0,60,,29139,1,,,0
578000,'4',515,,29140,1,,,0,30,,29141,1,,,0,55,,29142,1,,,0,30,,29143,1,,,0,70,,29144,1,,,0,30,,29145,1,,,0,70,,29146,1,,,0,30,,29147,1,,,0,70,,29148,1,,,0,30,,29149,1,,,0,70,,29150,1,,,0,30,,29151,1,,,0,70,,29152,1,,,0,30,,29153,1,,,0,70,,29154,1,,,0,30,,29155,1,,,0,70,,29156,1,,,0,30,,29157,1,,,0,70,,29158,1,,,0,30,,29159,1,,,0,70,,29160,1,,,0,30,,29161,1,,,0,70,,29162,1,,,0,30,,29163,1,,,0,70,,29164,1,,,0,30,,29165,1,,,0,70,,29166,1,,,0,30,,29167,1,,,0,70,,29168,1,,,0,30,,29169,1,,,0,70,,29170,1,,,0,30,,29171,1,,,0,70,,29172,1,,,0
578000,'6',500,,29173,1,,,0,15,,29174,1,,,0,15,,29175,1,,,0,15,,29176,1,,,0,55,,29177,1,,,0,15,,29178,1,,,0,15,,29179,1,,,0,15,,29180,1,,,0,55,,29181,1,,,0,10,,29182,1,,,0,10,,29183,1,,,0,10,,29184,1,,,0,10,,29185,1,,,0,10,,29186,1,,,0,50,,29187,1,,,0,8,,29188,1,,,0,8,,29189,1,,,0,8,,29190,1,,,0,8,,29191,1,,,0,8,,29192,1,,,0,8,,29193,1,,,0,8,,29194,1,,,0,48,,29195,1,,,0,8,,29196,1,,,0,8,,29197,1,,,0,8,,29198,1,,,0,8,,29199,1,,,0,8,,29200,1,,,0,8,,29201,1,,,0,48,,29202,1,,,0,8,,29203,1,,,0,8,,29204,1,,,0,8,,29205,1,,,0,8,,29206,1,,,0,8,,29207,1,,,0,8,,29208,1,,,0,8,,29209,1,,,0,48,,29210,1,,,0,8,,29211,1,,,0,8,,29212,1,,,0,8,,29213,1,,,0,8,,29214,1,,,0,8,,29215,1,,,0,8,,29216,1,,,0,48,,29217,1,,,0,8,,29218,1,,,0,8,,29219,1,,,0,8,,29220,1,,,0,8,,29221,1,,,0,8,,29222,1,,,0,8,,29223,1,,,0,8,,29224,1,,,0,48,,29225,1,,,0,8,,29226,1,,,0,8,,29227,1,,,0,8,,29228,1,,,0,8,,29229,1,,,0,8,,29230,1,,,0,8,,29231,1,,,0,48,,29232,1,,,0,8,,29233,1,,,0,8,,29234,1,,,0,8,,29235,1,,,0,8,,29236,1,,,0,8,,29237,1,,,0,8,,29238,1,,,0,8,,29239,1,,,0,48,,29240,1,,,0,8,,29241,1,,,0,8,,29242,1,,,0,8,,29243,1,,,0,8,,29244,1,,,0,8,,29245,1,,,0,8,,29246,1,,,0,48,,29247,1,,,0,8,,29248,1,,,0,8,,29249,1,,,0,8,,29250,1,,,0,8,,29251,1,,,0,8,,29252,1,,,0,8,,29253,1,,,0,8,,29254,1,,,0,48,,29255,1,,,0,8,,29256,1,,,0,8,,29257,1,,,0,8,,29258,1,,,0,8,,29259,1,,,0,8,,29260,1,,,0,8,,29261,1,,,0,48,,29262,1,,,0,10,,29263,1,,,0,10,,29264,1,,,0,10,,29265,1,,,0,10,,29266,1,,,0,10,,29267,1,,,0,50,,29268,1,,,0,15,,29269,1,,,0,15,,29270,1,,,0,15,,29271,1,,,0,55,,29272,1,,,0,15,,29273,1,,,0,15,,29274,1,,,0,15,,29275,1,,,0,55,,29276,1,,,0,20,,29277,1,,,0,20,,29278,1,,,0,60,,29279,1,,,0,20,,29280,1,,,0,20,,29281,1,,,0,60,,29282,1,,,0,20,,29283,1,,,0,20,,29284,1,,,0,60,,29285,1,,,0,20,,29286,1,,,0,20,,29287,1,,,0,60,,29288,1,,,0,20,,29289,1,,,0
578001,'1',512,,29290,55,4,,0,15,,29291,55,4,,0,15,,29292,55,4,,0,10,,29293,55,4,,0,50,,29294,55,4,,0,10,,29295,55,4,,0,10,,29296,55,4,,0,10,,29297,55,4,,0,10,,29298,55,4,,0,10,,29299,55,4,,0,50,,29300,55,4,,0,10,,29301,55,4,,0,10,,29302,55,4,,0,10,,29303,55,4,,0,13,,29304,55,4,,0,8,,29305,55,4,,0,47,,29306,55,4,,0,8,,29307,55,4,,0,7,,29308,55,4,,0,8,,29309,55,4,,0,7,,29310,55,4,,0,8,,29311,55,4,,0,7,,29312,55,4,,0,8,,29313,55,4,,0,47,,29314,55,4,,0,8,,29315,55,4,,0,7,,29316,55,4,,0,8,,29317,55,4,,0,7,,29318,55,4,,0,8,,29319,55,4,,0,7,,29320,55,4,,0,8,,29321,55,4,,0,47,,29322,55,4,,0,8,,29323,55,4,,0,7,,29324,55,4,,0,8,,29325,55,4,,0,7,,29326,55,4,,0,8,,29327,55,4,,0,11,,29328,55,4,,0,8,,29329,55,4,,0,47,,29330,55,4,,0,8,,29331,55,4,,0,7,,29332,55,4,,0,8,,29333,55,4,,0,7,,29334,55,4,,0,8,,29335,55,4,,0,7,,29336,55,4,,0,6,,29337,55,4,,0,46,,29338,55,4,,0,6,,29339,55,4,,0,6,,29340,55,4,,0,6,,29341,55,4,,0,6,,29342,55,4,,0,6,,29343,55,4,,0,6,,29344,55,4,,0,6,,29345,55,4,,0,6,,29346,55,4,,0,6,,29347,55,4,,0,46,,29348,55,4,,0,6,,29349,55,4,,0,6,,29350,55,4,,0,6,,29351,55,4,,0,6,,29352,55,4,,0,6,,29353,55,4,,0,6,,29354,55,4,,0,6,,29355,55,4,,0,6,,29356,55,4,,0,6,,29357,55,4,,0,46,,29358,55,4,,0,6,,29359,55,4,,0,6,,29360,55,4,,0,6,,29361,55,4,,0,6,,29362,55,4,,0,6,,29363,55,4,,0,6,,29364,55,4,,0,6,,29365,55,4,,0,8,,29366,55,4,,0,6,,29367,55,4,,0,46,,29368,55,4,,0,6,,29369,55,4,,0,6,,29370,55,4,,0,6,,29371,55,4,,0,6,,29372,55,4,,0,6,,29373,55,4,,0,6,,29374,55,4,,0,6,,29375,55,4,,0,6,,29376,55,4,,0,6,,29377,55,4,,0,46,,29378,55,4,,0,6,,29379,55,4,,0,6,,29380,55,4,,0,6,,29381,55,4,,0,6,,29382,55,4,,0,6,,29383,55,4,,0,6,,29384,55,4,,0,6,,29385,55,4,,0,6,,29386,55,4,,0,6,,29387,55,4,,0,46,,29388,55,4,,0,6,,29389,55,4,,0,6,,29390,55,4,,0,6,,29391,55,4,,0,6,,29392,55,4,,0,6,,29393,55,4,,0,6,,29394,55,4,,0,6,,29395,55,4,,0,6,,29396,55,4,,0,6,,29397,55,4,,0,46,,29398,55,4,,0,6,,29399,55,4,,0,6,,29400,55,4,,0,6,,29401,55,4,,0,6,,29402,55,4,,0,6,,29403,55,4,,0,6,,29404,55,4,,0,6,,29405,55,4,,0,6,,29406,55,4,,0,7,,29407,55,4,,0,48,,29408,55,4,,0,7,,29409,55,4,,0,8,,29410,55,4,,0,7,,29411,55,4,,0,8,,29412,55,4,,0,10,,29413,55,4,,0,9,,29414,55,4,,0,55,,29415,55,4,,0,15,,29416,55,4,,0,15,,29417,55,4,,0,15,,29418,55,4,,0,55,,29419,55,4,,0,15,,29420,55,4,,0,15,,29421,55,4,,0,15,,29422,55,4,,0,55,,29423,55,4,,0,15,,29424,55,4,,0,15,,29425,55,4,,0,12,,29426,55,4,,0,60,,29427,55,4,,0,20,,29428,55,4,,0,20,,29429,55,4,,0,62,,29430,55,4,,0,18,,29431,55,4,,0,20,,29432,55,4,,0,62,,29433,55,4,,0,18,,29434,55,4,,0,22,,29435,55,4,,0,58,,29436,55,4,,0
578001,'2',538,,29437,55,4,,0,15,,29438,55,4,,0,55,,29439,55,4,,0,15,,29440,55,4,,0,15,,29441,55,4,,0,15,,29442,55,4,,0,55,,29443,55,4,,0,15,,29444,55,4,,0,15,,29445,55,4,,0,10,,29446,55,4,,0,10,,29447,55,4,,0,50,,29448,55,4,,0,10,,29449,55,4,,0,10,,29450,55,4,,0,10,,29451,55,4,,0,8,,29452,55,4,,0,8,,29453,55,4,,0,48,,29454,55,4,,0,13,,29455,55,4,,0,8,,29456,55,4,,0,8,,29457,55,4,,0,8,,29458,55,4,,0,8,,29459,55,4,,0,8,,29460,55,4,,0,48,,29461,55,4,,0,8,,29462,55,4,,0,8,,29463,55,4,,0,8,,29464,55,4,,0,8,,29465,55,4,,0,8,,29466,55,4,,0,8,,29467,55,4,,0,8,,29468,55,4,,0,48,,29469,55,4,,0,8,,29470,55,4,,0,8,,29471,55,4,,0,8,,29472,55,4,,0,8,,29473,55,4,,0,8,,29474,55,4,,0,8,,29475,55,4,,0,48,,29476,55,4,,0,8,,29477,55,4,,0,8,,29478,55,4,,0,8,,29479,55,4,,0,8,,29480,55,4,,0,10,,29481,55,4,,0,8,,29482,55,4,,0,48,,29483,55,4,,0,8,,29484,55,4,,0,8,,29485,55,4,,0,8,,29486,55,4,,0,8,,29487,55,4,,0,8,,29488,55,4,,0,8,,29489,55,4,,0,8,,29490,55,4,,0,48,,29491,55,4,,0,8,,29492,55,4,,0,8,,29493,55,4,,0,8,,29494,55,4,,0,8,,29495,55,4,,0,8,,29496,55,4,,0,8,,29497,55,4,,0,48,,29498,55,4,,0,8,,29499,55,4,,0,8,,29500,55,4,,0,8,,29501,55,4,,0,8,,29502,55,4,,0,8,,29503,55,4,,0,8,,29504,55,4,,0,8,,29505,55,4,,0,48,,29506,55,4,,0,8,,29507,55,4,,0,8,,29508,55,4,,0,8,,29509,55,4,,0,8,,29510,55,4,,0,8,,29511,55,4,,0,8,,29512,55,4,,0,48,,29513,55,4,,0,8,,29514,55,4,,0,8,,29515,55,4,,0,8,,29516,55,4,,0,8,,29517,55,4,,0,8,,29518,55,4,,0,8,,29519,55,4,,0,8,,29520,55,4,,0,48,,29521,55,4,,0,8,,29522,55,4,,0,8,,29523,55,4,,0,8,,29524,55,4,,0,8,,29525,55,4,,0,4,,29526,55,4,,0,10,,29527,55,4,,0,50,,29528,55,4,,0,10,,29529,55,4,,0,10,,29530,55,4,,0,10,,29531,55,4,,0,10,,29532,55,4,,0,15,,29533,55,4,,0,55,,29534,55,4,,0,15,,29535,55,4,,0,15,,29536,55,4,,0,15,,29537,55,4,,0,55,,29538,55,4,,0,15,,29539,55,4,,0,15,,29540,55,4,,0,60,,29541,55,4,,0,18,,29542,55,4,,0,20,,29543,55,4,,0,20,,29544,55,4,,0,60,,29545,55,4,,0,20,,29546,55,4,,0,20,,29547,55,4,,0,60,,29548,55,4,,0,20,,29549,55,4,,0,20,,29550,55,4,,0,60,,29551,55,4,,0,20,,29552,55,4,,0,20,,29553,55,4,,0
578001,'3',551,,29554,55,4,,0,70,,29555,55,4,,0,30,,29556,55,4,,0,70,,29557,55,4,,0,30,,29558,55,4,,0,70,,29559,55,4,,0,30,,29560,55,4,,0,70,,29561,55,4,,0,79,,29562,55,4,,0,30,,29563,55,4,,0,25,,29564,55,4,,0,60,,29565,55,4,,0,15,,29566,55,4,,0,15,,29567,55,4,,0,10,,29568,55,4,,0,50,,29569,55,4,,0,10,,29570,55,4,,0,10,,29571,55,4,,0,10,,29572,55,4,,0,10,,29573,55,4,,0,10,,29574,55,4,,0,50,,29575,55,4,,0,10,,29576,55,4,,0,10,,29577,55,4,,0,10,,29578,55,4,,0,10,,29579,55,4,,0,10,,29580,55,4,,0,50,,29581,55,4,,0,10,,29582,55,4,,0,10,,29583,55,4,,0,10,,29584,55,4,,0,10,,29585,55,4,,0,10,,29586,55,4,,0,50,,29587,55,4,,0,10,,29588,55,4,,0,10,,29589,55,4,,0,10,,29590,55,4,,0,10,,29591,55,4,,0,10,,29592,55,4,,0,50,,29593,55,4,,0,10,,29594,55,4,,0,10,,29595,55,4,,0,10,,29596,55,4,,0,10,,29597,55,4,,0,10,,29598,55,4,,0,50,,29599,55,4,,0,10,,29600,55,4,,0,10,,29601,55,4,,0,10,,29602,55,4,,0,10,,29603,55,4,,0,10,,29604,55,4,,0,50,,29605,55,4,,0,10,,29606,55,4,,0,10,,29607,55,4,,0,10,,29608,55,4,,0,10,,29609,55,4,,0,10,,29610,55,4,,0,50,,29611,55,4,,0,10,,29612,55,4,,0,10,,29613,55,4,,0,10,,29614,55,4,,0,4,,29615,55,4,,0,15,,29616,55,4,,0,60,,29617,55,4,,0,20,,29618,55,4,,0,20,,29619,55,4,,0,60,,29620,55,4,,0,20,,29621,55,4,,0,20,,29622,55,4,,0,60,,29623,55,4,,0,20,,29624,55,4,,0,18,,29625,55,4,,0,60,,29626,55,4,,0,20,,29627,55,4,,0,20,,29628,55,4,,0,60,,29629,55,4,,0,20,,29630,55,4,,0,20,,29631,55,4,,0
578001,'4',626,,29632,55,4,,0,30,,29633,55,4,,0,70,,29634,55,4,,0,30,,29635,55,4,,0,70,,29636,55,4,,0,30,,29637,55,4,,0,70,,29638,55,4,,0,30,,29639,55,4,,0,70,,29640,55,4,,0,30,,29641,55,4,,0,70,,29642,55,4,,0,30,,29643,55,4,,0,70,,29644,55,4,,0,30,,29645,55,4,,0,70,,29646,55,4,,0,30,,29647,55,4,,0,70,,29648,55,4,,0,30,,29649,55,4,,0,70,,29650,55,4,,0,30,,29651,55,4,,0,70,,29652,55,4,,0,30,,29653,55,4,,0,70,,29654,55,4,,0,30,,29655,55,4,,0,70,,29656,55,4,,0,30,,29657,55,4,,0,70,,29658,55,4,,0,30,,29659,55,4,,0,70,,29660,55,4,,0,30,,29661,55,4,,0,70,,29662,55,4,,0,30,,29663,55,4,,0,70,,29664,55,4,,0
578001,'6',538,,29665,55,4,,0,15,,29666,55,4,,0,55,,29667,55,4,,0,15,,29668,55,4,,0,15,,29669,55,4,,0,15,,29670,55,4,,0,55,,29671,55,4,,0,15,,29672,55,4,,0,15,,29673,55,4,,0,10,,29674,55,4,,0,10,,29675,55,4,,0,50,,29676,55,4,,0,10,,29677,55,4,,0,10,,29678,55,4,,0,10,,29679,55,4,,0,8,,29680,55,4,,0,8,,29681,55,4,,0,48,,29682,55,4,,0,13,,29683,55,4,,0,8,,29684,55,4,,0,8,,29685,55,4,,0,8,,29686,55,4,,0,8,,29687,55,4,,0,8,,29688,55,4,,0,48,,29689,55,4,,0,8,,29690,55,4,,0,8,,29691,55,4,,0,8,,29692,55,4,,0,8,,29693,55,4,,0,8,,29694,55,4,,0,8,,29695,55,4,,0,8,,29696,55,4,,0,48,,29697,55,4,,0,8,,29698,55,4,,0,8,,29699,55,4,,0,8,,29700,55,4,,0,8,,29701,55,4,,0,8,,29702,55,4,,0,8,,29703,55,4,,0,48,,29704,55,4,,0,8,,29705,55,4,,0,8,,29706,55,4,,0,8,,29707,55,4,,0,8,,29708,55,4,,0,10,,29709,55,4,,0,8,,29710,55,4,,0,48,,29711,55,4,,0,8,,29712,55,4,,0,8,,29713,55,4,,0,8,,29714,55,4,,0,8,,29715,55,4,,0,8,,29716,55,4,,0,8,,29717,55,4,,0,8,,29718,55,4,,0,48,,29719,55,4,,0,8,,29720,55,4,,0,8,,29721,55,4,,0,8,,29722,55,4,,0,8,,29723,55,4,,0,8,,29724,55,4,,0,8,,29725,55,4,,0,48,,29726,55,4,,0,8,,29727,55,4,,0,8,,29728,55,4,,0,8,,29729,55,4,,0,8,,29730,55,4,,0,8,,29731,55,4,,0,8,,29732,55,4,,0,8,,29733,55,4,,0,48,,29734,55,4,,0,8,,29735,55,4,,0,8,,29736,55,4,,0,8,,29737,55,4,,0,8,,29738,55,4,,0,8,,29739,55,4,,0,8,,29740,55,4,,0,48,,29741,55,4,,0,8,,29742,55,4,,0,8,,29743,55,4,,0,8,,29744,55,4,,0,8,,29745,55,4,,0,8,,29746,55,4,,0,8,,29747,55,4,,0,8,,29748,55,4,,0,48,,29749,55,4,,0,8,,29750,55,4,,0,8,,29751,55,4,,0,8,,29752,55,4,,0,8,,29753,55,4,,0,4,,29754,55,4,,0,10,,29755,55,4,,0,50,,29756,55,4,,0,10,,29757,55,4,,0,10,,29758,55,4,,0,10,,29759,55,4,,0,10,,29760,55,4,,0,15,,29761,55,4,,0,55,,29762,55,4,,0,15,,29763,55,4,,0,15,,29764,55,4,,0,15,,29765,55,4,,0,55,,29766,55,4,,0,15,,29767,55,4,,0,15,,29768,55,4,,0,60,,29769,55,4,,0,18,,29770,55,4,,0,20,,29771,55,4,,0,20,,29772,55,4,,0,60,,29773,55,4,,0,20,,29774,55,4,,0,20,,29775,55,4,,0,60,,29776,55,4,,0,20,,29777,55,4,,0,20,,29778,55,4,,0,60,,29779,55,4,,0,20,,29780,55,4,,0,20,,29781,55,4,,0
582800,'1',435,,40216,1,,,0,23,,40217,1,,,0,53,,40218,1,,,0,14,,40219,1,,,0,14,,40220,1,,,0,10,,40221,1,,,0,10,,40222,1,,,0,50,,40223,1,,,0,10,,40224,1,,,0,10,,40225,1,,,0,10,,40226,1,,,0,10,,40227,1,,,0,10,,40228,1,,,0,54,,40230,1,,,0,15,,40232,1,,,0,15,,40234,1,,,0,15,,40236,1,,,0,55,,40238,1,,,0,15,,40240,1,,,0,15,,40242,1,,,0,15,,40244,1,,,0,54,,40246,1,,,0,12,,40248,1,,,0,12,,40250,1,,,0,12,,40252,1,,,0,52,,40254,1,,,0,12,,40256,1,,,0,12,,40258,1,,,0,12,,40260,1,,,0,12,,40262,1,,,0,52,,40264,1,,,0,12,,40266,1,,,0,12,,40268,1,,,0,12,,40270,1,,,0,12,,40272,1,,,0,52,,40274,1,,,0,12,,40276,1,,,0,12,,40278,1,,,0,12,,40280,1,,,0,12,,40282,1,,,0,52,,40284,1,,,0,12,,40286,1,,,0,12,,40288,1,,,0,12,,40290,1,,,0,12,,40292,1,,,0,52,,40294,1,,,0,12,,40296,1,,,0,11,,40298,1,,,0,12,,40300,1,,,0,12,,40302,1,,,0,12,,40304,1,,,0,52,,40306,1,,,0,12,,40308,1,,,0,12,,40310,1,,,0,12,,40312,1,,,0,53,,40314,1,,,0,12,,40316,1,,,0,12,,40318,1,,,0,12,,40320,1,,,0,12,,40322,1,,,0,52,,40324,1,,,0,12,,40326,1,,,0,12,,40328,1,,,0,12,,40330,1,,,0,12,,40332,1,,,0,52,,40334,1,,,0,12,,40336,1,,,0,12,,40338,1,,,0,13,,40340,1,,,0,12,,40342,1,,,0,56,,40343,1,,,0,10,,40344,1,,,0,15,,40345,1,,,0,15,,40346,1,,,0,55,,40347,1,,,0,15,,40348,1,,,0,15,,40349,1,,,0,15,,40350,1,,,0,55,,40351,1,,,0,15,,40352,1,,,0,15,,40353,1,,,0,15,,40354,1,,,0,55,,40355,1,,,0,20,,40356,1,,,0,20,,40357,1,,,0,60,,40358,1,,,0,20,,40359,1,,,0,20,,40360,1,,,0,60,,40361,1,,,0,20,,40362,1,,,0,20,,40363,1,,,0,60,,40364,1,,,0,20,,40365,1,,,0
582800,'2',500,,40372,1,,,0,20,,40373,1,,,0,20,,40374,1,,,0,60,,40375,1,,,0,20,,40376,1,,,0,20,,40377,1,,,0,60,,40378,1,,,0,15,,40379,1,,,0,15,,40380,1,,,0,15,,40381,1,,,0,55,,40382,1,,,0,15,,40383,1,,,0,15,,40384,1,,,0,15,,40385,1,,,0,55,,40386,1,,,0,15,,40398,1,,,0,15,,40399,1,,,0,15,,40400,1,,,0,55,,40401,1,,,0,15,,40402,1,,,0,15,,40403,1,,,0,15,,40404,1,,,0,55,,40405,1,,,0,15,,40406,1,,,0,15,,40407,1,,,0,15,,40408,1,,,0,55,,40409,1,,,0,15,,40410,1,,,0,15,,40411,1,,,0,15,,40412,1,,,0,55,,40413,1,,,0,15,,40414,1,,,0,15,,40415,1,,,0,15,,40416,1,,,0,55,,40417,1,,,0,15,,40418,1,,,0,15,,40419,1,,,0,15,,40420,1,,,0,55,,40421,1,,,0,15,,40422,1,,,0,15,,40423,1,,,0,15,,40424,1,,,0,55,,40425,1,,,0,15,,40426,1,,,0,15,,40427,1,,,0,15,,40428,1,,,0,55,,40429,1,,,0,15,,40430,1,,,0,15,,40431,1,,,0,15,,40432,1,,,0,55,,40433,1,,,0,15,,40434,1,,,0,15,,40435,1,,,0,15,,40436,1,,,0,55,,40437,1,,,0,15,,40438,1,,,0,15,,40439,1,,,0,15,,40440,1,,,0,55,,40371,1,,,0,20,,40370,1,,,0,20,,40369,1,,,0,60,,40368,1,,,0,20,,40367,1,,,0,20,,40366,1,,,0,60,,40387,1,,,0,20,,40394,1,,,0,20,,40388,1,,,0,60,,40389,1,,,0,20,,40395,1,,,0,20,,40390,1,,,0,60,,40391,1,,,0,20,,40396,1,,,0,20,,40392,1,,,0,60,,40397,1,,,0,20,,40393,1,,,0
582800,'3',500,,40441,1,,,0,30,,40442,1,,,0,70,,40443,1,,,0,30,,40444,1,,,0,70,,40445,1,,,0,25,,40468,1,,,0,20,,40446,1,,,0,60,,40447,1,,,0,20,,40448,1,,,0,20,,40449,1,,,0,60,,40450,1,,,0,20,,40470,1,,,0,20,,40471,1,,,0,60,,40472,1,,,0,20,,40473,1,,,0,20,,40474,1,,,0,55,,40475,1,,,0,15,,40469,1,,,0,15,,40476,1,,,0,15,,40477,1,,,0,55,,40478,1,,,0,15,,40479,1,,,0,15,,40480,1,,,0,15,,40481,1,,,0,55,,40482,1,,,0,15,,40483,1,,,0,15,,40484,1,,,0,15,,40485,1,,,0,55,,40486,1,,,0,15,,40487,1,,,0,15,,40488,1,,,0,15,,40489,1,,,0,55,,40490,1,,,0,15,,40491,1,,,0,15,,40492,1,,,0,15,,40493,1,,,0,55,,40494,1,,,0,15,,40495,1,,,0,15,,40496,1,,,0,15,,40497,1,,,0,55,,40498,1,,,0,15,,40499,1,,,0,15,,40500,1,,,0,15,,40501,1,,,0,55,,40502,1,,,0,20,,40503,1,,,0,20,,40451,1,,,0,60,,40452,1,,,0,20,,40463,1,,,0,20,,40453,1,,,0,60,,40454,1,,,0,20,,40464,1,,,0,20,,40455,1,,,0,60,,40456,1,,,0,20,,40465,1,,,0,20,,40457,1,,,0,60,,40458,1,,,0,20,,40466,1,,,0,20,,40459,1,,,0,60,,40460,1,,,0,20,,40467,1,,,0,20,,40461,1,,,0,60,,40462,1,,,0
582800,'4',530,,40504,1,,,0,70,,40505,1,,,0,30,,40506,1,,,0,70,,40507,1,,,0,30,,40508,1,,,0,70,,40509,1,,,0,30,,40510,1,,,0,70,,40511,1,,,0,30,,40512,1,,,0,70,,40513,1,,,0,30,,40514,1,,,0,70,,40515,1,,,0,30,,40516,1,,,0,70,,40517,1,,,0,30,,40518,1,,,0,70,,40519,1,,,0,30,,40520,1,,,0,70,,40521,1,,,0,30,,40522,1,,,0,70,,40523,1,,,0,30,,40524,1,,,0,70,,40525,1,,,0,30,,40526,1,,,0,70,,40527,1,,,0,30,,40528,1,,,0,70,,40529,1,,,0,30,,40530,1,,,0,70,,40531,1,,,0,30,,40532,1,,,0,70,,40533,1,,,0,30,,40534,1,,,0,70,,40535,1,,,0
582800,'6',500,,40542,1,,,0,20,,40543,1,,,0,20,,40544,1,,,0,60,,40545,1,,,0,20,,40546,1,,,0,20,,40547,1,,,0,60,,40548,1,,,0,15,,40549,1,,,0,15,,40550,1,,,0,15,,40551,1,,,0,55,,40552,1,,,0,15,,40553,1,,,0,15,,40554,1,,,0,15,,40555,1,,,0,55,,40556,1,,,0,15,,40568,1,,,0,15,,40569,1,,,0,15,,40570,1,,,0,55,,40571,1,,,0,15,,40572,1,,,0,15,,40573,1,,,0,15,,40574,1,,,0,55,,40575,1,,,0,15,,40576,1,,,0,15,,40577,1,,,0,15,,40578,1,,,0,55,,40579,1,,,0,15,,40580,1,,,0,15,,40581,1,,,0,15,,40582,1,,,0,55,,40583,1,,,0,15,,40584,1,,,0,15,,40585,1,,,0,15,,40586,1,,,0,55,,40587,1,,,0,15,,40588,1,,,0,15,,40589,1,,,0,15,,40590,1,,,0,55,,40591,1,,,0,15,,40592,1,,,0,15,,40593,1,,,0,15,,40594,1,,,0,55,,40595,1,,,0,15,,40596,1,,,0,15,,40597,1,,,0,15,,40598,1,,,0,55,,40599,1,,,0,15,,40600,1,,,0,15,,40601,1,,,0,15,,40602,1,,,0,55,,40603,1,,,0,15,,40604,1,,,0,15,,40605,1,,,0,15,,40606,1,,,0,55,,40607,1,,,0,15,,40608,1,,,0,15,,40609,1,,,0,15,,40610,1,,,0,55,,40541,1,,,0,20,,40540,1,,,0,20,,40539,1,,,0,60,,40538,1,,,0,20,,40537,1,,,0,20,,40536,1,,,0,60,,40557,1,,,0,20,,40564,1,,,0,20,,40558,1,,,0,60,,40559,1,,,0,20,,40565,1,,,0,20,,40560,1,,,0,60,,40561,1,,,0,20,,40566,1,,,0,20,,40562,1,,,0,60,,40567,1,,,0,20,,40563,1,,,0
582801,'1',458,,40612,43,4,,0,63,,40613,43,4,,0,20,,40614,43,4,,0,60,,40615,43,4,,0,15,,40616,43,4,,0,25,,40618,43,4,,0,60,,40620,43,4,,0,17,,40622,43,4,,0,15,,40624,43,4,,0,15,,40626,43,4,,0,55,,40628,43,4,,0,15,,40630,43,4,,0,15,,40632,43,4,,0,15,,40634,43,4,,0,54,,40636,43,4,,0,12,,40638,43,4,,0,12,,40640,43,4,,0,12,,40611,43,4,,0,12,,40642,43,4,,0,52,,40644,43,4,,0,12,,40646,43,4,,0,12,,40648,43,4,,0,12,,40650,43,4,,0,12,,40652,43,4,,0,52,,40654,43,4,,0,12,,40656,43,4,,0,12,,40658,43,4,,0,12,,40660,43,4,,0,12,,40662,43,4,,0,52,,40664,43,4,,0,12,,40666,43,4,,0,12,,40668,43,4,,0,12,,40670,43,4,,0,12,,40672,43,4,,0,52,,40674,43,4,,0,12,,40676,43,4,,0,12,,40678,43,4,,0,12,,40680,43,4,,0,12,,40682,43,4,,0,52,,40684,43,4,,0,12,,40686,43,4,,0,12,,40688,43,4,,0,12,,40690,43,4,,0,12,,40692,43,4,,0,52,,40694,43,4,,0,12,,40696,43,4,,0,12,,40698,43,4,,0,12,,40700,43,4,,0,13,,40702,43,4,,0,52,,40704,43,4,,0,12,,40706,43,4,,0,12,,40708,43,4,,0,12,,40710,43,4,,0,12,,40712,43,4,,0,52,,40714,43,4,,0,12,,40716,43,4,,0,14,,40718,43,4,,0,12,,40720,43,4,,0,12,,40722,43,4,,0,52,,40724,43,4,,0,12,,40726,43,4,,0,6,,40728,43,4,,0,6,,40729,43,4,,0,6,,40730,43,4,,0,6,,40731,43,4,,0,6,,40732,43,4,,0,6,,40733,43,4,,0,6,,40734,43,4,,0,47,,40735,43,4,,0,5,,40736,43,4,,0,8,,40737,43,4,,0,7,,40738,43,4,,0,8,,40739,43,4,,0,11,,40740,43,4,,0,55,,40741,43,4,,0,15,,40742,43,4,,0,15,,40743,43,4,,0,15,,40744,43,4,,0,55,,40745,43,4,,0,15,,40746,43,4,,0,15,,40747,43,4,,0,15,,40748,43,4,,0,55,,40749,43,4,,0,14,,40750,43,4,,0,20,,40751,43,4,,0,20,,40752,43,4,,0,60,,40753,43,4,,0,20,,40754,43,4,,0,20,,40755,43,4,,0,60,,40756,43,4,,0,20,,40757,43,4,,0,20,,40758,43,4,,0,60,,40759,43,4,,0,23,,40760,43,4,,0,76,,40761,43,4,,0
582801,'2',535,,40770,43,4,,0,20,,40771,43,4,,0,60,,40772,43,4,,0,20,,40773,43,4,,0,20,,40774,43,4,,0,60,,40775,43,4,,0,20,,40776,43,4,,0,20,,40777,43,4,,0,60,,40778,43,4,,0,24,,40779,43,4,,0,15,,40780,43,4,,0,55,,40781,43,4,,0,15,,40793,43,4,,0,15,,40794,43,4,,0,15,,40795,43,4,,0,55,,40796,43,4,,0,15,,40797,43,4,,0,15,,40798,43,4,,0,15,,40799,43,4,,0,55,,40800,43,4,,0,15,,40801,43,4,,0,15,,40802,43,4,,0,15,,40803,43,4,,0,55,,40804,43,4,,0,15,,40805,43,4,,0,15,,40806,43,4,,0,15,,40807,43,4,,0,55,,40808,43,4,,0,15,,40809,43,4,,0,15,,40810,43,4,,0,15,,40811,43,4,,0,55,,40812,43,4,,0,15,,40813,43,4,,0,15,,40814,43,4,,0,15,,40815,43,4,,0,55,,40816,43,4,,0,15,,40817,43,4,,0,15,,40818,43,4,,0,15,,40819,43,4,,0,55,,40820,43,4,,0,15,,40821,43,4,,0,15,,40822,43,4,,0,15,,40823,43,4,,0,55,,40824,43,4,,0,15,,40825,43,4,,0,15,,40826,43,4,,0,15,,40827,43,4,,0,55,,40828,43,4,,0,15,,40829,43,4,,0,15,,40830,43,4,,0,15,,40831,43,4,,0,55,,40832,43,4,,0,15,,40833,43,4,,0,14,,40834,43,4,,0,16,,40769,43,4,,0,60,,40768,43,4,,0,20,,40767,43,4,,0,20,,40766,43,4,,0,60,,40765,43,4,,0,20,,40764,43,4,,0,20,,40763,43,4,,0,60,,40762,43,4,,0,17,,40782,43,4,,0,20,,40783,43,4,,0,60,,40784,43,4,,0,20,,40789,43,4,,0,20,,40785,43,4,,0,60,,40786,43,4,,0,20,,40790,43,4,,0,20,,40791,43,4,,0,60,,40787,43,4,,0,35,,40788,43,4,,0,80,,40792,43,4,,0
582801,'3',547,,40835,43,4,,0,70,,40861,43,4,,0,30,,40836,43,4,,0,70,,40837,43,4,,0,21,,40838,43,4,,0,20,,40854,43,4,,0,60,,40839,43,4,,0,20,,40840,43,4,,0,20,,40841,43,4,,0,60,,40862,43,4,,0,20,,40863,43,4,,0,20,,40864,43,4,,0,60,,40865,43,4,,0,23,,40866,43,4,,0,60,,40867,43,4,,0,20,,40868,43,4,,0,18,,40869,43,4,,0,15,,40870,43,4,,0,55,,40871,43,4,,0,15,,40872,43,4,,0,15,,40873,43,4,,0,15,,40874,43,4,,0,55,,40875,43,4,,0,15,,40876,43,4,,0,15,,40877,43,4,,0,15,,40878,43,4,,0,55,,40879,43,4,,0,15,,40880,43,4,,0,15,,40881,43,4,,0,15,,40882,43,4,,0,55,,40883,43,4,,0,15,,40884,43,4,,0,15,,40885,43,4,,0,15,,40886,43,4,,0,55,,40887,43,4,,0,15,,40888,43,4,,0,15,,40889,43,4,,0,15,,40890,43,4,,0,55,,40891,43,4,,0,15,,40892,43,4,,0,15,,40893,43,4,,0,15,,40894,43,4,,0,55,,40895,43,4,,0,15,,40896,43,4,,0,15,,40897,43,4,,0,15,,40898,43,4,,0,60,,40855,43,4,,0,18,,40842,43,4,,0,20,,40843,43,4,,0,60,,40856,43,4,,0,20,,40844,43,4,,0,20,,40845,43,4,,0,60,,40857,43,4,,0,20,,40846,43,4,,0,20,,40847,43,4,,0,60,,40858,43,4,,0,20,,40848,43,4,,0,20,,40849,43,4,,0,60,,40859,43,4,,0,20,,40850,43,4,,0,20,,40851,43,4,,0,60,,40860,43,4,,0,20,,40852,43,4,,0,79,,40853,43,4,,0
582801,'4',623,,40899,43,4,,0,30,,40900,43,4,,0,70,,40901,43,4,,0,30,,40902,43,4,,0,70,,40903,43,4,,0,30,,40904,43,4,,0,70,,40905,43,4,,0,30,,40906,43,4,,0,70,,40907,43,4,,0,30,,40908,43,4,,0,70,,40909,43,4,,0,30,,40910,43,4,,0,70,,40911,43,4,,0,30,,40912,43,4,,0,70,,40913,43,4,,0,30,,40914,43,4,,0,70,,40915,43,4,,0,30,,40916,43,4,,0,70,,40917,43,4,,0,30,,40918,43,4,,0,70,,40919,43,4,,0,30,,40920,43,4,,0,70,,40921,43,4,,0,30,,40922,43,4,,0,70,,40923,43,4,,0,30,,40924,43,4,,0,70,,40925,43,4,,0,30,,40926,43,4,,0,70,,40927,43,4,,0,30,,40928,43,4,,0,70,,40929,43,4,,0
582801,'6',535,,40938,43,4,,0,20,,40939,43,4,,0,60,,40940,43,4,,0,20,,40941,43,4,,0,20,,40942,43,4,,0,60,,40943,43,4,,0,20,,40944,43,4,,0,20,,40945,43,4,,0,60,,40946,43,4,,0,24,,40947,43,4,,0,15,,40948,43,4,,0,55,,40949,43,4,,0,15,,40961,43,4,,0,15,,40962,43,4,,0,15,,40963,43,4,,0,55,,40964,43,4,,0,15,,40965,43,4,,0,15,,40966,43,4,,0,15,,40967,43,4,,0,55,,40968,43,4,,0,15,,40969,43,4,,0,15,,40970,43,4,,0,15,,40971,43,4,,0,55,,40972,43,4,,0,15,,40973,43,4,,0,15,,40974,43,4,,0,15,,40975,43,4,,0,55,,40976,43,4,,0,15,,40977,43,4,,0,15,,40978,43,4,,0,15,,40979,43,4,,0,55,,40980,43,4,,0,15,,40981,43,4,,0,15,,40982,43,4,,0,15,,40983,43,4,,0,55,,40984,43,4,,0,15,,40985,43,4,,0,15,,40986,43,4,,0,15,,40987,43,4,,0,55,,40988,43,4,,0,15,,40989,43,4,,0,15,,40990,43,4,,0,15,,40991,43,4,,0,55,,40992,43,4,,0,15,,40993,43,4,,0,15,,40994,43,4,,0,15,,40995,43,4,,0,55,,40996,43,4,,0,15,,40997,43,4,,0,15,,40998,43,4,,0,15,,40999,43,4,,0,55,,41000,43,4,,0,15,,41001,43,4,,0,14,,41002,43,4,,0,16,,40937,43,4,,0,60,,40936,43,4,,0,20,,40935,43,4,,0,20,,40934,43,4,,0,60,,40933,43,4,,0,20,,40932,43,4,,0,20,,40931,43,4,,0,60,,40930,43,4,,0,17,,40950,43,4,,0,20,,40951,43,4,,0,60,,40952,43,4,,0,20,,40957,43,4,,0,20,,40953,43,4,,0,60,,40954,43,4,,0,20,,40958,43,4,,0,20,,40959,43,4,,0,60,,40955,43,4,,0,35,,40956,43,4,,0,80,,40960,43,4,,0
