578200,'1',517,,30152,49,,,0,15,,30182,49,,,0,20,,30189,49,,,0,60,,30188,49,,,0,20,,30187,49,,,0,20,,30186,49,,,0,60,,30185,49,,,0,23,,30184,49,,,0,20,,30183,49,,,0,60,,30190,49,,,0,24,,30153,52,,,0,20,,30154,52,,,0,60,,30155,52,,,0,20,,30156,52,,,0,20,,30157,52,,,0,60,,30158,52,,,0,20,,30159,52,,,0,20,,30162,52,,,0,60,,30163,52,,,0,20,,30164,52,,,0,20,,30165,52,,,0,60,,30166,52,,,0,20,,30167,52,,,0,20,,30160,52,,,0,60,,30161,52,,,0,20,,30136,52,,,0,20,,30168,52,,,0,61,,30169,52,,,0,20,,30170,52,,,0,60,,30171,52,,,0,20,,30172,52,,,0,20,,30173,52,,,0,60,,30174,52,,,0,20,,30175,52,,,0,20,,30176,52,,,0,60,,30177,52,,,0,20,,30178,52,,,0,20,,30179,52,,,0,60,,30180,52,,,0,20,,30181,52,,,0,23,,30151,52,,,0,70,,30150,52,,,0,29,,30149,52,,,0,70,,30148,52,,,0,30,,30147,52,,,0,70,,30146,52,,,0,30,,30145,52,,,0,70,,30137,52,,,0,25,,30138,49,,,0,70,,30139,49,,,0,30,,30140,49,,,0,70,,30141,49,,,0,30,,30142,49,,,0,72,,30143,49,,,0,40,,30144,49,,,0
578200,'2',529,,30191,49,,,0,30,,30192,49,,,0,72,,30193,49,,,0,70,,30194,49,,,0,30,,30195,49,,,0,70,,30196,49,,,0,30,,30197,49,,,0,21,,30239,52,,,0,60,,30198,52,,,0,24,,30199,52,,,0,20,,30200,52,,,0,60,,30201,52,,,0,20,,30202,52,,,0,20,,30203,52,,,0,60,,30204,52,,,0,20,,30205,52,,,0,20,,30206,52,,,0,60,,30207,52,,,0,20,,30208,52,,,0,20,,30209,52,,,0,59,,30210,49,,,0,20,,30211,49,,,0,20,,30212,49,,,0,60,,30213,49,,,0,20,,30214,49,,,0,20,,30215,49,,,0,60,,30216,49,,,0,20,,30217,49,,,0,20,,30218,49,,,0,60,,30219,49,,,0,20,,30220,49,,,0,20,,30221,49,,,0,60,,30222,49,,,0,20,,30223,49,,,0,70,,30224,49,,,0,25,,30225,49,,,0,70,,30226,49,,,0,30,,30227,49,,,0,70,,30228,49,,,0,30,,30229,49,,,0,70,,30230,49,,,0,30,,30231,49,,,0,70,,30232,49,,,0,27,,30233,49,,,0,30,,30234,49,,,0,70,,30235,49,,,0,30,,30236,49,,,0,70,,30237,49,,,0,30,,30240,49,,,0,90,,30238,49,,,0
578200,'3',629,,30276,49,,,0,100,,30275,49,,,0,30,,30274,49,,,0,70,,30273,49,,,0,30,,30272,49,,,0,73,,30271,49,,,0,70,,30270,49,,,0,30,,30269,49,,,0,70,,30268,49,,,0,30,,30267,49,,,0,70,,30266,49,,,0,30,,30265,49,,,0,70,,30264,49,,,0,30,,30263,49,,,0,70,,30262,49,,,0,30,,30261,49,,,0,70,,30260,49,,,0,30,,30259,49,,,0,70,,30258,49,,,0,30,,30257,49,,,0,70,,30256,49,,,0,30,,30255,49,,,0,70,,30254,49,,,0,30,,30253,49,,,0,70,,30252,49,,,0,30,,30251,49,,,0,70,,30250,49,,,0,25,,30249,49,,,0,30,,30248,49,,,0,70,,30247,49,,,0,30,,30246,49,,,0,70,,30245,49,,,0,30,,30244,49,,,0,70,,30243,49,,,0,30,,30242,49,,,0,70,,30241,49,,,0
578200,'4',557,,30277,49,,,0,80,,30278,49,,,0,80,,30279,49,,,0,40,,30280,49,,,0,80,,30281,49,,,0,80,,30282,49,,,0,40,,30283,49,,,0,80,,30284,49,,,0,80,,30285,49,,,0,40,,30286,49,,,0,80,,30287,49,,,0,80,,30288,49,,,0,40,,30289,49,,,0,80,,30290,49,,,0,90,,30291,49,,,0,100,,30292,49,,,0,100,,30293,49,,,0,100,,30294,49,,,0,100,,30295,49,,,0,100,,30296,49,,,0,100,,30297,49,,,0
578200,'6',629,,30333,49,,,0,100,,30332,49,,,0,30,,30331,49,,,0,70,,30330,49,,,0,30,,30329,49,,,0,73,,30328,49,,,0,70,,30327,49,,,0,30,,30326,49,,,0,70,,30325,49,,,0,30,,30324,49,,,0,70,,30323,49,,,0,30,,30322,49,,,0,70,,30321,49,,,0,30,,30320,49,,,0,70,,30319,49,,,0,30,,30318,49,,,0,70,,30317,49,,,0,30,,30316,49,,,0,70,,30315,49,,,0,30,,30314,49,,,0,70,,30313,49,,,0,30,,30312,49,,,0,70,,30311,49,,,0,30,,30310,49,,,0,70,,30309,49,,,0,30,,30308,49,,,0,70,,30307,49,,,0,25,,30306,49,,,0,30,,30305,49,,,0,70,,30304,49,,,0,30,,30303,49,,,0,70,,30302,49,,,0,30,,30301,49,,,0,70,,30300,49,,,0,30,,30299,49,,,0,70,,30298,49,,,0
578901,'1',528,,32625,37,,,0,30,,32627,37,,,0,70,,32620,37,,,0,30,,32621,37,,,0,72,,32597,37,,,0,70,,32626,37,,,0,30,,32624,37,,,0,70,,32623,37,,,0,28,,32622,37,,,0,76,,32619,37,,,0,30,,32611,37,,,0,70,,32610,37,,,0,30,,32609,37,,,0,70,,32614,37,,,0,30,,32613,37,,,0,70,,32612,37,,,0,30,,32618,37,,,0,70,,32617,37,,,0,31,,32616,37,,,0,70,,32596,37,,,0,30,,32603,37,,,0,70,,32602,37,,,0,30,,32606,37,,,0,70,,32605,37,,,0,30,,32604,37,,,0,70,,32608,37,,,0,27,,32600,37,,,0,70,,32599,37,,,0,30,,32601,37,,,0,70,,32593,37,,,0,30,,32615,37,,,0,70,,32592,37,,,0,30,,32598,37,,,0,70,,32591,37,,,0,33,,32607,37,,,0,100,,32595,37,,,0,100,,32594,37,,,0
578901,'2',525,,32664,37,,,0,30,,32642,37,,,0,70,,32635,37,,,0,30,,32641,37,,,0,70,,32640,37,,,0,30,,32656,37,,,0,70,,32655,37,,,0,30,,32654,37,,,0,70,,32658,37,,,0,30,,32657,37,,,0,70,,32659,37,,,0,30,,32650,37,,,0,70,,32649,37,,,0,30,,32648,37,,,0,70,,32653,37,,,0,30,,32652,37,,,0,70,,32651,37,,,0,30,,32662,37,,,0,70,,32661,37,,,0,30,,32645,37,,,0,70,,32644,37,,,0,30,,32660,37,,,0,70,,32643,37,,,0,30,,32647,37,,,0,70,,32646,37,,,0,30,,32637,37,,,0,70,,32636,37,,,0,30,,32639,37,,,0,69,,32638,37,,,0,30,,32630,37,,,0,70,,32629,37,,,0,30,,32634,37,,,0,70,,32628,37,,,0,100,,32633,37,,,0,100,,32632,37,,,0,100,,32631,37,,,0,100,,32663,37,,,0
578901,'3',525,,32700,37,,,0,30,,32679,37,,,0,70,,32672,37,,,0,30,,32678,37,,,0,70,,32677,37,,,0,30,,32693,37,,,0,70,,32692,37,,,0,30,,32691,37,,,0,70,,32695,37,,,0,30,,32694,37,,,0,70,,32696,37,,,0,30,,32687,37,,,0,70,,32686,37,,,0,30,,32685,37,,,0,70,,32690,37,,,0,30,,32689,37,,,0,70,,32688,37,,,0,30,,32699,37,,,0,70,,32698,37,,,0,30,,32682,37,,,0,70,,32681,37,,,0,30,,32697,37,,,0,70,,32680,37,,,0,30,,32684,37,,,0,70,,32683,37,,,0,30,,32674,37,,,0,70,,32673,37,,,0,30,,32676,37,,,0,69,,32675,37,,,0,30,,32667,37,,,0,70,,32666,37,,,0,30,,32671,37,,,0,70,,32665,37,,,0,100,,32670,37,,,0,100,,32669,37,,,0,100,,32668,37,,,0
578901,'4',546,,32701,37,,,0,100,,32702,37,,,0,100,,32703,37,,,0,100,,32704,37,,,0,101,,32705,37,,,0,100,,32706,37,,,0,100,,32707,37,,,0,100,,32708,37,,,0,100,,32709,37,,,0,100,,32710,37,,,0,100,,32711,37,,,0,100,,32712,37,,,0,100,,32713,37,,,0,98,,32714,37,,,0,100,,32715,37,,,0,100,,32716,37,,,0
578901,'6',525,,32752,37,,,0,30,,32731,37,,,0,70,,32724,37,,,0,30,,32730,37,,,0,70,,32729,37,,,0,30,,32745,37,,,0,70,,32744,37,,,0,30,,32743,37,,,0,70,,32747,37,,,0,30,,32746,37,,,0,70,,32748,37,,,0,30,,32739,37,,,0,70,,32738,37,,,0,30,,32737,37,,,0,70,,32742,37,,,0,30,,32741,37,,,0,70,,32740,37,,,0,30,,32751,37,,,0,70,,32750,37,,,0,30,,32734,37,,,0,70,,32733,37,,,0,30,,32749,37,,,0,70,,32732,37,,,0,30,,32736,37,,,0,70,,32735,37,,,0,30,,32726,37,,,0,70,,32725,37,,,0,30,,32728,37,,,0,69,,32727,37,,,0,30,,32719,37,,,0,70,,32718,37,,,0,30,,32723,37,,,0,70,,32717,37,,,0,100,,32722,37,,,0,100,,32721,37,,,0,100,,32720,37,,,0
