578200,'1',451,,30152,8,,,0,55,,30182,8,,,0,20,,30189,8,,,0,20,,30188,8,,,0,60,,30187,8,,,0,20,,30186,8,,,0,20,,30185,8,,,0,60,,30184,8,,,0,20,,30183,8,,,0,20,,30190,8,,,0,60,,30153,8,,,0,20,,30154,8,,,0,20,,30155,8,,,0,60,,30156,8,,,0,20,,30157,8,,,0,20,,30158,8,,,0,60,,30159,8,,,0,20,,30162,8,,,0,20,,30163,8,,,0,60,,30164,8,,,0,20,,30165,8,,,0,20,,30166,8,,,0,60,,30167,8,,,0,20,,30160,8,,,0,20,,30161,8,,,0,60,,30136,8,,,0,20,,30168,8,,,0,21,,30169,8,,,0,60,,30170,8,,,0,20,,30171,8,,,0,20,,30172,8,,,0,60,,30173,8,,,0,20,,30174,8,,,0,20,,30175,8,,,0,60,,30176,8,,,0,20,,30177,8,,,0,20,,30178,8,,,0,60,,30179,8,,,0,20,,30180,8,,,0,20,,30181,8,,,0,63,,30151,8,,,0,30,,30150,8,,,0,74,,30149,8,,,0,30,,30148,8,,,0,70,,30147,8,,,0,30,,30146,8,,,0,70,,30145,8,,,0,30,,30137,8,,,0,69,,30138,8,,,0,30,,30139,8,,,0,70,,30140,8,,,0,30,,30141,8,,,0,70,,30142,8,,,0,32,,30143,8,,,0,80,,30144,8,,,0
578200,'2',505,,30191,8,,,0,30,,30192,8,,,0,70,,30193,8,,,0,30,,30194,8,,,0,70,,30195,8,,,0,30,,30196,8,,,0,70,,30197,8,,,0,20,,30239,8,,,0,20,,30198,8,,,0,60,,30199,8,,,0,20,,30200,8,,,0,20,,30201,8,,,0,60,,30202,8,,,0,20,,30203,8,,,0,20,,30204,8,,,0,60,,30205,8,,,0,20,,30206,8,,,0,20,,30207,8,,,0,60,,30208,8,,,0,20,,30209,8,,,0,20,,30210,8,,,0,60,,30211,8,,,0,20,,30212,8,,,0,20,,30213,8,,,0,60,,30214,8,,,0,20,,30215,8,,,0,20,,30216,8,,,0,60,,30217,8,,,0,20,,30218,8,,,0,20,,30219,8,,,0,60,,30220,8,,,0,20,,30221,8,,,0,20,,30222,8,,,0,60,,30223,8,,,0,30,,30224,8,,,0,71,,30225,8,,,0,30,,30226,8,,,0,70,,30227,8,,,0,30,,30228,8,,,0,70,,30229,8,,,0,30,,30230,8,,,0,70,,30231,8,,,0,30,,30232,8,,,0,69,,30233,8,,,0,30,,30234,8,,,0,70,,30235,8,,,0,30,,30236,8,,,0,70,,30237,8,,,0,30,,30240,8,,,0,90,,30238,8,,,0
578200,'3',605,,30276,8,,,0,100,,30275,8,,,0,30,,30274,8,,,0,70,,30273,8,,,0,30,,30272,8,,,0,71,,30271,8,,,0,30,,30270,8,,,0,70,,30269,8,,,0,30,,30268,8,,,0,70,,30267,8,,,0,30,,30266,8,,,0,70,,30265,8,,,0,30,,30264,8,,,0,70,,30263,8,,,0,30,,30262,8,,,0,70,,30261,8,,,0,30,,30260,8,,,0,70,,30259,8,,,0,30,,30258,8,,,0,70,,30257,8,,,0,30,,30256,8,,,0,70,,30255,8,,,0,30,,30254,8,,,0,70,,30253,8,,,0,30,,30252,8,,,0,70,,30251,8,,,0,30,,30250,8,,,0,69,,30249,8,,,0,30,,30248,8,,,0,70,,30247,8,,,0,30,,30246,8,,,0,70,,30245,8,,,0,30,,30244,8,,,0,70,,30243,8,,,0,30,,30242,8,,,0,70,,30241,8,,,0
578200,'4',533,,30277,8,,,0,80,,30278,8,,,0,40,,30279,8,,,0,80,,30280,8,,,0,80,,30281,8,,,0,40,,30282,8,,,0,80,,30283,8,,,0,80,,30284,8,,,0,40,,30285,8,,,0,80,,30286,8,,,0,80,,30287,8,,,0,40,,30288,8,,,0,80,,30289,8,,,0,80,,30290,8,,,0,90,,30291,8,,,0,100,,30292,8,,,0,100,,30293,8,,,0,100,,30294,8,,,0,100,,30295,8,,,0,100,,30296,8,,,0,100,,30297,8,,,0
578200,'6',605,,30333,8,,,0,100,,30332,8,,,0,30,,30331,8,,,0,70,,30330,8,,,0,30,,30329,8,,,0,71,,30328,8,,,0,30,,30327,8,,,0,70,,30326,8,,,0,30,,30325,8,,,0,70,,30324,8,,,0,30,,30323,8,,,0,70,,30322,8,,,0,30,,30321,8,,,0,70,,30320,8,,,0,30,,30319,8,,,0,70,,30318,8,,,0,30,,30317,8,,,0,70,,30316,8,,,0,30,,30315,8,,,0,70,,30314,8,,,0,30,,30313,8,,,0,70,,30312,8,,,0,30,,30311,8,,,0,70,,30310,8,,,0,30,,30309,8,,,0,70,,30308,8,,,0,30,,30307,8,,,0,69,,30306,8,,,0,30,,30305,8,,,0,70,,30304,8,,,0,30,,30303,8,,,0,70,,30302,8,,,0,30,,30301,8,,,0,70,,30300,8,,,0,30,,30299,8,,,0,70,,30298,8,,,0
578501,'1',534,,31956,16,,,0,70,,31957,16,,,0,30,,31958,16,,,0,70,,31959,16,,,0,29,,31960,16,,,0,25,,31961,16,,,0,60,,31962,16,,,0,20,,31963,16,,,0,20,,31964,16,,,0,60,,31965,16,,,0,20,,31966,16,,,0,66,,31967,16,,,0,25,,31968,16,,,0,30,,31969,16,,,0,70,,31970,16,,,0,30,,31971,16,,,0,70,,31972,16,,,0,30,,31973,16,,,0,70,,31974,16,,,0,30,,31975,16,,,0,70,,31976,16,,,0,20,,31977,16,,,0,60,,31978,16,,,0,20,,31979,16,,,0,20,,31980,16,,,0,60,,31981,16,,,0,20,,31982,16,,,0,20,,31983,16,,,0,60,,31984,16,,,0,20,,31985,16,,,0,20,,31986,16,,,0,70,,31987,16,,,0,35,,31988,16,,,0,71,,31989,16,,,0,100,,31990,16,,,0,100,,31991,16,,,0,99,,31992,16,,,0,105,,31993,16,,,0,100,,31994,16,,,0,100,,31995,16,,,0
578501,'2',523,,32029,16,,,0,30,,32028,16,,,0,70,,31996,16,,,0,30,,32022,16,,,0,70,,31997,16,,,0,30,,32024,16,,,0,71,,31998,16,,,0,30,,32023,16,,,0,70,,31999,16,,,0,30,,32000,16,,,0,70,,32001,16,,,0,30,,32002,16,,,0,70,,32003,16,,,0,30,,32004,16,,,0,70,,32005,16,,,0,30,,32006,16,,,0,70,,32007,16,,,0,30,,32008,16,,,0,70,,32009,16,,,0,30,,32010,16,,,0,70,,32011,16,,,0,30,,32012,16,,,0,70,,32013,16,,,0,30,,32014,16,,,0,70,,32015,16,,,0,30,,32016,16,,,0,70,,32017,16,,,0,104,,32018,16,,,0,102,,32019,16,,,0,100,,32020,16,,,0,99,,32021,16,,,0,100,,32025,16,,,0,100,,32026,16,,,0,100,,32027,16,,,0
578501,'3',626,,32059,16,,,0,30,,32032,16,,,0,70,,32053,16,,,0,30,,32054,16,,,0,70,,32033,16,,,0,30,,32055,16,,,0,70,,32034,16,,,0,30,,32056,16,,,0,69,,32035,16,,,0,30,,32036,16,,,0,70,,32037,16,,,0,30,,32038,16,,,0,70,,32039,16,,,0,30,,32040,16,,,0,70,,32041,16,,,0,30,,32042,16,,,0,70,,32043,16,,,0,30,,32044,16,,,0,70,,32045,16,,,0,30,,32046,16,,,0,70,,32047,16,,,0,30,,32048,16,,,0,70,,32049,16,,,0,30,,32060,16,,,0,70,,32050,16,,,0,100,,32051,16,,,0,100,,32052,16,,,0,100,,32030,16,,,0,100,,32031,16,,,0,100,,32057,16,,,0,100,,32058,16,,,0
578501,'4',711,,32061,16,,,0,100,,32062,16,,,0,97,,32063,16,,,0,103,,32064,16,,,0,100,,32065,16,,,0,100,,32066,16,,,0,100,,32067,16,,,0,100,,32068,16,,,0,100,,32069,16,,,0,100,,32070,16,,,0,100,,32071,16,,,0,100,,32072,16,,,0,100,,32073,16,,,0,100,,32074,16,,,0
578501,'6',626,,32104,16,,,0,30,,32077,16,,,0,70,,32098,16,,,0,30,,32099,16,,,0,70,,32078,16,,,0,30,,32100,16,,,0,70,,32079,16,,,0,30,,32101,16,,,0,69,,32080,16,,,0,30,,32081,16,,,0,70,,32082,16,,,0,30,,32083,16,,,0,70,,32084,16,,,0,30,,32085,16,,,0,70,,32086,16,,,0,30,,32087,16,,,0,70,,32088,16,,,0,30,,32089,16,,,0,70,,32090,16,,,0,30,,32091,16,,,0,70,,32092,16,,,0,30,,32093,16,,,0,70,,32094,16,,,0,30,,32105,16,,,0,70,,32095,16,,,0,100,,32096,16,,,0,100,,32097,16,,,0,100,,32075,16,,,0,100,,32076,16,,,0,100,,32102,16,,,0,100,,32103,16,,,0
578601,'1',545,,32258,9,,,0,70,,32259,9,,,0,30,,32260,9,,,0,70,,32261,9,,,0,30,,32262,9,,,0,65,,32263,9,,,0,20,,32264,9,,,0,20,,32265,9,,,0,60,,32266,9,,,0,20,,32267,9,,,0,20,,32268,9,,,0,60,,32269,9,,,0,25,,32270,9,,,0,70,,32271,9,,,0,30,,32272,9,,,0,70,,32273,9,,,0,30,,32274,9,,,0,70,,32275,9,,,0,30,,32276,9,,,0,65,,32277,9,,,0,30,,32278,9,,,0,70,,32279,9,,,0,20,,32280,9,,,0,20,,32281,9,,,0,60,,32282,9,,,0,20,,32283,9,,,0,20,,32284,9,,,0,60,,32285,9,,,0,20,,32286,9,,,0,20,,32287,9,,,0,60,,32288,9,,,0,20,,32289,9,,,0,35,,32290,9,,,0,77,,32297,9,,,0,23,,32291,9,,,0,100,,32292,9,,,0,100,,32293,9,,,0,100,,32294,9,,,0,100,,32295,9,,,0,100,,32296,9,,,0,101,,32298,9,,,0
578601,'2',525,,32333,9,,,0,30,,32326,9,,,0,70,,32327,9,,,0,30,,32325,9,,,0,70,,32328,9,,,0,30,,32324,9,,,0,71,,32299,9,,,0,30,,32323,9,,,0,70,,32322,9,,,0,30,,32321,9,,,0,70,,32320,9,,,0,30,,32319,9,,,0,70,,32318,9,,,0,30,,32317,9,,,0,70,,32316,9,,,0,30,,32315,9,,,0,70,,32314,9,,,0,30,,32313,9,,,0,70,,32312,9,,,0,30,,32311,9,,,0,70,,32310,9,,,0,30,,32309,9,,,0,70,,32308,9,,,0,30,,32307,9,,,0,70,,32306,9,,,0,30,,32305,9,,,0,70,,32304,9,,,0,30,,32303,9,,,0,100,,32302,9,,,0,100,,32301,9,,,0,100,,32300,9,,,0,100,,32329,9,,,0,100,,32330,9,,,0,100,,32331,9,,,0,100,,32332,9,,,0
578601,'3',626,,32361,9,,,0,30,,32360,9,,,0,70,,32359,9,,,0,30,,32355,9,,,0,70,,32357,9,,,0,30,,32354,9,,,0,70,,32358,9,,,0,30,,32353,9,,,0,69,,32352,9,,,0,30,,32351,9,,,0,70,,32350,9,,,0,30,,32349,9,,,0,70,,32348,9,,,0,30,,32347,9,,,0,70,,32346,9,,,0,30,,32345,9,,,0,70,,32344,9,,,0,30,,32343,9,,,0,70,,32342,9,,,0,30,,32341,9,,,0,70,,32340,9,,,0,30,,32339,9,,,0,70,,32338,9,,,0,30,,32337,9,,,0,70,,32364,9,,,0,30,,32336,9,,,0,101,,32335,9,,,0,100,,32334,9,,,0,100,,32356,9,,,0,100,,32362,9,,,0,100,,32363,9,,,0
578601,'4',752,,32365,9,,,0,100,,32366,9,,,0,99,,32367,9,,,0,100,,32368,9,,,0,100,,32369,9,,,0,100,,32370,9,,,0,100,,32371,9,,,0,100,,32372,9,,,0,100,,32373,9,,,0,100,,32374,9,,,0,101,,32375,9,,,0,100,,32376,9,,,0,100,,32377,9,,,0,100,,32378,9,,,0
578601,'6',626,,32406,9,,,0,30,,32405,9,,,0,70,,32404,9,,,0,30,,32400,9,,,0,70,,32402,9,,,0,30,,32399,9,,,0,70,,32403,9,,,0,30,,32398,9,,,0,69,,32397,9,,,0,30,,32396,9,,,0,70,,32395,9,,,0,30,,32394,9,,,0,70,,32393,9,,,0,30,,32392,9,,,0,70,,32391,9,,,0,30,,32390,9,,,0,70,,32389,9,,,0,30,,32388,9,,,0,70,,32387,9,,,0,30,,32386,9,,,0,70,,32385,9,,,0,30,,32384,9,,,0,70,,32383,9,,,0,30,,32382,9,,,0,70,,32409,9,,,0,30,,32381,9,,,0,101,,32380,9,,,0,100,,32379,9,,,0,100,,32401,9,,,0,100,,32407,9,,,0,100,,32408,9,,,0
578701,'703',1053,,32417,17,,,0,100,,32422,17,,,0,100,,32423,17,,,0,100,,32418,17,,,0,100,,32419,17,,,0,100,,32420,17,,,0,100,,32421,17,,,0
