578500,'1',514,,31802,18,4,,0,30,,31803,18,4,,0,70,,31804,18,4,,0,30,,31805,18,4,,0,70,,31806,18,4,,0,25,,31807,18,4,,0,20,,31808,18,4,,0,60,,31809,18,4,,0,20,,31810,18,4,,0,20,,31811,18,4,,0,60,,31812,18,4,,0,20,,31813,18,4,,0,20,,31814,18,4,,0,60,,31843,18,4,,0,20,,31815,18,4,,0,20,,31816,18,4,,0,70,,31817,18,4,,0,30,,31818,18,4,,0,70,,31819,18,4,,0,30,,31820,18,4,,0,70,,31821,18,4,,0,30,,31822,18,4,,0,72,,31823,18,4,,0,15,,31824,18,4,,0,55,,31825,18,4,,0,20,,31826,18,4,,0,20,,31827,18,4,,0,60,,31828,18,4,,0,20,,31829,18,4,,0,20,,31830,18,4,,0,60,,31831,18,4,,0,20,,31832,18,4,,0,20,,31833,18,4,,0,60,,31834,18,4,,0,30,,31835,18,4,,0,70,,31836,18,4,,0,104,,31837,18,4,,0,100,,31838,18,4,,0,100,,31839,18,4,,0,104,,31840,18,4,,0,105,,31841,18,4,,0,100,,31842,18,4,,0
578500,'2',529,,31878,18,4,,0,30,,31860,18,4,,0,70,,31870,18,4,,0,30,,31859,18,4,,0,70,,31871,18,4,,0,30,,31858,18,4,,0,76,,31872,18,4,,0,70,,31857,18,4,,0,30,,31856,18,4,,0,70,,31855,18,4,,0,30,,31854,18,4,,0,70,,31853,18,4,,0,30,,31852,18,4,,0,70,,31851,18,4,,0,30,,31850,18,4,,0,70,,31849,18,4,,0,30,,31848,18,4,,0,70,,31847,18,4,,0,30,,31846,18,4,,0,70,,31845,18,4,,0,30,,31844,18,4,,0,70,,31869,18,4,,0,30,,31868,18,4,,0,70,,31867,18,4,,0,30,,31866,18,4,,0,70,,31865,18,4,,0,30,,31876,18,4,,0,75,,31864,18,4,,0,99,,31863,18,4,,0,100,,31862,18,4,,0,100,,31861,18,4,,0,99,,31873,18,4,,0,100,,31874,18,4,,0,100,,31875,18,4,,0,100,,31877,18,4,,0
578500,'3',616,,31909,18,4,,0,20,,31907,18,4,,0,70,,31885,18,4,,0,30,,31902,18,4,,0,70,,31886,18,4,,0,30,,31903,18,4,,0,70,,31887,18,4,,0,30,,31904,18,4,,0,70,,31888,18,4,,0,33,,31889,18,4,,0,70,,31890,18,4,,0,30,,31891,18,4,,0,70,,31892,18,4,,0,30,,31893,18,4,,0,70,,31894,18,4,,0,30,,31895,18,4,,0,70,,31896,18,4,,0,30,,31897,18,4,,0,70,,31898,18,4,,0,30,,31899,18,4,,0,70,,31900,18,4,,0,30,,31901,18,4,,0,70,,31879,18,4,,0,30,,31908,18,4,,0,70,,31880,18,4,,0,100,,31881,18,4,,0,99,,31882,18,4,,0,100,,31883,18,4,,0,100,,31884,18,4,,0,98,,31906,18,4,,0,100,,31905,18,4,,0
578500,'4',651,,31910,18,4,,0,101,,31911,18,4,,0,100,,31912,18,4,,0,103,,31913,18,4,,0,100,,31914,18,4,,0,100,,31915,18,4,,0,100,,31916,18,4,,0,100,,31917,18,4,,0,100,,31918,18,4,,0,100,,31919,18,4,,0,100,,31920,18,4,,0,100,,31921,18,4,,0,100,,31922,18,4,,0,100,,31923,18,4,,0,100,,31924,18,4,,0
578500,'6',616,,31955,18,4,,0,20,,31953,18,4,,0,70,,31931,18,4,,0,30,,31948,18,4,,0,70,,31932,18,4,,0,30,,31949,18,4,,0,70,,31933,18,4,,0,30,,31950,18,4,,0,70,,31934,18,4,,0,33,,31935,18,4,,0,70,,31936,18,4,,0,30,,31937,18,4,,0,70,,31938,18,4,,0,30,,31939,18,4,,0,70,,31940,18,4,,0,30,,31941,18,4,,0,70,,31942,18,4,,0,30,,31943,18,4,,0,70,,31944,18,4,,0,30,,31945,18,4,,0,70,,31946,18,4,,0,30,,31947,18,4,,0,70,,31925,18,4,,0,30,,31954,18,4,,0,70,,31926,18,4,,0,100,,31927,18,4,,0,99,,31928,18,4,,0,100,,31929,18,4,,0,100,,31930,18,4,,0,98,,31952,18,4,,0,100,,31951,18,4,,0
578501,'1',523,,31956,1,,,0,30,,31957,1,,,0,70,,31958,1,,,0,30,,31959,1,,,0,67,,31960,1,,,0,25,,31961,1,,,0,60,,31962,1,,,0,20,,31963,1,,,0,20,,31964,1,,,0,60,,31965,1,,,0,20,,31966,1,,,0,26,,31967,1,,,0,65,,31968,1,,,0,30,,31969,1,,,0,70,,31970,1,,,0,30,,31971,1,,,0,70,,31972,1,,,0,30,,31973,1,,,0,70,,31974,1,,,0,30,,31975,1,,,0,70,,31976,1,,,0,20,,31977,1,,,0,20,,31978,1,,,0,60,,31979,1,,,0,20,,31980,1,,,0,20,,31981,1,,,0,60,,31982,1,,,0,20,,31983,1,,,0,20,,31984,1,,,0,60,,31985,1,,,0,20,,31986,1,,,0,70,,31987,1,,,0,35,,31988,1,,,0,72,,31989,1,,,0,100,,31990,1,,,0,100,,31991,1,,,0,100,,31992,1,,,0,105,,31993,1,,,0,100,,31994,1,,,0,100,,31995,1,,,0
578501,'2',513,,32029,1,,,0,30,,32028,1,,,0,70,,31996,1,,,0,30,,32022,1,,,0,70,,31997,1,,,0,30,,32024,1,,,0,70,,31998,1,,,0,30,,32023,1,,,0,70,,31999,1,,,0,30,,32000,1,,,0,70,,32001,1,,,0,30,,32002,1,,,0,70,,32003,1,,,0,30,,32004,1,,,0,70,,32005,1,,,0,30,,32006,1,,,0,70,,32007,1,,,0,30,,32008,1,,,0,70,,32009,1,,,0,30,,32010,1,,,0,70,,32011,1,,,0,30,,32012,1,,,0,70,,32013,1,,,0,30,,32014,1,,,0,70,,32015,1,,,0,30,,32016,1,,,0,70,,32017,1,,,0,105,,32018,1,,,0,102,,32019,1,,,0,100,,32020,1,,,0,100,,32021,1,,,0,100,,32025,1,,,0,100,,32026,1,,,0,100,,32027,1,,,0
578501,'3',619,,32059,1,,,0,30,,32032,1,,,0,70,,32053,1,,,0,30,,32054,1,,,0,70,,32033,1,,,0,30,,32055,1,,,0,70,,32034,1,,,0,30,,32056,1,,,0,65,,32035,1,,,0,30,,32036,1,,,0,70,,32037,1,,,0,30,,32038,1,,,0,70,,32039,1,,,0,30,,32040,1,,,0,70,,32041,1,,,0,30,,32042,1,,,0,70,,32043,1,,,0,30,,32044,1,,,0,70,,32045,1,,,0,30,,32046,1,,,0,70,,32047,1,,,0,30,,32048,1,,,0,70,,32049,1,,,0,30,,32060,1,,,0,70,,32050,1,,,0,100,,32051,1,,,0,100,,32052,1,,,0,100,,32030,1,,,0,104,,32031,1,,,0,100,,32057,1,,,0,100,,32058,1,,,0
578501,'4',703,,32061,1,,,0,98,,32062,1,,,0,57,,32063,1,,,0,100,,32064,1,,,0,100,,32065,1,,,0,100,,32066,1,,,0,100,,32067,1,,,0,100,,32068,1,,,0,100,,32069,1,,,0,100,,32070,1,,,0,100,,32071,1,,,0,100,,32072,1,,,0,100,,32073,1,,,0,100,,32074,1,,,0
578501,'6',619,,32104,1,,,0,30,,32077,1,,,0,70,,32098,1,,,0,30,,32099,1,,,0,70,,32078,1,,,0,30,,32100,1,,,0,70,,32079,1,,,0,30,,32101,1,,,0,65,,32080,1,,,0,30,,32081,1,,,0,70,,32082,1,,,0,30,,32083,1,,,0,70,,32084,1,,,0,30,,32085,1,,,0,70,,32086,1,,,0,30,,32087,1,,,0,70,,32088,1,,,0,30,,32089,1,,,0,70,,32090,1,,,0,30,,32091,1,,,0,70,,32092,1,,,0,30,,32093,1,,,0,70,,32094,1,,,0,30,,32105,1,,,0,70,,32095,1,,,0,100,,32096,1,,,0,100,,32097,1,,,0,100,,32075,1,,,0,104,,32076,1,,,0,100,,32102,1,,,0,100,,32103,1,,,0
