580500,'2',621,,38311,1,,,0,85,,38312,1,,,0,45,,38313,1,,,0,85,,38314,1,,,0,85,,38315,1,,,0,85,,38316,1,,,0,45,,38317,1,,,0,85,,38318,1,,,0,85,,38319,1,,,0,85,,38320,1,,,0,45,,38321,1,,,0,85,,38322,1,,,0,85,,38323,1,,,0,85,,38324,1,,,0
580501,'2',703,,38325,26,4,,0,45,,38326,26,4,,0,85,,38327,26,4,,0,85,,38328,26,4,,0,85,,38329,26,4,,0,45,,38330,26,4,,0,85,,38331,26,4,,0,85,,38332,26,4,,0,85,,38333,26,4,,0,45,,38334,26,4,,0,85,,38335,26,4,,0,85,,38336,26,4,,0,85,,38337,26,4,,0,45,,38338,26,4,,0
582000,'21903',1232,,40203,1,4,,0,15,,40210,1,4,,0,55,,40200,1,4,,0,15,,40207,1,4,,0,10,,40204,1,4,,0,5,,40209,1,4,,0,15,,40193,1,4,,0,55,,40208,1,4,,0,10,,40206,1,4,,0,5,,40201,1,4,,0
583001,'1601',826,,41956,31,,,0,605,,41955,31,4,,0,81,,41950,19,4,,0,4,,41948,19,4,,0,26,,41954,19,4,,0,2,,41951,19,,,0,11,,41949,31,4,,0,47,,41952,31,4,,0
583001,'1',458,,41985,31,,,0,55,,41992,31,,,0,15,,41984,31,,,0,20,,42011,31,,,0,60,,41991,31,,,0,20,,41990,31,,,0,10,,41988,31,,,0,15,,41958,11,,,0,55,,41989,31,,,0,15,,41983,31,,,0,15,,41978,31,,,0,15,,41982,31,,,0,55,,41977,31,,,0,15,,41981,31,,,0,15,,41976,31,,,0,15,,41980,31,,,0,55,,41975,31,,,0,15,,41979,31,,,0,20,,41993,31,,,0,60,,41994,31,,,0,21,,42012,31,,,0,20,,41995,31,,,0,60,,41996,31,,,0,20,,41997,31,,,0,20,,41998,31,,,0,60,,41999,31,,,0,20,,42000,31,,,0,20,,42001,31,,,0,60,,42002,31,,,0,20,,42003,31,,,0,20,,41987,31,,,0,15,,41986,31,,,0,55,,41974,31,,,0,15,,41966,31,,,0,15,,41973,31,,,0,15,,41965,31,,,0,55,,41972,31,,,0,15,,41964,31,,,0,15,,41971,31,,,0,15,,41963,31,,,0,55,,41970,31,,,0,15,,41962,31,,,0,15,,41969,31,,,0,15,,41961,31,,,0,55,,41968,31,,,0,15,,41960,31,,,0,15,,41967,31,,,0,15,,41959,31,,,0,55,,41957,31,,,0,15,,42004,31,,,0,15,,42005,31,,,0,60,,42006,31,,,0,18,,42007,31,,,0,20,,42008,31,,,0,60,,42009,31,,,0,20,,42010,31,,,0,20,,42026,31,,,0,60,,42025,31,,,0,20,,42024,31,,,0,20,,42023,31,,,0,60,,42022,31,,,0,19,,42021,31,,,0,20,,42020,31,,,0,60,,42019,31,,,0,20,,42018,31,,,0,20,,42017,31,,,0,60,,42016,31,,,0,20,,42015,31,,,0,20,,42014,31,,,0
583001,'2',520,,42082,31,,,0,36,,42081,31,,,0,75,,42080,31,,,0,69,,42079,31,,,0,31,,42078,31,,,0,70,,42077,31,,,0,26,,42075,11,,,0,20,,42076,31,,,0,60,,42074,31,,,0,20,,42073,31,,,0,20,,42072,31,,,0,60,,42071,31,,,0,20,,42070,31,,,0,20,,42069,31,,,0,60,,42068,31,,,0,20,,42067,31,,,0,20,,42066,31,,,0,60,,42065,31,,,0,20,,42064,31,,,0,20,,42063,31,,,0,60,,42062,31,,,0,20,,42061,31,,,0,20,,42060,31,,,0,60,,42059,31,,,0,20,,42058,31,,,0,20,,42057,31,,,0,60,,42056,31,,,0,20,,42055,31,,,0,20,,42054,31,,,0,60,,42053,31,,,0,20,,42052,31,,,0,20,,42051,31,,,0,60,,42050,31,,,0,20,,42049,31,,,0,20,,42048,31,,,0,60,,42047,31,,,0,20,,42046,31,,,0,20,,42045,31,,,0,60,,42044,31,,,0,18,,42043,31,,,0,20,,42042,31,,,0,60,,42041,31,,,0,20,,42040,31,,,0,20,,42039,31,,,0,60,,42038,31,,,0,20,,42037,31,,,0,20,,42036,31,,,0,60,,42035,31,,,0,20,,42034,31,,,0,20,,42033,31,,,0,60,,42032,31,,,0,21,,42031,31,,,0,20,,42030,31,,,0,60,,42029,31,,,0,20,,42028,31,,,0,18,,42027,31,,,0
583001,'3',538,,42097,31,,,0,80,,42111,31,,,0,40,,42096,31,,,0,80,,42112,31,,,0,80,,42088,31,,,0,40,,42103,31,,,0,60,,42113,31,,,0,20,,42099,31,,,0,20,,42114,31,,,0,61,,42100,31,,,0,20,,42115,31,,,0,20,,42098,31,,,0,60,,42116,31,,,0,20,,42095,31,,,0,20,,42117,31,,,0,60,,42106,31,,,0,20,,42118,31,,,0,20,,42090,31,,,0,60,,42119,31,,,0,20,,42108,31,,,0,20,,42120,31,,,0,60,,42107,31,,,0,20,,42121,31,,,0,20,,42092,31,,,0,60,,42122,31,,,0,20,,42109,31,,,0,20,,42123,31,,,0,60,,42091,31,,,0,20,,42124,31,,,0,20,,42104,31,,,0,60,,42125,31,,,0,20,,42102,31,,,0,20,,42126,31,,,0,60,,42101,31,,,0,20,,42127,31,,,0,20,,42105,31,,,0,58,,42128,31,,,0,25,,42110,31,,,0,60,,42129,31,,,0,20,,42094,31,,,0,20,,42089,31,,,0,60,,42093,31,,,0,30,,42087,31,,,0,70,,42085,31,,,0,30,,42086,31,,,0,70,,42084,31,,,0,30,,42083,31,,,0
583001,'4',612,,42160,11,,,0,24,,42130,31,,,0,70,,42131,31,,,0,30,,42132,31,,,0,70,,42133,31,,,0,30,,42134,31,,,0,70,,42135,31,,,0,30,,42136,31,,,0,70,,42137,31,,,0,30,,42138,31,,,0,70,,42139,31,,,0,30,,42140,31,,,0,70,,42141,31,,,0,30,,42142,31,,,0,70,,42143,31,,,0,30,,42144,31,,,0,70,,42145,31,,,0,30,,42146,31,,,0,70,,42147,31,,,0,30,,42148,31,,,0,70,,42149,31,,,0,30,,42150,31,,,0,70,,42151,31,,,0,30,,42152,31,,,0,70,,42153,31,,,0,30,,42154,31,,,0,70,,42155,31,,,0,30,,42156,31,,,0,70,,42157,31,,,0,30,,42158,31,,,0,70,,42159,31,,,0
583001,'6',520,,42217,31,,,0,36,,42216,31,,,0,75,,42215,31,,,0,69,,42214,31,,,0,31,,42213,31,,,0,70,,42212,31,,,0,26,,42210,11,,,0,20,,42211,31,,,0,60,,42209,31,,,0,20,,42208,31,,,0,20,,42207,31,,,0,60,,42206,31,,,0,20,,42205,31,,,0,20,,42204,31,,,0,60,,42203,31,,,0,20,,42202,31,,,0,20,,42201,31,,,0,60,,42200,31,,,0,20,,42199,31,,,0,20,,42198,31,,,0,60,,42197,31,,,0,20,,42196,31,,,0,20,,42195,31,,,0,60,,42194,31,,,0,20,,42193,31,,,0,20,,42192,31,,,0,60,,42191,31,,,0,20,,42190,31,,,0,20,,42189,31,,,0,60,,42188,31,,,0,20,,42187,31,,,0,20,,42186,31,,,0,60,,42185,31,,,0,20,,42184,31,,,0,20,,42183,31,,,0,60,,42182,31,,,0,20,,42181,31,,,0,20,,42180,31,,,0,60,,42179,31,,,0,18,,42178,31,,,0,20,,42177,31,,,0,60,,42176,31,,,0,20,,42175,31,,,0,20,,42174,31,,,0,60,,42173,31,,,0,20,,42172,31,,,0,20,,42171,31,,,0,60,,42170,31,,,0,20,,42169,31,,,0,20,,42168,31,,,0,60,,42167,31,,,0,21,,42166,31,,,0,20,,42165,31,,,0,60,,42164,31,,,0,20,,42163,31,,,0,18,,42162,31,,,0
583200,'24202',1302,,42851,1,4,,0,15,,42844,1,4,,0,15,,42854,1,4,,0,15,,42847,1,4,,0,10,,42850,1,4,,0,45,,42845,1,4,,0,15,,42861,1,4,,0,15,,42846,1,4,,0,10,,42848,1,4,,0,5,,42853,1,4,,0
583300,'1401',1702,,42875,1,4,,0,15,,42868,1,4,,0,15,,42878,1,4,,0,15,,42871,1,4,,0,10,,42874,1,4,,0,45,,42869,1,4,,0,15,,42885,1,4,,0,15,,42870,1,4,,0,10,,42872,1,4,,0,5,,42877,1,4,,0
583400,'1501',1732,,42899,1,4,,0,15,,42892,1,4,,0,55,,42902,1,4,,0,15,,42895,1,4,,0,10,,42898,1,4,,0,5,,42893,1,4,,0,15,,42909,1,4,,0,55,,42894,1,4,,0,10,,42896,1,4,,0,5,,42901,1,4,,0
