580301,'1',540,,38078,7,,,0,76,,38080,7,,,0,40,,38082,7,,,0,72,,38084,7,,,0,30,,38086,7,,,0,70,,38088,7,,,0,72,,38090,7,,,0,30,,38092,7,,,0,72,,38094,7,,,0,40,,38096,7,,,0,80,,38098,7,,,0,80,,38100,7,,,0,40,,38102,7,,,0,80,,38104,7,,,0,36,,38106,7,,,0,65,,38108,7,,,0,30,,38110,7,,,0,70,,38112,7,,,0,30,,38114,7,,,0,70,,38116,7,,,0,30,,38118,7,,,0,77,,38120,7,,,0,70,,38122,7,,,0,30,,38124,7,,,0,70,,38126,7,,,0,35,,38128,7,,,0,80,,38130,7,,,0,40,,38132,7,,,0,76,,38134,7,,,0,102,,38136,7,,,0,100,,38138,7,,,0,96,,38140,7,,,0
580301,'2',521,,38165,7,,,0,100,,38178,7,,,0,100,,38180,7,,,0,100,,38163,7,,,0,95,,38147,7,,,0,94,,38176,7,,,0,40,,38172,7,,,0,80,,38174,7,,,0,80,,38167,7,,,0,40,,38169,7,,,0,80,,38171,7,,,0,80,,38185,7,,,0,40,,38157,7,,,0,80,,38152,7,,,0,80,,38150,7,,,0,40,,38154,7,,,0,83,,38159,7,,,0,80,,38162,7,,,0,40,,38186,7,,,0,100,,38183,7,,,0,100,,38149,7,,,0,100,,38190,7,,,0,103,,38143,7,,,0,100,,38188,7,,,0,100,,38148,7,,,0
580301,'3',602,,38208,7,,,0,100,,38206,7,,,0,100,,38204,7,,,0,100,,38202,7,,,0,101,,38209,7,,,0,100,,38223,7,,,0,40,,38224,7,,,0,80,,38225,7,,,0,80,,38226,7,,,0,40,,38227,7,,,0,80,,38228,7,,,0,80,,38229,7,,,0,40,,38230,7,,,0,80,,38231,7,,,0,80,,38232,7,,,0,40,,38233,7,,,0,80,,38234,7,,,0,79,,38200,7,,,0,100,,38198,7,,,0,100,,38196,7,,,0,100,,38194,7,,,0,100,,38192,7,,,0
580301,'4',602,,38236,7,,,0,100,,38237,7,,,0,100,,38238,7,,,0,100,,38239,7,,,0,100,,38240,7,,,0,100,,38241,7,,,0,100,,38242,7,,,0,100,,38243,7,,,0,100,,38244,7,,,0,100,,38245,7,,,0,100,,38246,7,,,0,100,,38247,7,,,0,100,,38248,7,,,0,100,,38249,7,,,0,100,,38250,7,,,0
580301,'6',602,,38283,7,,,0,100,,38281,7,,,0,100,,38279,7,,,0,100,,38277,7,,,0,101,,38284,7,,,0,100,,38298,7,,,0,40,,38299,7,,,0,80,,38300,7,,,0,80,,38301,7,,,0,40,,38302,7,,,0,80,,38303,7,,,0,80,,38304,7,,,0,40,,38305,7,,,0,80,,38306,7,,,0,80,,38307,7,,,0,40,,38308,7,,,0,80,,38309,7,,,0,79,,38275,7,,,0,100,,38273,7,,,0,100,,38271,7,,,0,100,,38269,7,,,0,100,,38267,7,,,0
580701,'1601',812,,38961,9,0,21 22,0
580701,'1',540,,39019,34,,,0,70,,39017,34,,,0,24,,39015,34,,,0,22,,39013,34,,,0,52,,39012,34,,,0,15,,39011,34,,,0,15,,39010,34,,,0,15,,39009,34,,,0,55,,39008,34,,,0,15,,39007,34,,,0,15,,39006,34,,,0,15,,39005,34,,,0,55,,39004,34,,,0,15,,39003,34,,,0,25,,39002,34,,,0,70,,39001,34,,,0,30,,39000,34,,,0,70,,38999,34,,,0,30,,38998,34,,,0,70,,38997,34,,,0,30,,38996,34,,,0,70,,38994,34,,,0,30,,38992,34,,,0,65,,38991,34,,,0,15,,38990,34,,,0,15,,38989,34,,,0,15,,38988,34,,,0,55,,38987,34,,,0,15,,38986,34,,,0,15,,38985,34,,,0,15,,38984,34,,,0,55,,38983,34,,,0,15,,38982,34,,,0,15,,38981,34,,,0,15,,38980,34,,,0,55,,38979,34,,,0,15,,38978,34,,,0,15,,38977,34,,,0,15,,38976,34,,,0,60,,38975,34,,,0,30,,38974,34,,,0,75,,38973,34,,,0,30,,38972,34,,,0,70,,38971,34,,,0,30,,38970,34,,,0,70,,38969,34,,,0,30,,38968,34,,,0,70,,38967,34,,,0,30,,38966,34,,,0,70,,38963,34,,,0,30,,38965,34,,,0,70,,38962,34,,,0,30,,38964,34,,,0
580701,'2',528,,39063,34,,,0,30,,39024,34,,,0,70,,39025,34,,,0,30,,39026,34,,,0,65,,39038,34,,,0,30,,39027,34,,,0,70,,39039,34,,,0,30,,39028,34,,,0,70,,39040,34,,,0,30,,39029,34,,,0,70,,39041,34,,,0,30,,39030,34,,,0,70,,39042,34,,,0,30,,39043,34,,,0,70,,39044,34,,,0,30,,39045,34,,,0,70,,39046,34,,,0,30,,39047,34,,,0,70,,39048,34,,,0,30,,39031,34,,,0,70,,39049,34,,,0,30,,39032,34,,,0,70,,39050,34,,,0,30,,39033,34,,,0,70,,39051,34,,,0,30,,39052,34,,,0,70,,39053,34,,,0,30,,39034,34,,,0,70,,39054,34,,,0,30,,39055,34,,,0,70,,39056,34,,,0,30,,39057,34,,,0,70,,39058,34,,,0,31,,39059,34,,,0,70,,39060,34,,,0,30,,39035,34,,,0,70,,39036,34,,,0,30,,39061,34,,,0,70,,39037,34,,,0,85,,39062,34,,,0
580701,'3',650,,39101,34,,,0,70,,39067,34,,,0,36,,39084,34,,,0,64,,39068,34,,,0,36,,39085,34,,,0,70,,39069,34,,,0,30,,39086,34,,,0,70,,39070,34,,,0,30,,39087,34,,,0,70,,39071,34,,,0,30,,39088,34,,,0,70,,39072,34,,,0,30,,39089,34,,,0,70,,39073,34,,,0,30,,39090,34,,,0,70,,39074,34,,,0,30,,39091,34,,,0,70,,39075,34,,,0,30,,39092,34,,,0,70,,39076,34,,,0,30,,39093,34,,,0,70,,39077,34,,,0,30,,39094,34,,,0,70,,39078,34,,,0,30,,39095,34,,,0,70,,39079,34,,,0,30,,39096,34,,,0,70,,39080,34,,,0,30,,39097,34,,,0,70,,39081,34,,,0,30,,39098,34,,,0,70,,39082,34,,,0,30,,39099,34,,,0,70,,39083,34,,,0,30,,39100,34,,,0,70,,39064,34,0,7 4 8 9 10,0
580701,'4',638,,39131,34,,,0,70,,39132,34,,,0,30,,39115,34,,,0,70,,39117,34,,,0,30,,39114,34,,,0,70,,39118,34,,,0,30,,39113,34,,,0,70,,39119,34,,,0,30,,39112,34,,,0,70,,39120,34,,,0,30,,39111,34,,,0,70,,39121,34,,,0,30,,39110,34,,,0,70,,39122,34,,,0,30,,39109,34,,,0,70,,39123,34,,,0,30,,39108,34,,,0,70,,39124,34,,,0,30,,39107,34,,,0,70,,39125,34,,,0,30,,39106,34,,,0,70,,39126,34,,,0,30,,39105,34,,,0,70,,39127,34,,,0,30,,39104,34,,,0,70,,39128,34,,,0,30,,39103,34,,,0,70,,39129,34,,,0,30,,39102,34,,,0,70,,39130,34,,,0,29,,39116,34,0,7 4 8 9 10,0
580701,'6',650,,39170,34,,,0,70,,39136,34,,,0,36,,39153,34,,,0,64,,39137,34,,,0,36,,39154,34,,,0,70,,39138,34,,,0,30,,39155,34,,,0,70,,39139,34,,,0,30,,39156,34,,,0,70,,39140,34,,,0,30,,39157,34,,,0,70,,39141,34,,,0,30,,39158,34,,,0,70,,39142,34,,,0,30,,39159,34,,,0,70,,39143,34,,,0,30,,39160,34,,,0,70,,39144,34,,,0,30,,39161,34,,,0,70,,39145,34,,,0,30,,39162,34,,,0,70,,39146,34,,,0,30,,39163,34,,,0,70,,39147,34,,,0,30,,39164,34,,,0,70,,39148,34,,,0,30,,39165,34,,,0,70,,39149,34,,,0,30,,39166,34,,,0,70,,39150,34,,,0,30,,39167,34,,,0,70,,39151,34,,,0,30,,39168,34,,,0,70,,39152,34,,,0,30,,39169,34,,,0,70,,39133,34,0,7 4 8 9 10,0
