578200,'1',448,,30152,5,,,0,55,,30182,5,,,0,20,,30189,5,,,0,20,,30188,5,,,0,60,,30187,5,,,0,20,,30186,5,,,0,20,,30185,5,,,0,60,,30184,5,,,0,20,,30183,5,,,0,20,,30190,5,,,0,60,,30153,5,,,0,20,,30154,5,,,0,20,,30155,5,,,0,60,,30156,5,,,0,20,,30157,5,,,0,20,,30158,5,,,0,60,,30159,5,,,0,20,,30162,5,,,0,20,,30163,5,,,0,60,,30164,5,,,0,20,,30165,5,,,0,20,,30166,5,,,0,60,,30167,5,,,0,20,,30160,5,,,0,20,,30161,5,,,0,60,,30136,5,,,0,20,,30168,5,,,0,21,,30169,5,,,0,60,,30170,5,,,0,20,,30171,5,,,0,20,,30172,5,,,0,60,,30173,5,,,0,20,,30174,5,,,0,20,,30175,5,,,0,60,,30176,5,,,0,20,,30177,5,,,0,20,,30178,5,,,0,60,,30179,5,,,0,20,,30180,5,,,0,20,,30181,5,,,0,63,,30151,5,,,0,30,,30150,5,,,0,74,,30149,5,,,0,30,,30148,5,,,0,70,,30147,5,,,0,30,,30146,5,,,0,70,,30145,5,,,0,30,,30137,5,,,0,69,,30138,5,,,0,30,,30139,5,,,0,70,,30140,5,,,0,30,,30141,5,,,0,70,,30142,5,,,0,32,,30143,5,,,0,80,,30144,5,,,0
578200,'2',502,,30191,5,,,0,30,,30192,5,,,0,70,,30193,5,,,0,30,,30194,5,,,0,70,,30195,5,,,0,30,,30196,5,,,0,70,,30197,5,,,0,20,,30239,5,,,0,20,,30198,5,,,0,60,,30199,5,,,0,20,,30200,5,,,0,20,,30201,5,,,0,60,,30202,5,,,0,20,,30203,5,,,0,20,,30204,5,,,0,60,,30205,5,,,0,20,,30206,5,,,0,20,,30207,5,,,0,60,,30208,5,,,0,20,,30209,5,,,0,20,,30210,5,,,0,60,,30211,5,,,0,20,,30212,5,,,0,20,,30213,5,,,0,60,,30214,5,,,0,20,,30215,5,,,0,20,,30216,5,,,0,60,,30217,5,,,0,20,,30218,5,,,0,20,,30219,5,,,0,60,,30220,5,,,0,20,,30221,5,,,0,20,,30222,5,,,0,60,,30223,5,,,0,30,,30224,5,,,0,71,,30225,5,,,0,30,,30226,5,,,0,70,,30227,5,,,0,30,,30228,5,,,0,70,,30229,5,,,0,30,,30230,5,,,0,70,,30231,5,,,0,30,,30232,5,,,0,69,,30233,5,,,0,30,,30234,5,,,0,70,,30235,5,,,0,30,,30236,5,,,0,70,,30237,5,,,0,30,,30240,5,,,0,90,,30238,5,,,0
578200,'3',602,,30276,5,,,0,100,,30275,5,,,0,30,,30274,5,,,0,70,,30273,5,,,0,30,,30272,5,,,0,71,,30271,5,,,0,30,,30270,5,,,0,70,,30269,5,,,0,30,,30268,5,,,0,70,,30267,5,,,0,30,,30266,5,,,0,70,,30265,5,,,0,30,,30264,5,,,0,70,,30263,5,,,0,30,,30262,5,,,0,70,,30261,5,,,0,30,,30260,5,,,0,70,,30259,5,,,0,30,,30258,5,,,0,70,,30257,5,,,0,30,,30256,5,,,0,70,,30255,5,,,0,30,,30254,5,,,0,70,,30253,5,,,0,30,,30252,5,,,0,70,,30251,5,,,0,30,,30250,5,,,0,69,,30249,5,,,0,30,,30248,5,,,0,70,,30247,5,,,0,30,,30246,5,,,0,70,,30245,5,,,0,30,,30244,5,,,0,70,,30243,5,,,0,30,,30242,5,,,0,70,,30241,5,,,0
578200,'4',531,,30277,5,,,0,80,,30278,5,,,0,40,,30279,5,,,0,80,,30280,5,,,0,80,,30281,5,,,0,40,,30282,5,,,0,80,,30283,5,,,0,80,,30284,5,,,0,40,,30285,5,,,0,80,,30286,5,,,0,80,,30287,5,,,0,40,,30288,5,,,0,80,,30289,5,,,0,80,,30290,5,,,0,90,,30291,5,,,0,100,,30292,5,,,0,100,,30293,5,,,0,100,,30294,5,,,0,100,,30295,5,,,0,100,,30296,5,,,0,100,,30297,5,,,0
578200,'6',602,,30333,5,,,0,100,,30332,5,,,0,30,,30331,5,,,0,70,,30330,5,,,0,30,,30329,5,,,0,71,,30328,5,,,0,30,,30327,5,,,0,70,,30326,5,,,0,30,,30325,5,,,0,70,,30324,5,,,0,30,,30323,5,,,0,70,,30322,5,,,0,30,,30321,5,,,0,70,,30320,5,,,0,30,,30319,5,,,0,70,,30318,5,,,0,30,,30317,5,,,0,70,,30316,5,,,0,30,,30315,5,,,0,70,,30314,5,,,0,30,,30313,5,,,0,70,,30312,5,,,0,30,,30311,5,,,0,70,,30310,5,,,0,30,,30309,5,,,0,70,,30308,5,,,0,30,,30307,5,,,0,69,,30306,5,,,0,30,,30305,5,,,0,70,,30304,5,,,0,30,,30303,5,,,0,70,,30302,5,,,0,30,,30301,5,,,0,70,,30300,5,,,0,30,,30299,5,,,0,70,,30298,5,,,0
578500,'1',503,,31802,5,,,0,30,,31803,5,,,0,70,,31804,5,,,0,30,,31805,5,,,0,70,,31806,5,,,0,25,,31807,5,,,0,20,,31808,5,,,0,60,,31809,5,,,0,20,,31810,5,,,0,20,,31811,5,,,0,60,,31812,5,,,0,20,,31813,5,,,0,20,,31814,5,,,0,60,,31843,5,,,0,20,,31815,5,,,0,20,,31816,5,,,0,70,,31817,5,,,0,30,,31818,5,,,0,70,,31819,5,,,0,30,,31820,5,,,0,70,,31821,5,,,0,30,,31822,5,,,0,71,,31823,5,,,0,15,,31824,5,,,0,15,,31825,5,,,0,60,,31826,5,,,0,20,,31827,5,,,0,20,,31828,5,,,0,60,,31829,5,,,0,20,,31830,5,,,0,20,,31831,5,,,0,60,,31832,5,,,0,20,,31833,5,,,0,20,,31834,5,,,0,70,,31835,5,,,0,30,,31836,5,,,0,104,,31837,5,,,0,100,,31838,5,,,0,100,,31839,5,,,0,105,,31840,5,,,0,145,,31841,5,,,0,100,,31842,5,,,0
578500,'2',518,,31878,5,,,0,30,,31860,5,,,0,70,,31870,5,,,0,30,,31859,5,,,0,70,,31871,5,,,0,30,,31858,5,,,0,75,,31872,5,,,0,30,,31857,5,,,0,70,,31856,5,,,0,30,,31855,5,,,0,70,,31854,5,,,0,30,,31853,5,,,0,70,,31852,5,,,0,30,,31851,5,,,0,70,,31850,5,,,0,30,,31849,5,,,0,70,,31848,5,,,0,30,,31847,5,,,0,70,,31846,5,,,0,30,,31845,5,,,0,70,,31844,5,,,0,30,,31869,5,,,0,70,,31868,5,,,0,30,,31867,5,,,0,70,,31866,5,,,0,30,,31865,5,,,0,70,,31876,5,,,0,35,,31864,5,,,0,100,,31863,5,,,0,100,,31862,5,,,0,100,,31861,5,,,0,100,,31873,5,,,0,100,,31874,5,,,0,100,,31875,5,,,0,100,,31877,5,,,0
578500,'3',607,,31909,5,,,0,20,,31907,5,,,0,30,,31885,5,,,0,70,,31902,5,,,0,30,,31886,5,,,0,70,,31903,5,,,0,30,,31887,5,,,0,70,,31904,5,,,0,30,,31888,5,,,0,71,,31889,5,,,0,30,,31890,5,,,0,70,,31891,5,,,0,30,,31892,5,,,0,70,,31893,5,,,0,30,,31894,5,,,0,70,,31895,5,,,0,30,,31896,5,,,0,70,,31897,5,,,0,30,,31898,5,,,0,70,,31899,5,,,0,30,,31900,5,,,0,70,,31901,5,,,0,30,,31879,5,,,0,70,,31908,5,,,0,30,,31880,5,,,0,100,,31881,5,,,0,100,,31882,5,,,0,100,,31883,5,,,0,100,,31884,5,,,0,99,,31906,5,,,0,100,,31905,5,,,0
578500,'4',642,,31910,5,,,0,100,,31911,5,,,0,100,,31912,5,,,0,101,,31913,5,,,0,100,,31914,5,,,0,100,,31915,5,,,0,100,,31916,5,,,0,100,,31917,5,,,0,100,,31918,5,,,0,100,,31919,5,,,0,100,,31920,5,,,0,100,,31921,5,,,0,100,,31922,5,,,0,100,,31923,5,,,0,100,,31924,5,,,0
578500,'6',607,,31955,5,,,0,20,,31953,5,,,0,30,,31931,5,,,0,70,,31948,5,,,0,30,,31932,5,,,0,70,,31949,5,,,0,30,,31933,5,,,0,70,,31950,5,,,0,30,,31934,5,,,0,71,,31935,5,,,0,30,,31936,5,,,0,70,,31937,5,,,0,30,,31938,5,,,0,70,,31939,5,,,0,30,,31940,5,,,0,70,,31941,5,,,0,30,,31942,5,,,0,70,,31943,5,,,0,30,,31944,5,,,0,70,,31945,5,,,0,30,,31946,5,,,0,70,,31947,5,,,0,30,,31925,5,,,0,70,,31954,5,,,0,30,,31926,5,,,0,100,,31927,5,,,0,100,,31928,5,,,0,100,,31929,5,,,0,100,,31930,5,,,0,99,,31952,5,,,0,100,,31951,5,,,0
578600,'1',512,,32106,5,,,0,30,,32107,5,,,0,70,,32108,5,,,0,30,,32109,5,,,0,70,,32110,5,,,0,30,,32111,5,,,0,65,,32112,5,,,0,20,,32113,5,,,0,20,,32114,5,,,0,60,,32115,5,,,0,20,,32116,5,,,0,20,,32117,5,,,0,65,,32118,5,,,0,25,,32119,5,,,0,70,,32120,5,,,0,30,,32121,5,,,0,70,,32122,5,,,0,30,,32123,5,,,0,70,,32124,5,,,0,30,,32125,5,,,0,70,,32126,5,,,0,30,,32127,5,,,0,20,,32128,5,,,0,60,,32129,5,,,0,20,,32130,5,,,0,20,,32131,5,,,0,60,,32132,5,,,0,20,,32133,5,,,0,20,,32134,5,,,0,60,,32135,5,,,0,20,,32136,5,,,0,20,,32137,5,,,0,70,,32138,5,,,0,75,,32139,5,,,0,30,,32145,5,,,0,100,,32140,5,,,0,100,,32141,5,,,0,100,,32142,5,,,0,105,,32143,5,,,0,100,,32144,5,,,0,100,,32146,5,,,0
578600,'2',502,,32181,5,,,0,30,,32174,5,,,0,70,,32175,5,,,0,30,,32173,5,,,0,70,,32176,5,,,0,30,,32172,5,,,0,70,,32147,5,,,0,30,,32171,5,,,0,70,,32170,5,,,0,30,,32169,5,,,0,70,,32168,5,,,0,30,,32167,5,,,0,70,,32166,5,,,0,30,,32165,5,,,0,70,,32164,5,,,0,30,,32163,5,,,0,70,,32162,5,,,0,30,,32161,5,,,0,70,,32160,5,,,0,30,,32159,5,,,0,70,,32158,5,,,0,30,,32157,5,,,0,70,,32156,5,,,0,30,,32155,5,,,0,70,,32154,5,,,0,30,,32153,5,,,0,70,,32152,5,,,0,30,,32151,5,,,0,105,,32150,5,,,0,100,,32149,5,,,0,100,,32148,5,,,0,100,,32177,5,,,0,100,,32178,5,,,0,100,,32179,5,,,0,100,,32180,5,,,0
578600,'3',602,,32210,5,,,0,30,,32211,5,,,0,70,,32209,5,,,0,30,,32203,5,,,0,70,,32205,5,,,0,30,,32202,5,,,0,70,,32206,5,,,0,30,,32201,5,,,0,70,,32200,5,,,0,30,,32199,5,,,0,70,,32198,5,,,0,30,,32197,5,,,0,70,,32196,5,,,0,30,,32195,5,,,0,70,,32194,5,,,0,30,,32193,5,,,0,70,,32192,5,,,0,30,,32191,5,,,0,70,,32190,5,,,0,30,,32189,5,,,0,70,,32188,5,,,0,30,,32187,5,,,0,70,,32186,5,,,0,30,,32185,5,,,0,70,,32212,5,,,0,30,,32184,5,,,0,100,,32183,5,,,0,100,,32182,5,,,0,100,,32204,5,,,0,100,,32207,5,,,0,100,,32208,5,,,0
578600,'4',721,,32213,5,,,0,100,,32214,5,,,0,100,,32215,5,,,0,100,,32216,5,,,0,100,,32217,5,,,0,100,,32218,5,,,0,100,,32219,5,,,0,100,,32220,5,,,0,100,,32221,5,,,0,100,,32222,5,,,0,100,,32223,5,,,0,100,,32224,5,,,0,100,,32225,5,,,0,100,,32226,5,,,0
578600,'6',602,,32255,5,,,0,30,,32256,5,,,0,70,,32254,5,,,0,30,,32248,5,,,0,70,,32250,5,,,0,30,,32247,5,,,0,70,,32251,5,,,0,30,,32246,5,,,0,70,,32245,5,,,0,30,,32244,5,,,0,70,,32243,5,,,0,30,,32242,5,,,0,70,,32241,5,,,0,30,,32240,5,,,0,70,,32239,5,,,0,30,,32238,5,,,0,70,,32237,5,,,0,30,,32236,5,,,0,70,,32235,5,,,0,30,,32234,5,,,0,70,,32233,5,,,0,30,,32232,5,,,0,70,,32231,5,,,0,30,,32230,5,,,0,70,,32257,5,,,0,30,,32229,5,,,0,100,,32228,5,,,0,100,,32227,5,,,0,100,,32249,5,,,0,100,,32252,5,,,0,100,,32253,5,,,0
578700,'703',1007,,32410,5,,,0,100,,32411,5,,,0,100,,32412,5,,,0,100,,32413,5,,,0,100,,32414,5,,,0,100,,32415,5,,,0,100,,32416,5,,,0
580200,'1601',726,,37504,5,0,5 6,0,8,,37505,5,0,5 6,0
580200,'1',513,,37506,5,0,8 35 6,0,30,,37507,5,0,5 6,0,70,,37508,5,0,8 35 6,0,30,,37509,5,0,5 6,0,65,,37510,5,0,5 6,0,15,,37511,5,0,8 35 6,0,15,,37512,5,0,5 6,0,15,,37513,5,0,8 35 6,0,55,,37514,5,0,5 6,0,15,,37515,5,0,8 35 6,0,15,,37516,5,0,5 6,0,15,,37517,5,0,8 35 6,0,55,,37518,5,0,5 6,0,15,,37519,5,0,8 35 6,0,30,,37520,5,0,5 6,0,70,,37521,5,0,8 35 6,0,30,,37522,5,0,5 6,0,70,,37523,5,0,8 35 6,0,30,,37524,5,0,5 6,0,70,,37525,5,0,8 35 6,0,30,,37526,5,0,5 6,0,70,,37527,5,0,8 35 6,0,30,,37528,5,0,5 6,0,70,,37529,5,0,8 35 6,0,20,,37530,5,0,5 6,0,15,,37531,5,0,8 35 6,0,55,,37532,5,0,5 6,0,15,,37533,5,0,8 35 6,0,15,,37534,5,0,5 6,0,15,,37535,5,0,8 35 6,0,55,,37536,5,0,5 6,0,15,,37537,5,0,8 35 6,0,15,,37538,5,0,5 6,0,15,,37539,5,0,8 35 6,0,55,,37540,5,0,5 6,0,15,,37541,5,0,8 35 6,0,15,,37542,5,0,5 6,0,16,,37543,5,0,8 35 6,0,58,,37544,5,0,5 6,0,30,,37545,5,0,8 35 6,0,70,,37546,5,0,5 6,0,30,,37547,5,0,8 35 6,0,70,,37548,5,0,5 6,0,30,,37549,5,0,8 35 6,0,70,,37550,5,0,5 6,0,100,,37551,5,0,8 35 6,0,100,,37552,5,0,5 3 8 35 36,0,115,,37553,5,0,5 3 8 35 36,0
580200,'2',651,,37577,5,0,5 6,0,66,,37576,5,0,8 35 6,0,30,,37559,5,0,5 6,0,70,,37558,5,0,8 35 6,0,30,,37585,5,0,5 6,0,70,,37570,5,0,8 35 6,0,30,,37574,5,0,5 6,0,70,,37573,5,0,8 35 6,0,30,,37572,5,0,5 6,0,70,,37571,5,0,8 35 6,0,30,,37557,5,0,5 6,0,70,,37569,5,0,8 35 6,0,30,,37561,5,0,5 6,0,71,,37560,5,0,8 35 6,0,30,,37568,5,0,5 6,0,70,,37567,5,0,8 35 6,0,30,,37566,5,0,5 6,0,70,,37565,5,0,8 35 6,0,30,,37575,5,0,5 6,0,70,,37586,5,0,8 35 6,0,30,,37584,5,0,5 6,0,70,,37556,5,0,8 35 6,0,30,,37555,5,0,5 6,0,75,,37554,5,0,8 35 6,0,30,,37588,5,0,5 6,0,70,,37587,5,0,8 35 6,0,30,,37582,5,0,5 6,0,69,,37581,5,0,8 35 6,0,30,,37580,5,0,5 6,0,70,,37583,5,0,8 35 6,0,30,,37564,5,0,5 6,0,70,,37563,5,0,8 35 6,0,30,,37562,5,0,5 6,0,70,,37579,5,0,8 35 6,0,80,,37578,5,0,5 3 8 35 36,0
580200,'3',702,,37600,5,0,5 6,0,30,,37596,5,0,8 35 6,0,70,,37601,5,0,5 6,0,30,,37595,5,0,8 35 6,0,70,,37602,5,0,5 6,0,30,,37599,5,0,8 35 6,0,70,,37603,5,0,5 6,0,30,,37593,5,0,8 35 6,0,70,,37604,5,0,5 6,0,30,,37592,5,0,8 35 6,0,70,,37605,5,0,5 6,0,30,,37591,5,0,8 35 6,0,70,,37606,5,0,5 6,0,30,,37594,5,0,8 35 6,0,70,,37607,5,0,5 6,0,30,,37598,5,0,8 35 6,0,70,,37608,5,0,5 6,0,30,,37597,5,0,8 35 6,0,70,,37609,5,0,5 6,0,30,,37590,5,0,8 35 6,0,70,,37610,5,0,5 6,0,30,,37589,5,0,8 35 6,0,70,,37611,5,0,5 6,0,30,,37612,5,0,8 35 6,0,70,,37617,5,0,5 6,0,30,,37613,5,0,8 35 6,0,70,,37618,5,0,5 6,0,30,,37614,5,0,8 35 6,0,70,,37619,5,0,5 6,0,30,,37615,5,0,8 35 6,0,70,,37620,5,0,5 6,0,30,,37616,5,0,8 35 6,0,70,,37621,5,0,5 6,0,30,,37622,5,0,8 35 6,0,70,,37623,5,0,5 6,0
580200,'4',602,,37624,5,0,8 35 6,0,100,,37625,5,0,5 6,0,100,,37626,5,0,8 35 6,0,100,,37627,5,0,5 6,0,100,,37628,5,0,8 35 6,0,100,,37629,5,0,5 6,0,100,,37630,5,0,8 35 6,0,100,,37631,5,0,5 6,0,100,,37632,5,0,8 35 6,0,100,,37633,5,0,5 6,0,100,,37634,5,0,8 35 6,0,100,,37635,5,0,5 6,0,100,,37636,5,0,8 35 6,0,100,,37637,5,0,5 6,0,100,,37638,5,0,8 35 6,0,100,,37639,5,0,5 6,0
580200,'6',702,,37651,5,0,5 6,0,30,,37647,5,0,8 35 6,0,70,,37652,5,0,5 6,0,30,,37646,5,0,8 35 6,0,70,,37653,5,0,5 6,0,30,,37650,5,0,8 35 6,0,70,,37654,5,0,5 6,0,30,,37644,5,0,8 35 6,0,70,,37655,5,0,5 6,0,30,,37643,5,0,8 35 6,0,70,,37656,5,0,5 6,0,30,,37642,5,0,8 35 6,0,70,,37657,5,0,5 6,0,30,,37645,5,0,8 35 6,0,70,,37658,5,0,5 6,0,30,,37649,5,0,8 35 6,0,70,,37659,5,0,5 6,0,30,,37648,5,0,8 35 6,0,70,,37660,5,0,5 6,0,30,,37641,5,0,8 35 6,0,70,,37661,5,0,5 6,0,30,,37640,5,0,8 35 6,0,70,,37662,5,0,5 6,0,30,,37663,5,0,8 35 6,0,70,,37668,5,0,5 6,0,30,,37664,5,0,8 35 6,0,70,,37669,5,0,5 6,0,30,,37665,5,0,8 35 6,0,70,,37670,5,0,5 6,0,30,,37666,5,0,8 35 6,0,70,,37671,5,0,5 6,0,30,,37667,5,0,8 35 6,0,70,,37672,5,0,5 6,0,30,,37673,5,0,8 35 6,0,70,,37674,5,0,5 6,0
