579500,'1601',1445,,34541,2,0,47 48 2 8 49 4 7,0
579500,'1',517,,34542,24,,,0,20,,34543,24,,,0,21,,34544,24,,,0,60,,34545,24,,,0,20,,34546,24,,,0,20,,34547,24,,,0,55,,34548,24,,,0,15,,34549,24,,,0,15,,34550,24,,,0,15,,34551,24,,,0,55,,34552,24,,,0,15,,34553,24,,,0,15,,34554,24,,,0,15,,34555,24,,,0,55,,34556,24,,,0,15,,34557,24,,,0,15,,34558,24,,,0,60,,34559,24,,,0,23,,34560,24,,,0,17,,34561,24,,,0,60,,34562,24,,,0,20,,34563,24,,,0,20,,34564,24,,,0,60,,34565,24,,,0,20,,34566,24,,,0,20,,34567,24,,,0,60,,34568,24,,,0,20,,34569,24,,,0,20,,34570,24,,,0,64,,34571,24,,,0,20,,34572,24,,,0,20,,34573,24,,,0,60,,34574,24,,,0,15,,34575,24,,,0,15,,34576,24,,,0,15,,34577,24,,,0,55,,34578,24,,,0,15,,34579,24,,,0,15,,34580,24,,,0,15,,34581,24,,,0,55,,34582,24,,,0,15,,34583,24,,,0,15,,34584,24,,,0,15,,34585,24,,,0,55,,34586,24,,,0,15,,34587,24,,,0,26,,34588,24,,,0,70,,34589,24,,,0,30,,34590,24,,,0,70,,34591,24,,,0,30,,34592,24,,,0,70,,34593,24,,,0,30,,34594,24,,,0,69,,34595,24,,,0,30,,34596,24,,,0,70,,34597,24,,,0,30,,34598,24,,,0,70,,34599,24,,,0,30,,34600,24,,,0,90,,34601,24,,,0
579500,'2',608,,34622,24,,,0,30,,34631,24,,,0,70,,34633,24,,,0,30,,34637,24,,,0,70,,34614,24,,,0,30,,34638,24,,,0,70,,34613,24,,,0,31,,34628,24,,,0,70,,34626,24,,,0,30,,34629,24,,,0,70,,34603,24,,,0,30,,34640,24,,,0,70,,34609,24,,,0,30,,34623,24,,,0,70,,34632,24,,,0,30,,34607,24,,,0,70,,34604,24,,,0,30,,34606,24,,,0,70,,34602,24,,,0,30,,34608,24,,,0,70,,34615,24,,,0,30,,34605,24,,,0,70,,34612,24,,,0,30,,34610,24,,,0,70,,34611,24,,,0,30,,34616,24,,,0,70,,34636,24,,,0,28,,34627,24,,,0,70,,34617,24,,,0,30,,34619,24,,,0,70,,34634,24,,,0,30,,34630,24,,,0,70,,34618,24,,,0,30,,34620,24,,,0,70,,34621,24,,,0,30,,34635,24,,,0,70,,34639,24,,,0,40,,34625,24,,,0,90,,34624,24,,,0
579500,'3',617,,34653,24,,,0,30,,34645,24,,,0,70,,34652,24,,,0,30,,34644,24,,,0,70,,34654,24,,,0,30,,34643,24,,,0,72,,34646,24,,,0,30,,34647,24,,,0,70,,34648,24,,,0,30,,34649,24,,,0,70,,34650,24,,,0,30,,34655,24,,,0,70,,34657,24,,,0,30,,34669,24,,,0,70,,34656,24,,,0,30,,34658,24,,,0,70,,34661,24,,,0,30,,34660,24,,,0,70,,34659,24,,,0,30,,34662,24,,,0,70,,34663,24,,,0,30,,34664,24,,,0,70,,34666,24,,,0,30,,34668,24,,,0,70,,34667,24,,,0,30,,34665,24,,,0,68,,34642,24,,,0,30,,34651,24,,,0,70,,34641,24,,,0,30,,34670,24,,,0,70,,34671,24,,,0,30,,34672,24,,,0,70,,34673,24,,,0,30,,34674,24,,,0,70,,34675,24,,,0,30,,34676,24,,,0,70,,34677,24,,,0
579500,'4',646,,34703,24,,,0,70,,34700,24,,,0,30,,34699,24,,,0,70,,34698,24,,,0,30,,34697,24,,,0,71,,34696,24,,,0,30,,34695,24,,,0,70,,34694,24,,,0,30,,34693,24,,,0,70,,34692,24,,,0,30,,34691,24,,,0,70,,34690,24,,,0,30,,34689,24,,,0,70,,34688,24,,,0,30,,34687,24,,,0,70,,34686,24,,,0,30,,34685,24,,,0,70,,34684,24,,,0,85,,34680,24,,,0,45,,34679,24,,,0,85,,34701,24,,,0,84,,34678,24,,,0,85,,34683,24,,,0,45,,34682,24,,,0,85,,34702,24,,,0,85,,34681,24,,,0
579500,'6',617,,34716,24,,,0,30,,34708,24,,,0,70,,34715,24,,,0,30,,34707,24,,,0,70,,34717,24,,,0,30,,34706,24,,,0,72,,34709,24,,,0,30,,34710,24,,,0,70,,34711,24,,,0,30,,34712,24,,,0,70,,34713,24,,,0,30,,34718,24,,,0,70,,34720,24,,,0,30,,34732,24,,,0,70,,34719,24,,,0,30,,34721,24,,,0,70,,34724,24,,,0,30,,34723,24,,,0,70,,34722,24,,,0,30,,34725,24,,,0,70,,34726,24,,,0,30,,34727,24,,,0,70,,34729,24,,,0,30,,34731,24,,,0,70,,34730,24,,,0,30,,34728,24,,,0,68,,34705,24,,,0,30,,34714,24,,,0,70,,34704,24,,,0,30,,34733,24,,,0,70,,34734,24,,,0,30,,34735,24,,,0,70,,34736,24,,,0,30,,34737,24,,,0,70,,34738,24,,,0,30,,34739,24,,,0,70,,34740,24,,,0
583000,'1',604,,41714,30,,,0,20,,41713,30,,,0,15,,41710,30,,,0,20,,41709,30,,,0,60,,41707,30,,,0,15,,41702,30,,,0,15,,41706,30,,,0,55,,41701,30,,,0,15,,41705,30,,,0,15,,41700,30,,,0,15,,41704,30,,,0,55,,41699,30,,,0,15,,41703,30,,,0,15,,41682,30,,,0,15,,41708,30,,,0,55,,41749,30,,,0,15,,41748,30,,,0,20,,41747,30,,,0,20,,41746,30,,,0,60,,41716,30,,,0,20,,41717,30,,,0,20,,41718,30,,,0,60,,41719,30,,,0,20,,41720,30,,,0,20,,41721,30,,,0,60,,41722,30,,,0,20,,41723,30,,,0,20,,41724,30,,,0,60,,41698,30,,,0,15,,41690,30,,,0,15,,41697,30,,,0,55,,41689,30,,,0,15,,41696,30,,,0,15,,41688,30,,,0,15,,41695,30,,,0,55,,41687,30,,,0,15,,41694,30,,,0,15,,41686,30,,,0,15,,41693,30,,,0,55,,41685,30,,,0,15,,41692,30,,,0,15,,41684,30,,,0,15,,41691,30,,,0,55,,41683,30,,,0,15,,41712,30,,,0,15,,41681,30,,,0,20,,41725,30,,,0,60,,41726,30,,,0,20,,41727,30,,,0,20,,41745,30,,,0,60,,41744,30,,,0,20,,41743,30,,,0,20,,41742,30,,,0,60,,41741,30,,,0,20,,41740,30,,,0,20,,41739,30,,,0,60,,41738,30,,,0,23,,41737,30,,,0,20,,41736,30,,,0,60,,41735,30,,,0,20,,41734,30,,,0,20,,41733,30,,,0,60,,41732,30,,,0,20,,41731,30,,,0,20,,41730,30,,,0,60,,41729,30,,,0,20,,41728,30,,,0
583000,'2',626,,41807,30,,,0,75,,41806,30,,,0,35,,41805,30,,,0,74,,41804,30,,,0,35,,41754,30,,,0,70,,41803,30,,,0,30,,41802,30,,,0,60,,41801,30,,,0,20,,41800,30,,,0,20,,41799,30,,,0,60,,41798,30,,,0,20,,41797,30,,,0,20,,41796,30,,,0,60,,41795,30,,,0,20,,41794,30,,,0,20,,41793,30,,,0,60,,41792,30,,,0,20,,41791,30,,,0,20,,41790,30,,,0,60,,41789,30,,,0,20,,41788,30,,,0,20,,41787,30,,,0,60,,41786,30,,,0,20,,41785,30,,,0,20,,41784,30,,,0,60,,41783,30,,,0,20,,41782,30,,,0,20,,41781,30,,,0,60,,41780,30,,,0,20,,41779,30,,,0,20,,41778,30,,,0,60,,41777,30,,,0,20,,41776,30,,,0,20,,41775,30,,,0,55,,41774,30,,,0,21,,41773,30,,,0,20,,41772,30,,,0,60,,41771,30,,,0,20,,41770,30,,,0,20,,41769,30,,,0,60,,41768,30,,,0,20,,41767,30,,,0,20,,41766,30,,,0,60,,41765,30,,,0,27,,41764,30,,,0,20,,41763,30,,,0,60,,41762,30,,,0,20,,41761,30,,,0,20,,41760,30,,,0,60,,41759,30,,,0,20,,41758,30,,,0,20,,41757,30,,,0,68,,41756,30,,,0
583000,'3',642,,41851,30,,,0,80,,41841,30,,,0,80,,41848,30,,,0,40,,41849,30,,,0,80,,41822,30,,,0,80,,41824,30,,,0,25,,41823,30,,,0,20,,41846,30,,,0,60,,41821,30,,,0,20,,41847,30,,,0,20,,41836,30,,,0,60,,41834,30,,,0,20,,41835,30,,,0,20,,41817,30,,,0,60,,41832,30,,,0,20,,41837,30,,,0,20,,41838,30,,,0,60,,41839,30,,,0,20,,41840,30,,,0,20,,41820,30,,,0,60,,41844,30,,,0,20,,41842,30,,,0,20,,41816,30,,,0,60,,41854,30,,,0,20,,41859,30,,,0,20,,41852,30,,,0,60,,41853,30,,,0,20,,41843,30,,,0,20,,41818,30,,,0,60,,41856,30,,,0,15,,41826,30,,,0,21,,41830,30,,,0,60,,41825,30,,,0,20,,41819,30,,,0,20,,41855,30,,,0,60,,41857,30,,,0,20,,41828,30,,,0,20,,41831,30,,,0,60,,41833,30,,,0,20,,41829,30,,,0,21,,41827,30,,,0,63,,41858,30,,,0,25,,41815,30,,,0,70,,41813,30,,,0,30,,41814,30,,,0,80,,41812,30,,,0
583000,'4',703,,41875,30,,,0,28,,41888,30,,,0,70,,41874,30,,,0,30,,41887,30,,,0,70,,41873,30,,,0,30,,41886,30,,,0,70,,41872,30,,,0,30,,41885,30,,,0,70,,41871,30,,,0,30,,41884,30,,,0,70,,41870,30,,,0,30,,41883,30,,,0,70,,41869,30,,,0,30,,41868,30,,,0,70,,41867,30,,,0,30,,41866,30,,,0,70,,41882,30,,,0,30,,41865,30,,,0,70,,41881,30,,,0,30,,41864,30,,,0,70,,41880,30,,,0,30,,41863,30,,,0,70,,41879,30,,,0,30,,41862,30,,,0,70,,41878,30,,,0,30,,41861,30,,,0,70,,41877,30,,,0,30,,41860,30,,,0,70,,41876,30,,,0
583000,'6',626,,41943,30,,,0,75,,41942,30,,,0,35,,41941,30,,,0,74,,41940,30,,,0,35,,41890,30,,,0,70,,41939,30,,,0,30,,41938,30,,,0,60,,41937,30,,,0,20,,41936,30,,,0,20,,41935,30,,,0,60,,41934,30,,,0,20,,41933,30,,,0,20,,41932,30,,,0,60,,41931,30,,,0,20,,41930,30,,,0,20,,41929,30,,,0,60,,41928,30,,,0,20,,41927,30,,,0,20,,41926,30,,,0,60,,41925,30,,,0,20,,41924,30,,,0,20,,41923,30,,,0,60,,41922,30,,,0,20,,41921,30,,,0,20,,41920,30,,,0,60,,41919,30,,,0,20,,41918,30,,,0,20,,41917,30,,,0,60,,41916,30,,,0,20,,41915,30,,,0,20,,41914,30,,,0,60,,41913,30,,,0,20,,41912,30,,,0,20,,41911,30,,,0,55,,41910,30,,,0,21,,41909,30,,,0,20,,41908,30,,,0,60,,41907,30,,,0,20,,41906,30,,,0,20,,41905,30,,,0,60,,41904,30,,,0,20,,41903,30,,,0,20,,41902,30,,,0,60,,41901,30,,,0,27,,41900,30,,,0,20,,41899,30,,,0,60,,41898,30,,,0,20,,41897,30,,,0,20,,41896,30,,,0,60,,41895,30,,,0,20,,41894,30,,,0,20,,41893,30,,,0,68,,41892,30,,,0
