580600,'1',435,,38395,1,,,0,87,,38394,22,,,0,32,,38393,22,,,0,70,,38392,22,,,0,30,,38391,22,,,0,65,,38390,22,,,0,20,,38389,22,,,0,15,,38388,22,,,0,55,,38387,22,,,0,15,,38386,22,,,0,15,,38385,22,,,0,15,,38384,22,,,0,55,,38383,22,,,0,15,,38382,22,,,0,15,,38381,22,,,0,64,,38380,22,,,0,30,,38379,22,,,0,70,,38378,22,,,0,30,,38377,22,,,0,70,,38376,22,,,0,30,,38375,22,,,0,70,,38374,22,,,0,30,,38373,22,,,0,69,,38372,22,,,0,25,,38371,22,,,0,25,,38370,22,,,0,55,,38369,22,,,0,15,,38368,22,,,0,15,,38367,22,,,0,15,,38366,22,,,0,55,,38365,22,,,0,15,,38364,22,,,0,15,,38363,22,,,0,15,,38362,22,,,0,55,,38361,22,,,0,15,,38360,22,,,0,15,,38359,22,,,0,15,,38358,22,,,0,55,,38357,22,,,0,15,,38356,22,,,0,10,,38355,22,,,0,73,,38354,22,,,0,30,,38353,22,,,0,70,,38352,22,,,0,30,,38351,22,,,0,70,,38350,22,,,0,30,,38349,22,,,0,70,,38348,22,,,0,30,,38347,22,,,0,70,,38345,22,,,0,30,,38344,22,,,0,70,,38346,22,,,0,30,,38343,22,,,0,70,,38342,22,,,0
580600,'2',526,,38397,22,,,0,30,,38434,22,,,0,70,,38417,22,,,0,30,,38418,22,,,0,70,,38416,22,,,0,30,,38419,22,,,0,70,,38403,22,,,0,30,,38420,22,,,0,70,,38414,22,,,0,30,,38421,22,,,0,70,,38406,22,,,0,30,,38422,22,,,0,70,,38407,22,,,0,30,,38423,22,,,0,70,,38408,22,,,0,30,,38424,22,,,0,70,,38409,22,,,0,30,,38425,22,,,0,70,,38410,22,,,0,30,,38426,22,,,0,70,,38411,22,,,0,30,,38427,22,,,0,70,,38412,22,,,0,30,,38428,22,,,0,70,,38413,22,,,0,30,,38429,22,,,0,70,,38415,22,,,0,30,,38405,22,,,0,70,,38404,22,,,0,30,,38402,22,,,0,70,,38401,22,,,0,30,,38400,22,,,0,70,,38399,22,,,0,30,,38430,22,,,0,70,,38431,22,,,0,30,,38432,22,,,0,70,,38433,22,,,0,30,,38398,22,,,0,65,,38435,22,,,0,30,,38436,22,,,0
580600,'3',626,,38457,22,,,0,30,,38458,22,,,0,70,,38456,22,,,0,30,,38459,22,,,0,70,,38443,22,,,0,30,,38460,22,,,0,70,,38454,22,,,0,30,,38461,22,,,0,70,,38446,22,,,0,30,,38462,22,,,0,70,,38447,22,,,0,30,,38463,22,,,0,70,,38448,22,,,0,30,,38464,22,,,0,70,,38449,22,,,0,30,,38465,22,,,0,70,,38450,22,,,0,30,,38466,22,,,0,70,,38451,22,,,0,30,,38467,22,,,0,70,,38452,22,,,0,30,,38468,22,,,0,70,,38453,22,,,0,30,,38469,22,,,0,70,,38455,22,,,0,30,,38445,22,,,0,70,,38444,22,,,0,30,,38442,22,,,0,70,,38441,22,,,0,30,,38440,22,,,0,70,,38439,22,,,0,30,,38470,22,,,0,70,,38471,22,,,0,30,,38472,22,,,0,70,,38473,22,,,0,30,,38438,22,,,0
580600,'4',626,,38491,22,,,0,30,,38492,22,,,0,70,,38490,22,,,0,30,,38493,22,,,0,70,,38477,22,,,0,30,,38494,22,,,0,70,,38488,22,,,0,30,,38495,22,,,0,70,,38480,22,,,0,30,,38496,22,,,0,70,,38481,22,,,0,30,,38497,22,,,0,70,,38482,22,,,0,30,,38498,22,,,0,70,,38483,22,,,0,30,,38499,22,,,0,70,,38484,22,,,0,30,,38500,22,,,0,70,,38485,22,,,0,30,,38501,22,,,0,70,,38486,22,,,0,30,,38502,22,,,0,70,,38487,22,,,0,30,,38503,22,,,0,70,,38489,22,,,0,30,,38479,22,,,0,70,,38478,22,,,0,30,,38476,22,,,0,70,,38475,22,,,0,30,,38474,22,,,0
580600,'6',526,,38505,22,,,0,30,,38542,22,,,0,70,,38525,22,,,0,30,,38526,22,,,0,70,,38524,22,,,0,30,,38527,22,,,0,70,,38511,22,,,0,30,,38528,22,,,0,70,,38522,22,,,0,30,,38529,22,,,0,70,,38514,22,,,0,30,,38530,22,,,0,70,,38515,22,,,0,30,,38531,22,,,0,70,,38516,22,,,0,30,,38532,22,,,0,70,,38517,22,,,0,30,,38533,22,,,0,70,,38518,22,,,0,30,,38534,22,,,0,70,,38519,22,,,0,30,,38535,22,,,0,70,,38520,22,,,0,30,,38536,22,,,0,70,,38521,22,,,0,30,,38537,22,,,0,70,,38523,22,,,0,30,,38513,22,,,0,70,,38512,22,,,0,30,,38510,22,,,0,70,,38509,22,,,0,30,,38508,22,,,0,70,,38507,22,,,0,30,,38538,22,,,0,70,,38539,22,,,0,30,,38540,22,,,0,70,,38541,22,,,0,30,,38506,22,,,0,65,,38543,22,,,0,30,,38544,22,,,0
580601,'1601',728,,38545,29,0,8 40 10,0
580601,'1',533,,38600,29,,,0,69,,38599,29,,,0,18,,38547,1,,,0,12,,38598,29,,,0,70,,38597,29,,,0,30,,38596,29,,,0,70,,38595,29,,,0,20,,38594,29,,,0,20,,38593,29,,,0,60,,38592,29,,,0,15,,38591,29,,,0,15,,38590,29,,,0,15,,38589,29,,,0,55,,38588,29,,,0,30,,38587,29,,,0,70,,38586,29,,,0,30,,38585,29,,,0,70,,38584,29,,,0,30,,38583,29,,,0,70,,38582,29,,,0,30,,38581,29,,,0,70,,38580,29,,,0,30,,38579,29,,,0,70,,38578,29,,,0,15,,38577,29,,,0,15,,38576,29,,,0,15,,38575,29,,,0,55,,38574,29,,,0,15,,38573,29,,,0,15,,38548,29,,,0,15,,38572,29,,,0,55,,38571,29,,,0,15,,38570,29,,,0,15,,38569,29,,,0,15,,38568,29,,,0,55,,38567,29,,,0,15,,38566,29,,,0,15,,38565,29,,,0,15,,38564,29,,,0,55,,38563,29,,,0,15,,38562,29,,,0,20,,38561,29,,,0,65,,38560,29,,,0,30,,38559,29,,,0,70,,38558,29,,,0,30,,38557,29,,,0,70,,38556,29,,,0,30,,38551,29,,,0,70,,38555,29,,,0,30,,38554,29,,,0,70,,38550,29,,,0,30,,38553,29,,,0,70,,38549,29,,,0,37,,38552,29,,,0
580601,'2',524,,38638,29,,,0,30,,38639,29,,,0,70,,38640,29,,,0,26,,38619,29,,,0,70,,38621,29,,,0,30,,38620,29,,,0,70,,38622,29,,,0,30,,38618,29,,,0,70,,38623,29,,,0,30,,38615,29,,,0,70,,38624,29,,,0,30,,38607,29,,,0,70,,38625,29,,,0,30,,38608,29,,,0,70,,38626,29,,,0,30,,38609,29,,,0,70,,38627,29,,,0,30,,38610,29,,,0,70,,38628,29,,,0,30,,38611,29,,,0,70,,38629,29,,,0,30,,38612,29,,,0,70,,38630,29,,,0,30,,38613,29,,,0,70,,38631,29,,,0,30,,38614,29,,,0,70,,38632,29,,,0,30,,38616,29,,,0,70,,38617,29,,,0,30,,38633,29,,,0,70,,38606,29,,,0,30,,38605,29,,,0,70,,38604,29,,,0,30,,38603,29,,,0,70,,38602,29,,,0,30,,38634,29,,,0,70,,38635,29,,,0,30,,38636,29,,,0,70,,38601,29,,,0,30,,38637,29,,,0,70,,38641,29,,,0
580601,'3',650,,38660,29,,,0,70,,38662,29,,,0,30,,38661,29,,,0,70,,38663,29,,,0,30,,38659,29,,,0,70,,38664,29,,,0,30,,38656,29,,,0,70,,38665,29,,,0,30,,38648,29,,,0,70,,38666,29,,,0,30,,38649,29,,,0,70,,38667,29,,,0,30,,38650,29,,,0,70,,38668,29,,,0,30,,38651,29,,,0,70,,38669,29,,,0,30,,38652,29,,,0,70,,38670,29,,,0,30,,38653,29,,,0,70,,38671,29,,,0,30,,38654,29,,,0,70,,38672,29,,,0,30,,38655,29,,,0,70,,38673,29,,,0,30,,38657,29,,,0,70,,38658,29,,,0,30,,38674,29,,,0,70,,38647,29,,,0,30,,38646,29,,,0,70,,38645,29,,,0,30,,38644,29,,,0,70,,38643,29,,,0,30,,38675,29,,,0,70,,38676,29,,,0,30,,38677,29,,,0,79,,38642,29,,,0
580601,'4',650,,38693,29,,,0,70,,38695,29,,,0,30,,38694,29,,,0,70,,38696,29,,,0,30,,38692,29,,,0,70,,38697,29,,,0,30,,38689,29,,,0,70,,38698,29,,,0,30,,38681,29,,,0,70,,38699,29,,,0,30,,38682,29,,,0,70,,38700,29,,,0,30,,38683,29,,,0,70,,38701,29,,,0,30,,38684,29,,,0,70,,38702,29,,,0,30,,38685,29,,,0,70,,38703,29,,,0,30,,38686,29,,,0,70,,38704,29,,,0,30,,38687,29,,,0,70,,38705,29,,,0,30,,38688,29,,,0,70,,38706,29,,,0,30,,38690,29,,,0,70,,38691,29,,,0,30,,38707,29,,,0,70,,38680,29,,,0,30,,38679,29,,,0,70,,38678,29,,,0
580601,'6',524,,38745,29,,,0,30,,38746,29,,,0,70,,38747,29,,,0,26,,38726,29,,,0,70,,38728,29,,,0,30,,38727,29,,,0,70,,38729,29,,,0,30,,38725,29,,,0,70,,38730,29,,,0,30,,38722,29,,,0,70,,38731,29,,,0,30,,38714,29,,,0,70,,38732,29,,,0,30,,38715,29,,,0,70,,38733,29,,,0,30,,38716,29,,,0,70,,38734,29,,,0,30,,38717,29,,,0,70,,38735,29,,,0,30,,38718,29,,,0,70,,38736,29,,,0,30,,38719,29,,,0,70,,38737,29,,,0,30,,38720,29,,,0,70,,38738,29,,,0,30,,38721,29,,,0,70,,38739,29,,,0,30,,38723,29,,,0,70,,38724,29,,,0,30,,38740,29,,,0,70,,38713,29,,,0,30,,38712,29,,,0,70,,38711,29,,,0,30,,38710,29,,,0,70,,38709,29,,,0,30,,38741,29,,,0,70,,38742,29,,,0,30,,38743,29,,,0,70,,38708,29,,,0,30,,38744,29,,,0,70,,38748,29,,,0
