579300,'1',527,,33626,15,,,0,20,,33603,15,,,0,55,,33616,15,,,0,15,,33617,15,,,0,15,,33604,15,,,0,15,,33554,15,,,0,55,,33618,15,,,0,17,,33555,15,,,0,15,,33619,15,,,0,15,,33556,15,,,0,55,,33557,15,,,0,15,,33559,15,,,0,15,,33558,15,,,0,10,,33581,15,,,0,10,,33553,15,,,0,50,,33552,15,,,0,10,,33582,15,,,0,10,,33551,15,,,0,10,,33550,15,,,0,10,,33583,15,,,0,10,,33549,15,,,0,50,,33548,15,,,0,10,,33584,15,,,0,10,,33580,15,,,0,10,,33547,15,,,0,10,,33585,15,,,0,60,,33605,15,,,0,20,,33606,15,,,0,20,,33607,15,,,0,60,,33608,15,,,0,20,,33609,15,,,0,20,,33610,15,,,0,60,,33611,15,,,0,20,,33612,15,,,0,20,,33613,15,,,0,60,,33614,15,,,0,20,,33615,15,,,0,20,,33544,15,,,0,60,,33586,15,,,0,20,,33579,15,,,0,10,,33578,15,,,0,10,,33587,15,,,0,10,,33577,15,,,0,50,,33576,15,,,0,10,,33588,15,,,0,10,,33575,15,,,0,10,,33574,15,,,0,10,,33589,15,,,0,10,,33573,15,,,0,50,,33572,15,,,0,10,,33590,15,,,0,10,,33571,15,,,0,10,,33570,15,,,0,10,,33591,15,,,0,10,,33569,15,,,0,50,,33568,15,,,0,10,,33592,15,,,0,10,,33567,15,,,0,10,,33566,15,,,0,8,,33593,15,,,0,10,,33565,15,,,0,50,,33564,15,,,0,10,,33594,15,,,0,10,,33563,15,,,0,15,,33602,15,,,0,15,,33562,15,,,0,60,,33561,15,,,0,20,,33560,15,,,0,20,,33620,15,,,0,60,,33546,15,,,0,20,,33621,15,,,0,20,,33545,15,,,0,60,,33595,15,,,0,20,,33622,15,,,0,20,,33596,15,,,0,60,,33597,15,,,0,20,,33623,15,,,0,20,,33598,15,,,0,60,,33599,15,,,0,20,,33624,15,,,0,20,,33600,15,,,0,60,,33625,15,,,0,13,,33601,15,,,0
579300,'2',537,,33687,15,,,0,20,,33627,15,,,0,60,,33688,15,,,0,20,,33628,15,,,0,20,,33689,15,,,0,60,,33629,15,,,0,20,,33630,15,,,0,20,,33690,15,,,0,61,,33631,15,,,0,20,,33632,15,,,0,20,,33633,15,,,0,55,,33634,15,,,0,15,,33635,15,,,0,15,,33636,15,,,0,15,,33637,15,,,0,55,,33638,15,,,0,15,,33639,15,,,0,15,,33640,15,,,0,15,,33641,15,,,0,55,,33642,15,,,0,15,,33643,15,,,0,15,,33644,15,,,0,15,,33645,15,,,0,55,,33646,15,,,0,15,,33647,15,,,0,15,,33648,15,,,0,15,,33649,15,,,0,55,,33650,15,,,0,15,,33651,15,,,0,15,,33652,15,,,0,15,,33653,15,,,0,55,,33654,15,,,0,15,,33655,15,,,0,15,,33656,15,,,0,15,,33657,15,,,0,55,,33658,15,,,0,15,,33659,15,,,0,15,,33660,15,,,0,15,,33661,15,,,0,55,,33662,15,,,0,15,,33663,15,,,0,15,,33664,15,,,0,15,,33665,15,,,0,55,,33666,15,,,0,15,,33667,15,,,0,15,,33668,15,,,0,15,,33669,15,,,0,55,,33670,15,,,0,15,,33671,15,,,0,15,,33672,15,,,0,15,,33673,15,,,0,55,,33674,15,,,0,19,,33691,15,,,0,20,,33675,15,,,0,60,,33676,15,,,0,20,,33692,15,,,0,20,,33677,15,,,0,60,,33678,15,,,0,20,,33693,15,,,0,20,,33679,15,,,0,60,,33680,15,,,0,20,,33694,15,,,0,20,,33681,15,,,0,60,,33682,15,,,0,20,,33695,15,,,0,20,,33683,15,,,0,60,,33684,15,,,0,20,,33696,15,,,0,20,,33685,15,,,0,60,,33686,15,,,0,20,,33697,15,,,0
579300,'3',547,,33744,15,,,0,70,,33728,15,,,0,30,,33729,15,,,0,70,,33730,15,,,0,30,,33731,15,,,0,70,,33732,15,,,0,30,,33733,15,,,0,71,,33734,15,,,0,30,,33735,15,,,0,70,,33736,15,,,0,30,,33737,15,,,0,60,,33738,15,,,0,20,,33739,15,,,0,20,,33740,15,,,0,60,,33741,15,,,0,20,,33742,15,,,0,20,,33743,15,,,0,60,,33698,15,,,0,20,,33699,15,,,0,20,,33700,15,,,0,60,,33701,15,,,0,20,,33702,15,,,0,20,,33703,15,,,0,60,,33704,15,,,0,20,,33705,15,,,0,20,,33706,15,,,0,60,,33707,15,,,0,20,,33708,15,,,0,20,,33709,15,,,0,60,,33710,15,,,0,20,,33711,15,,,0,20,,33712,15,,,0,60,,33713,15,,,0,19,,33714,15,,,0,20,,33715,15,,,0,60,,33716,15,,,0,20,,33717,15,,,0,30,,33718,15,,,0,70,,33719,15,,,0,30,,33720,15,,,0,70,,33721,15,,,0,30,,33722,15,,,0,70,,33723,15,,,0,30,,33724,15,,,0,70,,33725,15,,,0,30,,33726,15,,,0,70,,33727,15,,,0
579300,'4',554,,33784,15,,,0,90,,33783,15,,,0,70,,33782,15,,,0,30,,33781,15,,,0,70,,33780,15,,,0,30,,33779,15,,,0,70,,33778,15,,,0,30,,33777,15,,,0,70,,33776,15,,,0,30,,33775,15,,,0,70,,33774,15,,,0,20,,33773,15,,,0,20,,33772,15,,,0,60,,33771,15,,,0,20,,33770,15,,,0,20,,33769,15,,,0,60,,33768,15,,,0,20,,33767,15,,,0,20,,33766,15,,,0,60,,33765,15,,,0,20,,33764,15,,,0,20,,33763,15,,,0,60,,33762,15,,,0,20,,33761,15,,,0,20,,33760,15,,,0,60,,33759,15,,,0,20,,33758,15,,,0,20,,33757,15,,,0,60,,33756,15,,,0,20,,33755,15,,,0,20,,33754,15,,,0,60,,33753,15,,,0,20,,33752,15,,,0,20,,33751,15,,,0,60,,33750,15,,,0,20,,33749,15,,,0,20,,33748,15,,,0,65,,33747,15,,,0,30,,33746,15,,,0,70,,33745,15,,,0
579300,'6',547,,33831,15,,,0,70,,33815,15,,,0,30,,33816,15,,,0,70,,33817,15,,,0,30,,33818,15,,,0,70,,33819,15,,,0,30,,33820,15,,,0,71,,33821,15,,,0,30,,33822,15,,,0,70,,33823,15,,,0,30,,33824,15,,,0,60,,33825,15,,,0,20,,33826,15,,,0,20,,33827,15,,,0,60,,33828,15,,,0,20,,33829,15,,,0,20,,33830,15,,,0,60,,33785,15,,,0,20,,33786,15,,,0,20,,33787,15,,,0,60,,33788,15,,,0,20,,33789,15,,,0,20,,33790,15,,,0,60,,33791,15,,,0,20,,33792,15,,,0,20,,33793,15,,,0,60,,33794,15,,,0,20,,33795,15,,,0,20,,33796,15,,,0,60,,33797,15,,,0,20,,33798,15,,,0,20,,33799,15,,,0,60,,33800,15,,,0,19,,33801,15,,,0,20,,33802,15,,,0,60,,33803,15,,,0,20,,33804,15,,,0,30,,33805,15,,,0,70,,33806,15,,,0,30,,33807,15,,,0,70,,33808,15,,,0,30,,33809,15,,,0,70,,33810,15,,,0,30,,33811,15,,,0,70,,33812,15,,,0,30,,33813,15,,,0,70,,33814,15,,,0
579400,'1',511,,34117,5,,,0,25,,34118,5,,,0,20,,34119,5,,,0,60,,34120,5,,,0,20,,34121,5,,,0,15,,34122,5,,,0,57,,34123,5,,,0,15,,34124,5,,,0,15,,34125,5,,,0,15,,34126,5,,,0,55,,34127,5,,,0,15,,34128,5,,,0,15,,34129,5,,,0,15,,34130,5,,,0,55,,34131,5,,,0,15,,34132,5,,,0,15,,34133,5,,,0,15,,34134,5,,,0,55,,34135,5,,,0,15,,34136,5,,,0,15,,34137,5,,,0,15,,34138,5,,,0,55,,34139,5,,,0,15,,34140,5,,,0,15,,34141,5,,,0,15,,34142,5,,,0,55,,34143,5,,,0,15,,34144,5,,,0,15,,34145,5,,,0,15,,34146,5,,,0,55,,34147,5,,,0,15,,34148,5,,,0,15,,34149,5,,,0,15,,34150,5,,,0,56,,34151,5,,,0,15,,34152,5,,,0,15,,34153,5,,,0,15,,34154,5,,,0,55,,34155,5,,,0,15,,34156,5,,,0,15,,34157,5,,,0,15,,34158,5,,,0,55,,34159,5,,,0,15,,34160,5,,,0,15,,34161,5,,,0,15,,34162,5,,,0,55,,34163,5,,,0,15,,34164,5,,,0,15,,34165,5,,,0,15,,34166,5,,,0,55,,34167,5,,,0,30,,34168,5,,,0,68,,34169,5,,,0,30,,34170,5,,,0,70,,34171,5,,,0,30,,34172,5,,,0,70,,34173,5,,,0,30,,34174,5,,,0,69,,34175,5,,,0,30,,34176,5,,,0,70,,34177,5,,,0,30,,34178,5,,,0,70,,34179,5,,,0,30,,34180,5,,,0,70,,34181,5,,,0,20,,34182,5,,,0
579400,'2',607,,34216,5,,,0,30,,34215,5,,,0,70,,34214,5,,,0,30,,34210,5,,,0,70,,34209,5,,,0,30,,34213,5,,,0,71,,34212,5,,,0,30,,34211,5,,,0,70,,34218,5,,,0,30,,34217,5,,,0,70,,34198,5,,,0,30,,34197,5,,,0,70,,34195,5,,,0,30,,34208,5,,,0,70,,34207,5,,,0,30,,34206,5,,,0,70,,34205,5,,,0,30,,34204,5,,,0,70,,34200,5,,,0,30,,34199,5,,,0,70,,34196,5,,,0,30,,34194,5,,,0,70,,34188,5,,,0,30,,34187,5,,,0,70,,34186,5,,,0,29,,34193,5,,,0,70,,34192,5,,,0,30,,34191,5,,,0,70,,34184,5,,,0,30,,34183,5,,,0,70,,34220,5,,,0,29,,34185,5,,,0,70,,34203,5,,,0,30,,34202,5,,,0,70,,34201,5,,,0,30,,34219,5,,,0,70,,34190,5,,,0,100,,34189,5,,,0
579400,'3',552,,34228,5,,,0,70,,34248,5,,,0,30,,34251,5,,,0,70,,34250,5,,,0,30,,34249,5,,,0,70,,34246,5,,,0,30,,34247,5,,,0,71,,34254,5,,,0,30,,34253,5,,,0,70,,34256,5,,,0,30,,34255,5,,,0,70,,34258,5,,,0,30,,34257,5,,,0,70,,34241,5,,,0,30,,34245,5,,,0,70,,34244,5,,,0,30,,34243,5,,,0,70,,34242,5,,,0,30,,34236,5,,,0,70,,34240,5,,,0,30,,34239,5,,,0,70,,34238,5,,,0,30,,34237,5,,,0,70,,34234,5,,,0,30,,34226,5,,,0,70,,34233,5,,,0,30,,34232,5,,,0,68,,34235,5,,,0,30,,34225,5,,,0,70,,34252,5,,,0,30,,34224,5,,,0,70,,34231,5,,,0,30,,34223,5,,,0,70,,34230,5,,,0,30,,34222,5,,,0,70,,34229,5,,,0,25,,34221,5,,,0,60,,34227,5,,,0
579400,'4',607,,34259,5,,,0,30,,34260,5,,,0,70,,34261,5,,,0,30,,34262,5,,,0,70,,34263,5,,,0,30,,34264,5,,,0,71,,34265,5,,,0,30,,34266,5,,,0,70,,34267,5,,,0,30,,34268,5,,,0,70,,34269,5,,,0,30,,34270,5,,,0,70,,34271,5,,,0,30,,34272,5,,,0,70,,34273,5,,,0,30,,34274,5,,,0,70,,34275,5,,,0,30,,34276,5,,,0,70,,34277,5,,,0,30,,34278,5,,,0,70,,34279,5,,,0,30,,34280,5,,,0,70,,34281,5,,,0,30,,34282,5,,,0,68,,34283,5,,,0,30,,34284,5,,,0,70,,34285,5,,,0,30,,34286,5,,,0,70,,34287,5,,,0,30,,34288,5,,,0,70,,34289,5,,,0
579400,'6',607,,34323,5,,,0,30,,34322,5,,,0,70,,34321,5,,,0,30,,34317,5,,,0,70,,34316,5,,,0,30,,34320,5,,,0,71,,34319,5,,,0,30,,34318,5,,,0,70,,34325,5,,,0,30,,34324,5,,,0,70,,34305,5,,,0,30,,34304,5,,,0,70,,34302,5,,,0,30,,34315,5,,,0,70,,34314,5,,,0,30,,34313,5,,,0,70,,34312,5,,,0,30,,34311,5,,,0,70,,34307,5,,,0,30,,34306,5,,,0,70,,34303,5,,,0,30,,34301,5,,,0,70,,34295,5,,,0,30,,34294,5,,,0,70,,34293,5,,,0,29,,34300,5,,,0,70,,34299,5,,,0,30,,34298,5,,,0,70,,34291,5,,,0,30,,34290,5,,,0,70,,34327,5,,,0,29,,34292,5,,,0,70,,34310,5,,,0,30,,34309,5,,,0,70,,34308,5,,,0,30,,34326,5,,,0,70,,34297,5,,,0,100,,34296,5,,,0
580100,'1',507,,37181,5,,,0,20,,37180,5,,,0,20,,37124,5,,,0,60,,37125,5,,,0,20,,37126,5,,,0,20,,37127,5,,,0,55,,37128,5,,,0,18,,37129,5,,,0,15,,37130,5,,,0,15,,37131,5,,,0,55,,37132,5,,,0,15,,37133,5,,,0,15,,37134,5,,,0,15,,37135,5,,,0,60,,37136,5,,,0,20,,37137,5,,,0,20,,37138,5,,,0,60,,37139,5,,,0,20,,37140,5,,,0,20,,37141,5,,,0,60,,37142,5,,,0,20,,37143,5,,,0,20,,37144,5,,,0,60,,37145,5,,,0,20,,37146,5,,,0,20,,37147,5,,,0,60,,37148,5,,,0,20,,37149,5,,,0,20,,37150,5,,,0,60,,37151,5,,,0,25,,37152,5,,,0,15,,37153,5,,,0,55,,37154,5,,,0,15,,37155,5,,,0,15,,37156,5,,,0,15,,37157,5,,,0,55,,37158,5,,,0,15,,37159,5,,,0,15,,37160,5,,,0,15,,37161,5,,,0,55,,37162,5,,,0,15,,37163,5,,,0,15,,37164,5,,,0,15,,37165,5,,,0,57,,37166,5,,,0,20,,37167,5,,,0,30,,37168,5,,,0,70,,37169,5,,,0,30,,37170,5,,,0,70,,37171,5,,,0,30,,37172,5,,,0,69,,37173,5,,,0,80,,37174,5,,,0,40,,37175,5,,,0,80,,37176,5,,,0,80,,37177,5,,,0,40,,37178,5,,,0,80,,37179,5,,,0
580100,'2',522,,37219,5,,,0,30,,37182,5,,,0,70,,37183,5,,,0,30,,37184,5,,,0,70,,37185,5,,,0,30,,37186,5,,,0,70,,37187,5,,,0,30,,37188,5,,,0,71,,37189,5,,,0,30,,37190,5,,,0,70,,37191,5,,,0,30,,37192,5,,,0,70,,37193,5,,,0,30,,37194,5,,,0,70,,37195,5,,,0,30,,37196,5,,,0,70,,37197,5,,,0,30,,37198,5,,,0,70,,37199,5,,,0,30,,37200,5,,,0,70,,37201,5,,,0,30,,37202,5,,,0,70,,37203,5,,,0,30,,37204,5,,,0,70,,37205,5,,,0,30,,37206,5,,,0,70,,37207,5,,,0,30,,37208,5,,,0,69,,37209,5,,,0,30,,37210,5,,,0,70,,37211,5,,,0,30,,37212,5,,,0,74,,37213,5,,,0,80,,37214,5,,,0,40,,37215,5,,,0,80,,37216,5,,,0,80,,37217,5,,,0,40,,37220,5,,,0,80,,37218,5,,,0
580100,'3',607,,37221,5,,,0,30,,37222,5,,,0,70,,37223,5,,,0,30,,37224,5,,,0,70,,37225,5,,,0,30,,37226,5,,,0,71,,37227,5,,,0,30,,37228,5,,,0,70,,37229,5,,,0,30,,37230,5,,,0,70,,37231,5,,,0,30,,37232,5,,,0,70,,37233,5,,,0,30,,37234,5,,,0,70,,37235,5,,,0,30,,37236,5,,,0,70,,37237,5,,,0,30,,37238,5,,,0,70,,37239,5,,,0,30,,37240,5,,,0,70,,37241,5,,,0,30,,37242,5,,,0,70,,37243,5,,,0,30,,37244,5,,,0,70,,37245,5,,,0,30,,37246,5,,,0,70,,37247,5,,,0,30,,37248,5,,,0,69,,37249,5,,,0,30,,37250,5,,,0,70,,37251,5,,,0,30,,37255,5,,,0,70,,37252,5,,,0,40,,37253,5,,,0,80,,37254,5,,,0,80,,37256,5,,,0
580100,'4',705,,37257,5,,,0,40,,37258,5,,,0,80,,37259,5,,,0,80,,37260,5,,,0,40,,37261,5,,,0,80,,37262,5,,,0,80,,37263,5,,,0,40,,37264,5,,,0,80,,37265,5,,,0,80,,37266,5,,,0,40,,37267,5,,,0,80,,37268,5,,,0,80,,37269,5,,,0,40,,37270,5,,,0,80,,37271,5,,,0,80,,37272,5,,,0,40,,37273,5,,,0,80,,37274,5,,,0,80,,37275,5,,,0,40,,37276,5,,,0,80,,37277,5,,,0,80,,37278,5,,,0
580100,'6',607,,37279,5,,,0,30,,37280,5,,,0,70,,37281,5,,,0,30,,37282,5,,,0,70,,37283,5,,,0,30,,37284,5,,,0,71,,37285,5,,,0,30,,37286,5,,,0,70,,37287,5,,,0,30,,37288,5,,,0,70,,37289,5,,,0,30,,37290,5,,,0,70,,37291,5,,,0,30,,37292,5,,,0,70,,37293,5,,,0,30,,37294,5,,,0,70,,37295,5,,,0,30,,37296,5,,,0,70,,37297,5,,,0,30,,37298,5,,,0,70,,37299,5,,,0,30,,37300,5,,,0,70,,37301,5,,,0,30,,37302,5,,,0,70,,37303,5,,,0,30,,37304,5,,,0,70,,37305,5,,,0,30,,37306,5,,,0,69,,37307,5,,,0,30,,37308,5,,,0,70,,37309,5,,,0,30,,37313,5,,,0,70,,37310,5,,,0,40,,37311,5,,,0,80,,37312,5,,,0,80,,37314,5,,,0
580300,'1',538,,37842,5,,,0,15,,37843,5,,,0,60,,37844,5,,,0,15,,37845,5,,,0,16,,37846,5,,,0,15,,37847,5,,,0,55,,37848,5,,,0,15,,37849,5,,,0,15,,37850,5,,,0,15,,37851,5,,,0,55,,37852,5,,,0,15,,37853,5,,,0,15,,37854,5,,,0,15,,37855,5,,,0,55,,37856,5,,,0,15,,37857,5,,,0,20,,37858,5,,,0,60,,37859,5,,,0,20,,37860,5,,,0,20,,37861,5,,,0,60,,37862,5,,,0,20,,37863,5,,,0,20,,37864,5,,,0,60,,37865,5,,,0,20,,37866,5,,,0,20,,37867,5,,,0,60,,37868,5,,,0,20,,37869,5,,,0,20,,37870,5,,,0,60,,37871,5,,,0,18,,37872,5,,,0,23,,37873,5,,,0,60,,37874,5,,,0,15,,37875,5,,,0,15,,37876,5,,,0,15,,37877,5,,,0,55,,37878,5,,,0,15,,37879,5,,,0,15,,37880,5,,,0,15,,37881,5,,,0,55,,37882,5,,,0,15,,37883,5,,,0,15,,37884,5,,,0,15,,37885,5,,,0,55,,37886,5,,,0,20,,37887,5,,,0,20,,37888,5,,,0,59,,37889,5,,,0,20,,37890,5,,,0,20,,37891,5,,,0,60,,37892,5,,,0,20,,37893,5,,,0,20,,37894,5,,,0,60,,37895,5,,,0,30,,37896,5,,,0,69,,37897,5,,,0,30,,37898,5,,,0,70,,37899,5,,,0,30,,37900,5,,,0,70,,37901,5,,,0,30,,37902,5,,,0,90,,37903,5,,,0
580300,'2',552,,37926,5,,,0,71,,37906,5,,,0,30,,37951,5,,,0,70,,37952,5,,,0,30,,37904,5,,,0,70,,37946,5,,,0,30,,37947,5,,,0,61,,37927,5,,,0,20,,37907,5,,,0,20,,37908,5,,,0,60,,37905,5,,,0,20,,37915,5,,,0,20,,37916,5,,,0,60,,37917,5,,,0,20,,37912,5,,,0,20,,37913,5,,,0,60,,37914,5,,,0,20,,37929,5,,,0,20,,37919,5,,,0,60,,37920,5,,,0,20,,37918,5,,,0,20,,37939,5,,,0,60,,37940,5,,,0,20,,37928,5,,,0,20,,37930,5,,,0,60,,37909,5,,,0,20,,37922,5,,,0,20,,37923,5,,,0,60,,37924,5,,,0,20,,37911,5,,,0,20,,37910,5,,,0,60,,37921,5,,,0,20,,37925,5,,,0,66,,37950,5,,,0,28,,37948,5,,,0,30,,37949,5,,,0,70,,37935,5,,,0,30,,37931,5,,,0,70,,37932,5,,,0,30,,37933,5,,,0,70,,37934,5,,,0,30,,37943,5,,,0,70,,37936,5,,,0,30,,37937,5,,,0,70,,37938,5,,,0,30,,37941,5,,,0,70,,37942,5,,,0,30,,37944,5,,,0,70,,37945,5,,,0
580300,'3',608,,37956,5,,,0,30,,37959,5,,,0,70,,37958,5,,,0,30,,37957,5,,,0,70,,37955,5,,,0,30,,37954,5,,,0,70,,37953,5,,,0,30,,37972,5,,,0,70,,37971,5,,,0,20,,37973,5,,,0,20,,37986,5,,,0,60,,37974,5,,,0,20,,37987,5,,,0,20,,37975,5,,,0,60,,37988,5,,,0,20,,37976,5,,,0,20,,37989,5,,,0,60,,37977,5,,,0,20,,37990,5,,,0,20,,37978,5,,,0,60,,37991,5,,,0,20,,37979,5,,,0,20,,37992,5,,,0,60,,37980,5,,,0,20,,37993,5,,,0,20,,37981,5,,,0,60,,37994,5,,,0,20,,37982,5,,,0,20,,37995,5,,,0,60,,37983,5,,,0,20,,37996,5,,,0,20,,37984,5,,,0,60,,37997,5,,,0,20,,37985,5,,,0,20,,37998,5,,,0,59,,37964,5,,,0,30,,37967,5,,,0,70,,37966,5,,,0,30,,37965,5,,,0,70,,37962,5,,,0,30,,37961,5,,,0,69,,37960,5,,,0,30,,37963,5,,,0,70,,37970,5,,,0,30,,37969,5,,,0,70,,37968,5,,,0
580300,'4',608,,37999,5,,,0,30,,38015,5,,,0,70,,38000,5,,,0,30,,38016,5,,,0,70,,38001,5,,,0,30,,38017,5,,,0,70,,38002,5,,,0,30,,38018,5,,,0,70,,38003,5,,,0,30,,38019,5,,,0,70,,38004,5,,,0,30,,38020,5,,,0,70,,38005,5,,,0,30,,38021,5,,,0,70,,38006,5,,,0,30,,38022,5,,,0,70,,38007,5,,,0,30,,38023,5,,,0,70,,38008,5,,,0,30,,38024,5,,,0,70,,38009,5,,,0,30,,38025,5,,,0,70,,38010,5,,,0,30,,38026,5,,,0,70,,38011,5,,,0,30,,38027,5,,,0,70,,38012,5,,,0,30,,38028,5,,,0,70,,38013,5,,,0,30,,38029,5,,,0,70,,38014,5,,,0
580300,'6',608,,38033,5,,,0,30,,38036,5,,,0,70,,38035,5,,,0,30,,38034,5,,,0,70,,38032,5,,,0,30,,38031,5,,,0,70,,38030,5,,,0,30,,38049,5,,,0,70,,38048,5,,,0,20,,38050,5,,,0,20,,38063,5,,,0,60,,38051,5,,,0,20,,38064,5,,,0,20,,38052,5,,,0,60,,38065,5,,,0,20,,38053,5,,,0,20,,38066,5,,,0,60,,38054,5,,,0,20,,38067,5,,,0,20,,38055,5,,,0,60,,38068,5,,,0,20,,38056,5,,,0,20,,38069,5,,,0,60,,38057,5,,,0,20,,38070,5,,,0,20,,38058,5,,,0,60,,38071,5,,,0,20,,38059,5,,,0,20,,38072,5,,,0,60,,38060,5,,,0,20,,38073,5,,,0,20,,38061,5,,,0,60,,38074,5,,,0,20,,38062,5,,,0,20,,38075,5,,,0,59,,38041,5,,,0,30,,38044,5,,,0,70,,38043,5,,,0,30,,38042,5,,,0,70,,38039,5,,,0,30,,38038,5,,,0,69,,38037,5,,,0,30,,38040,5,,,0,70,,38047,5,,,0,30,,38046,5,,,0,70,,38045,5,,,0
