578900,'1',555,,32428,56,4,,0,70,,32462,56,4,,0,30,,32455,56,4,,0,70,,32458,56,4,,0,34,,32457,56,4,,0,70,,32456,56,4,,0,30,,32461,56,4,,0,70,,32460,56,4,,0,30,,32459,56,4,,0,70,,32452,56,4,,0,30,,32451,56,4,,0,70,,32450,56,4,,0,30,,32449,56,4,,0,70,,32448,56,4,,0,30,,32447,56,4,,0,70,,32446,56,4,,0,30,,32445,56,4,,0,70,,32454,56,4,,0,30,,32453,56,4,,0,70,,32441,56,4,,0,30,,32435,56,4,,0,70,,32440,56,4,,0,30,,32444,56,4,,0,70,,32443,56,4,,0,30,,32442,56,4,,0,70,,32433,56,4,,0,25,,32439,56,4,,0,70,,32431,56,4,,0,30,,32430,56,4,,0,70,,32429,56,4,,0,30,,32432,56,4,,0,70,,32426,56,4,,0,30,,32436,56,4,,0,70,,32425,56,4,,0,31,,32434,56,4,,0,70,,32424,56,4,,0,80,,32438,56,4,,0,50,,32437,56,4,,0,100,,32427,56,4,,0
578900,'2',539,,32498,54,4,,0,70,,32499,54,4,,0,30,,32470,54,4,,0,70,,32500,54,4,,0,30,,32494,54,4,,0,70,,32493,54,4,,0,33,,32488,54,4,,0,70,,32487,54,4,,0,30,,32491,54,4,,0,70,,32490,54,4,,0,30,,32489,54,4,,0,70,,32481,54,4,,0,30,,32476,54,4,,0,70,,32486,54,4,,0,30,,32473,54,4,,0,70,,32472,54,4,,0,30,,32471,54,4,,0,70,,32475,54,4,,0,30,,32474,54,4,,0,70,,32477,54,4,,0,30,,32485,54,4,,0,70,,32484,54,4,,0,30,,32483,54,4,,0,70,,32482,54,4,,0,30,,32497,54,4,,0,70,,32496,54,4,,0,27,,32495,54,4,,0,70,,32492,54,4,,0,30,,32480,54,4,,0,70,,32479,54,4,,0,30,,32478,54,4,,0,70,,32468,54,4,,0,30,,32467,54,4,,0,70,,32464,54,4,,0,30,,32463,54,4,,0,100,,32466,54,4,,0,100,,32465,54,4,,0,100,,32469,54,4,,0
578900,'3',539,,32535,54,4,,0,70,,32536,54,4,,0,30,,32507,54,4,,0,70,,32537,54,4,,0,30,,32531,54,4,,0,70,,32530,54,4,,0,33,,32525,54,4,,0,70,,32524,54,4,,0,30,,32528,54,4,,0,70,,32527,54,4,,0,30,,32526,54,4,,0,70,,32518,54,4,,0,30,,32513,54,4,,0,70,,32523,54,4,,0,30,,32510,54,4,,0,70,,32509,54,4,,0,30,,32508,54,4,,0,70,,32512,54,4,,0,30,,32511,54,4,,0,70,,32514,54,4,,0,30,,32522,54,4,,0,70,,32521,54,4,,0,30,,32520,54,4,,0,70,,32519,54,4,,0,30,,32534,54,4,,0,70,,32533,54,4,,0,27,,32532,54,4,,0,70,,32529,54,4,,0,30,,32517,54,4,,0,70,,32516,54,4,,0,30,,32515,54,4,,0,70,,32506,54,4,,0,30,,32505,54,4,,0,70,,32502,54,4,,0,30,,32501,54,4,,0,100,,32504,54,4,,0,100,,32503,54,4,,0
578900,'4',658,,32538,54,4,,0,100,,32539,54,4,,0,100,,32540,54,4,,0,143,,32541,54,4,,0,100,,32542,54,4,,0,100,,32543,54,4,,0,100,,32544,54,4,,0,100,,32545,54,4,,0,100,,32546,54,4,,0,100,,32547,54,4,,0,100,,32548,54,4,,0,100,,32549,54,4,,0,57,,32550,54,4,,0,100,,32551,54,4,,0,100,,32552,54,4,,0,100,,32553,54,4,,0
578900,'6',539,,32588,54,4,,0,70,,32589,54,4,,0,30,,32560,54,4,,0,70,,32590,54,4,,0,30,,32584,54,4,,0,70,,32583,54,4,,0,33,,32578,54,4,,0,70,,32577,54,4,,0,30,,32581,54,4,,0,70,,32580,54,4,,0,30,,32579,54,4,,0,70,,32571,54,4,,0,30,,32566,54,4,,0,70,,32576,54,4,,0,30,,32563,54,4,,0,70,,32562,54,4,,0,30,,32561,54,4,,0,70,,32565,54,4,,0,30,,32564,54,4,,0,70,,32567,54,4,,0,30,,32575,54,4,,0,70,,32574,54,4,,0,30,,32573,54,4,,0,70,,32572,54,4,,0,30,,32587,54,4,,0,70,,32586,54,4,,0,27,,32585,54,4,,0,70,,32582,54,4,,0,30,,32570,54,4,,0,70,,32569,54,4,,0,30,,32568,54,4,,0,70,,32559,54,4,,0,30,,32558,54,4,,0,70,,32555,54,4,,0,30,,32554,54,4,,0,100,,32557,54,4,,0,100,,32556,54,4,,0
578901,'1',500,,32625,1,,,0,30,,32627,1,,,0,70,,32620,1,,,0,30,,32621,1,,,0,70,,32597,1,,,0,30,,32626,1,,,0,70,,32624,1,,,0,30,,32623,1,,,0,70,,32622,1,,,0,36,,32619,1,,,0,70,,32611,1,,,0,30,,32610,1,,,0,70,,32609,1,,,0,30,,32614,1,,,0,70,,32613,1,,,0,30,,32612,1,,,0,70,,32618,1,,,0,30,,32617,1,,,0,70,,32616,1,,,0,30,,32596,1,,,0,70,,32603,1,,,0,30,,32602,1,,,0,70,,32606,1,,,0,30,,32605,1,,,0,70,,32604,1,,,0,30,,32608,1,,,0,70,,32600,1,,,0,30,,32599,1,,,0,70,,32601,1,,,0,30,,32593,1,,,0,70,,32615,1,,,0,30,,32592,1,,,0,70,,32598,1,,,0,30,,32591,1,,,0,74,,32607,1,,,0,100,,32595,1,,,0,100,,32594,1,,,0
578901,'2',500,,32664,1,,,0,30,,32642,1,,,0,70,,32635,1,,,0,30,,32641,1,,,0,70,,32640,1,,,0,30,,32656,1,,,0,70,,32655,1,,,0,30,,32654,1,,,0,70,,32658,1,,,0,30,,32657,1,,,0,70,,32659,1,,,0,30,,32650,1,,,0,70,,32649,1,,,0,30,,32648,1,,,0,70,,32653,1,,,0,30,,32652,1,,,0,70,,32651,1,,,0,30,,32662,1,,,0,70,,32661,1,,,0,30,,32645,1,,,0,70,,32644,1,,,0,30,,32660,1,,,0,70,,32643,1,,,0,30,,32647,1,,,0,70,,32646,1,,,0,30,,32637,1,,,0,70,,32636,1,,,0,30,,32639,1,,,0,70,,32638,1,,,0,30,,32630,1,,,0,70,,32629,1,,,0,30,,32634,1,,,0,70,,32628,1,,,0,100,,32633,1,,,0,100,,32632,1,,,0,100,,32631,1,,,0,100,,32663,1,,,0
578901,'3',500,,32700,1,,,0,30,,32679,1,,,0,70,,32672,1,,,0,30,,32678,1,,,0,70,,32677,1,,,0,30,,32693,1,,,0,70,,32692,1,,,0,30,,32691,1,,,0,70,,32695,1,,,0,30,,32694,1,,,0,70,,32696,1,,,0,30,,32687,1,,,0,70,,32686,1,,,0,30,,32685,1,,,0,70,,32690,1,,,0,30,,32689,1,,,0,70,,32688,1,,,0,30,,32699,1,,,0,70,,32698,1,,,0,30,,32682,1,,,0,70,,32681,1,,,0,30,,32697,1,,,0,70,,32680,1,,,0,30,,32684,1,,,0,70,,32683,1,,,0,30,,32674,1,,,0,70,,32673,1,,,0,30,,32676,1,,,0,70,,32675,1,,,0,30,,32667,1,,,0,70,,32666,1,,,0,30,,32671,1,,,0,70,,32665,1,,,0,100,,32670,1,,,0,100,,32669,1,,,0,100,,32668,1,,,0
578901,'4',520,,32701,1,,,0,100,,32702,1,,,0,100,,32703,1,,,0,100,,32704,1,,,0,100,,32705,1,,,0,100,,32706,1,,,0,100,,32707,1,,,0,100,,32708,1,,,0,100,,32709,1,,,0,100,,32710,1,,,0,100,,32711,1,,,0,100,,32712,1,,,0,100,,32713,1,,,0,100,,32714,1,,,0,100,,32715,1,,,0,100,,32716,1,,,0
578901,'6',500,,32752,1,,,0,30,,32731,1,,,0,70,,32724,1,,,0,30,,32730,1,,,0,70,,32729,1,,,0,30,,32745,1,,,0,70,,32744,1,,,0,30,,32743,1,,,0,70,,32747,1,,,0,30,,32746,1,,,0,70,,32748,1,,,0,30,,32739,1,,,0,70,,32738,1,,,0,30,,32737,1,,,0,70,,32742,1,,,0,30,,32741,1,,,0,70,,32740,1,,,0,30,,32751,1,,,0,70,,32750,1,,,0,30,,32734,1,,,0,70,,32733,1,,,0,30,,32749,1,,,0,70,,32732,1,,,0,30,,32736,1,,,0,70,,32735,1,,,0,30,,32726,1,,,0,70,,32725,1,,,0,30,,32728,1,,,0,70,,32727,1,,,0,30,,32719,1,,,0,70,,32718,1,,,0,30,,32723,1,,,0,70,,32717,1,,,0,100,,32722,1,,,0,100,,32721,1,,,0,100,,32720,1,,,0
580600,'1601',658,,38339,21,4,,0,846,,38340,21,4,,0
580600,'1',458,,38396,21,4,,0,69,,38395,66,4,,0,30,,38341,21,4,,0,57,,38394,87,4,,0,32,,38393,87,4,,0,70,,38392,87,4,,0,30,,38391,87,4,,0,67,,38390,87,4,,0,20,,38389,87,4,,0,15,,38388,87,4,,0,55,,38387,87,4,,0,15,,38386,87,4,,0,15,,38385,87,4,,0,15,,38384,87,4,,0,55,,38383,87,4,,0,15,,38382,87,4,,0,15,,38381,87,4,,0,22,,38380,87,4,,0,70,,38379,87,4,,0,30,,38378,87,4,,0,70,,38377,87,4,,0,30,,38376,87,4,,0,70,,38375,87,4,,0,30,,38374,87,4,,0,70,,38373,87,4,,0,75,,38372,87,4,,0,25,,38371,87,4,,0,25,,38370,87,4,,0,55,,38369,87,4,,0,15,,38368,87,4,,0,15,,38367,87,4,,0,15,,38366,87,4,,0,55,,38365,87,4,,0,15,,38364,87,4,,0,15,,38363,87,4,,0,15,,38362,87,4,,0,55,,38361,87,4,,0,15,,38360,87,4,,0,15,,38359,87,4,,0,15,,38358,87,4,,0,55,,38357,87,4,,0,15,,38356,87,4,,0,10,,38355,87,4,,0,22,,38354,87,4,,0,70,,38353,87,4,,0,30,,38352,87,4,,0,70,,38351,87,4,,0,30,,38350,87,4,,0,70,,38349,87,4,,0,30,,38348,87,4,,0,70,,38347,87,4,,0,29,,38345,87,4,,0,70,,38344,87,4,,0,30,,38346,87,4,,0,70,,38343,87,4,,0,30,,38342,87,4,,0
580600,'2',617,,38397,87,4,,0,30,,38434,87,4,,0,70,,38417,87,4,,0,30,,38418,87,4,,0,70,,38416,87,4,,0,30,,38419,87,4,,0,71,,38403,87,4,,0,30,,38420,87,4,,0,70,,38414,87,4,,0,30,,38421,87,4,,0,70,,38406,87,4,,0,30,,38422,87,4,,0,70,,38407,87,4,,0,30,,38423,87,4,,0,70,,38408,87,4,,0,30,,38424,87,4,,0,70,,38409,87,4,,0,30,,38425,87,4,,0,70,,38410,87,4,,0,30,,38426,87,4,,0,70,,38411,87,4,,0,30,,38427,87,4,,0,70,,38412,87,4,,0,30,,38428,87,4,,0,70,,38413,87,4,,0,30,,38429,87,4,,0,70,,38415,87,4,,0,30,,38405,87,4,,0,69,,38404,87,4,,0,30,,38402,87,4,,0,70,,38401,87,4,,0,30,,38400,87,4,,0,70,,38399,87,4,,0,30,,38430,87,4,,0,70,,38431,87,4,,0,30,,38432,87,4,,0,70,,38433,87,4,,0,30,,38398,87,4,,0,65,,38435,87,4,,0,30,,38436,87,4,,0
580600,'3',621,,38437,21,4,,0,96,,38457,87,4,,0,30,,38458,87,4,,0,70,,38456,87,4,,0,30,,38459,87,4,,0,70,,38443,87,4,,0,30,,38460,87,4,,0,70,,38454,87,4,,0,30,,38461,87,4,,0,71,,38446,87,4,,0,30,,38462,87,4,,0,70,,38447,87,4,,0,30,,38463,87,4,,0,70,,38448,87,4,,0,30,,38464,87,4,,0,70,,38449,87,4,,0,30,,38465,87,4,,0,70,,38450,87,4,,0,30,,38466,87,4,,0,70,,38451,87,4,,0,30,,38467,87,4,,0,70,,38452,87,4,,0,30,,38468,87,4,,0,70,,38453,87,4,,0,30,,38469,87,4,,0,70,,38455,87,4,,0,30,,38445,87,4,,0,69,,38444,87,4,,0,30,,38442,87,4,,0,70,,38441,87,4,,0,30,,38440,87,4,,0,70,,38439,87,4,,0,30,,38470,87,4,,0,69,,38471,87,4,,0,30,,38472,87,4,,0,70,,38473,87,4,,0,30,,38438,87,4,,0
580600,'4',627,,38504,21,4,,0,87,,38491,87,4,,0,30,,38492,87,4,,0,70,,38490,87,4,,0,30,,38493,87,4,,0,70,,38477,87,4,,0,30,,38494,87,4,,0,70,,38488,87,4,,0,30,,38495,87,4,,0,70,,38480,87,4,,0,30,,38496,87,4,,0,70,,38481,87,4,,0,30,,38497,87,4,,0,70,,38482,87,4,,0,30,,38498,87,4,,0,70,,38483,87,4,,0,30,,38499,87,4,,0,70,,38484,87,4,,0,30,,38500,87,4,,0,70,,38485,87,4,,0,30,,38501,87,4,,0,70,,38486,87,4,,0,30,,38502,87,4,,0,70,,38487,87,4,,0,30,,38503,87,4,,0,70,,38489,87,4,,0,30,,38479,87,4,,0,70,,38478,87,4,,0,30,,38476,87,4,,0,70,,38475,87,4,,0,30,,38474,87,4,,0
580600,'6',617,,38505,87,4,,0,30,,38542,87,4,,0,70,,38525,87,4,,0,30,,38526,87,4,,0,70,,38524,87,4,,0,30,,38527,87,4,,0,71,,38511,87,4,,0,30,,38528,87,4,,0,70,,38522,87,4,,0,30,,38529,87,4,,0,70,,38514,87,4,,0,30,,38530,87,4,,0,70,,38515,87,4,,0,30,,38531,87,4,,0,70,,38516,87,4,,0,30,,38532,87,4,,0,70,,38517,87,4,,0,30,,38533,87,4,,0,70,,38518,87,4,,0,30,,38534,87,4,,0,70,,38519,87,4,,0,30,,38535,87,4,,0,70,,38520,87,4,,0,30,,38536,87,4,,0,70,,38521,87,4,,0,30,,38537,87,4,,0,70,,38523,87,4,,0,30,,38513,87,4,,0,69,,38512,87,4,,0,30,,38510,87,4,,0,70,,38509,87,4,,0,30,,38508,87,4,,0,70,,38507,87,4,,0,30,,38538,87,4,,0,70,,38539,87,4,,0,30,,38540,87,4,,0,70,,38541,87,4,,0,30,,38506,87,4,,0,65,,38543,87,4,,0,30,,38544,87,4,,0
580601,'1601',703,,38545,1,0,8 40 10,0,803,,38546,1,0,8 29 30 10,0
580601,'1',510,,38600,1,,,0,29,,38599,1,,,0,70,,38598,1,,,0,28,,38597,1,,,0,70,,38596,1,,,0,30,,38595,1,,,0,20,,38594,1,,,0,60,,38593,1,,,0,20,,38592,1,,,0,15,,38591,1,,,0,55,,38590,1,,,0,15,,38589,1,,,0,15,,38588,1,,,0,70,,38587,1,,,0,30,,38586,1,,,0,70,,38585,1,,,0,30,,38584,1,,,0,70,,38583,1,,,0,30,,38582,1,,,0,70,,38581,1,,,0,27,,38580,1,,,0,70,,38579,1,,,0,30,,38578,1,,,0,15,,38577,1,,,0,55,,38576,1,,,0,15,,38575,1,,,0,15,,38574,1,,,0,15,,38573,1,,,0,55,,38548,1,,,0,15,,38572,1,,,0,15,,38571,1,,,0,15,,38570,1,,,0,55,,38569,1,,,0,15,,38568,1,,,0,15,,38567,1,,,0,15,,38566,1,,,0,55,,38565,1,,,0,15,,38564,1,,,0,20,,38563,1,,,0,15,,38562,1,,,0,60,,38561,1,,,0,25,,38560,1,,,0,70,,38559,1,,,0,30,,38558,1,,,0,70,,38557,1,,,0,30,,38556,1,,,0,70,,38551,1,,,0,33,,38555,1,,,0,70,,38554,1,,,0,30,,38550,1,,,0,70,,38553,1,,,0,30,,38549,1,,,0,77,,38552,1,,,0
580601,'2',500,,38638,1,,,0,30,,38639,1,,,0,70,,38640,1,,,0,26,,38619,1,,,0,30,,38621,1,,,0,70,,38620,1,,,0,30,,38622,1,,,0,70,,38618,1,,,0,30,,38623,1,,,0,70,,38615,1,,,0,30,,38624,1,,,0,70,,38607,1,,,0,30,,38625,1,,,0,70,,38608,1,,,0,30,,38626,1,,,0,70,,38609,1,,,0,30,,38627,1,,,0,70,,38610,1,,,0,30,,38628,1,,,0,70,,38611,1,,,0,30,,38629,1,,,0,70,,38612,1,,,0,30,,38630,1,,,0,70,,38613,1,,,0,30,,38631,1,,,0,70,,38614,1,,,0,30,,38632,1,,,0,70,,38616,1,,,0,30,,38617,1,,,0,70,,38633,1,,,0,30,,38606,1,,,0,70,,38605,1,,,0,30,,38604,1,,,0,70,,38603,1,,,0,30,,38602,1,,,0,70,,38634,1,,,0,30,,38635,1,,,0,70,,38636,1,,,0,30,,38601,1,,,0,70,,38637,1,,,0,30,,38641,1,,,0
580601,'3',626,,38660,1,,,0,30,,38662,1,,,0,70,,38661,1,,,0,30,,38663,1,,,0,70,,38659,1,,,0,30,,38664,1,,,0,70,,38656,1,,,0,30,,38665,1,,,0,70,,38648,1,,,0,30,,38666,1,,,0,70,,38649,1,,,0,30,,38667,1,,,0,70,,38650,1,,,0,30,,38668,1,,,0,70,,38651,1,,,0,30,,38669,1,,,0,70,,38652,1,,,0,30,,38670,1,,,0,70,,38653,1,,,0,30,,38671,1,,,0,70,,38654,1,,,0,30,,38672,1,,,0,70,,38655,1,,,0,30,,38673,1,,,0,70,,38657,1,,,0,30,,38658,1,,,0,70,,38674,1,,,0,30,,38647,1,,,0,70,,38646,1,,,0,30,,38645,1,,,0,70,,38644,1,,,0,30,,38643,1,,,0,70,,38675,1,,,0,30,,38676,1,,,0,70,,38677,1,,,0,79,,38642,1,,,0
580601,'4',629,,38693,1,,,0,30,,38695,1,,,0,70,,38694,1,,,0,30,,38696,1,,,0,70,,38692,1,,,0,30,,38697,1,,,0,70,,38689,1,,,0,30,,38698,1,,,0,70,,38681,1,,,0,30,,38699,1,,,0,70,,38682,1,,,0,30,,38700,1,,,0,70,,38683,1,,,0,30,,38701,1,,,0,70,,38684,1,,,0,30,,38702,1,,,0,70,,38685,1,,,0,30,,38703,1,,,0,70,,38686,1,,,0,30,,38704,1,,,0,70,,38687,1,,,0,30,,38705,1,,,0,70,,38688,1,,,0,30,,38706,1,,,0,70,,38690,1,,,0,30,,38691,1,,,0,70,,38707,1,,,0,30,,38680,1,,,0,70,,38679,1,,,0,30,,38678,1,,,0
580601,'6',500,,38745,1,,,0,30,,38746,1,,,0,70,,38747,1,,,0,26,,38726,1,,,0,30,,38728,1,,,0,70,,38727,1,,,0,30,,38729,1,,,0,70,,38725,1,,,0,30,,38730,1,,,0,70,,38722,1,,,0,30,,38731,1,,,0,70,,38714,1,,,0,30,,38732,1,,,0,70,,38715,1,,,0,30,,38733,1,,,0,70,,38716,1,,,0,30,,38734,1,,,0,70,,38717,1,,,0,30,,38735,1,,,0,70,,38718,1,,,0,30,,38736,1,,,0,70,,38719,1,,,0,30,,38737,1,,,0,70,,38720,1,,,0,30,,38738,1,,,0,70,,38721,1,,,0,30,,38739,1,,,0,70,,38723,1,,,0,30,,38724,1,,,0,70,,38740,1,,,0,30,,38713,1,,,0,70,,38712,1,,,0,30,,38711,1,,,0,70,,38710,1,,,0,30,,38709,1,,,0,70,,38741,1,,,0,30,,38742,1,,,0,70,,38743,1,,,0,30,,38708,1,,,0,70,,38744,1,,,0,30,,38748,1,,,0
