579500,'1',528,,34542,47,,,0,20,,34543,47,,,0,62,,34544,47,,,0,20,,34545,47,,,0,20,,34546,47,,,0,60,,34547,47,,,0,15,,34548,47,,,0,16,,34549,47,,,0,15,,34550,47,,,0,55,,34551,47,,,0,15,,34552,47,,,0,15,,34553,47,,,0,15,,34554,47,,,0,55,,34555,47,,,0,15,,34556,47,,,0,15,,34557,47,,,0,15,,34558,47,,,0,60,,34559,47,,,0,23,,34560,47,,,0,17,,34561,47,,,0,60,,34562,47,,,0,20,,34563,47,,,0,20,,34564,47,,,0,60,,34565,47,,,0,20,,34566,47,,,0,20,,34567,47,,,0,60,,34568,47,,,0,20,,34569,47,,,0,20,,34570,47,,,0,66,,34571,47,,,0,20,,34572,47,,,0,60,,34573,47,,,0,20,,34574,47,,,0,15,,34575,47,,,0,15,,34576,47,,,0,55,,34577,47,,,0,15,,34578,47,,,0,15,,34579,47,,,0,15,,34580,47,,,0,55,,34581,47,,,0,15,,34582,47,,,0,15,,34583,47,,,0,15,,34584,47,,,0,55,,34585,47,,,0,15,,34586,47,,,0,15,,34587,47,,,0,64,,34588,47,,,0,30,,34589,47,,,0,70,,34590,47,,,0,30,,34591,47,,,0,70,,34592,47,,,0,30,,34593,47,,,0,70,,34594,47,,,0,27,,34595,47,,,0,30,,34596,47,,,0,70,,34597,47,,,0,30,,34598,47,,,0,70,,34599,47,,,0,30,,34600,47,,,0,90,,34601,47,,,0
579500,'2',620,,34622,47,,,0,30,,34631,47,,,0,70,,34633,47,,,0,30,,34637,47,,,0,70,,34614,47,,,0,30,,34638,47,,,0,70,,34613,47,,,0,33,,34628,47,,,0,70,,34626,47,,,0,30,,34629,47,,,0,70,,34603,47,,,0,30,,34640,47,,,0,70,,34609,47,,,0,30,,34623,47,,,0,70,,34632,47,,,0,30,,34607,47,,,0,70,,34604,47,,,0,30,,34606,47,,,0,70,,34602,47,,,0,30,,34608,47,,,0,70,,34615,47,,,0,30,,34605,47,,,0,70,,34612,47,,,0,30,,34610,47,,,0,70,,34611,47,,,0,30,,34616,47,,,0,70,,34636,47,,,0,26,,34627,47,,,0,70,,34617,47,,,0,30,,34619,47,,,0,70,,34634,47,,,0,30,,34630,47,,,0,70,,34618,47,,,0,30,,34620,47,,,0,70,,34621,47,,,0,30,,34635,47,,,0,70,,34639,47,,,0,40,,34625,47,,,0,90,,34624,47,,,0
579500,'3',628,,34653,47,,,0,30,,34645,47,,,0,70,,34652,47,,,0,30,,34644,47,,,0,70,,34654,47,,,0,30,,34643,47,,,0,75,,34646,47,,,0,70,,34647,47,,,0,30,,34648,47,,,0,70,,34649,47,,,0,30,,34650,47,,,0,70,,34655,47,,,0,30,,34657,47,,,0,70,,34669,47,,,0,30,,34656,47,,,0,70,,34658,47,,,0,30,,34661,47,,,0,70,,34660,47,,,0,30,,34659,47,,,0,70,,34662,47,,,0,30,,34663,47,,,0,70,,34664,47,,,0,30,,34666,47,,,0,70,,34668,47,,,0,30,,34667,47,,,0,70,,34665,47,,,0,26,,34642,47,,,0,30,,34651,47,,,0,70,,34641,47,,,0,30,,34670,47,,,0,70,,34671,47,,,0,30,,34672,47,,,0,70,,34673,47,,,0,30,,34674,47,,,0,70,,34675,47,,,0,30,,34676,47,,,0,70,,34677,47,,,0
579500,'4',657,,34703,47,,,0,70,,34700,47,,,0,30,,34699,47,,,0,70,,34698,47,,,0,30,,34697,47,,,0,74,,34696,47,,,0,70,,34695,47,,,0,30,,34694,47,,,0,70,,34693,47,,,0,30,,34692,47,,,0,70,,34691,47,,,0,30,,34690,47,,,0,70,,34689,47,,,0,30,,34688,47,,,0,70,,34687,47,,,0,30,,34686,47,,,0,70,,34685,47,,,0,30,,34684,47,,,0,85,,34680,47,,,0,85,,34679,47,,,0,45,,34701,47,,,0,82,,34678,47,,,0,85,,34683,47,,,0,45,,34682,47,,,0,85,,34702,47,,,0,85,,34681,47,,,0
579500,'6',628,,34716,47,,,0,30,,34708,47,,,0,70,,34715,47,,,0,30,,34707,47,,,0,70,,34717,47,,,0,30,,34706,47,,,0,75,,34709,47,,,0,70,,34710,47,,,0,30,,34711,47,,,0,70,,34712,47,,,0,30,,34713,47,,,0,70,,34718,47,,,0,30,,34720,47,,,0,70,,34732,47,,,0,30,,34719,47,,,0,70,,34721,47,,,0,30,,34724,47,,,0,70,,34723,47,,,0,30,,34722,47,,,0,70,,34725,47,,,0,30,,34726,47,,,0,70,,34727,47,,,0,30,,34729,47,,,0,70,,34731,47,,,0,30,,34730,47,,,0,70,,34728,47,,,0,26,,34705,47,,,0,30,,34714,47,,,0,70,,34704,47,,,0,30,,34733,47,,,0,70,,34734,47,,,0,30,,34735,47,,,0,70,,34736,47,,,0,30,,34737,47,,,0,70,,34738,47,,,0,30,,34739,47,,,0,70,,34740,47,,,0
580701,'1601',827,,38961,26,0,21 22,0
580701,'1',423,,39023,16,,,0,28,,39022,16,,,0,76,,39021,16,,,0,15,,39020,16,,,0,10,,39018,16,,,0,2,,39019,51,,,0,68,,39016,16,,,0,2,,39017,51,,,0,24,,39015,51,,,0,4,,39014,16,,,0,58,,39013,51,,,0,13,,39012,51,,,0,15,,39011,51,,,0,15,,39010,51,,,0,55,,39009,51,,,0,15,,39008,51,,,0,15,,39007,51,,,0,15,,39006,51,,,0,55,,39005,51,,,0,15,,39004,51,,,0,15,,39003,51,,,0,65,,39002,51,,,0,29,,39001,51,,,0,70,,39000,51,,,0,30,,38999,51,,,0,70,,38998,51,,,0,30,,38997,51,,,0,70,,38996,51,,,0,20,,38995,16,,,0,10,,38994,51,,,0,20,,38993,16,,,0,50,,38992,51,,,0,26,,38991,51,,,0,15,,38990,51,,,0,15,,38989,51,,,0,55,,38988,51,,,0,15,,38987,51,,,0,15,,38986,51,,,0,15,,38985,51,,,0,55,,38984,51,,,0,15,,38983,51,,,0,15,,38982,51,,,0,15,,38981,51,,,0,55,,38980,51,,,0,15,,38979,51,,,0,15,,38978,51,,,0,15,,38977,51,,,0,55,,38976,51,,,0,20,,38975,51,,,0,70,,38974,51,,,0,34,,38973,51,,,0,70,,38972,51,,,0,30,,38971,51,,,0,70,,38970,51,,,0,30,,38969,51,,,0,70,,38968,51,,,0,30,,38967,51,,,0,70,,38966,51,,,0,30,,38963,51,,,0,70,,38965,51,,,0,30,,38962,51,,,0,70,,38964,51,,,0
580701,'2',541,,39063,51,,,0,70,,39024,51,,,0,30,,39025,51,,,0,70,,39026,51,,,0,25,,39038,51,,,0,70,,39027,51,,,0,30,,39039,51,,,0,70,,39028,51,,,0,30,,39040,51,,,0,70,,39029,51,,,0,30,,39041,51,,,0,70,,39030,51,,,0,30,,39042,51,,,0,70,,39043,51,,,0,30,,39044,51,,,0,70,,39045,51,,,0,30,,39046,51,,,0,70,,39047,51,,,0,30,,39048,51,,,0,70,,39031,51,,,0,30,,39049,51,,,0,70,,39032,51,,,0,30,,39050,51,,,0,70,,39033,51,,,0,30,,39051,51,,,0,70,,39052,51,,,0,30,,39053,51,,,0,70,,39034,51,,,0,30,,39054,51,,,0,70,,39055,51,,,0,30,,39056,51,,,0,70,,39057,51,,,0,30,,39058,51,,,0,70,,39059,51,,,0,30,,39060,51,,,0,70,,39035,51,,,0,30,,39036,51,,,0,70,,39061,51,,,0,30,,39037,51,,,0,85,,39062,51,,,0
580701,'3',602,,39065,16,,,0,30,,39066,16,,,0,70,,39101,51,,,0,30,,39067,51,,,0,76,,39084,51,,,0,24,,39068,51,,,0,76,,39085,51,,,0,30,,39069,51,,,0,70,,39086,51,,,0,30,,39070,51,,,0,70,,39087,51,,,0,30,,39071,51,,,0,70,,39088,51,,,0,30,,39072,51,,,0,70,,39089,51,,,0,30,,39073,51,,,0,70,,39090,51,,,0,30,,39074,51,,,0,70,,39091,51,,,0,30,,39075,51,,,0,70,,39092,51,,,0,30,,39076,51,,,0,70,,39093,51,,,0,30,,39077,51,,,0,70,,39094,51,,,0,30,,39078,51,,,0,70,,39095,51,,,0,30,,39079,51,,,0,70,,39096,51,,,0,30,,39080,51,,,0,70,,39097,51,,,0,30,,39081,51,,,0,70,,39098,51,,,0,30,,39082,51,,,0,70,,39099,51,,,0,30,,39083,51,,,0,70,,39100,51,,,0
580701,'4',650,,39131,51,,,0,70,,39132,51,,,0,30,,39115,51,,,0,70,,39117,51,,,0,30,,39114,51,,,0,70,,39118,51,,,0,30,,39113,51,,,0,70,,39119,51,,,0,30,,39112,51,,,0,70,,39120,51,,,0,30,,39111,51,,,0,70,,39121,51,,,0,30,,39110,51,,,0,70,,39122,51,,,0,30,,39109,51,,,0,70,,39123,51,,,0,30,,39108,51,,,0,70,,39124,51,,,0,30,,39107,51,,,0,70,,39125,51,,,0,30,,39106,51,,,0,70,,39126,51,,,0,30,,39105,51,,,0,70,,39127,51,,,0,30,,39104,51,,,0,70,,39128,51,,,0,30,,39103,51,,,0,70,,39129,51,,,0,30,,39102,51,,,0,70,,39130,51,,,0
580701,'6',602,,39134,16,,,0,30,,39135,16,,,0,70,,39170,51,,,0,30,,39136,51,,,0,76,,39153,51,,,0,24,,39137,51,,,0,76,,39154,51,,,0,30,,39138,51,,,0,70,,39155,51,,,0,30,,39139,51,,,0,70,,39156,51,,,0,30,,39140,51,,,0,70,,39157,51,,,0,30,,39141,51,,,0,70,,39158,51,,,0,30,,39142,51,,,0,70,,39159,51,,,0,30,,39143,51,,,0,70,,39160,51,,,0,30,,39144,51,,,0,70,,39161,51,,,0,30,,39145,51,,,0,70,,39162,51,,,0,30,,39146,51,,,0,70,,39163,51,,,0,30,,39147,51,,,0,70,,39164,51,,,0,30,,39148,51,,,0,70,,39165,51,,,0,30,,39149,51,,,0,70,,39166,51,,,0,30,,39150,51,,,0,70,,39167,51,,,0,30,,39151,51,,,0,70,,39168,51,,,0,30,,39152,51,,,0,70,,39169,51,,,0
