579301,'1',530,,33902,17,,,0,15,,33903,17,,,0,55,,33833,17,,,0,15,,33904,17,,,0,15,,33832,17,,,0,15,,33905,17,,,0,55,,33835,17,,,0,15,,33836,17,,,0,16,,33837,17,,,0,10,,33847,17,,,0,10,,33875,17,,,0,50,,33846,17,,,0,10,,33845,17,,,0,10,,33876,17,,,0,10,,33844,17,,,0,10,,33843,17,,,0,10,,33877,17,,,0,50,,33842,17,,,0,10,,33841,17,,,0,10,,33878,17,,,0,10,,33840,17,,,0,10,,33839,17,,,0,10,,33879,17,,,0,50,,33838,17,,,0,10,,33913,17,,,0,10,,33892,17,,,0,21,,33893,17,,,0,60,,33894,17,,,0,20,,33895,17,,,0,20,,33896,17,,,0,60,,33897,17,,,0,20,,33898,17,,,0,20,,33899,17,,,0,60,,33900,17,,,0,20,,33901,17,,,0,20,,33834,17,,,0,60,,33880,17,,,0,20,,33867,17,,,0,20,,33866,17,,,0,60,,33881,17,,,0,20,,33865,17,,,0,11,,33882,17,,,0,10,,33864,17,,,0,10,,33863,17,,,0,50,,33883,17,,,0,10,,33862,17,,,0,10,,33861,17,,,0,10,,33884,17,,,0,10,,33860,17,,,0,10,,33859,17,,,0,50,,33885,17,,,0,10,,33858,17,,,0,10,,33857,17,,,0,10,,33886,17,,,0,10,,33856,17,,,0,10,,33855,17,,,0,50,,33887,17,,,0,10,,33854,17,,,0,10,,33888,17,,,0,10,,33853,17,,,0,10,,33852,17,,,0,10,,33889,17,,,0,55,,33851,17,,,0,18,,33850,17,,,0,20,,33910,17,,,0,60,,33911,17,,,0,20,,33849,17,,,0,20,,33848,17,,,0,60,,33906,17,,,0,20,,33868,17,,,0,20,,33869,17,,,0,60,,33907,17,,,0,19,,33870,17,,,0,20,,33871,17,,,0,60,,33908,17,,,0,20,,33872,17,,,0,20,,33873,17,,,0,60,,33909,17,,,0,20,,33874,17,,,0,20,,33891,17,,,0,60,,33890,17,,,0,20,,33912,17,,,0
579301,'2',528,,33984,17,,,0,20,,33914,17,,,0,60,,33974,17,,,0,20,,33915,17,,,0,20,,33916,17,,,0,60,,33975,17,,,0,20,,33917,17,,,0,20,,33918,17,,,0,60,,33919,17,,,0,22,,33920,17,,,0,15,,33921,17,,,0,55,,33922,17,,,0,15,,33923,17,,,0,15,,33924,17,,,0,15,,33925,17,,,0,55,,33926,17,,,0,15,,33927,17,,,0,15,,33928,17,,,0,15,,33929,17,,,0,55,,33930,17,,,0,15,,33931,17,,,0,13,,33932,17,,,0,18,,33933,17,,,0,55,,33934,17,,,0,15,,33935,17,,,0,15,,33936,17,,,0,15,,33937,17,,,0,55,,33938,17,,,0,15,,33939,17,,,0,15,,33940,17,,,0,15,,33941,17,,,0,55,,33942,17,,,0,15,,33943,17,,,0,15,,33944,17,,,0,15,,33945,17,,,0,55,,33946,17,,,0,15,,33947,17,,,0,15,,33948,17,,,0,15,,33949,17,,,0,55,,33950,17,,,0,15,,33951,17,,,0,15,,33952,17,,,0,15,,33953,17,,,0,55,,33954,17,,,0,15,,33955,17,,,0,15,,33956,17,,,0,15,,33957,17,,,0,55,,33958,17,,,0,15,,33959,17,,,0,15,,33960,17,,,0,20,,33961,17,,,0,60,,33976,17,,,0,18,,33962,17,,,0,20,,33977,17,,,0,60,,33963,17,,,0,20,,33964,17,,,0,20,,33978,17,,,0,60,,33965,17,,,0,20,,33966,17,,,0,20,,33979,17,,,0,60,,33967,17,,,0,19,,33968,17,,,0,20,,33980,17,,,0,60,,33969,17,,,0,20,,33970,17,,,0,20,,33981,17,,,0,60,,33971,17,,,0,20,,33972,17,,,0,20,,33973,17,,,0,60,,33982,17,,,0,20,,33983,17,,,0
579301,'3',528,,34030,17,,,0,30,,33985,17,,,0,70,,33986,17,,,0,30,,33987,17,,,0,70,,33988,17,,,0,30,,33989,17,,,0,70,,33990,17,,,0,30,,33991,17,,,0,70,,33992,17,,,0,20,,33993,17,,,0,60,,33994,17,,,0,21,,33995,17,,,0,20,,33996,17,,,0,60,,33997,17,,,0,20,,33998,17,,,0,25,,33999,17,,,0,60,,34000,17,,,0,20,,34001,17,,,0,20,,34002,17,,,0,60,,34003,17,,,0,20,,34004,17,,,0,20,,34005,17,,,0,60,,34006,17,,,0,20,,34007,17,,,0,20,,34008,17,,,0,60,,34009,17,,,0,20,,34010,17,,,0,20,,34011,17,,,0,60,,34012,17,,,0,20,,34013,17,,,0,20,,34014,17,,,0,60,,34015,17,,,0,20,,34016,17,,,0,20,,34017,17,,,0,60,,34018,17,,,0,30,,34019,17,,,0,70,,34020,17,,,0,30,,34021,17,,,0,70,,34022,17,,,0,30,,34023,17,,,0,70,,34024,17,,,0,30,,34025,17,,,0,70,,34026,17,,,0,29,,34027,17,,,0,70,,34028,17,,,0,30,,34029,17,,,0,70,,34031,17,,,0
579301,'4',623,,34069,17,,,0,30,,34068,17,,,0,70,,34067,17,,,0,30,,34066,17,,,0,70,,34065,17,,,0,30,,34064,17,,,0,70,,34063,17,,,0,30,,34062,17,,,0,60,,34061,17,,,0,20,,34060,17,,,0,20,,34059,17,,,0,60,,34058,17,,,0,20,,34057,17,,,0,20,,34056,17,,,0,60,,34055,17,,,0,20,,34054,17,,,0,20,,34053,17,,,0,60,,34052,17,,,0,20,,34051,17,,,0,20,,34050,17,,,0,60,,34049,17,,,0,20,,34048,17,,,0,20,,34047,17,,,0,60,,34046,17,,,0,20,,34045,17,,,0,20,,34044,17,,,0,60,,34043,17,,,0,20,,34042,17,,,0,20,,34041,17,,,0,60,,34040,17,,,0,20,,34039,17,,,0,20,,34038,17,,,0,60,,34037,17,,,0,20,,34036,17,,,0,70,,34035,17,,,0,30,,34034,17,,,0,70,,34033,17,,,0,30,,34032,17,,,0
579301,'6',528,,34115,17,,,0,30,,34070,17,,,0,70,,34071,17,,,0,30,,34072,17,,,0,70,,34073,17,,,0,30,,34074,17,,,0,70,,34075,17,,,0,30,,34076,17,,,0,70,,34077,17,,,0,20,,34078,17,,,0,60,,34079,17,,,0,21,,34080,17,,,0,20,,34081,17,,,0,60,,34082,17,,,0,20,,34083,17,,,0,25,,34084,17,,,0,60,,34085,17,,,0,20,,34086,17,,,0,20,,34087,17,,,0,60,,34088,17,,,0,20,,34089,17,,,0,20,,34090,17,,,0,60,,34091,17,,,0,20,,34092,17,,,0,20,,34093,17,,,0,60,,34094,17,,,0,20,,34095,17,,,0,20,,34096,17,,,0,60,,34097,17,,,0,20,,34098,17,,,0,20,,34099,17,,,0,60,,34100,17,,,0,20,,34101,17,,,0,20,,34102,17,,,0,60,,34103,17,,,0,30,,34104,17,,,0,70,,34105,17,,,0,30,,34106,17,,,0,70,,34107,17,,,0,30,,34108,17,,,0,70,,34109,17,,,0,30,,34110,17,,,0,70,,34111,17,,,0,29,,34112,17,,,0,70,,34113,17,,,0,30,,34114,17,,,0,70,,34116,17,,,0
579401,'1601',855,,34328,26,,,0,98,,34329,26,,,0
579401,'1',534,,34330,47,,,0,20,,34331,47,,,0,60,,34332,47,,,0,20,,34333,47,,,0,20,,34334,47,,,0,56,,34335,47,,,0,16,,34336,47,,,0,18,,34337,47,,,0,15,,34338,47,,,0,55,,34339,47,,,0,15,,34340,47,,,0,15,,34341,47,,,0,15,,34342,47,,,0,55,,34343,47,,,0,16,,34344,47,,,0,16,,34345,47,,,0,13,,34346,47,,,0,55,,34347,47,,,0,15,,34348,47,,,0,15,,34349,47,,,0,15,,34350,47,,,0,55,,34351,47,,,0,15,,34352,47,,,0,15,,34353,47,,,0,15,,34354,47,,,0,55,,34355,47,,,0,15,,34356,47,,,0,15,,34357,47,,,0,15,,34358,47,,,0,55,,34359,47,,,0,15,,34360,47,,,0,15,,34361,47,,,0,14,,34362,47,,,0,57,,34363,47,,,0,15,,34364,47,,,0,15,,34365,47,,,0,55,,34366,47,,,0,15,,34367,47,,,0,15,,34368,47,,,0,15,,34369,47,,,0,55,,34370,47,,,0,15,,34371,47,,,0,15,,34372,47,,,0,15,,34373,47,,,0,55,,34374,47,,,0,15,,34375,47,,,0,15,,34376,47,,,0,15,,34377,47,,,0,55,,34378,47,,,0,15,,34379,47,,,0,15,,34380,47,,,0,15,,34381,47,,,0,70,,34382,47,,,0,33,,34383,47,,,0,70,,34384,47,,,0,30,,34385,47,,,0,70,,34386,47,,,0,30,,34387,47,,,0,70,,34388,47,,,0,29,,34389,47,,,0,70,,34390,47,,,0,30,,34391,47,,,0,70,,34392,47,,,0,30,,34393,47,,,0,61,,34394,47,,,0
579401,'2',543,,34433,47,,,0,70,,34432,47,,,0,30,,34431,47,,,0,70,,34430,47,,,0,30,,34429,47,,,0,70,,34428,47,,,0,30,,34427,47,,,0,70,,34426,47,,,0,32,,34425,47,,,0,70,,34424,47,,,0,30,,34423,47,,,0,70,,34422,47,,,0,30,,34421,47,,,0,70,,34420,47,,,0,30,,34419,47,,,0,70,,34418,47,,,0,30,,34417,47,,,0,70,,34416,47,,,0,30,,34415,47,,,0,70,,34414,47,,,0,30,,34413,47,,,0,70,,34412,47,,,0,30,,34411,47,,,0,70,,34410,47,,,0,30,,34409,47,,,0,70,,34408,47,,,0,30,,34407,47,,,0,73,,34406,47,,,0,30,,34405,47,,,0,70,,34404,47,,,0,30,,34403,47,,,0,70,,34402,47,,,0,30,,34401,47,,,0,70,,34400,47,,,0,30,,34399,47,,,0,70,,34398,47,,,0,30,,34397,47,,,0,70,,34396,47,,,0,30,,34395,47,,,0
579401,'3',603,,34470,47,,,0,30,,34469,47,,,0,70,,34468,47,,,0,30,,34467,47,,,0,70,,34466,47,,,0,30,,34465,47,,,0,70,,34464,47,,,0,29,,34463,47,,,0,70,,34462,47,,,0,30,,34461,47,,,0,70,,34460,47,,,0,30,,34459,47,,,0,70,,34458,47,,,0,30,,34457,47,,,0,70,,34456,47,,,0,30,,34455,47,,,0,70,,34454,47,,,0,30,,34453,47,,,0,70,,34452,47,,,0,30,,34451,47,,,0,70,,34450,47,,,0,30,,34449,47,,,0,70,,34448,47,,,0,30,,34447,47,,,0,70,,34446,47,,,0,30,,34445,47,,,0,70,,34444,47,,,0,29,,34443,47,,,0,70,,34442,47,,,0,30,,34441,47,,,0,70,,34440,47,,,0,30,,34439,47,,,0,70,,34438,47,,,0,30,,34437,47,,,0,70,,34436,47,,,0,25,,34435,47,,,0,22,,34434,47,,,0
579401,'4',623,,34471,47,,,0,25,,34472,47,,,0,70,,34473,47,,,0,30,,34474,47,,,0,70,,34475,47,,,0,30,,34476,47,,,0,68,,34477,47,,,0,30,,34478,47,,,0,70,,34479,47,,,0,30,,34480,47,,,0,70,,34481,47,,,0,30,,34482,47,,,0,70,,34483,47,,,0,30,,34484,47,,,0,70,,34485,47,,,0,30,,34486,47,,,0,70,,34487,47,,,0,30,,34488,47,,,0,70,,34489,47,,,0,30,,34490,47,,,0,70,,34491,47,,,0,30,,34492,47,,,0,70,,34493,47,,,0,30,,34494,47,,,0,70,,34500,47,,,0,32,,34495,47,,,0,70,,34496,47,,,0,30,,34497,47,,,0,70,,34498,47,,,0,30,,34499,47,,,0,63,,34501,47,,,0
579401,'6',543,,34540,47,,,0,70,,34539,47,,,0,30,,34538,47,,,0,70,,34537,47,,,0,30,,34536,47,,,0,70,,34535,47,,,0,30,,34534,47,,,0,70,,34533,47,,,0,32,,34532,47,,,0,70,,34531,47,,,0,30,,34530,47,,,0,70,,34529,47,,,0,30,,34528,47,,,0,70,,34527,47,,,0,30,,34526,47,,,0,70,,34525,47,,,0,30,,34524,47,,,0,70,,34523,47,,,0,30,,34522,47,,,0,70,,34521,47,,,0,30,,34520,47,,,0,70,,34519,47,,,0,30,,34518,47,,,0,70,,34517,47,,,0,30,,34516,47,,,0,70,,34515,47,,,0,30,,34514,47,,,0,73,,34513,47,,,0,30,,34512,47,,,0,70,,34511,47,,,0,30,,34510,47,,,0,70,,34509,47,,,0,30,,34508,47,,,0,70,,34507,47,,,0,30,,34506,47,,,0,70,,34505,47,,,0,30,,34504,47,,,0,70,,34503,47,,,0,30,,34502,47,,,0
580101,'1',525,,37315,38,,,0,20,,37316,38,,,0,60,,37317,38,,,0,20,,37318,38,,,0,20,,37319,38,,,0,60,,37320,38,,,0,15,,37321,38,,,0,19,,37322,38,,,0,15,,37323,38,,,0,55,,37324,38,,,0,18,,37325,38,,,0,20,,37326,38,,,0,60,,37327,38,,,0,19,,37328,38,,,0,20,,37329,38,,,0,60,,37330,38,,,0,20,,37331,38,,,0,20,,37332,38,,,0,60,,37333,38,,,0,20,,37334,38,,,0,20,,37335,38,,,0,60,,37336,38,,,0,20,,37337,38,,,0,20,,37338,38,,,0,60,,37339,38,,,0,20,,37340,38,,,0,20,,37341,38,,,0,60,,37342,38,,,0,15,,37343,38,,,0,15,,37344,38,,,0,15,,37345,38,,,0,55,,37346,38,,,0,15,,37347,38,,,0,15,,37348,38,,,0,15,,37349,38,,,0,55,,37350,38,,,0,15,,37351,38,,,0,15,,37352,38,,,0,15,,37353,38,,,0,55,,37354,38,,,0,15,,37355,38,,,0,15,,37356,38,,,0,15,,37357,38,,,0,55,,37358,38,,,0,30,,37359,38,,,0,70,,37360,38,,,0,30,,37361,38,,,0,70,,37362,38,,,0,26,,37363,38,,,0,70,,37364,38,,,0,45,,37365,38,,,0,80,,37366,38,,,0,80,,37367,38,,,0,40,,37368,38,,,0,80,,37369,38,,,0,80,,37370,38,,,0
580101,'2',526,,37406,38,,,0,30,,37407,38,,,0,70,,37371,38,,,0,30,,37372,38,,,0,70,,37373,38,,,0,30,,37374,38,,,0,70,,37375,38,,,0,30,,37376,38,,,0,73,,37377,38,,,0,30,,37378,38,,,0,70,,37379,38,,,0,30,,37380,38,,,0,70,,37381,38,,,0,30,,37382,38,,,0,70,,37383,38,,,0,30,,37384,38,,,0,70,,37385,38,,,0,30,,37386,38,,,0,70,,37387,38,,,0,30,,37388,38,,,0,70,,37389,38,,,0,30,,37390,38,,,0,70,,37391,38,,,0,30,,37392,38,,,0,70,,37393,38,,,0,30,,37394,38,,,0,70,,37395,38,,,0,30,,37396,38,,,0,70,,37397,38,,,0,30,,37398,38,,,0,67,,37399,38,,,0,30,,37400,38,,,0,70,,37401,38,,,0,30,,37402,38,,,0,70,,37403,38,,,0,80,,37404,38,,,0,40,,37405,38,,,0,80,,37408,38,,,0,80,,37409,38,,,0
580101,'3',612,,37410,38,,,0,30,,37411,38,,,0,70,,37412,38,,,0,30,,37413,38,,,0,70,,37414,38,,,0,30,,37415,38,,,0,70,,37416,38,,,0,33,,37417,38,,,0,70,,37418,38,,,0,30,,37419,38,,,0,70,,37420,38,,,0,30,,37421,38,,,0,70,,37422,38,,,0,30,,37423,38,,,0,70,,37424,38,,,0,30,,37425,38,,,0,70,,37426,38,,,0,30,,37427,38,,,0,70,,37428,38,,,0,30,,37429,38,,,0,70,,37430,38,,,0,30,,37431,38,,,0,70,,37432,38,,,0,30,,37433,38,,,0,70,,37434,38,,,0,30,,37435,38,,,0,70,,37436,38,,,0,30,,37437,38,,,0,70,,37438,38,,,0,26,,37439,38,,,0,70,,37440,38,,,0,35,,37441,38,,,0,80,,37442,38,,,0,80,,37443,38,,,0,40,,37444,38,,,0,75,,37445,38,,,0
580101,'4',649,,37467,38,,,0,80,,37466,38,,,0,80,,37446,38,,,0,40,,37447,38,,,0,80,,37448,38,,,0,80,,37449,38,,,0,40,,37450,38,,,0,80,,37451,38,,,0,80,,37452,38,,,0,40,,37453,38,,,0,80,,37454,38,,,0,80,,37455,38,,,0,40,,37456,38,,,0,80,,37457,38,,,0,80,,37458,38,,,0,40,,37459,38,,,0,80,,37460,38,,,0,80,,37461,38,,,0,40,,37462,38,,,0,80,,37463,38,,,0,80,,37464,38,,,0,40,,37465,38,,,0
580101,'6',612,,37468,38,,,0,30,,37469,38,,,0,70,,37470,38,,,0,30,,37471,38,,,0,70,,37472,38,,,0,30,,37473,38,,,0,70,,37474,38,,,0,33,,37475,38,,,0,70,,37476,38,,,0,30,,37477,38,,,0,70,,37478,38,,,0,30,,37479,38,,,0,70,,37480,38,,,0,30,,37481,38,,,0,70,,37482,38,,,0,30,,37483,38,,,0,70,,37484,38,,,0,30,,37485,38,,,0,70,,37486,38,,,0,30,,37487,38,,,0,70,,37488,38,,,0,30,,37489,38,,,0,70,,37490,38,,,0,30,,37491,38,,,0,70,,37492,38,,,0,30,,37493,38,,,0,70,,37494,38,,,0,30,,37495,38,,,0,70,,37496,38,,,0,26,,37497,38,,,0,70,,37498,38,,,0,35,,37499,38,,,0,80,,37500,38,,,0,80,,37501,38,,,0,40,,37502,38,,,0,75,,37503,38,,,0
580301,'1',457,,38076,28,,,0,75,,38077,28,,,0,23,,38078,31,,,0,62,,38079,28,,,0,19,,38080,31,,,0,20,,38081,28,,,0,60,,38082,31,,,0,17,,38083,28,,,0,15,,38084,31,,,0,55,,38085,28,,,0,15,,38086,31,,,0,15,,38087,28,,,0,15,,38088,31,,,0,55,,38089,28,,,0,15,,38090,31,,,0,15,,38091,28,,,0,15,,38092,31,,,0,55,,38093,28,,,0,17,,38094,31,,,0,20,,38095,28,,,0,60,,38096,31,,,0,20,,38097,28,,,0,20,,38098,31,,,0,60,,38099,28,,,0,20,,38100,31,,,0,20,,38101,28,,,0,60,,38102,31,,,0,20,,38103,28,,,0,20,,38104,31,,,0,60,,38105,28,,,0,16,,38106,31,,,0,12,,38107,28,,,0,15,,38108,31,,,0,15,,38109,28,,,0,55,,38110,31,,,0,15,,38111,28,,,0,15,,38112,31,,,0,15,,38113,28,,,0,55,,38114,31,,,0,15,,38115,28,,,0,15,,38116,31,,,0,15,,38117,28,,,0,55,,38118,31,,,0,18,,38119,28,,,0,15,,38120,31,,,0,55,,38121,28,,,0,15,,38122,31,,,0,15,,38123,28,,,0,15,,38124,31,,,0,55,,38125,28,,,0,15,,38126,31,,,0,15,,38127,28,,,0,20,,38128,31,,,0,60,,38129,28,,,0,20,,38130,31,,,0,20,,38131,28,,,0,60,,38132,31,,,0,20,,38133,28,,,0,16,,38134,31,,,0,71,,38135,28,,,0,30,,38136,31,,,0,70,,38137,28,,,0,30,,38138,31,,,0,68,,38139,28,,,0,28,,38140,31,,,0,68,,38141,28,,,0
580301,'2',534,,38165,31,,,0,70,,38158,28,,,0,30,,38178,31,,,0,70,,38179,28,,,0,30,,38180,31,,,0,70,,38181,28,,,0,30,,38163,31,,,0,70,,38164,28,,,0,29,,38147,31,,,0,70,,38175,28,,,0,24,,38176,31,,,0,20,,38177,28,,,0,60,,38172,31,,,0,20,,38173,28,,,0,20,,38174,31,,,0,60,,38166,28,,,0,20,,38167,31,,,0,20,,38168,28,,,0,60,,38169,31,,,0,20,,38170,28,,,0,20,,38171,31,,,0,60,,38182,28,,,0,20,,38185,31,,,0,20,,38156,28,,,0,60,,38157,31,,,0,20,,38155,28,,,0,20,,38152,31,,,0,60,,38153,28,,,0,20,,38150,31,,,0,20,,38151,28,,,0,60,,38154,31,,,0,21,,38145,28,,,0,20,,38159,31,,,0,60,,38161,28,,,0,20,,38162,31,,,0,20,,38160,28,,,0,60,,38186,31,,,0,30,,38187,28,,,0,70,,38183,31,,,0,30,,38184,28,,,0,70,,38149,31,,,0,30,,38146,28,,,0,70,,38190,31,,,0,31,,38142,28,,,0,70,,38143,31,,,0,30,,38144,28,,,0,70,,38188,31,,,0,30,,38189,28,,,0,70,,38148,31,,,0
580301,'3',616,,38208,31,,,0,30,,38207,28,,,0,70,,38206,31,,,0,30,,38205,28,,,0,70,,38204,31,,,0,30,,38203,28,,,0,70,,38202,31,,,0,30,,38201,28,,,0,72,,38209,31,,,0,20,,38222,28,,,0,20,,38210,28,,,0,60,,38223,31,,,0,20,,38211,28,,,0,20,,38224,31,,,0,60,,38212,28,,,0,20,,38225,31,,,0,20,,38213,28,,,0,60,,38226,31,,,0,20,,38214,28,,,0,20,,38227,31,,,0,60,,38215,28,,,0,20,,38228,31,,,0,20,,38216,28,,,0,60,,38229,31,,,0,20,,38217,28,,,0,20,,38230,31,,,0,60,,38218,28,,,0,20,,38231,31,,,0,20,,38219,28,,,0,60,,38232,31,,,0,20,,38220,28,,,0,20,,38233,31,,,0,60,,38221,28,,,0,20,,38234,31,,,0,19,,38235,28,,,0,59,,38200,31,,,0,31,,38199,28,,,0,69,,38198,31,,,0,31,,38197,28,,,0,69,,38196,31,,,0,31,,38195,28,,,0,67,,38194,31,,,0,31,,38193,28,,,0,69,,38192,31,,,0,31,,38191,28,,,0
580301,'4',617,,38236,31,,,0,30,,38251,28,,,0,70,,38237,31,,,0,30,,38252,28,,,0,70,,38238,31,,,0,30,,38253,28,,,0,70,,38239,31,,,0,30,,38254,28,,,0,70,,38240,31,,,0,30,,38255,28,,,0,70,,38241,31,,,0,30,,38256,28,,,0,70,,38242,31,,,0,30,,38257,28,,,0,70,,38243,31,,,0,30,,38258,28,,,0,70,,38244,31,,,0,30,,38259,28,,,0,70,,38245,31,,,0,30,,38260,28,,,0,70,,38246,31,,,0,30,,38261,28,,,0,70,,38247,31,,,0,30,,38262,28,,,0,70,,38248,31,,,0,30,,38263,28,,,0,70,,38249,31,,,0,30,,38264,28,,,0,70,,38250,31,,,0,30,,38265,28,,,0
580301,'6',616,,38283,31,,,0,30,,38282,28,,,0,70,,38281,31,,,0,30,,38280,28,,,0,70,,38279,31,,,0,30,,38278,28,,,0,70,,38277,31,,,0,30,,38276,28,,,0,72,,38284,31,,,0,20,,38297,28,,,0,20,,38285,28,,,0,60,,38298,31,,,0,20,,38286,28,,,0,20,,38299,31,,,0,60,,38287,28,,,0,20,,38300,31,,,0,20,,38288,28,,,0,60,,38301,31,,,0,20,,38289,28,,,0,20,,38302,31,,,0,60,,38290,28,,,0,20,,38303,31,,,0,20,,38291,28,,,0,60,,38304,31,,,0,20,,38292,28,,,0,20,,38305,31,,,0,60,,38293,28,,,0,20,,38306,31,,,0,20,,38294,28,,,0,60,,38307,31,,,0,20,,38295,28,,,0,20,,38308,31,,,0,60,,38296,28,,,0,20,,38309,31,,,0,19,,38310,28,,,0,59,,38275,31,,,0,31,,38274,28,,,0,69,,38273,31,,,0,31,,38272,28,,,0,69,,38271,31,,,0,31,,38270,28,,,0,67,,38269,31,,,0,31,,38268,28,,,0,69,,38267,31,,,0,31,,38266,28,,,0
