578301,'1',508,,31014,17,0,33 4 34,0,35,,31017,17,0,33 4 34,0,63,,31020,17,0,33 4 34,0,15,,31022,17,0,33 4 34,0,15,,31024,17,0,33 4 34,0,15,,31026,17,0,33 4 34,0,55,,31028,17,0,33 4 34,0,15,,31030,17,0,33 4 34,0,15,,31032,17,0,33 4 34,0,15,,31034,17,0,33 4 34,0,55,,31036,17,0,33 4 34,0,15,,31038,17,0,33 4 34,0,15,,31040,17,0,33 4 34,0,15,,31042,17,0,33 4 34,0,55,,31044,17,0,33 4 34,0,15,,31046,17,0,33 4 34,0,15,,31048,17,0,17 18 4 19,0,16,,31050,17,0,33 4 34,0,70,,31053,17,0,33 4 34,0,30,,31056,17,0,33 4 34,0,70,,31059,17,0,33 4 34,0,30,,31062,17,0,33 4 34,0,70,,31065,17,0,33 4 34,0,30,,31068,17,0,33 4 34,0,70,,31071,17,0,33 4 34,0,28,,31074,17,0,33 4 34,0,58,,31076,17,0,33 4 34,0,15,,31078,17,0,33 4 34,0,15,,31080,17,0,33 4 34,0,15,,31082,17,0,33 4 34,0,55,,31084,17,0,33 4 34,0,15,,31086,17,0,33 4 34,0,15,,31088,17,0,33 4 34,0,15,,31090,17,0,33 4 34,0,55,,31092,17,0,33 4 34,0,15,,31094,17,0,33 4 34,0,15,,31096,17,0,33 4 34,0,15,,31098,17,0,33 4 34,0,55,,31100,17,0,33 4 34,0,14,,31102,17,0,33 4 34,0,18,,31104,17,0,33 4 34,0,15,,31106,17,0,33 4 34,0,50,,31108,17,0,17 18 4 19,0,21,,31110,17,0,33 4 34,0,12,,31112,17,0,17 18 4 19,0,62,,31114,17,0,33 4 34,0,24,,31117,17,0,33 4 34,0,76,,31121,17,0,33 4 34,0,30,,31124,17,0,33 4 34,0,70,,31127,17,0,33 4 34,0,30,,31130,17,0,33 4 34,0,19,,31132,17,0,33 4 34,0,85,,31135,17,0,33 4 34,0,85,,31139,17,0,33 4 34,0,40,,31142,17,0,33 4 34,0,85,,31144,17,0,33 4 34,0
578301,'2',445,,31151,17,0,33 4 34,0,76,,31154,17,0,33 4 34,0,36,,31157,17,0,33 4 34,0,76,,31160,17,0,33 4 34,0,76,,31163,17,0,33 4 34,0,29,,31166,17,0,33 4 34,0,76,,31169,17,0,33 4 34,0,36,,31172,17,0,33 4 34,0,76,,31175,17,0,33 4 34,0,76,,31178,17,0,33 4 34,0,36,,31181,17,0,33 4 34,0,76,,31184,17,0,33 4 34,0,36,,31187,17,0,33 4 34,0,76,,31190,17,0,33 4 34,0,76,,31193,17,0,33 4 34,0,36,,31196,17,0,33 4 34,0,76,,31199,17,0,33 4 34,0,36,,31202,17,0,33 4 34,0,76,,31205,17,0,33 4 34,0,76,,31208,17,0,33 4 34,0,36,,31211,17,0,33 4 34,0,76,,31214,17,0,33 4 34,0,36,,31217,17,0,33 4 34,0,76,,31220,17,0,33 4 34,0,79,,31223,17,0,33 4 34,0,36,,31226,17,0,33 4 34,0,76,,31229,17,0,33 4 34,0,86,,31232,17,0,33 4 34,0,33,,31234,17,0,33 4 34,0,85,,31237,17,0,33 4 34,0,85,,31240,17,0,33 4 34,0,45,,31243,17,0,33 4 34,0,90,,31246,17,0,33 4 34,0
578301,'3',522,,31254,17,0,33 4 34,0,85,,31258,17,0,33 4 34,0,45,,31261,17,0,33 4 34,0,85,,31264,17,0,33 4 34,0,85,,31267,17,0,33 4 34,0,85,,31270,17,0,33 4 34,0,31,,31273,17,0,33 4 34,0,76,,31276,17,0,33 4 34,0,36,,31279,17,0,33 4 34,0,76,,31282,17,0,33 4 34,0,76,,31285,17,0,33 4 34,0,36,,31288,17,0,33 4 34,0,76,,31291,17,0,33 4 34,0,36,,31294,17,0,33 4 34,0,76,,31297,17,0,33 4 34,0,76,,31300,17,0,33 4 34,0,36,,31303,17,0,33 4 34,0,76,,31306,17,0,33 4 34,0,36,,31309,17,0,33 4 34,0,76,,31312,17,0,33 4 34,0,77,,31315,17,0,33 4 34,0,36,,31318,17,0,33 4 34,0,78,,31321,17,0,33 4 34,0,85,,31324,17,0,33 4 34,0,45,,31327,17,0,33 4 34,0,90,,31330,17,0,33 4 34,0,85,,31333,17,0,33 4 34,0,85,,31336,17,0,33 4 34,0,30,,31338,17,0,33 4 34,0
578301,'4',530,,31407,17,0,33 4 34,0,26,,31344,17,0,33 4 34,0,66,,31347,17,0,33 4 34,0,85,,31350,17,0,33 4 34,0,45,,31353,17,0,33 4 34,0,85,,31356,17,0,33 4 34,0,85,,31359,17,0,33 4 34,0,80,,31362,17,0,33 4 34,0,45,,31365,17,0,33 4 34,0,85,,31368,17,0,33 4 34,0,85,,31371,17,0,33 4 34,0,85,,31374,17,0,33 4 34,0,45,,31377,17,0,33 4 34,0,85,,31380,17,0,33 4 34,0,85,,31383,17,0,33 4 34,0,85,,31386,17,0,33 4 34,0,45,,31389,17,0,33 4 34,0,91,,31392,17,0,33 4 34,0,85,,31395,17,0,33 4 34,0,85,,31398,17,0,33 4 34,0,45,,31401,17,0,33 4 34,0,85,,31405,17,0,33 4 34,0
578301,'6',522,,31411,17,0,33 4 34,0,85,,31415,17,0,33 4 34,0,45,,31418,17,0,33 4 34,0,85,,31421,17,0,33 4 34,0,85,,31424,17,0,33 4 34,0,85,,31427,17,0,33 4 34,0,31,,31430,17,0,33 4 34,0,76,,31433,17,0,33 4 34,0,36,,31436,17,0,33 4 34,0,76,,31439,17,0,33 4 34,0,76,,31442,17,0,33 4 34,0,36,,31445,17,0,33 4 34,0,76,,31448,17,0,33 4 34,0,36,,31451,17,0,33 4 34,0,76,,31454,17,0,33 4 34,0,76,,31457,17,0,33 4 34,0,36,,31460,17,0,33 4 34,0,76,,31463,17,0,33 4 34,0,36,,31466,17,0,33 4 34,0,76,,31469,17,0,33 4 34,0,77,,31472,17,0,33 4 34,0,36,,31475,17,0,33 4 34,0,78,,31478,17,0,33 4 34,0,85,,31481,17,0,33 4 34,0,45,,31484,17,0,33 4 34,0,90,,31487,17,0,33 4 34,0,85,,31490,17,0,33 4 34,0,85,,31493,17,0,33 4 34,0,30,,31495,17,0,33 4 34,0
580801,'14601',506,,39528,6,,,0,20,,39522,6,,,0,20,,39523,6,,,0,60,,39524,6,,,0,20,,39525,6,,,0,20,,39526,6,,,0,60,,39527,6,,,0,20,,39520,6,,,0,19,,39521,6,,,0,10,,39423,6,,,0,50,,39454,6,,,0,10,,39424,6,,,0,8,,39455,6,,,0,7,,39425,6,,,0,8,,39456,6,,,0,9,,39426,6,,,0,8,,39457,6,,,0,47,,39427,6,,,0,8,,39458,6,,,0,5,,39428,6,,,0,8,,39459,6,,,0,7,,39460,6,,,0,8,,39461,6,,,0,13,,39462,6,,,0,52,,39429,6,,,0,10,,39430,6,,,0,10,,39431,6,,,0,10,,39432,6,,,0,10,,39433,6,,,0,10,,39434,6,,,0,50,,39435,6,,,0,10,,39436,6,,,0,10,,39437,6,,,0,10,,39438,6,,,0,10,,39439,6,,,0,10,,39440,6,,,0,50,,39441,6,,,0,10,,39442,6,,,0,10,,39443,6,,,0,10,,39444,6,,,0,10,,39445,6,,,0,10,,39446,6,,,0,50,,39447,6,,,0,10,,39448,6,,,0,10,,39449,6,,,0,10,,39450,6,,,0,10,,39451,6,,,0,10,,39452,6,,,0,50,,39453,6,,,0,10,,39488,6,,,0,9,,39489,6,,,0,8,,39492,6,,,0,7,,39490,6,,,0,8,,39493,6,,,0,7,,39491,6,,,0,48,,39463,6,,,0,7,,39476,6,,,0,8,,39464,6,,,0,7,,39477,6,,,0,8,,39465,6,,,0,7,,39478,6,,,0,8,,39466,6,,,0,7,,39479,6,,,0,48,,39467,6,,,0,7,,39480,6,,,0,8,,39468,6,,,0,7,,39481,6,,,0,8,,39469,6,,,0,7,,39482,6,,,0,8,,39470,6,,,0,7,,39483,6,,,0,48,,39471,6,,,0,7,,39484,6,,,0,8,,39472,6,,,0,7,,39485,6,,,0,8,,39473,6,,,0,8,,39486,6,,,0,8,,39474,6,,,0,7,,39487,6,,,0,48,,39475,6,,,0,8,,39503,6,,,0,10,,39504,6,,,0,10,,39505,6,,,0,10,,39506,6,,,0,10,,39507,6,,,0,10,,39494,6,,,0,56,,39495,6,,,0,15,,39496,6,,,0,15,,39498,6,,,0,55,,39499,6,,,0,15,,39500,6,,,0,15,,39501,6,,,0,15,,39502,6,,,0,55,,39497,6,,,0,15,,39515,6,,,0,15,,39516,6,,,0,15,,39519,6,,,0,58,,39517,6,,,0,22,,39518,6,,,0,30,,39508,6,,,0,70,,39509,6,,,0,30,,39510,6,,,0,70,,39511,6,,,0,30,,39512,6,,,0,70,,39513,6,,,0,30,,39514,6,,,0
580801,'14602',522,,39559,6,,,0,30,,39560,6,,,0,70,,39561,6,,,0,30,,39562,6,,,0,70,,39563,6,,,0,30,,39564,6,,,0,70,,39565,6,,,0,30,,39566,6,,,0,68,,39567,6,,,0,30,,39568,6,,,0,70,,39569,6,,,0,30,,39570,6,,,0,70,,39558,6,,,0,30,,39541,6,,,0,70,,39542,6,,,0,30,,39543,6,,,0,70,,39544,6,,,0,30,,39545,6,,,0,70,,39546,6,,,0,30,,39547,6,,,0,70,,39548,6,,,0,30,,39549,6,,,0,70,,39550,6,,,0,30,,39551,6,,,0,70,,39552,6,,,0,30,,39553,6,,,0,70,,39554,6,,,0,33,,39555,6,,,0,70,,39556,6,,,0,30,,39557,6,,,0,70,,39540,6,,,0,30,,39539,6,,,0,70,,39538,6,,,0,30,,39537,6,,,0,72,,39536,6,,,0,30,,39535,6,,,0,70,,39534,6,,,0,30,,39533,6,,,0,70,,39532,6,,,0,30,,39531,6,,,0,70,,39530,6,,,0,30,,39529,6,,,0
580801,'14603',622,,39596,6,,,0,30,,39597,6,,,0,70,,39598,6,,,0,30,,39599,6,,,0,70,,39600,6,,,0,30,,39601,6,,,0,68,,39602,6,,,0,30,,39603,6,,,0,70,,39604,6,,,0,30,,39605,6,,,0,70,,39571,6,,,0,30,,39588,6,,,0,70,,39587,6,,,0,30,,39586,6,,,0,70,,39585,6,,,0,30,,39584,6,,,0,70,,39583,6,,,0,30,,39582,6,,,0,70,,39581,6,,,0,30,,39580,6,,,0,70,,39579,6,,,0,30,,39578,6,,,0,70,,39577,6,,,0,30,,39576,6,,,0,70,,39575,6,,,0,33,,39574,6,,,0,70,,39573,6,,,0,30,,39572,6,,,0,70,,39589,6,,,0,30,,39590,6,,,0,70,,39591,6,,,0,30,,39592,6,,,0,72,,39593,6,,,0,30,,39594,6,,,0,70,,39595,6,,,0,30,,39606,6,,,0
580801,'14604',622,,39627,6,,,0,30,,39628,6,,,0,70,,39629,6,,,0,30,,39630,6,,,0,70,,39631,6,,,0,30,,39632,6,,,0,68,,39633,6,,,0,30,,39634,6,,,0,70,,39635,6,,,0,30,,39636,6,,,0,70,,39607,6,,,0,30,,39624,6,,,0,70,,39623,6,,,0,30,,39622,6,,,0,70,,39621,6,,,0,30,,39620,6,,,0,70,,39619,6,,,0,30,,39618,6,,,0,70,,39617,6,,,0,30,,39616,6,,,0,70,,39615,6,,,0,30,,39614,6,,,0,70,,39613,6,,,0,30,,39612,6,,,0,70,,39611,6,,,0,33,,39610,6,,,0,70,,39609,6,,,0,30,,39608,6,,,0,70,,39625,6,,,0,30,,39626,6,,,0
580801,'14606',622,,39662,6,,,0,30,,39663,6,,,0,70,,39664,6,,,0,30,,39665,6,,,0,70,,39666,6,,,0,30,,39667,6,,,0,68,,39668,6,,,0,30,,39669,6,,,0,70,,39670,6,,,0,30,,39671,6,,,0,70,,39637,6,,,0,30,,39654,6,,,0,70,,39653,6,,,0,30,,39652,6,,,0,70,,39651,6,,,0,30,,39650,6,,,0,70,,39649,6,,,0,30,,39648,6,,,0,70,,39647,6,,,0,30,,39646,6,,,0,70,,39645,6,,,0,30,,39644,6,,,0,70,,39643,6,,,0,30,,39642,6,,,0,70,,39641,6,,,0,33,,39640,6,,,0,70,,39639,6,,,0,30,,39638,6,,,0,70,,39655,6,,,0,30,,39656,6,,,0,70,,39657,6,,,0,30,,39658,6,,,0,72,,39659,6,,,0,30,,39660,6,,,0,70,,39661,6,,,0,30,,39672,6,,,0
582800,'1',643,,40229,6,,,0,15,,40231,6,,,0,55,,40233,6,,,0,15,,40235,6,,,0,15,,40237,6,,,0,15,,40239,6,,,0,55,,40241,6,,,0,15,,40243,6,,,0,14,,40245,6,,,0,11,,40247,6,,,0,52,,40249,6,,,0,12,,40251,6,,,0,12,,40253,6,,,0,12,,40255,6,,,0,12,,40257,6,,,0,52,,40259,6,,,0,12,,40261,6,,,0,12,,40263,6,,,0,12,,40265,6,,,0,12,,40267,6,,,0,52,,40269,6,,,0,12,,40271,6,,,0,12,,40273,6,,,0,12,,40275,6,,,0,12,,40277,6,,,0,52,,40279,6,,,0,12,,40281,6,,,0,12,,40283,6,,,0,12,,40285,6,,,0,12,,40287,6,,,0,52,,40289,6,,,0,12,,40291,6,,,0,12,,40293,6,,,0,12,,40295,6,,,0,8,,40297,6,,,0,52,,40299,6,,,0,12,,40301,6,,,0,12,,40303,6,,,0,12,,40305,6,,,0,12,,40307,6,,,0,52,,40309,6,,,0,12,,40311,6,,,0,12,,40313,6,,,0,13,,40315,6,,,0,12,,40317,6,,,0,52,,40319,6,,,0,12,,40321,6,,,0,12,,40323,6,,,0,12,,40325,6,,,0,12,,40327,6,,,0,52,,40329,6,,,0,16,,40331,6,,,0,12,,40333,6,,,0,12,,40335,6,,,0,12,,40337,6,,,0,52,,40215,6,,,0,12,,40339,6,,,0,12,,40341,6,,,0
