579801,'1',517,,35991,1,,,0,20,,35992,1,,,0,20,,35993,1,,,0,60,,35994,1,,,0,20,,35995,1,,,0,16,,35996,1,,,0,56,,35997,1,,,0,14,,35998,1,,,0,12,,35999,1,,,0,12,,36000,1,,,0,12,,36001,1,,,0,52,,36002,1,,,0,12,,36003,1,,,0,14,,36004,1,,,0,12,,36005,1,,,0,52,,36006,1,,,0,12,,36007,1,,,0,13,,36008,1,,,0,15,,36009,1,,,0,15,,36010,1,,,0,55,,36011,1,,,0,15,,36012,1,,,0,15,,36013,1,,,0,15,,36014,1,,,0,55,,36015,1,,,0,15,,36016,1,,,0,15,,36017,1,,,0,15,,36018,1,,,0,55,,36019,1,,,0,15,,36020,1,,,0,15,,36021,1,,,0,15,,36022,1,,,0,55,,36023,1,,,0,15,,36024,1,,,0,15,,36025,1,,,0,15,,36026,1,,,0,55,,36027,1,,,0,15,,36028,1,,,0,15,,36029,1,,,0,15,,36030,1,,,0,52,,36031,1,,,0,12,,36032,1,,,0,12,,36033,1,,,0,12,,36034,1,,,0,12,,36035,1,,,0,52,,36036,1,,,0,12,,36037,1,,,0,12,,36038,1,,,0,12,,36039,1,,,0,12,,36040,1,,,0,52,,36041,1,,,0,12,,36042,1,,,0,12,,36043,1,,,0,12,,36044,1,,,0,12,,36045,1,,,0,51,,36046,1,,,0,12,,36047,1,,,0,12,,36048,1,,,0,12,,36049,1,,,0,14,,36050,1,,,0,54,,36051,1,,,0,15,,36052,1,,,0,15,,36053,1,,,0,15,,36054,1,,,0,58,,36055,1,,,0,12,,36056,1,,,0,14,,36057,1,,,0,60,,36058,1,,,0,20,,36059,1,,,0,20,,36060,1,,,0,62,,36061,1,,,0,20,,36062,1,,,0,20,,36063,1,,,0,70,,36064,1,,,0,30,,36065,1,,,0,97,,36066,1,,,0
579801,'2',520,,36098,1,,,0,29,,36099,1,,,0,68,,36100,1,,,0,30,,36101,1,,,0,70,,36102,1,,,0,30,,36103,1,,,0,70,,36104,1,,,0,30,,36105,1,,,0,70,,36106,1,,,0,20,,36107,1,,,0,65,,36108,1,,,0,20,,36109,1,,,0,20,,36110,1,,,0,60,,36111,1,,,0,20,,36112,1,,,0,20,,36113,1,,,0,61,,36114,1,,,0,20,,36067,1,,,0,20,,36068,1,,,0,15,,36069,1,,,0,60,,36070,1,,,0,20,,36071,1,,,0,20,,36072,1,,,0,60,,36073,1,,,0,20,,36074,1,,,0,20,,36075,1,,,0,60,,36076,1,,,0,20,,36077,1,,,0,20,,36078,1,,,0,60,,36079,1,,,0,20,,36080,1,,,0,20,,36081,1,,,0,60,,36082,1,,,0,20,,36083,1,,,0,20,,36084,1,,,0,61,,36085,1,,,0,30,,36086,1,,,0,70,,36087,1,,,0,30,,36088,1,,,0,70,,36089,1,,,0,30,,36090,1,,,0,70,,36091,1,,,0,30,,36092,1,,,0,70,,36093,1,,,0,30,,36094,1,,,0,70,,36095,1,,,0,22,,36096,1,,,0,100,,36097,1,,,0
579801,'3',611,,36115,1,,,0,36,,36146,1,,,0,70,,36116,1,,,0,30,,36117,1,,,0,70,,36118,1,,,0,30,,36119,1,,,0,70,,36120,1,,,0,30,,36121,1,,,0,70,,36122,1,,,0,30,,36123,1,,,0,70,,36124,1,,,0,30,,36125,1,,,0,70,,36126,1,,,0,30,,36127,1,,,0,70,,36128,1,,,0,30,,36129,1,,,0,70,,36130,1,,,0,30,,36131,1,,,0,70,,36132,1,,,0,30,,36133,1,,,0,70,,36134,1,,,0,30,,36135,1,,,0,70,,36139,1,,,0,30,,36140,1,,,0,70,,36141,1,,,0,30,,36142,1,,,0,70,,36143,1,,,0,30,,36144,1,,,0,70,,36145,1,,,0,30,,36136,1,,,0,77,,36149,1,,,0,30,,36137,1,,,0,70,,36147,1,,,0,30,,36138,1,,,0,70,,36148,1,,,0
579801,'4',513,,36150,1,,,0,100,,36151,1,,,0,30,,36152,1,,,0,70,,36153,1,,,0,30,,36154,1,,,0,70,,36155,1,,,0,30,,36156,1,,,0,72,,36157,1,,,0,34,,36158,1,,,0,74,,36159,1,,,0,30,,36160,1,,,0,70,,36161,1,,,0,30,,36162,1,,,0,70,,36163,1,,,0,30,,36164,1,,,0,70,,36165,1,,,0,90,,36166,1,,,0,95,,36167,1,,,0,100,,36168,1,,,0,100,,36169,1,,,0,100,,36170,1,,,0,100,,36171,1,,,0,100,,36172,1,,,0
579801,'6',520,,36204,1,,,0,29,,36205,1,,,0,68,,36206,1,,,0,30,,36207,1,,,0,70,,36208,1,,,0,30,,36209,1,,,0,70,,36210,1,,,0,30,,36211,1,,,0,70,,36212,1,,,0,20,,36213,1,,,0,65,,36214,1,,,0,20,,36215,1,,,0,20,,36216,1,,,0,60,,36217,1,,,0,20,,36218,1,,,0,20,,36219,1,,,0,61,,36220,1,,,0,20,,36173,1,,,0,20,,36174,1,,,0,15,,36175,1,,,0,60,,36176,1,,,0,20,,36177,1,,,0,20,,36178,1,,,0,60,,36179,1,,,0,20,,36180,1,,,0,20,,36181,1,,,0,60,,36182,1,,,0,20,,36183,1,,,0,20,,36184,1,,,0,60,,36185,1,,,0,20,,36186,1,,,0,20,,36187,1,,,0,60,,36188,1,,,0,20,,36189,1,,,0,20,,36190,1,,,0,61,,36191,1,,,0,30,,36192,1,,,0,70,,36193,1,,,0,30,,36194,1,,,0,70,,36195,1,,,0,30,,36196,1,,,0,70,,36197,1,,,0,30,,36198,1,,,0,70,,36199,1,,,0,30,,36200,1,,,0,70,,36201,1,,,0,22,,36202,1,,,0,100,,36203,1,,,0
579900,'1',515,,36221,10,4,,0,20,,36222,10,4,,0,20,,36223,36,4,,0,65,,36224,36,4,,0,20,,36225,36,4,,0,12,,36226,36,4,,0,52,,36227,36,4,,0,22,,36228,36,4,,0,12,,36229,36,4,,0,12,,36230,36,4,,0,52,,36231,36,4,,0,12,,36232,36,4,,0,12,,36233,36,4,,0,12,,36234,36,4,,0,12,,36235,36,4,,0,52,,36236,36,4,,0,12,,36237,36,4,,0,7,,36238,36,4,,0,14,,36239,36,4,,0,15,,36240,36,4,,0,55,,36241,36,4,,0,15,,36242,36,4,,0,15,,36243,36,4,,0,15,,36244,36,4,,0,55,,36245,36,4,,0,15,,36246,36,4,,0,15,,36247,36,4,,0,15,,36248,36,4,,0,55,,36249,36,4,,0,15,,36250,36,4,,0,15,,36251,36,4,,0,15,,36252,36,4,,0,55,,36253,36,4,,0,15,,36254,36,4,,0,15,,36255,36,4,,0,15,,36256,36,4,,0,55,,36257,36,4,,0,15,,36258,36,4,,0,15,,36259,36,4,,0,18,,36260,36,4,,0,53,,36261,36,4,,0,12,,36262,36,4,,0,12,,36263,36,4,,0,12,,36264,36,4,,0,12,,36265,36,4,,0,52,,36266,36,4,,0,12,,36267,36,4,,0,12,,36268,36,4,,0,12,,36269,36,4,,0,12,,36270,36,4,,0,52,,36271,36,4,,0,12,,36272,36,4,,0,12,,36273,36,4,,0,12,,36274,36,4,,0,12,,36275,36,4,,0,52,,36276,36,4,,0,12,,36277,36,4,,0,12,,36278,36,4,,0,12,,36279,36,4,,0,14,,36280,36,4,,0,54,,36281,36,4,,0,15,,36282,36,4,,0,15,,36283,36,4,,0,15,,36284,36,4,,0,55,,36285,36,4,,0,10,,36286,36,4,,0,18,,36287,36,4,,0,20,,36288,36,4,,0,60,,36289,36,4,,0,20,,36290,36,4,,0,20,,36291,36,4,,0,60,,36292,36,4,,0,17,,36293,36,4,,0,70,,36294,36,4,,0,30,,36295,36,4,,0,70,,36298,36,4,,0,30,,36296,36,4,,0,90,,36297,36,4,,0
579900,'2',612,,36313,36,4,,0,33,,36314,36,4,,0,70,,36315,36,4,,0,30,,36316,36,4,,0,70,,36317,36,4,,0,25,,36318,36,4,,0,70,,36319,36,4,,0,25,,36320,36,4,,0,65,,36321,36,4,,0,20,,36322,36,4,,0,20,,36323,36,4,,0,60,,36324,36,4,,0,20,,36325,36,4,,0,20,,36326,36,4,,0,60,,36327,36,4,,0,20,,36328,36,4,,0,24,,36329,36,4,,0,60,,36330,36,4,,0,20,,36331,36,4,,0,20,,36332,36,4,,0,60,,36333,36,4,,0,20,,36334,36,4,,0,20,,36335,36,4,,0,60,,36336,36,4,,0,20,,36337,36,4,,0,20,,36338,36,4,,0,60,,36339,36,4,,0,20,,36340,36,4,,0,20,,36341,36,4,,0,60,,36342,36,4,,0,20,,36343,36,4,,0,20,,36344,36,4,,0,60,,36345,36,4,,0,20,,36299,36,4,,0,20,,36300,36,4,,0,70,,36301,36,4,,0,30,,36302,36,4,,0,70,,36303,36,4,,0,30,,36304,36,4,,0,70,,36305,36,4,,0,24,,36306,36,4,,0,70,,36307,36,4,,0,30,,36308,36,4,,0,70,,36309,36,4,,0,25,,36310,36,4,,0,90,,36311,36,4,,0,100,,36312,36,4,,0
579900,'3',637,,36378,36,4,,0,70,,36346,36,4,,0,30,,36347,36,4,,0,70,,36348,36,4,,0,30,,36349,36,4,,0,70,,36350,36,4,,0,33,,36351,36,4,,0,70,,36352,36,4,,0,30,,36353,36,4,,0,73,,36354,36,4,,0,30,,36355,36,4,,0,70,,36356,36,4,,0,30,,36357,36,4,,0,70,,36358,36,4,,0,30,,36359,36,4,,0,70,,36360,36,4,,0,30,,36361,36,4,,0,70,,36362,36,4,,0,30,,36363,36,4,,0,70,,36364,36,4,,0,30,,36365,36,4,,0,70,,36366,36,4,,0,30,,36367,36,4,,0,70,,36368,36,4,,0,30,,36372,36,4,,0,70,,36373,36,4,,0,30,,36374,36,4,,0,70,,36375,36,4,,0,30,,36376,36,4,,0,70,,36377,36,4,,0,24,,36369,36,4,,0,70,,36379,36,4,,0,30,,36370,36,4,,0,70,,36380,36,4,,0,30,,36371,36,4,,0,70,,36381,36,4,,0
579900,'4',637,,36382,36,4,,0,70,,36383,36,4,,0,30,,36384,36,4,,0,70,,36385,36,4,,0,30,,36386,36,4,,0,70,,36387,36,4,,0,33,,36388,36,4,,0,70,,36389,36,4,,0,30,,36390,36,4,,0,70,,36391,36,4,,0,30,,36392,36,4,,0,70,,36393,36,4,,0,30,,36394,36,4,,0,70,,36395,36,4,,0,30,,36396,36,4,,0,70,,36397,36,4,,0,45,,36398,36,4,,0,100,,36399,36,4,,0,100,,36400,36,4,,0,100,,36401,36,4,,0,97,,36402,36,4,,0,100,,36403,36,4,,0,100,,36404,36,4,,0
579900,'6',612,,36419,36,4,,0,33,,36420,36,4,,0,70,,36421,36,4,,0,30,,36422,36,4,,0,70,,36423,36,4,,0,25,,36424,36,4,,0,70,,36425,36,4,,0,25,,36426,36,4,,0,65,,36427,36,4,,0,20,,36428,36,4,,0,20,,36429,36,4,,0,60,,36430,36,4,,0,20,,36431,36,4,,0,20,,36432,36,4,,0,60,,36433,36,4,,0,20,,36434,36,4,,0,24,,36435,36,4,,0,60,,36436,36,4,,0,20,,36437,36,4,,0,20,,36438,36,4,,0,60,,36439,36,4,,0,20,,36440,36,4,,0,20,,36441,36,4,,0,60,,36442,36,4,,0,20,,36443,36,4,,0,20,,36444,36,4,,0,60,,36445,36,4,,0,20,,36446,36,4,,0,20,,36447,36,4,,0,60,,36448,36,4,,0,20,,36449,36,4,,0,20,,36450,36,4,,0,60,,36451,36,4,,0,20,,36405,36,4,,0,20,,36406,36,4,,0,70,,36407,36,4,,0,30,,36408,36,4,,0,70,,36409,36,4,,0,30,,36410,36,4,,0,70,,36411,36,4,,0,24,,36412,36,4,,0,70,,36413,36,4,,0,30,,36414,36,4,,0,70,,36415,36,4,,0,25,,36416,36,4,,0,90,,36417,36,4,,0,100,,36418,36,4,,0
