582800,'1',706,,40229,32,,,0,15,,40231,32,,,0,15,,40233,32,,,0,15,,40235,32,,,0,55,,40237,32,,,0,15,,40239,32,,,0,15,,40241,32,,,0,15,,40243,32,,,0,54,,40245,32,,,0,13,,40247,32,,,0,12,,40249,32,,,0,12,,40251,32,,,0,12,,40253,32,,,0,52,,40255,32,,,0,12,,40257,32,,,0,12,,40259,32,,,0,12,,40261,32,,,0,12,,40263,32,,,0,52,,40265,32,,,0,12,,40267,32,,,0,12,,40269,32,,,0,12,,40271,32,,,0,12,,40273,32,,,0,52,,40275,32,,,0,12,,40277,32,,,0,12,,40279,32,,,0,12,,40281,32,,,0,12,,40283,32,,,0,52,,40285,32,,,0,12,,40287,32,,,0,12,,40289,32,,,0,12,,40291,32,,,0,12,,40293,32,,,0,52,,40295,32,,,0,11,,40297,32,,,0,12,,40299,32,,,0,12,,40301,32,,,0,12,,40303,32,,,0,52,,40305,32,,,0,12,,40307,32,,,0,12,,40309,32,,,0,12,,40311,32,,,0,12,,40313,32,,,0,53,,40315,32,,,0,12,,40317,32,,,0,12,,40319,32,,,0,12,,40321,32,,,0,12,,40323,32,,,0,52,,40325,32,,,0,12,,40327,32,,,0,12,,40329,32,,,0,12,,40331,32,,,0,12,,40333,32,,,0,52,,40335,32,,,0,12,,40337,32,,,0,12,,40215,32,,,0,12,,40339,32,,,0,12,,40341,32,,,0
582900,'1',618,,41003,7,,,0,10,,41004,7,,,0,10,,41005,7,,,0,10,,41006,7,,,0,10,,41007,7,,,0,49,,41008,7,,,0,10,,41009,7,,,0,10,,41010,7,,,0,10,,41011,7,,,0,10,,41012,7,,,0,10,,41013,7,,,0,50,,41014,7,,,0,10,,41015,7,,,0,10,,41016,7,,,0,10,,41017,7,,,0,10,,41018,7,,,0,10,,41019,7,,,0,50,,41020,7,,,0,10,,41021,7,,,0,10,,41022,7,,,0,10,,41023,7,,,0,10,,41024,7,,,0,10,,41025,7,,,0,50,,41026,7,,,0,10,,41027,7,,,0,11,,41028,7,,,0,12,,41029,7,,,0,12,,41030,7,,,0,52,,41031,7,,,0,12,,41032,7,,,0,12,,41033,7,,,0,12,,41034,7,,,0,12,,41035,7,,,0,52,,41036,7,,,0,12,,41037,7,,,0,12,,41038,7,,,0,12,,41039,7,,,0,12,,41040,7,,,0,52,,41041,7,,,0,12,,41042,7,,,0,12,,41043,7,,,0,12,,41044,7,,,0,12,,41045,7,,,0,52,,41046,7,,,0,12,,41047,7,,,0,12,,41048,7,,,0,10,,41049,7,,,0,10,,41050,7,,,0,10,,41051,7,,,0,50,,41052,7,,,0,10,,41053,7,,,0,10,,41054,7,,,0,10,,41055,7,,,0,10,,41056,7,,,0,10,,41057,7,,,0,50,,41058,7,,,0,10,,41059,7,,,0,10,,41060,7,,,0,10,,41061,7,,,0,10,,41062,7,,,0,10,,41063,7,,,0,50,,41064,7,,,0,10,,41065,7,,,0,10,,41066,7,,,0,10,,41067,7,,,0,10,,41068,7,,,0,10,,41069,7,,,0,50,,41070,7,,,0,10,,41071,7,,,0,10,,41072,7,,,0,10,,41073,7,,,0,10,,41074,7,,,0,10,,41075,7,,,0,51,,41076,7,,,0,10,,41077,7,,,0,12,,41078,7,,,0,12,,41079,7,,,0,12,,41080,7,,,0,52,,41081,7,,,0,12,,41082,7,,,0,12,,41083,7,,,0,12,,41084,7,,,0,12,,41085,7,,,0,52,,41086,7,,,0,12,,41087,7,,,0,12,,41088,7,,,0,12,,41089,7,,,0,12,,41090,7,,,0,56,,41091,7,,,0,30,,41092,7,,,0,70,,41093,7,,,0,30,,41094,7,,,0,70,,41095,7,,,0,30,,41096,7,,,0,79,,41097,7,,,0
582900,'2',827,,41186,7,,,0,10,,41183,7,,,0,10,,41182,7,,,0,10,,41181,7,,,0,50,,41180,7,,,0,10,,41179,7,,,0,10,,41178,7,,,0,10,,41177,7,,,0,10,,41176,7,,,0,10,,41175,7,,,0,50,,41174,7,,,0,10,,41173,7,,,0,10,,41172,7,,,0,10,,41171,7,,,0,10,,41170,7,,,0,10,,41169,7,,,0,50,,41168,7,,,0,10,,41167,7,,,0,10,,41166,7,,,0,10,,41165,7,,,0,10,,41164,7,,,0,10,,41163,7,,,0,50,,41162,7,,,0,10,,41161,7,,,0,10,,41160,7,,,0,10,,41159,7,,,0,10,,41158,7,,,0,10,,41157,7,,,0,50,,41156,7,,,0,10,,41155,7,,,0,10,,41154,7,,,0,10,,41153,7,,,0,10,,41152,7,,,0,10,,41151,7,,,0,50,,41150,7,,,0,10,,41149,7,,,0,10,,41148,7,,,0,10,,41147,7,,,0,10,,41146,7,,,0,10,,41145,7,,,0,50,,41144,7,,,0,10,,41143,7,,,0,10,,41142,7,,,0,10,,41141,7,,,0,10,,41140,7,,,0,10,,41139,7,,,0,50,,41138,7,,,0,10,,41137,7,,,0,10,,41136,7,,,0,10,,41135,7,,,0,10,,41134,7,,,0,10,,41133,7,,,0,50,,41132,7,,,0,10,,41131,7,,,0,10,,41130,7,,,0,10,,41129,7,,,0,10,,41128,7,,,0,10,,41127,7,,,0,50,,41126,7,,,0,10,,41125,7,,,0,10,,41124,7,,,0,10,,41123,7,,,0,10,,41122,7,,,0,10,,41121,7,,,0,50,,41120,7,,,0,10,,41119,7,,,0,10,,41118,7,,,0,10,,41117,7,,,0,10,,41116,7,,,0,12,,41115,7,,,0,52,,41114,7,,,0,12,,41113,7,,,0,12,,41112,7,,,0,12,,41111,7,,,0,12,,41110,7,,,0,52,,41109,7,,,0,12,,41108,7,,,0,12,,41107,7,,,0,12,,41106,7,,,0,12,,41105,7,,,0,52,,41104,7,,,0,30,,41103,7,,,0,70,,41102,7,,,0,30,,41101,7,,,0,70,,41100,7,,,0,30,,41099,7,,,0,65,,41098,7,,,0
582900,'3',825,,41189,7,,,0,15,,41190,7,,,0,15,,41191,7,,,0,55,,41192,7,,,0,15,,41193,7,,,0,15,,41194,7,,,0,15,,41195,7,,,0,55,,41196,7,,,0,15,,41197,7,,,0,15,,41198,7,,,0,15,,41199,7,,,0,55,,41200,7,,,0,15,,41201,7,,,0,15,,41202,7,,,0,15,,41203,7,,,0,55,,41204,7,,,0,15,,41205,7,,,0,15,,41206,7,,,0,15,,41207,7,,,0,55,,41208,7,,,0,15,,41209,7,,,0,15,,41210,7,,,0,15,,41211,7,,,0,55,,41212,7,,,0,15,,41213,7,,,0,15,,41214,7,,,0,15,,41215,7,,,0,55,,41216,7,,,0,15,,41217,7,,,0,15,,41218,7,,,0,15,,41219,7,,,0,55,,41220,7,,,0,15,,41221,7,,,0,15,,41222,7,,,0,15,,41223,7,,,0,55,,41224,7,,,0,15,,41225,7,,,0,15,,41226,7,,,0,15,,41227,7,,,0,55,,41228,7,,,0,15,,41229,7,,,0,15,,41230,7,,,0,18,,41231,7,,,0,60,,41232,7,,,0,20,,41233,7,,,0,20,,41234,7,,,0,60,,41235,7,,,0,20,,41236,7,,,0,20,,41237,7,,,0,60,,41238,7,,,0,20,,41239,7,,,0,62,,41240,7,,,0,30,,41241,7,,,0,70,,41242,7,,,0,30,,41243,7,,,0,70,,41244,7,0,17 18 4 46,0
582900,'4',807,,41245,7,,,0,30,,41246,7,,,0,70,,41247,7,,,0,30,,41248,7,,,0,70,,41249,7,,,0,30,,41250,7,,,0,20,,41251,7,,,0,60,,41252,7,,,0,20,,41253,7,,,0,20,,41254,7,,,0,60,,41255,7,,,0,20,,41256,7,,,0,20,,41257,7,,,0,60,,41258,7,,,0,20,,41259,7,,,0,20,,41260,7,,,0,60,,41261,7,,,0,20,,41262,7,,,0,20,,41263,7,,,0,60,,41264,7,,,0,20,,41265,7,,,0,20,,41266,7,,,0,60,,41267,7,,,0,20,,41268,7,,,0,20,,41269,7,,,0,60,,41270,7,,,0,20,,41271,7,,,0,20,,41272,7,,,0,60,,41273,7,,,0,20,,41274,7,,,0,70,,41275,7,,,0,30,,41276,7,,,0,70,,41277,7,,,0,30,,41278,7,,,0,70,,41279,7,,,0
582900,'6',825,,41282,7,,,0,15,,41283,7,,,0,15,,41284,7,,,0,55,,41285,7,,,0,15,,41286,7,,,0,15,,41287,7,,,0,15,,41288,7,,,0,55,,41289,7,,,0,15,,41290,7,,,0,15,,41291,7,,,0,15,,41292,7,,,0,55,,41293,7,,,0,15,,41294,7,,,0,15,,41295,7,,,0,15,,41296,7,,,0,55,,41297,7,,,0,15,,41298,7,,,0,15,,41299,7,,,0,15,,41300,7,,,0,55,,41301,7,,,0,15,,41302,7,,,0,15,,41303,7,,,0,15,,41304,7,,,0,55,,41305,7,,,0,15,,41306,7,,,0,15,,41307,7,,,0,15,,41308,7,,,0,55,,41309,7,,,0,15,,41310,7,,,0,15,,41311,7,,,0,15,,41312,7,,,0,55,,41313,7,,,0,15,,41314,7,,,0,15,,41315,7,,,0,15,,41316,7,,,0,55,,41317,7,,,0,15,,41318,7,,,0,15,,41319,7,,,0,15,,41320,7,,,0,55,,41321,7,,,0,15,,41322,7,,,0,15,,41323,7,,,0,18,,41324,7,,,0,60,,41325,7,,,0,20,,41326,7,,,0,20,,41327,7,,,0,60,,41328,7,,,0,20,,41329,7,,,0,20,,41330,7,,,0,60,,41331,7,,,0,20,,41332,7,,,0,62,,41333,7,,,0,30,,41334,7,,,0,70,,41335,7,,,0,30,,41336,7,,,0,70,,41337,7,0,17 18 4 46,0
583500,'8501',1749,,42921,5,4,,0,110,,42920,5,4,,0,150,,42919,5,4,,0,110,,42918,5,4,,0,105,,42917,5,4,,0,100,,42916,5,4,,0
583500,'8502',1159,,42942,5,4,,0,150,,42941,5,4,,0,110,,42940,5,4,,0,110,,42939,5,4,,0,110,,42938,5,4,,0,110,,42937,5,4,,0,110,,42936,5,4,,0,150,,42935,5,4,,0,110,,42934,5,4,,0,105,,42933,5,4,,0,100,,42932,5,4,,0
583500,'8503',1159,,42949,5,4,,0,150,,42948,5,4,,0,110,,42947,5,4,,0,110,,42946,5,4,,0,110,,42945,5,4,,0,100,,42944,5,4,,0,100,,42943,5,4,,0
583600,'8202',1023,,42980,6,,,0,600,,42976,6,,,0,130,,42977,6,,,0,455,,42978,6,,,0,130,,42979,6,,,0
583600,'8203',1023,,42985,6,,,0,600,,42981,6,,,0,130,,42982,6,,,0,355,,42983,6,,,0,130,,42984,6,,,0
583600,'8303',1023,,42986,6,,,0,615,,42987,6,,,0,170,,42988,6,,,0
