579400,'1',535,,34117,51,,,0,65,,34118,51,,,0,20,,34119,51,,,0,20,,34120,51,,,0,60,,34121,51,,,0,15,,34122,51,,,0,22,,34123,51,,,0,15,,34124,51,,,0,55,,34125,51,,,0,15,,34126,51,,,0,15,,34127,51,,,0,15,,34128,51,,,0,55,,34129,51,,,0,15,,34130,51,,,0,15,,34131,51,,,0,15,,34132,51,,,0,55,,34133,51,,,0,15,,34134,51,,,0,17,,34135,51,,,0,15,,34136,51,,,0,55,,34137,51,,,0,15,,34138,51,,,0,15,,34139,51,,,0,15,,34140,51,,,0,55,,34141,51,,,0,15,,34142,51,,,0,15,,34143,51,,,0,15,,34144,51,,,0,55,,34145,51,,,0,15,,34146,51,,,0,15,,34147,51,,,0,15,,34148,51,,,0,55,,34149,51,,,0,15,,34150,51,,,0,20,,34151,51,,,0,15,,34152,51,,,0,55,,34153,51,,,0,15,,34154,51,,,0,15,,34155,51,,,0,15,,34156,51,,,0,55,,34157,51,,,0,15,,34158,51,,,0,15,,34159,51,,,0,15,,34160,51,,,0,55,,34161,51,,,0,15,,34162,51,,,0,15,,34163,51,,,0,15,,34164,51,,,0,55,,34165,51,,,0,15,,34166,51,,,0,15,,34167,51,,,0,70,,34168,51,,,0,22,,34169,51,,,0,70,,34170,51,,,0,30,,34171,51,,,0,70,,34172,51,,,0,30,,34173,51,,,0,70,,34174,51,,,0,25,,34175,51,,,0,70,,34176,51,,,0,30,,34177,51,,,0,70,,34178,51,,,0,30,,34179,51,,,0,70,,34180,51,,,0,30,,34181,51,,,0,20,,34182,51,,,0
579400,'2',634,,34216,51,,,0,70,,34215,51,,,0,30,,34214,51,,,0,70,,34210,51,,,0,30,,34209,51,,,0,70,,34213,51,,,0,37,,34212,51,,,0,70,,34211,51,,,0,30,,34218,51,,,0,70,,34217,51,,,0,30,,34198,51,,,0,70,,34197,51,,,0,30,,34195,51,,,0,70,,34208,51,,,0,30,,34207,51,,,0,70,,34206,51,,,0,30,,34205,51,,,0,70,,34204,51,,,0,30,,34200,51,,,0,70,,34199,51,,,0,30,,34196,51,,,0,70,,34194,51,,,0,30,,34188,51,,,0,70,,34187,51,,,0,30,,34186,51,,,0,66,,34193,51,,,0,30,,34192,51,,,0,70,,34191,51,,,0,30,,34184,51,,,0,70,,34183,51,,,0,30,,34220,51,,,0,65,,34185,51,,,0,30,,34203,51,,,0,70,,34202,51,,,0,30,,34201,51,,,0,70,,34219,51,,,0,30,,34190,51,,,0,100,,34189,51,,,0
579400,'3',617,,34228,51,,,0,30,,34248,51,,,0,70,,34251,51,,,0,30,,34250,51,,,0,70,,34249,51,,,0,30,,34246,51,,,0,70,,34247,51,,,0,34,,34254,51,,,0,70,,34253,51,,,0,30,,34256,51,,,0,70,,34255,51,,,0,30,,34258,51,,,0,70,,34257,51,,,0,30,,34241,51,,,0,70,,34245,51,,,0,30,,34244,51,,,0,70,,34243,51,,,0,30,,34242,51,,,0,70,,34236,51,,,0,30,,34240,51,,,0,70,,34239,51,,,0,30,,34238,51,,,0,70,,34237,51,,,0,30,,34234,51,,,0,70,,34226,51,,,0,30,,34233,51,,,0,70,,34232,51,,,0,25,,34235,51,,,0,70,,34225,51,,,0,30,,34252,51,,,0,70,,34224,51,,,0,30,,34231,51,,,0,70,,34223,51,,,0,30,,34230,51,,,0,70,,34222,51,,,0,30,,34229,51,,,0,65,,34221,51,,,0,20,,34227,51,,,0
579400,'4',634,,34259,51,,,0,70,,34260,51,,,0,30,,34261,51,,,0,70,,34262,51,,,0,30,,34263,51,,,0,70,,34264,51,,,0,32,,34265,51,,,0,70,,34266,51,,,0,30,,34267,51,,,0,70,,34268,51,,,0,30,,34269,51,,,0,70,,34270,51,,,0,30,,34271,51,,,0,70,,34272,51,,,0,30,,34273,51,,,0,70,,34274,51,,,0,30,,34275,51,,,0,70,,34276,51,,,0,30,,34277,51,,,0,70,,34278,51,,,0,30,,34279,51,,,0,70,,34280,51,,,0,30,,34281,51,,,0,70,,34282,51,,,0,26,,34283,51,,,0,70,,34284,51,,,0,30,,34285,51,,,0,70,,34286,51,,,0,30,,34287,51,,,0,70,,34288,51,,,0,30,,34289,51,,,0
579400,'6',634,,34323,51,,,0,70,,34322,51,,,0,30,,34321,51,,,0,70,,34317,51,,,0,30,,34316,51,,,0,70,,34320,51,,,0,37,,34319,51,,,0,70,,34318,51,,,0,30,,34325,51,,,0,70,,34324,51,,,0,30,,34305,51,,,0,70,,34304,51,,,0,30,,34302,51,,,0,70,,34315,51,,,0,30,,34314,51,,,0,70,,34313,51,,,0,30,,34312,51,,,0,70,,34311,51,,,0,30,,34307,51,,,0,70,,34306,51,,,0,30,,34303,51,,,0,70,,34301,51,,,0,30,,34295,51,,,0,70,,34294,51,,,0,30,,34293,51,,,0,66,,34300,51,,,0,30,,34299,51,,,0,70,,34298,51,,,0,30,,34291,51,,,0,70,,34290,51,,,0,30,,34327,51,,,0,65,,34292,51,,,0,30,,34310,51,,,0,70,,34309,51,,,0,30,,34308,51,,,0,70,,34326,51,,,0,30,,34297,51,,,0,100,,34296,51,,,0
580600,'1',452,,38395,19,,,0,87,,38394,40,,,0,72,,38393,40,,,0,30,,38392,40,,,0,70,,38391,40,,,0,25,,38390,40,,,0,20,,38389,40,,,0,55,,38388,40,,,0,15,,38387,40,,,0,15,,38386,40,,,0,15,,38385,40,,,0,55,,38384,40,,,0,15,,38383,40,,,0,15,,38382,40,,,0,15,,38381,40,,,0,64,,38380,40,,,0,30,,38379,40,,,0,70,,38378,40,,,0,30,,38377,40,,,0,70,,38376,40,,,0,30,,38375,40,,,0,70,,38374,40,,,0,30,,38373,40,,,0,70,,38372,40,,,0,25,,38371,40,,,0,65,,38370,40,,,0,15,,38369,40,,,0,15,,38368,40,,,0,15,,38367,40,,,0,55,,38366,40,,,0,15,,38365,40,,,0,15,,38364,40,,,0,15,,38363,40,,,0,55,,38362,40,,,0,15,,38361,40,,,0,15,,38360,40,,,0,15,,38359,40,,,0,55,,38358,40,,,0,15,,38357,40,,,0,15,,38356,40,,,0,10,,38355,40,,,0,71,,38354,40,,,0,30,,38353,40,,,0,70,,38352,40,,,0,30,,38351,40,,,0,70,,38350,40,,,0,30,,38349,40,,,0,70,,38348,40,,,0,30,,38347,40,,,0,69,,38345,40,,,0,30,,38344,40,,,0,70,,38346,40,,,0,30,,38343,40,,,0,70,,38342,40,,,0
580600,'2',542,,38397,40,,,0,70,,38434,40,,,0,30,,38417,40,,,0,70,,38418,40,,,0,30,,38416,40,,,0,70,,38419,40,,,0,30,,38403,40,,,0,70,,38420,40,,,0,30,,38414,40,,,0,70,,38421,40,,,0,30,,38406,40,,,0,70,,38422,40,,,0,30,,38407,40,,,0,70,,38423,40,,,0,30,,38408,40,,,0,70,,38424,40,,,0,30,,38409,40,,,0,70,,38425,40,,,0,30,,38410,40,,,0,70,,38426,40,,,0,30,,38411,40,,,0,70,,38427,40,,,0,30,,38412,40,,,0,70,,38428,40,,,0,30,,38413,40,,,0,70,,38429,40,,,0,30,,38415,40,,,0,70,,38405,40,,,0,30,,38404,40,,,0,70,,38402,40,,,0,30,,38401,40,,,0,70,,38400,40,,,0,30,,38399,40,,,0,70,,38430,40,,,0,30,,38431,40,,,0,70,,38432,40,,,0,30,,38433,40,,,0,70,,38398,40,,,0,25,,38435,40,,,0,70,,38436,40,,,0
580600,'3',642,,38457,40,,,0,70,,38458,40,,,0,30,,38456,40,,,0,70,,38459,40,,,0,30,,38443,40,,,0,70,,38460,40,,,0,30,,38454,40,,,0,70,,38461,40,,,0,30,,38446,40,,,0,70,,38462,40,,,0,30,,38447,40,,,0,70,,38463,40,,,0,30,,38448,40,,,0,70,,38464,40,,,0,30,,38449,40,,,0,70,,38465,40,,,0,30,,38450,40,,,0,70,,38466,40,,,0,30,,38451,40,,,0,70,,38467,40,,,0,30,,38452,40,,,0,70,,38468,40,,,0,30,,38453,40,,,0,70,,38469,40,,,0,30,,38455,40,,,0,70,,38445,40,,,0,30,,38444,40,,,0,70,,38442,40,,,0,30,,38441,40,,,0,70,,38440,40,,,0,30,,38439,40,,,0,70,,38470,40,,,0,29,,38471,40,,,0,70,,38472,40,,,0,30,,38473,40,,,0,70,,38438,40,,,0
580600,'4',641,,38491,40,,,0,70,,38492,40,,,0,30,,38490,40,,,0,70,,38493,40,,,0,30,,38477,40,,,0,70,,38494,40,,,0,30,,38488,40,,,0,70,,38495,40,,,0,30,,38480,40,,,0,70,,38496,40,,,0,30,,38481,40,,,0,70,,38497,40,,,0,30,,38482,40,,,0,70,,38498,40,,,0,30,,38483,40,,,0,70,,38499,40,,,0,30,,38484,40,,,0,70,,38500,40,,,0,30,,38485,40,,,0,70,,38501,40,,,0,30,,38486,40,,,0,70,,38502,40,,,0,30,,38487,40,,,0,70,,38503,40,,,0,30,,38489,40,,,0,70,,38479,40,,,0,30,,38478,40,,,0,70,,38476,40,,,0,30,,38475,40,,,0,70,,38474,40,,,0
580600,'6',542,,38505,40,,,0,70,,38542,40,,,0,30,,38525,40,,,0,70,,38526,40,,,0,30,,38524,40,,,0,70,,38527,40,,,0,30,,38511,40,,,0,70,,38528,40,,,0,30,,38522,40,,,0,70,,38529,40,,,0,30,,38514,40,,,0,70,,38530,40,,,0,30,,38515,40,,,0,70,,38531,40,,,0,30,,38516,40,,,0,70,,38532,40,,,0,30,,38517,40,,,0,70,,38533,40,,,0,30,,38518,40,,,0,70,,38534,40,,,0,30,,38519,40,,,0,70,,38535,40,,,0,30,,38520,40,,,0,70,,38536,40,,,0,30,,38521,40,,,0,70,,38537,40,,,0,30,,38523,40,,,0,70,,38513,40,,,0,30,,38512,40,,,0,70,,38510,40,,,0,30,,38509,40,,,0,70,,38508,40,,,0,30,,38507,40,,,0,70,,38538,40,,,0,30,,38539,40,,,0,70,,38540,40,,,0,30,,38541,40,,,0,70,,38506,40,,,0,25,,38543,40,,,0,70,,38544,40,,,0
580700,'1',555,,38810,33,,,0,70,,38808,33,,,0,17,,38806,33,,,0,15,,38805,33,,,0,55,,38804,33,,,0,15,,38803,33,,,0,15,,38802,33,,,0,15,,38801,33,,,0,55,,38800,33,,,0,15,,38799,33,,,0,15,,38798,33,,,0,15,,38797,33,,,0,55,,38796,33,,,0,15,,38795,33,,,0,21,,38794,33,,,0,60,,38793,33,,,0,30,,38792,33,,,0,70,,38791,33,,,0,30,,38790,33,,,0,70,,38789,33,,,0,30,,38788,33,,,0,70,,38787,33,,,0,28,,38785,33,,,0,70,,38783,33,,,0,25,,38781,33,,,0,15,,38780,33,,,0,55,,38779,33,,,0,15,,38778,33,,,0,15,,38777,33,,,0,15,,38776,33,,,0,55,,38775,33,,,0,15,,38774,33,,,0,15,,38773,33,,,0,15,,38772,33,,,0,55,,38771,33,,,0,15,,38770,33,,,0,15,,38769,33,,,0,15,,38768,33,,,0,55,,38767,33,,,0,15,,38766,33,,,0,15,,38765,33,,,0,70,,38764,33,,,0,30,,38763,33,,,0,70,,38762,33,,,0,30,,38761,33,,,0,70,,38760,33,,,0,30,,38759,33,,,0,71,,38758,33,,,0,30,,38757,33,,,0,70,,38756,33,,,0,30,,38755,33,,,0,70,,38754,33,,,0,30,,38750,33,,,0,70,,38753,33,,,0,25,,38752,33,0,5 6,0,97,,38751,33,0,7 4 8 9 10,0
580700,'2',537,,38854,33,,,0,70,,38816,33,,,0,30,,38817,33,,,0,75,,38818,33,,,0,30,,38819,33,,,0,70,,38820,33,,,0,30,,38821,33,,,0,70,,38822,33,,,0,30,,38823,33,,,0,70,,38824,33,,,0,29,,38825,33,,,0,70,,38826,33,,,0,30,,38827,33,,,0,70,,38828,33,,,0,30,,38829,33,,,0,70,,38830,33,,,0,30,,38831,33,,,0,70,,38832,33,,,0,30,,38833,33,,,0,70,,38834,33,,,0,30,,38835,33,,,0,70,,38836,33,,,0,30,,38837,33,,,0,70,,38838,33,,,0,30,,38839,33,,,0,70,,38840,33,,,0,30,,38841,33,,,0,72,,38842,33,,,0,30,,38843,33,,,0,70,,38844,33,,,0,30,,38845,33,,,0,70,,38846,33,,,0,30,,38847,33,,,0,70,,38848,33,,,0,30,,38849,33,,,0,70,,38850,33,,,0,30,,38851,33,,,0,70,,38852,33,,,0,43,,38853,33,,,0
580700,'3',630,,38855,33,,,0,70,,38868,33,,,0,40,,38856,33,,,0,70,,38869,33,,,0,30,,38857,33,,,0,70,,38870,33,,,0,30,,38858,33,,,0,70,,38871,33,,,0,31,,38859,33,,,0,70,,38872,33,,,0,30,,38860,33,,,0,70,,38873,33,,,0,30,,38861,33,,,0,70,,38874,33,,,0,30,,38862,33,,,0,70,,38875,33,,,0,30,,38863,33,,,0,70,,38876,33,,,0,30,,38864,33,,,0,70,,38877,33,,,0,30,,38865,33,,,0,70,,38878,33,,,0,30,,38866,33,,,0,70,,38879,33,,,0,33,,38867,33,,,0,70,,38889,33,,,0,30,,38880,33,,,0,70,,38886,33,,,0,30,,38881,33,,,0,70,,38887,33,,,0,30,,38882,33,,,0,70,,38888,33,,,0,30,,38883,33,,,0,70,,38890,33,,,0,30,,38884,33,,,0,70,,38891,33,,,0,30,,38885,33,0,7 4 8 9 10,0
580700,'4',652,,38907,33,,,0,70,,38892,33,,,0,30,,38908,33,,,0,70,,38893,33,,,0,30,,38909,33,,,0,70,,38894,33,,,0,30,,38910,33,,,0,70,,38895,33,,,0,30,,38911,33,,,0,70,,38896,33,,,0,30,,38912,33,,,0,70,,38897,33,,,0,30,,38913,33,,,0,70,,38898,33,,,0,30,,38914,33,,,0,70,,38899,33,,,0,30,,38915,33,,,0,70,,38900,33,,,0,30,,38916,33,,,0,70,,38901,33,,,0,30,,38917,33,,,0,70,,38902,33,,,0,30,,38918,33,,,0,70,,38903,33,,,0,30,,38919,33,,,0,70,,38904,33,,,0,30,,38920,33,,,0,70,,38905,33,,,0,30,,38921,33,,,0,70,,38906,33,0,7 4 8 9 10,0
580700,'6',630,,38924,33,,,0,70,,38937,33,,,0,40,,38925,33,,,0,70,,38938,33,,,0,30,,38926,33,,,0,70,,38939,33,,,0,30,,38927,33,,,0,70,,38940,33,,,0,31,,38928,33,,,0,70,,38941,33,,,0,30,,38929,33,,,0,70,,38942,33,,,0,30,,38930,33,,,0,70,,38943,33,,,0,30,,38931,33,,,0,70,,38944,33,,,0,30,,38932,33,,,0,70,,38945,33,,,0,30,,38933,33,,,0,70,,38946,33,,,0,30,,38934,33,,,0,70,,38947,33,,,0,30,,38935,33,,,0,70,,38948,33,,,0,33,,38936,33,,,0,70,,38958,33,,,0,30,,38949,33,,,0,70,,38955,33,,,0,30,,38950,33,,,0,70,,38956,33,,,0,30,,38951,33,,,0,70,,38957,33,,,0,30,,38952,33,,,0,70,,38959,33,,,0,30,,38953,33,,,0,70,,38960,33,,,0,30,,38954,33,0,7 4 8 9 10,0
