578200,'1',518,,30152,52,,,0,15,,30182,52,,,0,20,,30189,52,,,0,60,,30188,52,,,0,20,,30187,52,,,0,20,,30186,52,,,0,60,,30185,52,,,0,23,,30184,52,,,0,20,,30183,52,,,0,60,,30190,52,,,0,24,,30153,55,,,0,60,,30154,55,,,0,20,,30155,55,,,0,20,,30156,55,,,0,60,,30157,55,,,0,20,,30158,55,,,0,20,,30159,55,,,0,60,,30162,55,,,0,20,,30163,55,,,0,20,,30164,55,,,0,60,,30165,55,,,0,20,,30166,55,,,0,20,,30167,55,,,0,60,,30160,55,,,0,20,,30161,55,,,0,20,,30136,55,,,0,60,,30168,55,,,0,22,,30169,55,,,0,20,,30170,55,,,0,60,,30171,55,,,0,20,,30172,55,,,0,20,,30173,55,,,0,60,,30174,55,,,0,20,,30175,55,,,0,20,,30176,55,,,0,60,,30177,55,,,0,20,,30178,55,,,0,20,,30179,55,,,0,60,,30180,55,,,0,20,,30181,55,,,0,23,,30151,55,,,0,70,,30150,55,,,0,28,,30149,55,,,0,70,,30148,55,,,0,30,,30147,55,,,0,70,,30146,55,,,0,30,,30145,55,,,0,70,,30137,55,,,0,25,,30138,52,,,0,70,,30139,52,,,0,30,,30140,52,,,0,70,,30141,52,,,0,30,,30142,52,,,0,72,,30143,52,,,0,40,,30144,52,,,0
578200,'2',530,,30191,52,,,0,70,,30192,52,,,0,32,,30193,52,,,0,70,,30194,52,,,0,30,,30195,52,,,0,70,,30196,52,,,0,30,,30197,52,,,0,21,,30239,55,,,0,60,,30198,55,,,0,24,,30199,55,,,0,20,,30200,55,,,0,60,,30201,55,,,0,20,,30202,55,,,0,20,,30203,55,,,0,60,,30204,55,,,0,20,,30205,55,,,0,20,,30206,55,,,0,60,,30207,55,,,0,20,,30208,55,,,0,20,,30209,55,,,0,59,,30210,52,,,0,20,,30211,52,,,0,20,,30212,52,,,0,60,,30213,52,,,0,20,,30214,52,,,0,20,,30215,52,,,0,60,,30216,52,,,0,20,,30217,52,,,0,20,,30218,52,,,0,60,,30219,52,,,0,20,,30220,52,,,0,20,,30221,52,,,0,60,,30222,52,,,0,20,,30223,52,,,0,70,,30224,52,,,0,25,,30225,52,,,0,70,,30226,52,,,0,30,,30227,52,,,0,70,,30228,52,,,0,30,,30229,52,,,0,70,,30230,52,,,0,30,,30231,52,,,0,70,,30232,52,,,0,27,,30233,52,,,0,30,,30234,52,,,0,70,,30235,52,,,0,30,,30236,52,,,0,70,,30237,52,,,0,30,,30240,52,,,0,90,,30238,52,,,0
578200,'3',630,,30276,52,,,0,100,,30275,52,,,0,70,,30274,52,,,0,30,,30273,52,,,0,70,,30272,52,,,0,33,,30271,52,,,0,70,,30270,52,,,0,30,,30269,52,,,0,70,,30268,52,,,0,30,,30267,52,,,0,70,,30266,52,,,0,30,,30265,52,,,0,70,,30264,52,,,0,30,,30263,52,,,0,70,,30262,52,,,0,30,,30261,52,,,0,70,,30260,52,,,0,30,,30259,52,,,0,70,,30258,52,,,0,30,,30257,52,,,0,70,,30256,52,,,0,30,,30255,52,,,0,70,,30254,52,,,0,30,,30253,52,,,0,70,,30252,52,,,0,30,,30251,52,,,0,70,,30250,52,,,0,25,,30249,52,,,0,30,,30248,52,,,0,70,,30247,52,,,0,30,,30246,52,,,0,70,,30245,52,,,0,30,,30244,52,,,0,70,,30243,52,,,0,30,,30242,52,,,0,70,,30241,52,,,0
578200,'4',558,,30277,52,,,0,80,,30278,52,,,0,80,,30279,52,,,0,40,,30280,52,,,0,80,,30281,52,,,0,80,,30282,52,,,0,40,,30283,52,,,0,80,,30284,52,,,0,80,,30285,52,,,0,40,,30286,52,,,0,80,,30287,52,,,0,80,,30288,52,,,0,40,,30289,52,,,0,80,,30290,52,,,0,90,,30291,52,,,0,100,,30292,52,,,0,100,,30293,52,,,0,100,,30294,52,,,0,100,,30295,52,,,0,100,,30296,52,,,0,100,,30297,52,,,0
578200,'6',630,,30333,52,,,0,100,,30332,52,,,0,70,,30331,52,,,0,30,,30330,52,,,0,70,,30329,52,,,0,33,,30328,52,,,0,70,,30327,52,,,0,30,,30326,52,,,0,70,,30325,52,,,0,30,,30324,52,,,0,70,,30323,52,,,0,30,,30322,52,,,0,70,,30321,52,,,0,30,,30320,52,,,0,70,,30319,52,,,0,30,,30318,52,,,0,70,,30317,52,,,0,30,,30316,52,,,0,70,,30315,52,,,0,30,,30314,52,,,0,70,,30313,52,,,0,30,,30312,52,,,0,70,,30311,52,,,0,30,,30310,52,,,0,70,,30309,52,,,0,30,,30308,52,,,0,70,,30307,52,,,0,25,,30306,52,,,0,30,,30305,52,,,0,70,,30304,52,,,0,30,,30303,52,,,0,70,,30302,52,,,0,30,,30301,52,,,0,70,,30300,52,,,0,30,,30299,52,,,0,70,,30298,52,,,0
578901,'1',530,,32625,40,,,0,70,,32627,40,,,0,30,,32620,40,,,0,70,,32621,40,,,0,32,,32597,40,,,0,70,,32626,40,,,0,30,,32624,40,,,0,70,,32623,40,,,0,28,,32622,40,,,0,76,,32619,40,,,0,30,,32611,40,,,0,70,,32610,40,,,0,30,,32609,40,,,0,70,,32614,40,,,0,30,,32613,40,,,0,70,,32612,40,,,0,30,,32618,40,,,0,70,,32617,40,,,0,31,,32616,40,,,0,70,,32596,40,,,0,30,,32603,40,,,0,70,,32602,40,,,0,30,,32606,40,,,0,70,,32605,40,,,0,30,,32604,40,,,0,70,,32608,40,,,0,27,,32600,40,,,0,70,,32599,40,,,0,30,,32601,40,,,0,70,,32593,40,,,0,30,,32615,40,,,0,70,,32592,40,,,0,30,,32598,40,,,0,70,,32591,40,,,0,33,,32607,40,,,0,100,,32595,40,,,0,100,,32594,40,,,0
578901,'2',527,,32664,40,,,0,30,,32642,40,,,0,70,,32635,40,,,0,30,,32641,40,,,0,70,,32640,40,,,0,30,,32656,40,,,0,70,,32655,40,,,0,30,,32654,40,,,0,70,,32658,40,,,0,30,,32657,40,,,0,70,,32659,40,,,0,30,,32650,40,,,0,70,,32649,40,,,0,30,,32648,40,,,0,70,,32653,40,,,0,30,,32652,40,,,0,70,,32651,40,,,0,30,,32662,40,,,0,70,,32661,40,,,0,30,,32645,40,,,0,70,,32644,40,,,0,30,,32660,40,,,0,70,,32643,40,,,0,30,,32647,40,,,0,70,,32646,40,,,0,30,,32637,40,,,0,70,,32636,40,,,0,30,,32639,40,,,0,69,,32638,40,,,0,30,,32630,40,,,0,70,,32629,40,,,0,30,,32634,40,,,0,70,,32628,40,,,0,100,,32633,40,,,0,100,,32632,40,,,0,100,,32631,40,,,0,100,,32663,40,,,0
578901,'3',527,,32700,40,,,0,30,,32679,40,,,0,70,,32672,40,,,0,30,,32678,40,,,0,70,,32677,40,,,0,30,,32693,40,,,0,70,,32692,40,,,0,30,,32691,40,,,0,70,,32695,40,,,0,30,,32694,40,,,0,70,,32696,40,,,0,30,,32687,40,,,0,70,,32686,40,,,0,30,,32685,40,,,0,70,,32690,40,,,0,30,,32689,40,,,0,70,,32688,40,,,0,30,,32699,40,,,0,70,,32698,40,,,0,30,,32682,40,,,0,70,,32681,40,,,0,30,,32697,40,,,0,70,,32680,40,,,0,30,,32684,40,,,0,70,,32683,40,,,0,30,,32674,40,,,0,70,,32673,40,,,0,30,,32676,40,,,0,69,,32675,40,,,0,30,,32667,40,,,0,70,,32666,40,,,0,30,,32671,40,,,0,70,,32665,40,,,0,100,,32670,40,,,0,100,,32669,40,,,0,100,,32668,40,,,0
578901,'4',547,,32701,40,,,0,100,,32702,40,,,0,100,,32703,40,,,0,100,,32704,40,,,0,101,,32705,40,,,0,100,,32706,40,,,0,100,,32707,40,,,0,100,,32708,40,,,0,100,,32709,40,,,0,100,,32710,40,,,0,100,,32711,40,,,0,100,,32712,40,,,0,100,,32713,40,,,0,98,,32714,40,,,0,100,,32715,40,,,0,100,,32716,40,,,0
578901,'6',527,,32752,40,,,0,30,,32731,40,,,0,70,,32724,40,,,0,30,,32730,40,,,0,70,,32729,40,,,0,30,,32745,40,,,0,70,,32744,40,,,0,30,,32743,40,,,0,70,,32747,40,,,0,30,,32746,40,,,0,70,,32748,40,,,0,30,,32739,40,,,0,70,,32738,40,,,0,30,,32737,40,,,0,70,,32742,40,,,0,30,,32741,40,,,0,70,,32740,40,,,0,30,,32751,40,,,0,70,,32750,40,,,0,30,,32734,40,,,0,70,,32733,40,,,0,30,,32749,40,,,0,70,,32732,40,,,0,30,,32736,40,,,0,70,,32735,40,,,0,30,,32726,40,,,0,70,,32725,40,,,0,30,,32728,40,,,0,69,,32727,40,,,0,30,,32719,40,,,0,70,,32718,40,,,0,30,,32723,40,,,0,70,,32717,40,,,0,100,,32722,40,,,0,100,,32721,40,,,0,100,,32720,40,,,0
