578300,'1',513,,30533,20,0,31 4 32,0,10,,30534,27,0,27 28,0,25,,30536,20,0,31 4 32,0,7,,30537,27,0,27 28,0,55,,30539,20,0,31 4 32,0,15,,30541,27,0,27 28,0,15,,30543,20,0,31 4 32,0,15,,30545,27,0,27 28,0,55,,30547,20,0,31 4 32,0,15,,30549,27,0,27 28,0,15,,30551,20,0,31 4 32,0,15,,30553,27,0,27 28,0,55,,30555,20,0,31 4 32,0,15,,30557,27,0,27 28,0,14,,30559,20,0,31 4 32,0,15,,30561,27,0,27 28,0,58,,30563,20,0,31 4 32,0,10,,30565,27,0,27 28,0,20,,30567,20,0,31 4 32,0,10,,30568,27,0,27 28,0,60,,30570,20,0,31 4 32,0,10,,30571,27,0,27 28,0,20,,30573,20,0,31 4 32,0,10,,30574,27,0,27 28,0,60,,30576,20,0,31 4 32,0,10,,30577,27,0,27 28,0,20,,30579,20,0,31 4 32,0,10,,30580,27,0,27 28,0,60,,30582,20,0,31 4 32,0,10,,30583,27,0,27 28,0,20,,30585,20,0,31 4 32,0,10,,30586,27,0,27 28,0,60,,30588,20,0,31 4 32,0,10,,30589,27,0,27 28,0,17,,30591,20,0,31 4 32,0,14,,30593,27,0,27 28,0,55,,30595,20,0,31 4 32,0,15,,30597,27,0,27 28,0,15,,30599,20,0,31 4 32,0,15,,30601,27,0,27 28,0,55,,30603,20,0,31 4 32,0,15,,30605,27,0,27 28,0,15,,30607,20,0,31 4 32,0,15,,30609,27,0,27 28,0,55,,30611,20,0,31 4 32,0,15,,30613,27,0,27 28,0,15,,30615,20,0,31 4 32,0,15,,30617,27,0,27 28,0,55,,30619,20,0,31 4 32,0,15,,30621,27,0,27 28,0,15,,30623,20,0,31 4 32,0,16,,30625,27,0,27 28,0,57,,30627,20,0,31 4 32,0,10,,30628,27,0,27 28,0,20,,30630,20,0,31 4 32,0,10,,30631,27,0,27 28,0,60,,30633,20,0,31 4 32,0,10,,30634,27,0,27 28,0,20,,30636,20,0,31 4 32,0,10,,30637,27,0,27 28,0,60,,30639,20,0,31 4 32,0,10,,30640,27,0,27 28,0,20,,30642,20,0,31 4 32,0,10,,30643,27,0,27 28,0,60,,30645,20,0,31 4 32,0,10,,30646,27,0,27 28,0,26,,30648,27,0,27 28,0,55,,30649,20,0,31 4 32,0,30,,30651,27,0,27 28,0,15,,30652,20,0,31 4 32,0,70,,30654,27,0,27 28,0,15,,30655,20,0,31 4 32,0,70,,30657,27,0,27 28,0,15,,30658,20,0,31 4 32,0,35,,30660,20,0,17 25 4 26,0,0,,30661,27,0,27 28,0,63,,30663,27,0,17 25 4 26,0,40,,30664,27,0,17 25 4 26,0
578300,'2',537,,30671,20,0,31 4 32,0,63,,30673,27,0,27 28,0,13,,30674,20,0,31 4 32,0,23,,30676,27,0,27 28,0,13,,30677,20,0,31 4 32,0,63,,30679,27,0,27 28,0,13,,30680,20,0,31 4 32,0,17,,30683,27,0,27 28,0,12,,30684,20,0,31 4 32,0,64,,30686,27,0,27 28,0,12,,30687,20,0,31 4 32,0,24,,30689,27,0,27 28,0,52,,30690,20,0,31 4 32,0,24,,30692,27,0,27 28,0,12,,30693,20,0,31 4 32,0,64,,30695,27,0,27 28,0,12,,30696,20,0,31 4 32,0,24,,30698,27,0,27 28,0,12,,30699,20,0,31 4 32,0,64,,30701,27,0,27 28,0,12,,30702,20,0,31 4 32,0,24,,30704,27,0,27 28,0,52,,30705,20,0,31 4 32,0,24,,30707,27,0,27 28,0,12,,30708,20,0,31 4 32,0,64,,30710,27,0,27 28,0,12,,30711,20,0,31 4 32,0,24,,30713,27,0,27 28,0,12,,30714,20,0,31 4 32,0,64,,30716,27,0,27 28,0,12,,30717,20,0,31 4 32,0,24,,30719,27,0,27 28,0,52,,30720,20,0,31 4 32,0,24,,30722,27,0,27 28,0,12,,30723,20,0,31 4 32,0,64,,30725,27,0,27 28,0,12,,30726,20,0,31 4 32,0,24,,30728,27,0,27 28,0,12,,30729,20,0,31 4 32,0,65,,30731,27,0,27 28,0,11,,30732,20,0,31 4 32,0,23,,30734,27,0,27 28,0,53,,30735,20,0,31 4 32,0,23,,30737,27,0,27 28,0,13,,30738,20,0,31 4 32,0,64,,30740,27,0,27 28,0,13,,30741,20,0,31 4 32,0,23,,30743,27,0,27 28,0,13,,30744,20,0,31 4 32,0,63,,30746,27,0,27 28,0,13,,30747,20,0,31 4 32,0,23,,30749,27,0,27 28,0,53,,30750,20,0,31 4 32,0,27,,30752,27,0,27 28,0,16,,30753,20,0,31 4 32,0,69,,30755,27,0,27 28,0,31,,30757,20,0,31 4 32,0,54,,30758,27,0,27 28,0,31,,30760,20,0,31 4 32,0,14,,30761,27,0,27 28,0,70,,30763,27,0,27 28,0,16,,30764,20,0,31 4 32,0,19,,30765,27,0,17 25 4 26,0,85,,30767,27,0,17 25 4 26,0
578300,'3',551,,30773,20,0,31 4 32,0,56,,30775,27,0,27 28,0,29,,30777,20,0,31 4 32,0,16,,30778,27,0,27 28,0,69,,30780,20,0,31 4 32,0,16,,30781,27,0,27 28,0,69,,30783,20,0,31 4 32,0,16,,30784,27,0,27 28,0,26,,30786,20,0,31 4 32,0,53,,30787,27,0,27 28,0,23,,30789,20,0,31 4 32,0,9,,30790,27,0,27 28,0,24,,30792,20,0,31 4 32,0,52,,30793,27,0,27 28,0,24,,30795,20,0,31 4 32,0,12,,30796,27,0,27 28,0,64,,30798,20,0,31 4 32,0,12,,30799,27,0,27 28,0,24,,30801,20,0,31 4 32,0,12,,30802,27,0,27 28,0,64,,30804,20,0,31 4 32,0,12,,30805,27,0,27 28,0,24,,30807,20,0,31 4 32,0,52,,30808,27,0,27 28,0,24,,30810,20,0,31 4 32,0,12,,30811,27,0,27 28,0,64,,30813,20,0,31 4 32,0,12,,30814,27,0,27 28,0,24,,30816,20,0,31 4 32,0,12,,30817,27,0,27 28,0,64,,30819,20,0,31 4 32,0,12,,30820,27,0,27 28,0,24,,30822,20,0,31 4 32,0,52,,30823,27,0,27 28,0,24,,30825,20,0,31 4 32,0,12,,30826,27,0,27 28,0,64,,30828,20,0,31 4 32,0,12,,30829,27,0,27 28,0,27,,30831,20,0,31 4 32,0,55,,30832,27,0,27 28,0,30,,30834,20,0,31 4 32,0,15,,30835,27,0,27 28,0,70,,30837,20,0,31 4 32,0,15,,30838,27,0,27 28,0,70,,30840,20,0,31 4 32,0,15,,30841,27,0,27 28,0,30,,30843,20,0,31 4 32,0,55,,30844,27,0,27 28,0,33,,30846,20,0,31 4 32,0,16,,30847,27,0,27 28,0,69,,30849,20,0,31 4 32,0,16,,30850,27,0,27 28,0,69,,30852,20,0,31 4 32,0,16,,30853,27,0,27 28,0,14,,30854,20,0,31 4 32,0
578300,'4',606,,30859,20,0,31 4 32,0,31,,30861,27,0,27 28,0,14,,30862,20,0,31 4 32,0,71,,30864,27,0,27 28,0,14,,30865,20,0,31 4 32,0,71,,30867,27,0,27 28,0,14,,30868,20,0,31 4 32,0,31,,30870,27,0,27 28,0,54,,30871,20,0,31 4 32,0,27,,30873,27,0,27 28,0,14,,30874,20,0,31 4 32,0,71,,30876,27,0,27 28,0,14,,30877,20,0,31 4 32,0,71,,30879,27,0,27 28,0,14,,30880,20,0,31 4 32,0,31,,30882,27,0,27 28,0,54,,30883,20,0,31 4 32,0,31,,30885,27,0,27 28,0,14,,30886,20,0,31 4 32,0,71,,30888,27,0,27 28,0,14,,30889,20,0,31 4 32,0,71,,30891,27,0,27 28,0,14,,30892,20,0,31 4 32,0,31,,30894,27,0,27 28,0,54,,30895,20,0,31 4 32,0,31,,30897,27,0,27 28,0,14,,30898,20,0,31 4 32,0,71,,30900,27,0,27 28,0,14,,30901,20,0,31 4 32,0,71,,30903,27,0,27 28,0,14,,30904,20,0,31 4 32,0,35,,30906,27,0,27 28,0,54,,30907,20,0,31 4 32,0,31,,30909,27,0,27 28,0,14,,30910,20,0,31 4 32,0,71,,30912,27,0,27 28,0,14,,30913,20,0,31 4 32,0,71,,30915,27,0,27 28,0,14,,30916,20,0,31 4 32,0,16,,30917,27,0,17 25 4 26,0
578300,'6',551,,30927,20,0,31 4 32,0,56,,30929,27,0,27 28,0,29,,30931,20,0,31 4 32,0,16,,30932,27,0,27 28,0,69,,30934,20,0,31 4 32,0,16,,30935,27,0,27 28,0,69,,30937,20,0,31 4 32,0,16,,30938,27,0,27 28,0,26,,30940,20,0,31 4 32,0,53,,30941,27,0,27 28,0,23,,30943,20,0,31 4 32,0,9,,30944,27,0,27 28,0,24,,30946,20,0,31 4 32,0,52,,30947,27,0,27 28,0,24,,30949,20,0,31 4 32,0,12,,30950,27,0,27 28,0,64,,30952,20,0,31 4 32,0,12,,30953,27,0,27 28,0,24,,30955,20,0,31 4 32,0,12,,30956,27,0,27 28,0,64,,30958,20,0,31 4 32,0,12,,30959,27,0,27 28,0,24,,30961,20,0,31 4 32,0,52,,30962,27,0,27 28,0,24,,30964,20,0,31 4 32,0,12,,30965,27,0,27 28,0,64,,30967,20,0,31 4 32,0,12,,30968,27,0,27 28,0,24,,30970,20,0,31 4 32,0,12,,30971,27,0,27 28,0,64,,30973,20,0,31 4 32,0,12,,30974,27,0,27 28,0,24,,30976,20,0,31 4 32,0,52,,30977,27,0,27 28,0,24,,30979,20,0,31 4 32,0,12,,30980,27,0,27 28,0,64,,30982,20,0,31 4 32,0,12,,30983,27,0,27 28,0,27,,30985,20,0,31 4 32,0,55,,30986,27,0,27 28,0,30,,30988,20,0,31 4 32,0,15,,30989,27,0,27 28,0,70,,30991,20,0,31 4 32,0,15,,30992,27,0,27 28,0,70,,30994,20,0,31 4 32,0,15,,30995,27,0,27 28,0,30,,30997,20,0,31 4 32,0,55,,30998,27,0,27 28,0,33,,31000,20,0,31 4 32,0,16,,31001,27,0,27 28,0,69,,31003,20,0,31 4 32,0,16,,31004,27,0,27 28,0,69,,31006,20,0,31 4 32,0,16,,31007,27,0,27 28,0,14,,31008,20,0,31 4 32,0
578901,'1',519,,32625,22,,,0,30,,32627,22,,,0,70,,32620,22,,,0,30,,32621,22,,,0,72,,32597,22,,,0,30,,32626,22,,,0,70,,32624,22,,,0,30,,32623,22,,,0,68,,32622,22,,,0,36,,32619,22,,,0,70,,32611,22,,,0,30,,32610,22,,,0,70,,32609,22,,,0,30,,32614,22,,,0,70,,32613,22,,,0,30,,32612,22,,,0,70,,32618,22,,,0,30,,32617,22,,,0,71,,32616,22,,,0,30,,32596,22,,,0,70,,32603,22,,,0,30,,32602,22,,,0,70,,32606,22,,,0,30,,32605,22,,,0,70,,32604,22,,,0,30,,32608,22,,,0,68,,32600,22,,,0,30,,32599,22,,,0,70,,32601,22,,,0,30,,32593,22,,,0,70,,32615,22,,,0,30,,32592,22,,,0,70,,32598,22,,,0,30,,32591,22,,,0,73,,32607,22,,,0,100,,32595,22,,,0,100,,32594,22,,,0
578901,'2',517,,32664,22,,,0,30,,32642,22,,,0,70,,32635,22,,,0,30,,32641,22,,,0,70,,32640,22,,,0,30,,32656,22,,,0,70,,32655,22,,,0,30,,32654,22,,,0,70,,32658,22,,,0,30,,32657,22,,,0,70,,32659,22,,,0,30,,32650,22,,,0,70,,32649,22,,,0,30,,32648,22,,,0,70,,32653,22,,,0,30,,32652,22,,,0,70,,32651,22,,,0,30,,32662,22,,,0,70,,32661,22,,,0,30,,32645,22,,,0,70,,32644,22,,,0,30,,32660,22,,,0,70,,32643,22,,,0,30,,32647,22,,,0,70,,32646,22,,,0,30,,32637,22,,,0,70,,32636,22,,,0,30,,32639,22,,,0,69,,32638,22,,,0,30,,32630,22,,,0,70,,32629,22,,,0,30,,32634,22,,,0,70,,32628,22,,,0,100,,32633,22,,,0,100,,32632,22,,,0,100,,32631,22,,,0,100,,32663,22,,,0
578901,'3',517,,32700,22,,,0,30,,32679,22,,,0,70,,32672,22,,,0,30,,32678,22,,,0,70,,32677,22,,,0,30,,32693,22,,,0,70,,32692,22,,,0,30,,32691,22,,,0,70,,32695,22,,,0,30,,32694,22,,,0,70,,32696,22,,,0,30,,32687,22,,,0,70,,32686,22,,,0,30,,32685,22,,,0,70,,32690,22,,,0,30,,32689,22,,,0,70,,32688,22,,,0,30,,32699,22,,,0,70,,32698,22,,,0,30,,32682,22,,,0,70,,32681,22,,,0,30,,32697,22,,,0,70,,32680,22,,,0,30,,32684,22,,,0,70,,32683,22,,,0,30,,32674,22,,,0,70,,32673,22,,,0,30,,32676,22,,,0,69,,32675,22,,,0,30,,32667,22,,,0,70,,32666,22,,,0,30,,32671,22,,,0,70,,32665,22,,,0,100,,32670,22,,,0,100,,32669,22,,,0,100,,32668,22,,,0
578901,'4',537,,32701,22,,,0,100,,32702,22,,,0,100,,32703,22,,,0,100,,32704,22,,,0,101,,32705,22,,,0,100,,32706,22,,,0,100,,32707,22,,,0,100,,32708,22,,,0,100,,32709,22,,,0,100,,32710,22,,,0,100,,32711,22,,,0,100,,32712,22,,,0,100,,32713,22,,,0,98,,32714,22,,,0,100,,32715,22,,,0,100,,32716,22,,,0
578901,'6',517,,32752,22,,,0,30,,32731,22,,,0,70,,32724,22,,,0,30,,32730,22,,,0,70,,32729,22,,,0,30,,32745,22,,,0,70,,32744,22,,,0,30,,32743,22,,,0,70,,32747,22,,,0,30,,32746,22,,,0,70,,32748,22,,,0,30,,32739,22,,,0,70,,32738,22,,,0,30,,32737,22,,,0,70,,32742,22,,,0,30,,32741,22,,,0,70,,32740,22,,,0,30,,32751,22,,,0,70,,32750,22,,,0,30,,32734,22,,,0,70,,32733,22,,,0,30,,32749,22,,,0,70,,32732,22,,,0,30,,32736,22,,,0,70,,32735,22,,,0,30,,32726,22,,,0,70,,32725,22,,,0,30,,32728,22,,,0,69,,32727,22,,,0,30,,32719,22,,,0,70,,32718,22,,,0,30,,32723,22,,,0,70,,32717,22,,,0,100,,32722,22,,,0,100,,32721,22,,,0,100,,32720,22,,,0
