579601,'1',455,,35143,32,,,0,60,,35144,32,,,0,20,,35145,32,,,0,18,,35146,32,,,0,54,,35147,32,,,0,15,,35148,32,,,0,15,,35149,32,,,0,15,,35150,32,,,0,55,,35151,32,,,0,15,,35152,32,,,0,15,,35153,32,,,0,15,,35154,32,,,0,55,,35155,32,,,0,15,,35156,32,,,0,15,,35157,32,,,0,15,,35158,32,,,0,55,,35159,32,,,0,15,,35160,32,,,0,16,,35161,32,,,0,17,,35162,32,,,0,60,,35163,32,,,0,20,,35164,32,,,0,20,,35165,32,,,0,60,,35166,32,,,0,20,,35167,32,,,0,20,,35168,32,,,0,60,,35169,32,,,0,20,,35170,32,,,0,20,,35171,32,,,0,60,,35172,32,,,0,20,,35173,32,,,0,20,,35174,32,,,0,60,,35175,32,,,0,20,,35176,32,,,0,15,,35177,32,,,0,55,,35178,32,,,0,15,,35179,32,,,0,15,,35180,32,,,0,15,,35181,32,,,0,55,,35182,32,,,0,15,,35183,32,,,0,15,,35184,32,,,0,15,,35185,32,,,0,55,,35186,32,,,0,15,,35187,32,,,0,20,,35188,32,,,0,60,,35189,32,,,0,28,,35190,32,,,0,30,,35191,32,,,0,67,,35192,32,,,0,30,,35193,32,,,0,70,,35194,32,,,0,30,,35195,32,,,0,70,,35196,32,,,0,28,,35197,32,,,0,65,,35198,32,,,0,30,,35199,32,,,0,70,,35200,32,,,0,25,,35201,32,,,0,70,,35202,32,,,0,28,,35203,32,,,0,70,,35204,32,,,0
579601,'2',536,,35217,32,,,0,70,,35218,32,,,0,32,,35219,32,,,0,70,,35220,32,,,0,30,,35221,32,,,0,70,,35222,32,,,0,30,,35223,32,,,0,65,,35224,32,,,0,20,,35225,32,,,0,20,,35226,32,,,0,60,,35227,32,,,0,20,,35228,32,,,0,20,,35229,32,,,0,60,,35230,32,,,0,20,,35231,32,,,0,20,,35232,32,,,0,60,,35233,32,,,0,20,,35234,32,,,0,20,,35235,32,,,0,60,,35236,32,,,0,20,,35237,32,,,0,20,,35238,32,,,0,60,,35239,32,,,0,20,,35240,32,,,0,20,,35241,32,,,0,60,,35242,32,,,0,20,,35243,32,,,0,20,,35244,32,,,0,60,,35245,32,,,0,20,,35246,32,,,0,20,,35247,32,,,0,60,,35248,32,,,0,22,,35253,32,,,0,30,,35249,32,,,0,69,,35250,32,,,0,30,,35251,32,,,0,70,,35252,32,,,0,30,,35205,32,,,0,70,,35206,32,,,0,30,,35207,32,,,0,70,,35208,32,,,0,28,,35209,32,,,0,66,,35210,32,,,0,30,,35211,32,,,0,70,,35212,32,,,0,30,,35213,32,,,0,70,,35214,32,,,0,30,,35215,32,,,0,70,,35216,32,,,0
579601,'3',603,,35278,32,,,0,30,,35279,32,,,0,70,,35277,32,,,0,30,,35280,32,,,0,70,,35276,32,,,0,30,,35281,32,,,0,25,,35274,32,,,0,65,,35275,32,,,0,30,,35273,32,,,0,70,,35272,32,,,0,30,,35271,32,,,0,70,,35270,32,,,0,30,,35269,32,,,0,70,,35268,32,,,0,30,,35267,32,,,0,70,,35266,32,,,0,30,,35265,32,,,0,70,,35264,32,,,0,30,,35263,32,,,0,70,,35262,32,,,0,30,,35261,32,,,0,70,,35260,32,,,0,30,,35259,32,,,0,70,,35258,32,,,0,28,,35254,32,,,0,70,,35257,32,,,0,30,,35282,32,,,0,70,,35256,32,,,0,30,,35283,32,,,0,70,,35255,32,,,0,31,,35284,32,,,0,67,,35285,32,,,0,30,,35286,32,,,0,59,,35288,32,,,0,30,,35287,32,,,0,70,,35289,32,,,0,30,,35290,32,,,0
579601,'4',617,,35291,32,,,0,100,,35292,32,,,0,85,,35293,32,,,0,30,,35294,32,,,0,70,,35295,32,,,0,33,,35296,32,,,0,70,,35297,32,,,0,30,,35298,32,,,0,70,,35299,32,,,0,30,,35300,32,,,0,70,,35301,32,,,0,30,,35302,32,,,0,70,,35303,32,,,0,30,,35304,32,,,0,70,,35305,32,,,0,30,,35306,32,,,0,70,,35307,32,,,0,30,,35308,32,,,0,82,,35309,32,,,0,100,,35310,32,,,0,98,,35311,32,,,0,100,,35312,32,,,0,100,,35313,32,,,0
579601,'6',603,,35338,32,,,0,30,,35339,32,,,0,70,,35337,32,,,0,30,,35340,32,,,0,70,,35336,32,,,0,30,,35341,32,,,0,25,,35334,32,,,0,65,,35335,32,,,0,30,,35333,32,,,0,70,,35332,32,,,0,30,,35331,32,,,0,70,,35330,32,,,0,30,,35329,32,,,0,70,,35328,32,,,0,30,,35327,32,,,0,70,,35326,32,,,0,30,,35325,32,,,0,70,,35324,32,,,0,30,,35323,32,,,0,70,,35322,32,,,0,30,,35321,32,,,0,70,,35320,32,,,0,30,,35319,32,,,0,70,,35318,32,,,0,28,,35314,32,,,0,70,,35317,32,,,0,30,,35342,32,,,0,70,,35316,32,,,0,30,,35343,32,,,0,70,,35315,32,,,0,31,,35344,32,,,0,67,,35345,32,,,0,30,,35346,32,,,0,59,,35348,32,,,0,30,,35347,32,,,0,70,,35349,32,,,0,30,,35350,32,,,0
579701,'1601',1511,,35553,27,,,0,30,,35552,27,,,0
579701,'1',518,,35554,27,,,0,22,,35555,27,,,0,60,,35556,27,,,0,20,,35557,27,,,0,20,,35558,27,,,0,19,,35559,27,,,0,55,,35560,27,,,0,15,,35561,27,,,0,15,,35562,27,,,0,15,,35563,27,,,0,55,,35564,27,,,0,15,,35565,27,,,0,15,,35566,27,,,0,60,,35567,27,,,0,20,,35568,27,,,0,20,,35569,27,,,0,59,,35570,27,,,0,20,,35571,27,,,0,20,,35572,27,,,0,60,,35573,27,,,0,20,,35574,27,,,0,20,,35575,27,,,0,60,,35576,27,,,0,20,,35577,27,,,0,20,,35578,27,,,0,60,,35579,27,,,0,20,,35580,27,,,0,20,,35581,27,,,0,16,,35582,27,,,0,55,,35583,27,,,0,15,,35584,27,,,0,15,,35585,27,,,0,15,,35586,27,,,0,55,,35587,27,,,0,15,,35588,27,,,0,15,,35589,27,,,0,15,,35590,27,,,0,55,,35591,27,,,0,15,,35592,27,,,0,15,,35593,27,,,0,15,,35594,27,,,0,55,,35595,27,,,0,15,,35596,27,,,0,15,,35597,27,,,0,69,,35598,27,,,0,30,,35599,27,,,0,66,,35600,27,,,0,28,,35601,27,,,0,70,,35602,27,,,0,30,,35603,27,,,0,70,,35604,27,,,0,30,,35605,27,,,0,70,,35606,27,,,0,25,,35607,27,,,0,70,,35608,27,,,0,30,,35609,27,,,0,70,,35610,27,,,0,32,,35611,27,,,0,70,,35612,27,,,0
579701,'2',551,,35656,27,,,0,72,,35657,27,,,0,30,,35658,27,,,0,70,,35659,27,,,0,30,,35613,27,,,0,70,,35614,27,,,0,29,,35615,27,,,0,60,,35616,27,,,0,20,,35617,27,,,0,20,,35618,27,,,0,60,,35619,27,,,0,20,,35620,27,,,0,20,,35621,27,,,0,60,,35622,27,,,0,20,,35623,27,,,0,20,,35624,27,,,0,60,,35625,27,,,0,20,,35626,27,,,0,20,,35627,27,,,0,60,,35628,27,,,0,20,,35629,27,,,0,20,,35630,27,,,0,60,,35631,27,,,0,20,,35632,27,,,0,20,,35633,27,,,0,60,,35634,27,,,0,20,,35635,27,,,0,20,,35636,27,,,0,60,,35637,27,,,0,20,,35638,27,,,0,20,,35639,27,,,0,60,,35640,27,,,0,20,,35660,27,,,0,20,,35661,27,,,0,60,,35641,27,,,0,27,,35642,27,,,0,70,,35643,27,,,0,30,,35644,27,,,0,70,,35645,27,,,0,30,,35646,27,,,0,70,,35647,27,,,0,30,,35648,27,,,0,64,,35649,27,,,0,30,,35650,27,,,0,70,,35651,27,,,0,30,,35652,27,,,0,70,,35653,27,,,0,30,,35654,27,,,0,73,,35655,27,,,0
579701,'3',625,,35667,27,,,0,29,,35666,27,,,0,70,,35668,27,,,0,30,,35665,27,,,0,70,,35669,27,,,0,30,,35670,27,,,0,79,,35671,27,,,0,70,,35672,27,,,0,30,,35673,27,,,0,70,,35674,27,,,0,30,,35675,27,,,0,70,,35676,27,,,0,30,,35677,27,,,0,70,,35678,27,,,0,30,,35679,27,,,0,70,,35680,27,,,0,30,,35681,27,,,0,70,,35682,27,,,0,30,,35683,27,,,0,70,,35684,27,,,0,30,,35685,27,,,0,70,,35686,27,,,0,30,,35687,27,,,0,68,,35664,27,,,0,30,,35688,27,,,0,70,,35663,27,,,0,30,,35689,27,,,0,70,,35662,27,,,0,30,,35690,27,,,0,28,,35691,27,,,0,70,,35692,27,,,0,28,,35693,27,,,0,70,,35694,27,,,0,30,,35695,27,,,0,70,,35696,27,,,0,24,,35697,27,,,0
579701,'4',647,,35698,27,,,0,100,,35699,27,,,0,70,,35700,27,,,0,30,,35701,27,,,0,70,,35702,27,,,0,34,,35703,27,,,0,70,,35704,27,,,0,30,,35705,27,,,0,70,,35706,27,,,0,30,,35707,27,,,0,70,,35708,27,,,0,30,,35709,27,,,0,70,,35710,27,,,0,30,,35711,27,,,0,70,,35712,27,,,0,30,,35713,27,,,0,65,,35714,27,,,0,30,,35715,27,,,0,100,,35716,27,,,0,98,,35717,27,,,0,100,,35718,27,,,0,100,,35719,27,,,0,100,,35720,27,,,0
579701,'6',625,,35726,27,,,0,29,,35725,27,,,0,70,,35727,27,,,0,30,,35724,27,,,0,70,,35728,27,,,0,30,,35729,27,,,0,79,,35730,27,,,0,70,,35731,27,,,0,30,,35732,27,,,0,70,,35733,27,,,0,30,,35734,27,,,0,70,,35735,27,,,0,30,,35736,27,,,0,70,,35737,27,,,0,30,,35738,27,,,0,70,,35739,27,,,0,30,,35740,27,,,0,70,,35741,27,,,0,30,,35742,27,,,0,70,,35743,27,,,0,30,,35744,27,,,0,70,,35745,27,,,0,30,,35746,27,,,0,68,,35723,27,,,0,30,,35747,27,,,0,70,,35722,27,,,0,30,,35748,27,,,0,70,,35721,27,,,0,30,,35749,27,,,0,28,,35750,27,,,0,70,,35751,27,,,0,28,,35752,27,,,0,70,,35753,27,,,0,30,,35754,27,,,0,70,,35755,27,,,0,24,,35756,27,,,0
