579400,'1',533,,34117,48,,,0,25,,34118,48,,,0,60,,34119,48,,,0,20,,34120,48,,,0,20,,34121,48,,,0,55,,34122,48,,,0,23,,34123,48,,,0,15,,34124,48,,,0,55,,34125,48,,,0,15,,34126,48,,,0,15,,34127,48,,,0,15,,34128,48,,,0,55,,34129,48,,,0,15,,34130,48,,,0,15,,34131,48,,,0,15,,34132,48,,,0,55,,34133,48,,,0,15,,34134,48,,,0,16,,34135,48,,,0,15,,34136,48,,,0,55,,34137,48,,,0,15,,34138,48,,,0,15,,34139,48,,,0,15,,34140,48,,,0,55,,34141,48,,,0,15,,34142,48,,,0,15,,34143,48,,,0,15,,34144,48,,,0,55,,34145,48,,,0,15,,34146,48,,,0,15,,34147,48,,,0,15,,34148,48,,,0,55,,34149,48,,,0,15,,34150,48,,,0,20,,34151,48,,,0,15,,34152,48,,,0,55,,34153,48,,,0,15,,34154,48,,,0,15,,34155,48,,,0,15,,34156,48,,,0,55,,34157,48,,,0,15,,34158,48,,,0,15,,34159,48,,,0,15,,34160,48,,,0,55,,34161,48,,,0,15,,34162,48,,,0,15,,34163,48,,,0,15,,34164,48,,,0,55,,34165,48,,,0,15,,34166,48,,,0,15,,34167,48,,,0,70,,34168,48,,,0,23,,34169,48,,,0,70,,34170,48,,,0,30,,34171,48,,,0,70,,34172,48,,,0,30,,34173,48,,,0,70,,34174,48,,,0,25,,34175,48,,,0,70,,34176,48,,,0,30,,34177,48,,,0,70,,34178,48,,,0,30,,34179,48,,,0,70,,34180,48,,,0,30,,34181,48,,,0,20,,34182,48,,,0
579400,'2',633,,34216,48,,,0,70,,34215,48,,,0,30,,34214,48,,,0,70,,34210,48,,,0,30,,34209,48,,,0,70,,34213,48,,,0,36,,34212,48,,,0,70,,34211,48,,,0,30,,34218,48,,,0,70,,34217,48,,,0,30,,34198,48,,,0,70,,34197,48,,,0,30,,34195,48,,,0,70,,34208,48,,,0,30,,34207,48,,,0,70,,34206,48,,,0,30,,34205,48,,,0,70,,34204,48,,,0,30,,34200,48,,,0,70,,34199,48,,,0,30,,34196,48,,,0,70,,34194,48,,,0,30,,34188,48,,,0,70,,34187,48,,,0,30,,34186,48,,,0,66,,34193,48,,,0,30,,34192,48,,,0,70,,34191,48,,,0,30,,34184,48,,,0,70,,34183,48,,,0,30,,34220,48,,,0,66,,34185,48,,,0,30,,34203,48,,,0,70,,34202,48,,,0,30,,34201,48,,,0,70,,34219,48,,,0,30,,34190,48,,,0,100,,34189,48,,,0
579400,'3',616,,34228,48,,,0,30,,34248,48,,,0,70,,34251,48,,,0,30,,34250,48,,,0,70,,34249,48,,,0,30,,34246,48,,,0,70,,34247,48,,,0,34,,34254,48,,,0,70,,34253,48,,,0,30,,34256,48,,,0,70,,34255,48,,,0,30,,34258,48,,,0,70,,34257,48,,,0,30,,34241,48,,,0,70,,34245,48,,,0,30,,34244,48,,,0,70,,34243,48,,,0,30,,34242,48,,,0,70,,34236,48,,,0,30,,34240,48,,,0,70,,34239,48,,,0,30,,34238,48,,,0,70,,34237,48,,,0,30,,34234,48,,,0,70,,34226,48,,,0,30,,34233,48,,,0,70,,34232,48,,,0,24,,34235,48,,,0,70,,34225,48,,,0,30,,34252,48,,,0,70,,34224,48,,,0,30,,34231,48,,,0,70,,34223,48,,,0,30,,34230,48,,,0,70,,34222,48,,,0,30,,34229,48,,,0,65,,34221,48,,,0,20,,34227,48,,,0
579400,'4',633,,34259,48,,,0,70,,34260,48,,,0,30,,34261,48,,,0,70,,34262,48,,,0,30,,34263,48,,,0,70,,34264,48,,,0,32,,34265,48,,,0,70,,34266,48,,,0,30,,34267,48,,,0,70,,34268,48,,,0,30,,34269,48,,,0,70,,34270,48,,,0,30,,34271,48,,,0,70,,34272,48,,,0,30,,34273,48,,,0,70,,34274,48,,,0,30,,34275,48,,,0,70,,34276,48,,,0,30,,34277,48,,,0,70,,34278,48,,,0,30,,34279,48,,,0,70,,34280,48,,,0,30,,34281,48,,,0,70,,34282,48,,,0,26,,34283,48,,,0,70,,34284,48,,,0,30,,34285,48,,,0,70,,34286,48,,,0,30,,34287,48,,,0,70,,34288,48,,,0,30,,34289,48,,,0
579400,'6',633,,34323,48,,,0,70,,34322,48,,,0,30,,34321,48,,,0,70,,34317,48,,,0,30,,34316,48,,,0,70,,34320,48,,,0,36,,34319,48,,,0,70,,34318,48,,,0,30,,34325,48,,,0,70,,34324,48,,,0,30,,34305,48,,,0,70,,34304,48,,,0,30,,34302,48,,,0,70,,34315,48,,,0,30,,34314,48,,,0,70,,34313,48,,,0,30,,34312,48,,,0,70,,34311,48,,,0,30,,34307,48,,,0,70,,34306,48,,,0,30,,34303,48,,,0,70,,34301,48,,,0,30,,34295,48,,,0,70,,34294,48,,,0,30,,34293,48,,,0,66,,34300,48,,,0,30,,34299,48,,,0,70,,34298,48,,,0,30,,34291,48,,,0,70,,34290,48,,,0,30,,34327,48,,,0,66,,34292,48,,,0,30,,34310,48,,,0,70,,34309,48,,,0,30,,34308,48,,,0,70,,34326,48,,,0,30,,34297,48,,,0,100,,34296,48,,,0
580600,'1',450,,38395,16,,,0,87,,38394,37,,,0,72,,38393,37,,,0,30,,38392,37,,,0,70,,38391,37,,,0,25,,38390,37,,,0,20,,38389,37,,,0,55,,38388,37,,,0,15,,38387,37,,,0,15,,38386,37,,,0,15,,38385,37,,,0,55,,38384,37,,,0,15,,38383,37,,,0,15,,38382,37,,,0,15,,38381,37,,,0,64,,38380,37,,,0,30,,38379,37,,,0,70,,38378,37,,,0,30,,38377,37,,,0,70,,38376,37,,,0,30,,38375,37,,,0,70,,38374,37,,,0,30,,38373,37,,,0,70,,38372,37,,,0,25,,38371,37,,,0,65,,38370,37,,,0,15,,38369,37,,,0,15,,38368,37,,,0,15,,38367,37,,,0,55,,38366,37,,,0,15,,38365,37,,,0,15,,38364,37,,,0,15,,38363,37,,,0,55,,38362,37,,,0,15,,38361,37,,,0,15,,38360,37,,,0,15,,38359,37,,,0,55,,38358,37,,,0,15,,38357,37,,,0,15,,38356,37,,,0,10,,38355,37,,,0,71,,38354,37,,,0,30,,38353,37,,,0,70,,38352,37,,,0,30,,38351,37,,,0,70,,38350,37,,,0,30,,38349,37,,,0,70,,38348,37,,,0,30,,38347,37,,,0,70,,38345,37,,,0,30,,38344,37,,,0,70,,38346,37,,,0,30,,38343,37,,,0,70,,38342,37,,,0
580600,'2',540,,38397,37,,,0,70,,38434,37,,,0,30,,38417,37,,,0,70,,38418,37,,,0,30,,38416,37,,,0,70,,38419,37,,,0,30,,38403,37,,,0,70,,38420,37,,,0,30,,38414,37,,,0,70,,38421,37,,,0,30,,38406,37,,,0,70,,38422,37,,,0,30,,38407,37,,,0,70,,38423,37,,,0,30,,38408,37,,,0,70,,38424,37,,,0,30,,38409,37,,,0,70,,38425,37,,,0,30,,38410,37,,,0,70,,38426,37,,,0,30,,38411,37,,,0,70,,38427,37,,,0,30,,38412,37,,,0,70,,38428,37,,,0,30,,38413,37,,,0,70,,38429,37,,,0,30,,38415,37,,,0,70,,38405,37,,,0,30,,38404,37,,,0,70,,38402,37,,,0,30,,38401,37,,,0,70,,38400,37,,,0,30,,38399,37,,,0,70,,38430,37,,,0,30,,38431,37,,,0,70,,38432,37,,,0,30,,38433,37,,,0,70,,38398,37,,,0,25,,38435,37,,,0,70,,38436,37,,,0
580600,'3',640,,38457,37,,,0,70,,38458,37,,,0,30,,38456,37,,,0,70,,38459,37,,,0,30,,38443,37,,,0,70,,38460,37,,,0,30,,38454,37,,,0,70,,38461,37,,,0,30,,38446,37,,,0,70,,38462,37,,,0,30,,38447,37,,,0,70,,38463,37,,,0,30,,38448,37,,,0,70,,38464,37,,,0,30,,38449,37,,,0,70,,38465,37,,,0,30,,38450,37,,,0,70,,38466,37,,,0,30,,38451,37,,,0,70,,38467,37,,,0,30,,38452,37,,,0,70,,38468,37,,,0,30,,38453,37,,,0,70,,38469,37,,,0,30,,38455,37,,,0,70,,38445,37,,,0,30,,38444,37,,,0,70,,38442,37,,,0,30,,38441,37,,,0,70,,38440,37,,,0,30,,38439,37,,,0,70,,38470,37,,,0,29,,38471,37,,,0,70,,38472,37,,,0,30,,38473,37,,,0,70,,38438,37,,,0
580600,'4',640,,38491,37,,,0,70,,38492,37,,,0,30,,38490,37,,,0,70,,38493,37,,,0,30,,38477,37,,,0,70,,38494,37,,,0,30,,38488,37,,,0,70,,38495,37,,,0,30,,38480,37,,,0,70,,38496,37,,,0,30,,38481,37,,,0,70,,38497,37,,,0,30,,38482,37,,,0,70,,38498,37,,,0,30,,38483,37,,,0,70,,38499,37,,,0,30,,38484,37,,,0,70,,38500,37,,,0,30,,38485,37,,,0,70,,38501,37,,,0,30,,38486,37,,,0,70,,38502,37,,,0,30,,38487,37,,,0,70,,38503,37,,,0,30,,38489,37,,,0,70,,38479,37,,,0,30,,38478,37,,,0,70,,38476,37,,,0,30,,38475,37,,,0,70,,38474,37,,,0
580600,'6',540,,38505,37,,,0,70,,38542,37,,,0,30,,38525,37,,,0,70,,38526,37,,,0,30,,38524,37,,,0,70,,38527,37,,,0,30,,38511,37,,,0,70,,38528,37,,,0,30,,38522,37,,,0,70,,38529,37,,,0,30,,38514,37,,,0,70,,38530,37,,,0,30,,38515,37,,,0,70,,38531,37,,,0,30,,38516,37,,,0,70,,38532,37,,,0,30,,38517,37,,,0,70,,38533,37,,,0,30,,38518,37,,,0,70,,38534,37,,,0,30,,38519,37,,,0,70,,38535,37,,,0,30,,38520,37,,,0,70,,38536,37,,,0,30,,38521,37,,,0,70,,38537,37,,,0,30,,38523,37,,,0,70,,38513,37,,,0,30,,38512,37,,,0,70,,38510,37,,,0,30,,38509,37,,,0,70,,38508,37,,,0,30,,38507,37,,,0,70,,38538,37,,,0,30,,38539,37,,,0,70,,38540,37,,,0,30,,38541,37,,,0,70,,38506,37,,,0,25,,38543,37,,,0,70,,38544,37,,,0
