579901,'1',522,,36452,2,,,0,20,,36453,2,,,0,60,,36454,2,,,0,22,,36455,2,,,0,24,,36456,2,,,0,52,,36457,2,,,0,12,,36458,2,,,0,11,,36459,2,,,0,12,,36460,2,,,0,12,,36461,2,,,0,12,,36462,2,,,0,52,,36463,2,,,0,12,,36464,2,,,0,12,,36465,2,,,0,12,,36466,2,,,0,12,,36467,2,,,0,52,,36468,2,,,0,15,,36469,2,,,0,15,,36470,2,,,0,15,,36471,2,,,0,55,,36472,2,,,0,15,,36473,2,,,0,15,,36474,2,,,0,15,,36475,2,,,0,55,,36476,2,,,0,15,,36477,2,,,0,15,,36478,2,,,0,15,,36479,2,,,0,55,,36480,2,,,0,15,,36481,2,,,0,15,,36482,2,,,0,15,,36483,2,,,0,55,,36484,2,,,0,15,,36485,2,,,0,15,,36486,2,,,0,15,,36487,2,,,0,54,,36488,2,,,0,15,,36489,2,,,0,14,,36490,2,,,0,13,,36491,2,,,0,52,,36492,2,,,0,12,,36493,2,,,0,12,,36494,2,,,0,12,,36495,2,,,0,12,,36496,2,,,0,52,,36497,2,,,0,12,,36498,2,,,0,12,,36499,2,,,0,12,,36500,2,,,0,12,,36501,2,,,0,52,,36502,2,,,0,12,,36503,2,,,0,12,,36504,2,,,0,12,,36505,2,,,0,14,,36506,2,,,0,52,,36507,2,,,0,15,,36508,2,,,0,13,,36509,2,0,7 4 8 45 10,0,3,,36510,2,,,0,16,,36511,2,,,0,57,,36512,2,,,0,17,,36513,2,,,0,19,,36514,2,,,0,54,,36515,2,,,0,3,,36516,2,0,7 4 8 45 10,0,17,,36517,2,,,0,20,,36518,2,,,0,60,,36519,2,,,0,20,,36520,2,,,0,33,,36521,2,,,0,71,,36522,2,,,0,23,,36523,2,,,0,81,,36524,2,,,0,30,,36525,2,,,0,59,,36526,2,0,7 4 8 45 10,0,32,,36527,2,,,0,88,,36528,2,0,7 4 8 45 10,0
579901,'2',537,,36540,2,,,0,66,,36541,2,,,0,26,,36542,2,,,0,30,,36543,2,,,0,70,,36544,2,,,0,30,,36545,2,,,0,70,,36546,2,,,0,71,,36547,2,,,0,20,,36548,2,,,0,20,,36549,2,,,0,60,,36550,2,,,0,20,,36551,2,,,0,20,,36552,2,,,0,60,,36553,2,,,0,20,,36554,2,,,0,22,,36555,2,,,0,60,,36556,2,,,0,18,,36557,2,,,0,20,,36558,2,,,0,60,,36559,2,,,0,20,,36560,2,,,0,20,,36561,2,,,0,60,,36562,2,,,0,20,,36563,2,,,0,20,,36564,2,,,0,60,,36565,2,,,0,20,,36566,2,,,0,20,,36567,2,,,0,60,,36568,2,,,0,20,,36569,2,,,0,20,,36570,2,,,0,60,,36571,2,,,0,20,,36572,2,,,0,20,,36573,2,,,0,15,,36574,2,,,0,70,,36575,2,,,0,30,,36576,2,,,0,70,,36577,2,,,0,30,,36531,2,,,0,70,,36532,2,,,0,30,,36533,2,,,0,70,,36534,2,,,0,30,,36535,2,,,0,70,,36536,2,,,0,30,,36537,2,,,0,70,,36538,2,,,0,75,,36539,2,,,0,17,,36529,2,0,7 4 8 45 10,0,30,,36530,2,0,7 4 8 45 10,0
579901,'3',555,,36580,2,,,0,70,,36612,2,,,0,30,,36581,2,,,0,70,,36582,2,,,0,30,,36583,2,,,0,70,,36584,2,,,0,30,,36585,2,,,0,70,,36586,2,,,0,30,,36587,2,,,0,70,,36588,2,,,0,30,,36589,2,,,0,70,,36590,2,,,0,30,,36591,2,,,0,70,,36592,2,,,0,30,,36593,2,,,0,70,,36594,2,,,0,30,,36595,2,,,0,70,,36596,2,,,0,30,,36597,2,,,0,70,,36598,2,,,0,30,,36599,2,,,0,70,,36600,2,,,0,30,,36601,2,,,0,70,,36605,2,,,0,30,,36606,2,,,0,70,,36607,2,,,0,30,,36608,2,,,0,70,,36609,2,,,0,30,,36610,2,,,0,70,,36611,2,,,0,30,,36613,2,,,0,75,,36602,2,,,0,70,,36614,2,,,0,30,,36603,2,,,0,70,,36615,2,,,0,30,,36604,2,,,0,17,,36579,2,0,7 4 8 45 10,0,70,,36578,2,0,7 4 8 45 10,0
579901,'4',550,,36616,2,,,0,70,,36617,2,,,0,30,,36618,2,,,0,70,,36619,2,,,0,30,,36620,2,,,0,70,,36621,2,,,0,34,,36622,2,,,0,74,,36623,2,,,0,30,,36624,2,,,0,70,,36625,2,,,0,30,,36626,2,,,0,70,,36627,2,,,0,30,,36628,2,,,0,70,,36629,2,,,0,30,,36630,2,,,0,70,,36631,2,,,0,100,,36632,2,,,0,100,,36633,2,,,0,100,,36634,2,,,0,100,,36635,2,,,0,100,,36636,2,,,0,100,,36637,2,,,0,100,,36638,2,,,0
579901,'6',537,,36650,2,,,0,66,,36651,2,,,0,26,,36652,2,,,0,30,,36653,2,,,0,70,,36654,2,,,0,30,,36655,2,,,0,70,,36656,2,,,0,71,,36657,2,,,0,20,,36658,2,,,0,20,,36659,2,,,0,60,,36660,2,,,0,20,,36661,2,,,0,20,,36662,2,,,0,60,,36663,2,,,0,20,,36664,2,,,0,22,,36665,2,,,0,60,,36666,2,,,0,18,,36667,2,,,0,20,,36668,2,,,0,60,,36669,2,,,0,20,,36670,2,,,0,20,,36671,2,,,0,60,,36672,2,,,0,20,,36673,2,,,0,20,,36674,2,,,0,60,,36675,2,,,0,20,,36676,2,,,0,20,,36677,2,,,0,60,,36678,2,,,0,20,,36679,2,,,0,20,,36680,2,,,0,60,,36681,2,,,0,20,,36682,2,,,0,20,,36683,2,,,0,15,,36684,2,,,0,70,,36685,2,,,0,30,,36686,2,,,0,70,,36687,2,,,0,30,,36641,2,,,0,70,,36642,2,,,0,30,,36643,2,,,0,70,,36644,2,,,0,30,,36645,2,,,0,70,,36646,2,,,0,30,,36647,2,,,0,70,,36648,2,,,0,75,,36649,2,,,0,17,,36639,2,0,7 4 8 45 10,0,30,,36640,2,0,7 4 8 45 10,0
580600,'1',436,,38395,2,,,0,87,,38394,23,,,0,32,,38393,23,,,0,70,,38392,23,,,0,30,,38391,23,,,0,65,,38390,23,,,0,20,,38389,23,,,0,15,,38388,23,,,0,55,,38387,23,,,0,15,,38386,23,,,0,15,,38385,23,,,0,15,,38384,23,,,0,55,,38383,23,,,0,15,,38382,23,,,0,15,,38381,23,,,0,64,,38380,23,,,0,30,,38379,23,,,0,70,,38378,23,,,0,30,,38377,23,,,0,70,,38376,23,,,0,30,,38375,23,,,0,70,,38374,23,,,0,30,,38373,23,,,0,69,,38372,23,,,0,25,,38371,23,,,0,25,,38370,23,,,0,55,,38369,23,,,0,15,,38368,23,,,0,15,,38367,23,,,0,15,,38366,23,,,0,55,,38365,23,,,0,15,,38364,23,,,0,15,,38363,23,,,0,15,,38362,23,,,0,55,,38361,23,,,0,15,,38360,23,,,0,15,,38359,23,,,0,15,,38358,23,,,0,55,,38357,23,,,0,15,,38356,23,,,0,10,,38355,23,,,0,72,,38354,23,,,0,30,,38353,23,,,0,70,,38352,23,,,0,30,,38351,23,,,0,70,,38350,23,,,0,30,,38349,23,,,0,70,,38348,23,,,0,30,,38347,23,,,0,70,,38345,23,,,0,30,,38344,23,,,0,70,,38346,23,,,0,30,,38343,23,,,0,70,,38342,23,,,0
580600,'2',526,,38397,23,,,0,30,,38434,23,,,0,70,,38417,23,,,0,30,,38418,23,,,0,70,,38416,23,,,0,30,,38419,23,,,0,70,,38403,23,,,0,30,,38420,23,,,0,70,,38414,23,,,0,30,,38421,23,,,0,70,,38406,23,,,0,30,,38422,23,,,0,70,,38407,23,,,0,30,,38423,23,,,0,70,,38408,23,,,0,30,,38424,23,,,0,70,,38409,23,,,0,30,,38425,23,,,0,70,,38410,23,,,0,30,,38426,23,,,0,70,,38411,23,,,0,30,,38427,23,,,0,70,,38412,23,,,0,30,,38428,23,,,0,70,,38413,23,,,0,30,,38429,23,,,0,70,,38415,23,,,0,30,,38405,23,,,0,70,,38404,23,,,0,30,,38402,23,,,0,70,,38401,23,,,0,30,,38400,23,,,0,70,,38399,23,,,0,30,,38430,23,,,0,70,,38431,23,,,0,30,,38432,23,,,0,70,,38433,23,,,0,30,,38398,23,,,0,65,,38435,23,,,0,30,,38436,23,,,0
580600,'3',626,,38457,23,,,0,30,,38458,23,,,0,70,,38456,23,,,0,30,,38459,23,,,0,70,,38443,23,,,0,30,,38460,23,,,0,70,,38454,23,,,0,30,,38461,23,,,0,70,,38446,23,,,0,30,,38462,23,,,0,70,,38447,23,,,0,30,,38463,23,,,0,70,,38448,23,,,0,30,,38464,23,,,0,70,,38449,23,,,0,30,,38465,23,,,0,70,,38450,23,,,0,30,,38466,23,,,0,70,,38451,23,,,0,30,,38467,23,,,0,70,,38452,23,,,0,30,,38468,23,,,0,70,,38453,23,,,0,30,,38469,23,,,0,70,,38455,23,,,0,30,,38445,23,,,0,70,,38444,23,,,0,30,,38442,23,,,0,70,,38441,23,,,0,30,,38440,23,,,0,70,,38439,23,,,0,30,,38470,23,,,0,70,,38471,23,,,0,30,,38472,23,,,0,70,,38473,23,,,0,30,,38438,23,,,0
580600,'4',626,,38491,23,,,0,30,,38492,23,,,0,70,,38490,23,,,0,30,,38493,23,,,0,70,,38477,23,,,0,30,,38494,23,,,0,70,,38488,23,,,0,30,,38495,23,,,0,70,,38480,23,,,0,30,,38496,23,,,0,70,,38481,23,,,0,30,,38497,23,,,0,70,,38482,23,,,0,30,,38498,23,,,0,70,,38483,23,,,0,30,,38499,23,,,0,70,,38484,23,,,0,30,,38500,23,,,0,70,,38485,23,,,0,30,,38501,23,,,0,70,,38486,23,,,0,30,,38502,23,,,0,70,,38487,23,,,0,30,,38503,23,,,0,70,,38489,23,,,0,30,,38479,23,,,0,70,,38478,23,,,0,30,,38476,23,,,0,70,,38475,23,,,0,30,,38474,23,,,0
580600,'6',526,,38505,23,,,0,30,,38542,23,,,0,70,,38525,23,,,0,30,,38526,23,,,0,70,,38524,23,,,0,30,,38527,23,,,0,70,,38511,23,,,0,30,,38528,23,,,0,70,,38522,23,,,0,30,,38529,23,,,0,70,,38514,23,,,0,30,,38530,23,,,0,70,,38515,23,,,0,30,,38531,23,,,0,70,,38516,23,,,0,30,,38532,23,,,0,70,,38517,23,,,0,30,,38533,23,,,0,70,,38518,23,,,0,30,,38534,23,,,0,70,,38519,23,,,0,30,,38535,23,,,0,70,,38520,23,,,0,30,,38536,23,,,0,70,,38521,23,,,0,30,,38537,23,,,0,70,,38523,23,,,0,30,,38513,23,,,0,70,,38512,23,,,0,30,,38510,23,,,0,70,,38509,23,,,0,30,,38508,23,,,0,70,,38507,23,,,0,30,,38538,23,,,0,70,,38539,23,,,0,30,,38540,23,,,0,70,,38541,23,,,0,30,,38506,23,,,0,65,,38543,23,,,0,30,,38544,23,,,0
580601,'1601',728,,38545,30,0,8 40 10,0
580601,'1',533,,38600,30,,,0,69,,38599,30,,,0,18,,38547,2,,,0,12,,38598,30,,,0,70,,38597,30,,,0,30,,38596,30,,,0,70,,38595,30,,,0,20,,38594,30,,,0,20,,38593,30,,,0,60,,38592,30,,,0,15,,38591,30,,,0,15,,38590,30,,,0,15,,38589,30,,,0,56,,38588,30,,,0,30,,38587,30,,,0,70,,38586,30,,,0,30,,38585,30,,,0,70,,38584,30,,,0,30,,38583,30,,,0,70,,38582,30,,,0,30,,38581,30,,,0,70,,38580,30,,,0,30,,38579,30,,,0,70,,38578,30,,,0,15,,38577,30,,,0,15,,38576,30,,,0,15,,38575,30,,,0,55,,38574,30,,,0,15,,38573,30,,,0,15,,38548,30,,,0,15,,38572,30,,,0,55,,38571,30,,,0,15,,38570,30,,,0,15,,38569,30,,,0,15,,38568,30,,,0,55,,38567,30,,,0,15,,38566,30,,,0,15,,38565,30,,,0,15,,38564,30,,,0,54,,38563,30,,,0,15,,38562,30,,,0,20,,38561,30,,,0,65,,38560,30,,,0,30,,38559,30,,,0,70,,38558,30,,,0,30,,38557,30,,,0,70,,38556,30,,,0,30,,38551,30,,,0,70,,38555,30,,,0,30,,38554,30,,,0,70,,38550,30,,,0,30,,38553,30,,,0,70,,38549,30,,,0,37,,38552,30,,,0
580601,'2',524,,38638,30,,,0,30,,38639,30,,,0,70,,38640,30,,,0,26,,38619,30,,,0,70,,38621,30,,,0,30,,38620,30,,,0,70,,38622,30,,,0,30,,38618,30,,,0,70,,38623,30,,,0,30,,38615,30,,,0,70,,38624,30,,,0,30,,38607,30,,,0,70,,38625,30,,,0,30,,38608,30,,,0,70,,38626,30,,,0,30,,38609,30,,,0,70,,38627,30,,,0,30,,38610,30,,,0,70,,38628,30,,,0,30,,38611,30,,,0,70,,38629,30,,,0,30,,38612,30,,,0,70,,38630,30,,,0,30,,38613,30,,,0,70,,38631,30,,,0,30,,38614,30,,,0,70,,38632,30,,,0,30,,38616,30,,,0,70,,38617,30,,,0,30,,38633,30,,,0,70,,38606,30,,,0,30,,38605,30,,,0,70,,38604,30,,,0,30,,38603,30,,,0,70,,38602,30,,,0,30,,38634,30,,,0,70,,38635,30,,,0,30,,38636,30,,,0,70,,38601,30,,,0,30,,38637,30,,,0,70,,38641,30,,,0
580601,'3',650,,38660,30,,,0,70,,38662,30,,,0,30,,38661,30,,,0,70,,38663,30,,,0,30,,38659,30,,,0,70,,38664,30,,,0,30,,38656,30,,,0,70,,38665,30,,,0,30,,38648,30,,,0,70,,38666,30,,,0,30,,38649,30,,,0,70,,38667,30,,,0,30,,38650,30,,,0,70,,38668,30,,,0,30,,38651,30,,,0,70,,38669,30,,,0,30,,38652,30,,,0,70,,38670,30,,,0,30,,38653,30,,,0,70,,38671,30,,,0,30,,38654,30,,,0,70,,38672,30,,,0,30,,38655,30,,,0,70,,38673,30,,,0,30,,38657,30,,,0,70,,38658,30,,,0,30,,38674,30,,,0,70,,38647,30,,,0,30,,38646,30,,,0,70,,38645,30,,,0,30,,38644,30,,,0,70,,38643,30,,,0,30,,38675,30,,,0,70,,38676,30,,,0,30,,38677,30,,,0,79,,38642,30,,,0
580601,'4',650,,38693,30,,,0,70,,38695,30,,,0,30,,38694,30,,,0,70,,38696,30,,,0,30,,38692,30,,,0,70,,38697,30,,,0,30,,38689,30,,,0,70,,38698,30,,,0,30,,38681,30,,,0,70,,38699,30,,,0,30,,38682,30,,,0,70,,38700,30,,,0,30,,38683,30,,,0,70,,38701,30,,,0,30,,38684,30,,,0,70,,38702,30,,,0,30,,38685,30,,,0,70,,38703,30,,,0,30,,38686,30,,,0,70,,38704,30,,,0,30,,38687,30,,,0,70,,38705,30,,,0,30,,38688,30,,,0,70,,38706,30,,,0,30,,38690,30,,,0,70,,38691,30,,,0,30,,38707,30,,,0,70,,38680,30,,,0,30,,38679,30,,,0,70,,38678,30,,,0
580601,'6',524,,38745,30,,,0,30,,38746,30,,,0,70,,38747,30,,,0,26,,38726,30,,,0,70,,38728,30,,,0,30,,38727,30,,,0,70,,38729,30,,,0,30,,38725,30,,,0,70,,38730,30,,,0,30,,38722,30,,,0,70,,38731,30,,,0,30,,38714,30,,,0,70,,38732,30,,,0,30,,38715,30,,,0,70,,38733,30,,,0,30,,38716,30,,,0,70,,38734,30,,,0,30,,38717,30,,,0,70,,38735,30,,,0,30,,38718,30,,,0,70,,38736,30,,,0,30,,38719,30,,,0,70,,38737,30,,,0,30,,38720,30,,,0,70,,38738,30,,,0,30,,38721,30,,,0,70,,38739,30,,,0,30,,38723,30,,,0,70,,38724,30,,,0,30,,38740,30,,,0,70,,38713,30,,,0,30,,38712,30,,,0,70,,38711,30,,,0,30,,38710,30,,,0,70,,38709,30,,,0,30,,38741,30,,,0,70,,38742,30,,,0,30,,38743,30,,,0,70,,38708,30,,,0,30,,38744,30,,,0,70,,38748,30,,,0
