578301,'1',457,,31011,4,0,29 30 6,0,60,,31012,4,0,33 4 34,0,10,,31013,46,0,20 4 12 13,0,10,,31014,52,0,33 4 34,0,10,,31015,40,0,29 30 6,0,55,,31016,46,0,20 4 12 13,0,10,,31017,52,0,33 4 34,0,4,,31018,40,0,29 30 6,0,12,,31019,46,0,20 4 12 13,0,7,,31020,52,0,33 4 34,0,8,,31021,40,0,29 30 6,0,7,,31022,52,0,33 4 34,0,8,,31023,46,0,20 4 12 13,0,47,,31024,52,0,33 4 34,0,8,,31025,40,0,29 30 6,0,7,,31026,52,0,33 4 34,0,8,,31027,46,0,20 4 12 13,0,7,,31028,52,0,33 4 34,0,8,,31029,40,0,29 30 6,0,7,,31030,52,0,33 4 34,0,8,,31031,46,0,20 4 12 13,0,47,,31032,52,0,33 4 34,0,8,,31033,40,0,29 30 6,0,7,,31034,52,0,33 4 34,0,8,,31035,46,0,20 4 12 13,0,7,,31036,52,0,33 4 34,0,8,,31037,40,0,29 30 6,0,7,,31038,52,0,33 4 34,0,8,,31039,46,0,20 4 12 13,0,47,,31040,52,0,33 4 34,0,8,,31041,40,0,29 30 6,0,7,,31042,52,0,33 4 34,0,8,,31043,46,0,20 4 12 13,0,7,,31044,52,0,33 4 34,0,8,,31045,40,0,29 30 6,0,7,,31046,52,0,33 4 34,0,8,,31047,46,0,20 4 12 13,0,55,,31049,40,0,29 30 6,0,8,,31050,52,0,33 4 34,0,10,,31051,46,0,20 4 12 13,0,10,,31052,40,0,29 30 6,0,10,,31053,52,0,33 4 34,0,50,,31054,46,0,20 4 12 13,0,10,,31055,40,0,29 30 6,0,10,,31056,52,0,33 4 34,0,10,,31057,46,0,20 4 12 13,0,10,,31058,40,0,29 30 6,0,10,,31059,52,0,33 4 34,0,50,,31060,46,0,20 4 12 13,0,10,,31061,40,0,29 30 6,0,10,,31062,52,0,33 4 34,0,10,,31063,46,0,20 4 12 13,0,10,,31064,40,0,29 30 6,0,10,,31065,52,0,33 4 34,0,50,,31066,46,0,20 4 12 13,0,10,,31067,40,0,29 30 6,0,10,,31068,52,0,33 4 34,0,10,,31069,46,0,20 4 12 13,0,10,,31070,40,0,29 30 6,0,10,,31071,52,0,33 4 34,0,50,,31072,46,0,20 4 12 13,0,11,,31073,40,0,29 30 6,0,10,,31074,52,0,33 4 34,0,10,,31075,46,0,20 4 12 13,0,8,,31076,52,0,33 4 34,0,8,,31077,40,0,29 30 6,0,7,,31078,52,0,33 4 34,0,48,,31079,46,0,20 4 12 13,0,7,,31080,52,0,33 4 34,0,8,,31081,40,0,29 30 6,0,7,,31082,52,0,33 4 34,0,8,,31083,46,0,20 4 12 13,0,7,,31084,52,0,33 4 34,0,8,,31085,40,0,29 30 6,0,7,,31086,52,0,33 4 34,0,48,,31087,46,0,20 4 12 13,0,7,,31088,52,0,33 4 34,0,8,,31089,40,0,29 30 6,0,7,,31090,52,0,33 4 34,0,8,,31091,46,0,20 4 12 13,0,7,,31092,52,0,33 4 34,0,8,,31093,40,0,29 30 6,0,7,,31094,52,0,33 4 34,0,48,,31095,46,0,20 4 12 13,0,7,,31096,52,0,33 4 34,0,8,,31097,40,0,29 30 6,0,7,,31098,52,0,33 4 34,0,8,,31099,46,0,20 4 12 13,0,7,,31100,52,0,33 4 34,0,7,,31101,40,0,29 30 6,0,7,,31102,52,0,33 4 34,0,47,,31103,46,0,20 4 12 13,0,6,,31104,52,0,33 4 34,0,7,,31105,40,0,29 30 6,0,8,,31106,52,0,33 4 34,0,7,,31107,46,0,20 4 12 13,0,16,,31109,40,0,29 30 6,0,8,,31110,52,0,33 4 34,0,49,,31111,46,0,20 4 12 13,0,17,,31113,40,0,29 30 6,0,8,,31114,52,0,33 4 34,0,8,,31115,46,0,20 4 12 13,0,8,,31116,40,0,29 30 6,0,8,,31117,52,0,33 4 34,0,8,,31118,46,0,20 4 12 13,0,58,,31120,40,0,29 30 6,0,10,,31121,52,0,33 4 34,0,10,,31122,46,0,20 4 12 13,0,10,,31123,40,0,29 30 6,0,10,,31124,52,0,33 4 34,0,50,,31125,40,0,29 30 6,0,10,,31126,46,0,20 4 12 13,0,10,,31127,52,0,33 4 34,0,10,,31128,46,0,20 4 12 13,0,10,,31129,40,0,29 30 6,0,10,,31130,52,0,33 4 34,0,50,,31131,46,0,20 4 12 13,0,10,,31132,52,0,33 4 34,0,15,,31133,40,0,29 30 6,0,15,,31134,46,0,20 4 12 13,0,55,,31135,52,0,33 4 34,0,15,,31137,40,0,29 30 6,0,15,,31138,46,0,20 4 12 13,0,15,,31139,52,0,33 4 34,0,55,,31140,40,0,29 30 6,0,15,,31141,46,0,20 4 12 13,0,10,,31142,52,0,33 4 34,0,30,,31143,46,0,20 4 12 13,0,55,,31144,52,0,33 4 34,0,10,,31145,40,0,29 30 6,0
578301,'2',452,,31149,4,0,29 30 6,0,6,,31150,46,0,20 4 12 13,0,50,,31151,52,0,33 4 34,0,12,,31152,46,0,20 4 12 13,0,12,,31153,40,0,29 30 6,0,12,,31154,52,0,33 4 34,0,12,,31155,46,0,20 4 12 13,0,52,,31156,40,0,29 30 6,0,12,,31157,52,0,33 4 34,0,12,,31158,46,0,20 4 12 13,0,12,,31159,40,0,29 30 6,0,12,,31160,52,0,33 4 34,0,52,,31161,46,0,20 4 12 13,0,12,,31162,40,0,29 30 6,0,12,,31163,52,0,33 4 34,0,12,,31164,46,0,20 4 12 13,0,12,,31165,40,0,29 30 6,0,52,,31166,52,0,33 4 34,0,12,,31167,46,0,20 4 12 13,0,12,,31168,40,0,29 30 6,0,12,,31169,52,0,33 4 34,0,12,,31170,46,0,20 4 12 13,0,52,,31171,40,0,29 30 6,0,12,,31172,52,0,33 4 34,0,12,,31173,46,0,20 4 12 13,0,12,,31174,40,0,29 30 6,0,12,,31175,52,0,33 4 34,0,52,,31176,46,0,20 4 12 13,0,12,,31177,40,0,29 30 6,0,12,,31178,52,0,33 4 34,0,12,,31179,46,0,20 4 12 13,0,12,,31180,40,0,29 30 6,0,52,,31181,52,0,33 4 34,0,12,,31182,46,0,20 4 12 13,0,12,,31183,40,0,29 30 6,0,12,,31184,52,0,33 4 34,0,12,,31185,46,0,20 4 12 13,0,52,,31186,40,0,29 30 6,0,12,,31187,52,0,33 4 34,0,12,,31188,46,0,20 4 12 13,0,12,,31189,40,0,29 30 6,0,12,,31190,52,0,33 4 34,0,52,,31191,46,0,20 4 12 13,0,12,,31192,40,0,29 30 6,0,12,,31193,52,0,33 4 34,0,12,,31194,46,0,20 4 12 13,0,12,,31195,40,0,29 30 6,0,52,,31196,52,0,33 4 34,0,12,,31197,46,0,20 4 12 13,0,12,,31198,40,0,29 30 6,0,12,,31199,52,0,33 4 34,0,12,,31200,46,0,20 4 12 13,0,52,,31201,40,0,29 30 6,0,12,,31202,52,0,33 4 34,0,12,,31203,46,0,20 4 12 13,0,12,,31204,40,0,29 30 6,0,12,,31205,52,0,33 4 34,0,52,,31206,46,0,20 4 12 13,0,12,,31207,40,0,29 30 6,0,12,,31208,52,0,33 4 34,0,12,,31209,46,0,20 4 12 13,0,12,,31210,40,0,29 30 6,0,52,,31211,52,0,33 4 34,0,12,,31212,46,0,20 4 12 13,0,13,,31213,40,0,29 30 6,0,12,,31214,52,0,33 4 34,0,12,,31215,46,0,20 4 12 13,0,52,,31216,40,0,29 30 6,0,12,,31217,52,0,33 4 34,0,12,,31218,46,0,20 4 12 13,0,12,,31219,40,0,29 30 6,0,12,,31220,52,0,33 4 34,0,52,,31221,46,0,20 4 12 13,0,12,,31222,40,0,29 30 6,0,13,,31223,52,0,33 4 34,0,12,,31224,46,0,20 4 12 13,0,12,,31225,40,0,29 30 6,0,52,,31226,52,0,33 4 34,0,12,,31227,46,0,20 4 12 13,0,12,,31228,40,0,29 30 6,0,12,,31229,52,0,33 4 34,0,56,,31230,46,0,20 4 12 13,0,15,,31231,40,0,29 30 6,0,15,,31232,52,0,33 4 34,0,15,,31233,46,0,20 4 12 13,0,55,,31234,52,0,33 4 34,0,15,,31235,40,0,29 30 6,0,15,,31236,46,0,20 4 12 13,0,15,,31237,52,0,33 4 34,0,55,,31238,40,0,29 30 6,0,15,,31239,46,0,20 4 12 13,0,15,,31240,52,0,33 4 34,0,15,,31241,40,0,29 30 6,0,55,,31242,46,0,20 4 12 13,0,15,,31243,52,0,33 4 34,0,15,,31244,40,0,29 30 6,0,15,,31245,46,0,20 4 12 13,0,60,,31246,52,0,33 4 34,0,15,,31247,40,0,29 30 6,0
578301,'3',507,,31251,4,0,20 4 12 13,0,5,,31252,4,0,33 4 34,0,15,,31253,4,0,29 30 6,0,20,,31254,52,0,33 4 34,0,5,,31255,4,0,20 4 12 13,0,50,,31256,46,0,20 4 12 13,0,15,,31257,40,0,29 30 6,0,15,,31258,52,0,33 4 34,0,15,,31259,46,0,20 4 12 13,0,55,,31260,40,0,29 30 6,0,15,,31261,52,0,33 4 34,0,15,,31262,46,0,20 4 12 13,0,15,,31263,40,0,29 30 6,0,55,,31264,52,0,33 4 34,0,15,,31265,46,0,20 4 12 13,0,15,,31266,40,0,29 30 6,0,15,,31267,52,0,33 4 34,0,55,,31268,46,0,20 4 12 13,0,15,,31269,40,0,29 30 6,0,15,,31270,52,0,33 4 34,0,13,,31271,46,0,20 4 12 13,0,12,,31272,40,0,29 30 6,0,52,,31273,52,0,33 4 34,0,12,,31274,46,0,20 4 12 13,0,12,,31275,40,0,29 30 6,0,12,,31276,52,0,33 4 34,0,12,,31277,46,0,20 4 12 13,0,52,,31278,40,0,29 30 6,0,12,,31279,52,0,33 4 34,0,12,,31280,46,0,20 4 12 13,0,12,,31281,40,0,29 30 6,0,12,,31282,52,0,33 4 34,0,52,,31283,46,0,20 4 12 13,0,12,,31284,40,0,29 30 6,0,12,,31285,52,0,33 4 34,0,12,,31286,46,0,20 4 12 13,0,12,,31287,40,0,29 30 6,0,52,,31288,52,0,33 4 34,0,12,,31289,46,0,20 4 12 13,0,12,,31290,40,0,29 30 6,0,12,,31291,52,0,33 4 34,0,12,,31292,46,0,20 4 12 13,0,52,,31293,40,0,29 30 6,0,12,,31294,52,0,33 4 34,0,12,,31295,46,0,20 4 12 13,0,12,,31296,40,0,29 30 6,0,12,,31297,52,0,33 4 34,0,52,,31298,46,0,20 4 12 13,0,12,,31299,40,0,29 30 6,0,12,,31300,52,0,33 4 34,0,12,,31301,46,0,20 4 12 13,0,12,,31302,40,0,29 30 6,0,52,,31303,52,0,33 4 34,0,12,,31304,46,0,20 4 12 13,0,12,,31305,40,0,29 30 6,0,12,,31306,52,0,33 4 34,0,12,,31307,46,0,20 4 12 13,0,52,,31308,40,0,29 30 6,0,12,,31309,52,0,33 4 34,0,12,,31310,46,0,20 4 12 13,0,12,,31311,40,0,29 30 6,0,12,,31312,52,0,33 4 34,0,52,,31313,46,0,20 4 12 13,0,12,,31314,40,0,29 30 6,0,12,,31315,52,0,33 4 34,0,12,,31316,46,0,20 4 12 13,0,12,,31317,40,0,29 30 6,0,52,,31318,52,0,33 4 34,0,11,,31319,46,0,20 4 12 13,0,12,,31320,40,0,29 30 6,0,15,,31321,52,0,33 4 34,0,55,,31322,46,0,20 4 12 13,0,15,,31323,40,0,29 30 6,0,15,,31324,52,0,33 4 34,0,15,,31325,46,0,20 4 12 13,0,55,,31326,40,0,29 30 6,0,15,,31327,52,0,33 4 34,0,15,,31328,46,0,20 4 12 13,0,15,,31329,40,0,29 30 6,0,55,,31330,52,0,33 4 34,0,15,,31331,46,0,20 4 12 13,0,15,,31332,40,0,29 30 6,0,15,,31333,52,0,33 4 34,0,55,,31334,46,0,20 4 12 13,0,15,,31335,40,0,29 30 6,0,15,,31336,52,0,33 4 34,0,15,,31337,46,0,20 4 12 13,0,55,,31338,52,0,33 4 34,0
578301,'4',521,,31406,4,0,29 30 6,0,21,,31342,4,0,20 4 12 13,0,10,,31343,4,0,29 30 6,0,3,,31407,52,0,33 4 34,0,62,,31345,46,0,20 4 12 13,0,4,,31344,52,0,33 4 34,0,11,,31346,40,0,29 30 6,0,15,,31347,52,0,33 4 34,0,55,,31348,46,0,20 4 12 13,0,15,,31349,40,0,29 30 6,0,15,,31350,52,0,33 4 34,0,15,,31351,46,0,20 4 12 13,0,55,,31352,40,0,29 30 6,0,15,,31353,52,0,33 4 34,0,15,,31354,46,0,20 4 12 13,0,15,,31355,40,0,29 30 6,0,55,,31356,52,0,33 4 34,0,15,,31357,46,0,20 4 12 13,0,15,,31358,40,0,29 30 6,0,15,,31359,52,0,33 4 34,0,55,,31360,46,0,20 4 12 13,0,15,,31361,40,0,29 30 6,0,15,,31362,52,0,33 4 34,0,15,,31363,46,0,20 4 12 13,0,55,,31364,40,0,29 30 6,0,15,,31365,52,0,33 4 34,0,15,,31366,46,0,20 4 12 13,0,15,,31367,40,0,29 30 6,0,55,,31368,52,0,33 4 34,0,15,,31369,46,0,20 4 12 13,0,15,,31370,40,0,29 30 6,0,15,,31371,52,0,33 4 34,0,55,,31372,46,0,20 4 12 13,0,15,,31373,40,0,29 30 6,0,15,,31374,52,0,33 4 34,0,15,,31375,46,0,20 4 12 13,0,55,,31376,40,0,29 30 6,0,15,,31377,52,0,33 4 34,0,15,,31378,46,0,20 4 12 13,0,15,,31379,40,0,29 30 6,0,55,,31380,52,0,33 4 34,0,15,,31381,46,0,20 4 12 13,0,15,,31382,40,0,29 30 6,0,15,,31383,52,0,33 4 34,0,55,,31384,46,0,20 4 12 13,0,15,,31385,40,0,29 30 6,0,15,,31386,52,0,33 4 34,0,15,,31387,46,0,20 4 12 13,0,55,,31388,40,0,29 30 6,0,15,,31389,52,0,33 4 34,0,15,,31390,46,0,20 4 12 13,0,15,,31391,40,0,29 30 6,0,55,,31392,52,0,33 4 34,0,15,,31393,46,0,20 4 12 13,0,15,,31394,40,0,29 30 6,0,15,,31395,52,0,33 4 34,0,55,,31396,46,0,20 4 12 13,0,15,,31397,40,0,29 30 6,0,15,,31398,52,0,33 4 34,0,15,,31399,46,0,20 4 12 13,0,55,,31400,40,0,29 30 6,0,15,,31401,52,0,33 4 34,0,15,,31402,46,0,20 4 12 13,0,15,,31403,40,0,29 30 6,0,55,,31405,52,0,33 4 34,0
578301,'6',507,,31408,4,0,20 4 12 13,0,5,,31409,4,0,33 4 34,0,15,,31410,4,0,29 30 6,0,20,,31411,52,0,33 4 34,0,5,,31412,4,0,20 4 12 13,0,50,,31413,46,0,20 4 12 13,0,15,,31414,40,0,29 30 6,0,15,,31415,52,0,33 4 34,0,15,,31416,46,0,20 4 12 13,0,55,,31417,40,0,29 30 6,0,15,,31418,52,0,33 4 34,0,15,,31419,46,0,20 4 12 13,0,15,,31420,40,0,29 30 6,0,55,,31421,52,0,33 4 34,0,15,,31422,46,0,20 4 12 13,0,15,,31423,40,0,29 30 6,0,15,,31424,52,0,33 4 34,0,55,,31425,46,0,20 4 12 13,0,15,,31426,40,0,29 30 6,0,15,,31427,52,0,33 4 34,0,13,,31428,46,0,20 4 12 13,0,12,,31429,40,0,29 30 6,0,52,,31430,52,0,33 4 34,0,12,,31431,46,0,20 4 12 13,0,12,,31432,40,0,29 30 6,0,12,,31433,52,0,33 4 34,0,12,,31434,46,0,20 4 12 13,0,52,,31435,40,0,29 30 6,0,12,,31436,52,0,33 4 34,0,12,,31437,46,0,20 4 12 13,0,12,,31438,40,0,29 30 6,0,12,,31439,52,0,33 4 34,0,52,,31440,46,0,20 4 12 13,0,12,,31441,40,0,29 30 6,0,12,,31442,52,0,33 4 34,0,12,,31443,46,0,20 4 12 13,0,12,,31444,40,0,29 30 6,0,52,,31445,52,0,33 4 34,0,12,,31446,46,0,20 4 12 13,0,12,,31447,40,0,29 30 6,0,12,,31448,52,0,33 4 34,0,12,,31449,46,0,20 4 12 13,0,52,,31450,40,0,29 30 6,0,12,,31451,52,0,33 4 34,0,12,,31452,46,0,20 4 12 13,0,12,,31453,40,0,29 30 6,0,12,,31454,52,0,33 4 34,0,52,,31455,46,0,20 4 12 13,0,12,,31456,40,0,29 30 6,0,12,,31457,52,0,33 4 34,0,12,,31458,46,0,20 4 12 13,0,12,,31459,40,0,29 30 6,0,52,,31460,52,0,33 4 34,0,12,,31461,46,0,20 4 12 13,0,12,,31462,40,0,29 30 6,0,12,,31463,52,0,33 4 34,0,12,,31464,46,0,20 4 12 13,0,52,,31465,40,0,29 30 6,0,12,,31466,52,0,33 4 34,0,12,,31467,46,0,20 4 12 13,0,12,,31468,40,0,29 30 6,0,12,,31469,52,0,33 4 34,0,52,,31470,46,0,20 4 12 13,0,12,,31471,40,0,29 30 6,0,12,,31472,52,0,33 4 34,0,12,,31473,46,0,20 4 12 13,0,12,,31474,40,0,29 30 6,0,52,,31475,52,0,33 4 34,0,11,,31476,46,0,20 4 12 13,0,12,,31477,40,0,29 30 6,0,15,,31478,52,0,33 4 34,0,55,,31479,46,0,20 4 12 13,0,15,,31480,40,0,29 30 6,0,15,,31481,52,0,33 4 34,0,15,,31482,46,0,20 4 12 13,0,55,,31483,40,0,29 30 6,0,15,,31484,52,0,33 4 34,0,15,,31485,46,0,20 4 12 13,0,15,,31486,40,0,29 30 6,0,55,,31487,52,0,33 4 34,0,15,,31488,46,0,20 4 12 13,0,15,,31489,40,0,29 30 6,0,15,,31490,52,0,33 4 34,0,55,,31491,46,0,20 4 12 13,0,15,,31492,40,0,29 30 6,0,15,,31493,52,0,33 4 34,0,15,,31494,46,0,20 4 12 13,0,55,,31495,52,0,33 4 34,0
582800,'1',437,,40216,4,,,0,63,,40217,4,,,0,14,,40218,4,,,0,14,,40219,4,,,0,14,,40220,4,,,0,10,,40221,4,,,0,50,,40222,4,,,0,10,,40223,4,,,0,10,,40224,4,,,0,10,,40225,4,,,0,10,,40226,4,,,0,10,,40227,4,,,0,50,,40228,4,,,0,8,,40229,35,,,0,7,,40230,4,,,0,8,,40231,35,,,0,7,,40232,4,,,0,8,,40233,35,,,0,7,,40234,4,,,0,8,,40235,35,,,0,47,,40236,4,,,0,8,,40237,35,,,0,7,,40238,4,,,0,8,,40239,35,,,0,7,,40240,4,,,0,8,,40241,35,,,0,7,,40242,4,,,0,8,,40243,35,,,0,47,,40244,4,,,0,7,,40245,35,,,0,7,,40246,4,,,0,6,,40247,35,,,0,6,,40248,4,,,0,6,,40249,35,,,0,6,,40250,4,,,0,6,,40251,35,,,0,6,,40252,4,,,0,6,,40253,35,,,0,46,,40254,4,,,0,6,,40255,35,,,0,6,,40256,4,,,0,6,,40257,35,,,0,6,,40258,4,,,0,6,,40259,35,,,0,6,,40260,4,,,0,6,,40261,35,,,0,6,,40262,4,,,0,6,,40263,35,,,0,46,,40264,4,,,0,6,,40265,35,,,0,6,,40266,4,,,0,6,,40267,35,,,0,6,,40268,4,,,0,6,,40269,35,,,0,6,,40270,4,,,0,6,,40271,35,,,0,6,,40272,4,,,0,6,,40273,35,,,0,46,,40274,4,,,0,6,,40275,35,,,0,6,,40276,4,,,0,6,,40277,35,,,0,6,,40278,4,,,0,6,,40279,35,,,0,6,,40280,4,,,0,6,,40281,35,,,0,6,,40282,4,,,0,6,,40283,35,,,0,46,,40284,4,,,0,6,,40285,35,,,0,6,,40286,4,,,0,6,,40287,35,,,0,6,,40288,4,,,0,6,,40289,35,,,0,6,,40290,4,,,0,6,,40291,35,,,0,6,,40292,4,,,0,6,,40293,35,,,0,46,,40294,4,,,0,6,,40295,35,,,0,6,,40296,4,,,0,5,,40297,35,,,0,6,,40298,4,,,0,6,,40299,35,,,0,6,,40300,4,,,0,6,,40301,35,,,0,6,,40302,4,,,0,6,,40303,35,,,0,46,,40304,4,,,0,6,,40305,35,,,0,6,,40306,4,,,0,6,,40307,35,,,0,6,,40308,4,,,0,6,,40309,35,,,0,6,,40310,4,,,0,6,,40311,35,,,0,6,,40312,4,,,0,6,,40313,35,,,0,47,,40314,4,,,0,6,,40315,35,,,0,6,,40316,4,,,0,6,,40317,35,,,0,6,,40318,4,,,0,6,,40319,35,,,0,6,,40320,4,,,0,6,,40321,35,,,0,6,,40322,4,,,0,6,,40323,35,,,0,46,,40324,4,,,0,6,,40325,35,,,0,6,,40326,4,,,0,6,,40327,35,,,0,6,,40328,4,,,0,6,,40329,35,,,0,6,,40330,4,,,0,6,,40331,35,,,0,6,,40332,4,,,0,6,,40333,35,,,0,46,,40334,4,,,0,6,,40335,35,,,0,6,,40336,4,,,0,6,,40337,35,,,0,6,,40338,4,,,0,6,,40215,35,,,0,6,,40340,4,,,0,6,,40339,35,,,0,6,,40342,4,,,0,6,,40341,35,,,0,50,,40343,4,,,0,10,,40344,4,,,0,15,,40345,4,,,0,15,,40346,4,,,0,55,,40347,4,,,0,15,,40348,4,,,0,15,,40349,4,,,0,15,,40350,4,,,0,55,,40351,4,,,0,15,,40352,4,,,0,15,,40353,4,,,0,15,,40354,4,,,0,55,,40355,4,,,0,20,,40356,4,,,0,20,,40357,4,,,0,60,,40358,4,,,0,20,,40359,4,,,0,20,,40360,4,,,0,60,,40361,4,,,0,20,,40362,4,,,0,20,,40363,4,,,0,60,,40364,4,,,0,19,,40365,4,,,0
582800,'2',503,,40372,4,,,0,20,,40373,4,,,0,20,,40374,4,,,0,60,,40375,4,,,0,20,,40376,4,,,0,20,,40377,4,,,0,60,,40378,4,,,0,15,,40379,4,,,0,15,,40380,4,,,0,15,,40381,4,,,0,55,,40382,4,,,0,15,,40383,4,,,0,15,,40384,4,,,0,15,,40385,4,,,0,55,,40386,4,,,0,15,,40398,4,,,0,15,,40399,4,,,0,15,,40400,4,,,0,55,,40401,4,,,0,15,,40402,4,,,0,15,,40403,4,,,0,15,,40404,4,,,0,55,,40405,4,,,0,15,,40406,4,,,0,15,,40407,4,,,0,15,,40408,4,,,0,55,,40409,4,,,0,15,,40410,4,,,0,15,,40411,4,,,0,15,,40412,4,,,0,55,,40413,4,,,0,15,,40414,4,,,0,15,,40415,4,,,0,15,,40416,4,,,0,55,,40417,4,,,0,15,,40418,4,,,0,15,,40419,4,,,0,15,,40420,4,,,0,55,,40421,4,,,0,15,,40422,4,,,0,15,,40423,4,,,0,15,,40424,4,,,0,55,,40425,4,,,0,15,,40426,4,,,0,15,,40427,4,,,0,15,,40428,4,,,0,55,,40429,4,,,0,15,,40430,4,,,0,15,,40431,4,,,0,15,,40432,4,,,0,55,,40433,4,,,0,15,,40434,4,,,0,15,,40435,4,,,0,15,,40436,4,,,0,55,,40437,4,,,0,15,,40438,4,,,0,15,,40439,4,,,0,15,,40440,4,,,0,55,,40371,4,,,0,20,,40370,4,,,0,20,,40369,4,,,0,60,,40368,4,,,0,20,,40367,4,,,0,20,,40366,4,,,0,60,,40387,4,,,0,20,,40394,4,,,0,20,,40388,4,,,0,60,,40389,4,,,0,20,,40395,4,,,0,20,,40390,4,,,0,60,,40391,4,,,0,20,,40396,4,,,0,20,,40392,4,,,0,60,,40397,4,,,0,20,,40393,4,,,0
582800,'3',504,,40441,4,,,0,30,,40442,4,,,0,70,,40443,4,,,0,30,,40444,4,,,0,70,,40445,4,,,0,25,,40468,4,,,0,20,,40446,4,,,0,60,,40447,4,,,0,20,,40448,4,,,0,20,,40449,4,,,0,60,,40450,4,,,0,20,,40470,4,,,0,20,,40471,4,,,0,60,,40472,4,,,0,20,,40473,4,,,0,20,,40474,4,,,0,55,,40475,4,,,0,15,,40469,4,,,0,15,,40476,4,,,0,15,,40477,4,,,0,55,,40478,4,,,0,15,,40479,4,,,0,15,,40480,4,,,0,15,,40481,4,,,0,55,,40482,4,,,0,15,,40483,4,,,0,15,,40484,4,,,0,15,,40485,4,,,0,55,,40486,4,,,0,15,,40487,4,,,0,15,,40488,4,,,0,15,,40489,4,,,0,55,,40490,4,,,0,15,,40491,4,,,0,15,,40492,4,,,0,15,,40493,4,,,0,55,,40494,4,,,0,15,,40495,4,,,0,15,,40496,4,,,0,15,,40497,4,,,0,55,,40498,4,,,0,15,,40499,4,,,0,15,,40500,4,,,0,15,,40501,4,,,0,55,,40502,4,,,0,20,,40503,4,,,0,20,,40451,4,,,0,60,,40452,4,,,0,20,,40463,4,,,0,20,,40453,4,,,0,60,,40454,4,,,0,20,,40464,4,,,0,20,,40455,4,,,0,60,,40456,4,,,0,20,,40465,4,,,0,20,,40457,4,,,0,59,,40458,4,,,0,20,,40466,4,,,0,20,,40459,4,,,0,60,,40460,4,,,0,20,,40467,4,,,0,20,,40461,4,,,0,60,,40462,4,,,0
582800,'4',533,,40504,4,,,0,70,,40505,4,,,0,30,,40506,4,,,0,70,,40507,4,,,0,30,,40508,4,,,0,70,,40509,4,,,0,30,,40510,4,,,0,70,,40511,4,,,0,30,,40512,4,,,0,70,,40513,4,,,0,30,,40514,4,,,0,70,,40515,4,,,0,30,,40516,4,,,0,70,,40517,4,,,0,30,,40518,4,,,0,70,,40519,4,,,0,30,,40520,4,,,0,70,,40521,4,,,0,30,,40522,4,,,0,70,,40523,4,,,0,30,,40524,4,,,0,70,,40525,4,,,0,30,,40526,4,,,0,70,,40527,4,,,0,30,,40528,4,,,0,70,,40529,4,,,0,30,,40530,4,,,0,70,,40531,4,,,0,30,,40532,4,,,0,70,,40533,4,,,0,30,,40534,4,,,0,70,,40535,4,,,0
582800,'6',503,,40542,4,,,0,20,,40543,4,,,0,20,,40544,4,,,0,60,,40545,4,,,0,20,,40546,4,,,0,20,,40547,4,,,0,60,,40548,4,,,0,15,,40549,4,,,0,15,,40550,4,,,0,15,,40551,4,,,0,55,,40552,4,,,0,15,,40553,4,,,0,15,,40554,4,,,0,15,,40555,4,,,0,55,,40556,4,,,0,15,,40568,4,,,0,15,,40569,4,,,0,15,,40570,4,,,0,55,,40571,4,,,0,15,,40572,4,,,0,15,,40573,4,,,0,15,,40574,4,,,0,55,,40575,4,,,0,15,,40576,4,,,0,15,,40577,4,,,0,15,,40578,4,,,0,55,,40579,4,,,0,15,,40580,4,,,0,15,,40581,4,,,0,15,,40582,4,,,0,55,,40583,4,,,0,15,,40584,4,,,0,15,,40585,4,,,0,15,,40586,4,,,0,55,,40587,4,,,0,15,,40588,4,,,0,15,,40589,4,,,0,15,,40590,4,,,0,55,,40591,4,,,0,15,,40592,4,,,0,15,,40593,4,,,0,15,,40594,4,,,0,55,,40595,4,,,0,15,,40596,4,,,0,15,,40597,4,,,0,15,,40598,4,,,0,55,,40599,4,,,0,15,,40600,4,,,0,15,,40601,4,,,0,15,,40602,4,,,0,55,,40603,4,,,0,15,,40604,4,,,0,15,,40605,4,,,0,15,,40606,4,,,0,55,,40607,4,,,0,15,,40608,4,,,0,15,,40609,4,,,0,15,,40610,4,,,0,55,,40541,4,,,0,20,,40540,4,,,0,20,,40539,4,,,0,60,,40538,4,,,0,20,,40537,4,,,0,20,,40536,4,,,0,60,,40557,4,,,0,20,,40564,4,,,0,20,,40558,4,,,0,60,,40559,4,,,0,20,,40565,4,,,0,20,,40560,4,,,0,60,,40561,4,,,0,20,,40566,4,,,0,20,,40562,4,,,0,60,,40567,4,,,0,20,,40563,4,,,0
