580701,'1',451,,39023,51,,,0,68,,39022,51,,,0,36,,39021,51,,,0,55,,39020,51,,,0,10,,39018,51,,,0,2,,39019,86,,,0,28,,39016,51,,,0,2,,39017,86,,,0,64,,39015,86,,,0,4,,39014,51,,,0,18,,39013,86,,,0,20,,39012,86,,,0,55,,39011,86,,,0,15,,39010,86,,,0,15,,39009,86,,,0,15,,39008,86,,,0,55,,39007,86,,,0,15,,39006,86,,,0,15,,39005,86,,,0,15,,39004,86,,,0,55,,39003,86,,,0,25,,39002,86,,,0,67,,39001,86,,,0,30,,39000,86,,,0,70,,38999,86,,,0,30,,38998,86,,,0,70,,38997,86,,,0,30,,38996,86,,,0,20,,38995,51,,,0,50,,38994,86,,,0,20,,38993,51,,,0,10,,38992,86,,,0,68,,38991,86,,,0,15,,38990,86,,,0,15,,38989,86,,,0,15,,38988,86,,,0,55,,38987,86,,,0,15,,38986,86,,,0,15,,38985,86,,,0,15,,38984,86,,,0,55,,38983,86,,,0,15,,38982,86,,,0,15,,38981,86,,,0,15,,38980,86,,,0,55,,38979,86,,,0,15,,38978,86,,,0,15,,38977,86,,,0,15,,38976,86,,,0,60,,38975,86,,,0,30,,38974,86,,,0,67,,38973,86,,,0,30,,38972,86,,,0,70,,38971,86,,,0,30,,38970,86,,,0,70,,38969,86,,,0,30,,38968,86,,,0,70,,38967,86,,,0,30,,38966,86,,,0,70,,38963,86,,,0,30,,38965,86,,,0,70,,38962,86,,,0,30,,38964,86,,,0
580701,'2',611,,39063,86,,,0,30,,39024,86,,,0,70,,39025,86,,,0,30,,39026,86,,,0,65,,39038,86,,,0,30,,39027,86,,,0,70,,39039,86,,,0,30,,39028,86,,,0,70,,39040,86,,,0,30,,39029,86,,,0,75,,39041,86,,,0,30,,39030,86,,,0,70,,39042,86,,,0,30,,39043,86,,,0,70,,39044,86,,,0,30,,39045,86,,,0,70,,39046,86,,,0,30,,39047,86,,,0,70,,39048,86,,,0,30,,39031,86,,,0,70,,39049,86,,,0,30,,39032,86,,,0,70,,39050,86,,,0,30,,39033,86,,,0,70,,39051,86,,,0,30,,39052,86,,,0,70,,39053,86,,,0,30,,39034,86,,,0,65,,39054,86,,,0,30,,39055,86,,,0,70,,39056,86,,,0,30,,39057,86,,,0,70,,39058,86,,,0,30,,39059,86,,,0,70,,39060,86,,,0,30,,39035,86,,,0,70,,39036,86,,,0,30,,39061,86,,,0,70,,39037,86,,,0,45,,39062,86,,,0
580701,'3',632,,39065,51,,,0,70,,39066,51,,,0,30,,39101,86,,,0,70,,39067,86,,,0,36,,39084,86,,,0,64,,39068,86,,,0,36,,39085,86,,,0,70,,39069,86,,,0,30,,39086,86,,,0,71,,39070,86,,,0,30,,39087,86,,,0,70,,39071,86,,,0,30,,39088,86,,,0,70,,39072,86,,,0,30,,39089,86,,,0,70,,39073,86,,,0,30,,39090,86,,,0,70,,39074,86,,,0,30,,39091,86,,,0,70,,39075,86,,,0,30,,39092,86,,,0,70,,39076,86,,,0,30,,39093,86,,,0,70,,39077,86,,,0,30,,39094,86,,,0,69,,39078,86,,,0,30,,39095,86,,,0,70,,39079,86,,,0,30,,39096,86,,,0,70,,39080,86,,,0,30,,39097,86,,,0,70,,39081,86,,,0,30,,39098,86,,,0,70,,39082,86,,,0,30,,39099,86,,,0,70,,39083,86,,,0,30,,39100,86,,,0
580701,'4',718,,39131,86,,,0,30,,39132,86,,,0,70,,39115,86,,,0,30,,39117,86,,,0,70,,39114,86,,,0,30,,39118,86,,,0,70,,39113,86,,,0,30,,39119,86,,,0,70,,39112,86,,,0,30,,39120,86,,,0,70,,39111,86,,,0,30,,39121,86,,,0,70,,39110,86,,,0,30,,39122,86,,,0,70,,39109,86,,,0,30,,39123,86,,,0,70,,39108,86,,,0,30,,39124,86,,,0,70,,39107,86,,,0,30,,39125,86,,,0,70,,39106,86,,,0,30,,39126,86,,,0,70,,39105,86,,,0,30,,39127,86,,,0,70,,39104,86,,,0,30,,39128,86,,,0,70,,39103,86,,,0,30,,39129,86,,,0,70,,39102,86,,,0,30,,39130,86,,,0
580701,'6',632,,39134,51,,,0,70,,39135,51,,,0,30,,39170,86,,,0,70,,39136,86,,,0,36,,39153,86,,,0,64,,39137,86,,,0,36,,39154,86,,,0,70,,39138,86,,,0,30,,39155,86,,,0,71,,39139,86,,,0,30,,39156,86,,,0,70,,39140,86,,,0,30,,39157,86,,,0,70,,39141,86,,,0,30,,39158,86,,,0,70,,39142,86,,,0,30,,39159,86,,,0,70,,39143,86,,,0,30,,39160,86,,,0,70,,39144,86,,,0,30,,39161,86,,,0,70,,39145,86,,,0,30,,39162,86,,,0,70,,39146,86,,,0,30,,39163,86,,,0,69,,39147,86,,,0,30,,39164,86,,,0,70,,39148,86,,,0,30,,39165,86,,,0,70,,39149,86,,,0,30,,39166,86,,,0,70,,39150,86,,,0,30,,39167,86,,,0,70,,39151,86,,,0,30,,39168,86,,,0,70,,39152,86,,,0,30,,39169,86,,,0
581100,'14701',1002,,39947,3,,,0,100,,39948,3,,,0,100,,39949,3,,,0,100,,39950,3,,,0,100,,39951,3,,,0,100,,39952,3,,,0,100,,39953,3,,,0,100,,39954,3,,,0,100,,39955,3,,,0,100,,39956,3,,,0,100,,39957,3,,,0
581100,'14702',1002,,39958,3,,,0,45,,39959,3,,,0,85,,39960,3,,,0,85,,39961,3,,,0,85,,39962,3,,,0,45,,39963,3,,,0,85,,39964,3,,,0,85,,39965,3,,,0,85,,39966,3,,,0,45,,39967,3,,,0,85,,39968,3,,,0
581100,'14703',1002,,39969,3,,,0,45,,39970,3,,,0,85,,39971,3,,,0,85,,39972,3,,,0,85,,39973,3,,,0,45,,39974,3,,,0,85,,39975,3,,,0,85,,39976,3,,,0,85,,39977,3,,,0,45,,39978,3,,,0,85,,39979,3,,,0
581100,'14704',1002,,39980,3,,,0,45,,39981,3,,,0,85,,39982,3,,,0,85,,39983,3,,,0,85,,39984,3,,,0,45,,39985,3,,,0,85,,39986,3,,,0,85,,39987,3,,,0,85,,39988,3,,,0,45,,39989,3,,,0
581100,'14706',1002,,39990,3,,,0,45,,39991,3,,,0,85,,39992,3,,,0,85,,39993,3,,,0,85,,39994,3,,,0,45,,39995,3,,,0,85,,39996,3,,,0,85,,39997,3,,,0,85,,39998,3,,,0,45,,39999,3,,,0,85,,40000,3,,,0
